-19.4 20 0 95 0 2 1
-18.8 19.3 0 149 0 2 1
-18.8 20 0 98 0 2 1
-18.1 18.7 0 157 0 2 1
-18.1 19.3 0 149 0 2 1
-18.1 20 0 99 0 2 1
-17.5 18 0 161 0 2 1
-17.5 18.7 0 154 0 2 1
-17.5 19.3 0 157 0 2 1
-17.5 20 0 99 0 2 1
-16.8 16.7 -0.1 168 0 2 1
-16.8 17.4 0 158 0 2 1
-16.8 18 0 163 0 2 1
-16.8 18.7 0 162 0 2 1
-16.8 19.3 0 156 0 2 1
-16.8 20 0 97 0 2 1
-16.2 16.1 -0.1 165 0 2 1
-16.2 16.7 -0.1 166 0 2 1
-16.2 17.4 0 159 0 2 1
-16.2 18 0 164 0 2 1
-16.2 18.7 0 162 0 2 1
-16.2 19.3 0 155 0 2 1
-16.2 20 0 98 0 2 1
-15.5 15.4 -0.1 169 0 2 1
-15.5 16.1 -0.1 165 0 2 1
-15.5 16.7 -0.1 166 0 2 1
-15.5 17.4 -0.1 167 0 2 1
-15.5 18 -0.1 162 0 2 1
-15.5 18.7 0 168 0 2 1
-15.5 19.3 0 160 0 2 1
-15.5 20 0 101 0 2 1
-14.9 14.8 -0.2 175 0 2 1
-14.9 15.4 -0.1 172 0 2 1
-14.9 16.1 -0.1 168 0 2 1
-14.9 16.7 -0.1 170 0 2 1
-14.9 17.4 -0.1 165 0 2 1
-14.9 18 -0.1 166 0 2 1
-14.9 18.7 0 172 0 2 1
-14.9 19.3 0 162 0 2 1
-14.9 20 0 101 0 2 1
-14.3 14.1 -0.2 181 0 2 1
-14.3 14.8 -0.2 178 0 2 1
-14.3 15.4 -0.2 171 0 2 1
-14.3 16.1 -0.1 173 0 2 1
-14.2 18 -0.1 160 0 2 1
-14.2 18.7 0 171 0 2 1
-14.2 19.3 0 165 0 2 1
-14.2 20 0 101 0 2 1
-13.6 13.5 -0.3 172 0 2 1
-13.6 14.1 -0.3 181 0 2 1
-13.6 14.8 -0.2 182 0 2 1
-13.6 17.4 -0.1 169 0 2 1
-13.6 18 -0.1 163 0 2 1
-13.6 18.7 0 170 0 2 1
-13.6 19.3 0 172 0 2 1
-13 12.9 -0.4 171 0 2 1
-13 13.5 -0.4 173 0 2 1
-13 14.1 -0.3 180 0 2 1
-13 17.4 -0.1 171 0 2 1
-13 18 -0.1 170 0 2 1
-13 18.7 0 168 0 2 1
-12.9 14.6 0 162 0 2 2
-12.9 14.8 0.2 166 0 2 2
-12.8 14.4 -0.2 177 0 2 2
-12.8 14.4 0 175 0 2 2
-12.8 14.9 0.2 168 0 2 2
-12.7 14.4 0 175 0 2 2
-12.7 14.5 0.2 169 0 2 2
-12.7 14.8 0.2 167 0 2 2
-12.6 14.4 0.2 178 0 2 2
-12.6 14.7 0.2 173 0 2 2
-12.6 14.8 0.2 169 0 2 2
-12.5 14.4 -0.1 183 0 2 2
-12.5 15 0.2 168 0 2 2
-12.4 12.2 -0.5 177 0 2 1
-12.4 12.9 -0.4 175 0 2 1
-12.4 13.5 -0.4 174 0 2 1
-12.4 14.1 -0.3 179 0 2 1
-12.4 14.4 -0.3 167 0 2 2
-12.4 14.4 -0.2 172 0 2 2
-12.3 14.4 -0.3 173 0 2 2
-12.3 14.4 0.2 182 0 2 2
-12.3 16.1 -0.2 172 0 2 1
-12.3 16.7 -0.1 171 0 2 1
-12.3 17.4 -0.1 170 0 2 1
-12.2 14.4 -0.3 176 0 2 2
-12.2 14.4 -0.1 179 0 2 2
-12.2 14.4 0.1 188 0 2 2
-12.2 15.1 0.2 173 0 2 2
-12.1 14.4 0 186 0 2 2
-12.1 14.5 0.2 190 0 2 2
-12.1 14.8 0.2 175 0 2 2
-12.1 14.9 0.2 167 0 2 2
-12 14.4 -0.3 175 0 2 2
-12 14.5 0.2 172 0 2 2
-12 15.2 0.2 171 0 2 2
-11.9 14.5 -0.2 184 0 2 2
-11.9 14.5 0 197 0 2 2
-11.9 14.5 0.2 190 0 2 2
-11.9 14.9 0.2 172 0 2 2
-11.8 15.2 0.2 167 0 2 2
-11.7 11.6 -0.5 185 0 2 1
-11.7 12.2 -0.5 180 0 2 1
-11.7 12.9 -0.5 178 0 2 1
-11.7 13.5 -0.4 175 0 2 1
-11.7 14.1 -0.4 178 0 2 1
-11.7 14.6 -0.2 165 0 2 2
-11.7 14.6 -0.1 180 0 2 2
-11.7 14.7 -0.2 165 0 2 2
-11.7 14.8 -0.3 170 0 2 1
-11.7 14.8 -0.2 153 0 2 2
-11.7 14.9 -0.2 158 0 2 2
-11.7 15 -0.2 157 0 2 2
-11.7 15.2 0 148 0 2 2
-11.7 15.2 0.1 167 0 2 2
-11.7 15.4 -0.2 187 0 2 1
-11.7 16.1 -0.2 174 0 2 1
-11.6 14.6 0.1 188 0 2 2
-11.6 14.7 0.2 168 0 2 2
-11.6 15 -0.1 134 0 2 2
-11.6 15 0.1 141 0 2 2
-11.6 15.1 0.1 160 0 2 2
-11.1 10.9 -0.6 178 0 2 1
-11.1 11.6 -0.6 179 0 2 1
-11.1 12.2 -0.5 180 0 2 1
-11.1 12.9 -0.5 175 0 2 1
-11.1 13.5 -0.4 173 0 2 1
-11.1 14.1 -0.4 176 0 2 1
-11.1 14.8 -0.3 176 0 2 1
-11 15.4 -0.2 175 0 2 1
-10.4 10.3 -0.6 176 0 2 1
-10.4 10.9 -0.6 179 0 2 1
-10.4 11.6 -0.6 178 0 2 1
-10.4 12.2 -0.5 185 0 2 1
-10.4 12.9 -0.5 175 0 2 1
-10.4 13.5 -0.4 173 0 2 1
-10.4 14.1 -0.4 181 0 2 1
-9.8 9.6 -0.5 172 0 2 1
-9.8 10.3 -0.6 175 0 2 1
-9.8 10.9 -0.6 174 0 2 1
-9.8 11.6 -0.6 178 0 2 1
-9.8 12.2 -0.5 185 0 2 1
-9.8 12.9 -0.5 180 0 2 1
-9.8 13.5 -0.4 173 0 2 1
-9.1 9 -0.5 181 0 2 1
-9.1 9.6 -0.5 178 0 2 1
-9.1 10.3 -0.5 172 0 2 1
-9.1 10.9 -0.5 176 0 2 1
-9.1 11.6 -0.5 176 0 2 1
-9.1 12.2 -0.5 182 0 2 1
-8.9 12.3 -0.4 148 0 2 3
-8.9 12.3 -0.3 119 0 2 3
-8.7 12.1 0 155 0 2 3
-8.7 12.1 0.2 167 0 2 3
-8.7 12.2 0.1 120 0 2 3
-8.5 11.9 0 111 0 2 3
-8.4 8.3 -0.4 179 0 2 1
-8.4 9 -0.5 185 0 2 1
-8.4 9.6 -0.5 175 0 2 1
-8.4 10.3 -0.5 174 0 2 1
-8.4 10.9 -0.5 176 0 2 1
-8.4 11.6 -0.5 114 0 2 1
-8.4 11.8 0.2 115 0 2 3
-8.3 11.7 0.4 177 0 2 3
-8.1 11.3 0 127 0 2 3
-8 11.2 0.1 134 0 2 3
-8 11.4 0.6 146 0 2 3
-7.9 11.1 0.1 138 0 2 3
-7.9 11.3 0.6 159 0 2 3
-7.8 8.3 -0.4 176 0 2 1
-7.8 9 -0.4 184 0 2 1
-7.8 9.6 -0.4 175 0 2 1
-7.8 10.3 -0.5 177 0 2 1
-7.8 11 0.1 138 0 2 3
-7.8 11.2 0.7 156 0 2 3
-7.8 19.3 -0.1 171 0 2 1
-7.8 20 -0.1 104 0 2 1
-7.7 7.7 -0.3 181 0 2 1
-7.6 10.9 0.2 140 0 2 3
-7.6 11.1 0.9 97 0 2 3
-7.5 10.7 0.2 145 0 2 3
-7.5 11 1 102 0 2 3
-7.4 10.5 -0.3 175 0 2 3
-7.4 10.9 1 161 0 2 3
-7.4 11 1.1 99 0 2 3
-7.4 11.3 1.2 163 0 2 3
-7.4 11.5 1.4 156 0 2 3
-7.3 10.5 -0.3 177 0 2 3
-7.3 10.5 0 170 0 2 3
-7.3 10.6 0.2 143 0 2 3
-7.3 10.9 1.1 171 0 2 3
-7.3 11.6 1.5 164 0 2 3
-7.2 10.5 0 179 0 2 3
-7.2 10.6 0.5 184 0 2 3
-7.2 10.8 1.1 168 0 2 3
-7.2 11.6 1.6 145 0 2 3
-7.1 7.1 -0.2 181 0 2 1
-7.1 7.7 -0.3 178 0 2 1
-7.1 8.4 -0.3 178 0 2 1
-7.1 9 -0.3 175 0 2 1
-7.1 9.6 -0.4 180 0 2 1
-7.1 10.3 -0.4 171 0 2 1
-7.1 10.5 0 195 0 2 3
-7.1 10.9 1.2 177 0 2 3
-7.1 11.2 1.3 175 0 2 3
-7.1 18 -0.1 172 0 2 1
-7.1 18.7 -0.1 175 0 2 1
-7.1 19.3 -0.1 173 0 2 1
-7.1 20 -0.1 102 0 2 1
-7 10.8 1.2 180 0 2 3
-7 11.2 1.4 176 0 2 3
-7 11.7 1.7 114 0 2 3
-6.8 10.5 0.1 192 0 2 3
-6.8 10.8 1.2 183 0 2 3
-6.8 10.8 1.3 184 0 2 3
-6.8 11.2 1.5 181 0 2 3
-6.8 11.4 1.7 179 0 2 3
-6.8 11.7 1.8 118 0 2 3
-6.7 10.5 0.1 185 0 2 3
-6.7 10.6 0.6 188 0 2 3
-6.7 10.8 1.4 185 0 2 3
-6.7 11.5 1.8 176 0 2 3
-6.7 11.6 1.8 162 0 2 3
-6.7 11.7 1.9 149 0 2 3
-6.7 11.9 1.9 179 0 2 3
-6.6 10.5 -0.3 182 0 2 3
-6.6 10.8 1.3 184 0 2 3
-6.6 11.4 1.8 191 0 2 3
-6.6 11.8 1.9 126 0 2 3
-6.5 10.9 1.5 189 0 2 3
-6.5 11.1 1.6 187 0 2 3
-6.5 11.3 1.7 193 0 2 3
-6.5 12.1 1.9 196 0 2 3
-6.5 12.2 1.9 180 0 2 3
-6.5 16.1 -0.1 175 0 2 1
-6.5 16.7 -0.1 178 0 2 1
-6.5 17.4 -0.1 181 0 2 1
-6.5 18 -0.1 177 0 2 1
-6.5 18.7 -0.1 171 0 2 1
-6.5 19.3 -0.1 175 0 2 1
-6.5 20 -0.1 165 0 2 1
-6.4 6.4 -0.1 180 0 2 1
-6.4 7.1 -0.2 173 0 2 1
-6.4 7.7 -0.2 173 0 2 1
-6.4 8.4 -0.2 179 0 2 1
-6.4 9 -0.2 173 0 2 1
-6.4 10.8 1.4 191 0 2 3
-6.4 12 1.8 194 0 2 3
-6.4 12.5 1.9 173 0 2 3
-6.3 10.5 0.1 184 0 2 3
-6.3 10.6 0.4 193 0 2 3
-6.3 10.6 0.7 190 0 2 3
-6.3 10.7 0.7 190 0 2 3
-6.3 10.7 1 190 0 2 3
-6.3 11.8 1.7 189 0 2 3
-6.3 12.5 1.9 130 0 2 3
-6.2 10.6 0 190 0 2 3
-6.2 11.9 1.7 190 0 2 3
-6.2 12.5 1.8 114 0 2 3
-6.1 10.5 -0.2 180 0 2 3
-6.1 11.2 1.4 199 0 2 3
-6.1 11.2 1.5 200 0 2 3
-6.1 11.5 1.6 199 0 2 3
-6.1 11.9 1.7 187 0 2 3
-6.1 12.4 1.7 134 0 2 3
-6.1 12.6 1.7 189 0 2 3
-6 11.1 1.1 196 0 2 3
-5.9 11.1 0.9 200 0 2 3
-5.9 12.4 1.7 170 0 2 3
-5.9 20 -0.1 161 0 2 1
-5.8 10.3 -0.2 173 0 2 1
-5.8 11 -0.2 185 0 2 1
-5.8 11 0.2 189 0 2 3
-5.8 11.5 1.5 201 0 2 3
-5.8 12.5 1.7 145 0 2 3
-5.8 14.8 -0.2 179 0 2 1
-5.8 15.4 -0.2 177 0 2 1
-5.8 16.1 -0.1 178 0 2 1
-5.8 16.7 -0.1 181 0 2 1
-5.8 17.4 -0.1 177 0 2 1
-5.8 18 -0.1 184 0 2 1
-5.8 18.7 -0.1 172 0 2 1
-5.8 19.3 -0.1 173 0 2 1
-5.7 6.4 -0.1 180 0 2 1
-5.7 7.1 -0.1 177 0 2 1
-5.7 7.7 -0.1 176 0 2 1
-5.7 8.4 -0.1 176 0 2 1
-5.7 11.5 1.3 195 0 2 3
-5.7 11.6 1.5 192 0 2 3
-5.7 11.7 1.5 191 0 2 3
-5.7 12.5 1.6 157 0 2 3
-5.6 11.6 1.1 197 0 2 3
-5.6 11.6 1.3 198 0 2 3
-5.6 11.8 1.3 192 0 2 3
-5.6 11.9 1.5 193 0 2 3
-5.6 12 1.5 185 0 2 3
-5.6 12.1 1.5 184 0 2 3
-5.6 12.4 1.6 110 0 2 3
-5.6 13.8 0.3 180 0 2 3
-5.5 11.2 -0.2 196 0 2 3
-5.5 11.7 1.1 196 0 2 3
-5.5 11.8 1.2 190 0 2 3
-5.5 12.2 1.5 189 0 2 3
-5.5 12.5 1.5 113 0 2 3
-5.5 13.7 -0.2 174 0 2 3
-5.4 12 1 189 0 2 3
-5.4 12.1 1.3 196 0 2 3
-5.4 12.1 1.5 192 0 2 3
-5.4 12.6 1.5 106 0 2 3
-5.4 12.8 1.1 180 0 2 3
-5.4 12.8 1.3 158 0 2 3
-5.4 12.9 1.1 183 0 2 3
-5.3 11.7 0.7 193 0 2 3
-5.3 11.8 1 197 0 2 3
-5.3 11.9 1 190 0 2 3
-5.3 12.1 1.1 192 0 2 3
-5.3 12.4 1.4 170 0 2 3
-5.3 12.5 1.3 169 0 2 3
-5.3 12.5 1.5 180 0 2 3
-5.3 12.9 0.5 180 0 2 3
-5.2 12.4 1 146 0 2 3
-5.2 12.4 1.2 177 0 2 3
-5.2 13.2 -0.2 176 0 2 3
-5.2 16.7 -0.1 180 0 2 1
-5.2 17.4 -0.1 175 0 2 1
-5.2 18 -0.1 184 0 2 1
-5.2 18.7 -0.1 175 0 2 1
-5.2 19.3 -0.1 175 0 2 1
-5.2 20 -0.1 155 0 2 1
-5.1 4.9 0.1 178 0 2 2
-5.1 4.9 0.2 175 0 2 2
-5.1 5 0.1 179 0 2 2
-5.1 5.1 0.2 178 0 2 2
-5.1 5.8 0 190 0 2 1
-5.1 6.5 0 181 0 2 1
-5.1 7.1 0 179 0 2 1
-5.1 9.1 0 174 0 2 1
-5.1 9.7 0 177 0 2 1
-5.1 10.3 -0.1 177 0 2 1
-5.1 11 -0.1 172 0 2 1
-5.1 11.6 -0.2 177 0 2 1
-5.1 11.9 0.6 194 0 2 3
-5.1 12 0.7 197 0 2 3
-5.1 12 0.8 197 0 2 3
-5.1 12 0.9 195 0 2 3
-5.1 12.1 0.9 190 0 2 3
-5.1 12.2 0.9 181 0 2 3
-5.1 12.3 1 160 0 2 3
-5.1 12.4 0.7 186 0 2 3
-5.1 12.5 0.6 188 0 2 3
-5.1 13.5 -0.2 179 0 2 1
-5.1 14.1 -0.2 184 0 2 1
-5.1 14.8 -0.2 179 0 2 1
-5.1 15.4 -0.2 179 0 2 1
-5.1 16.1 -0.1 179 0 2 1
-5 4.9 0 167 0 2 2
-5 4.9 0.1 169 0 2 2
-5 4.9 0.2 173 0 2 2
-5 5 0.2 180 0 2 2
-5 5 0.3 183 0 2 2
-5 5.2 0.3 190 0 2 2
-5 5.3 0.3 180 0 2 2
-5 11.9 0.3 193 0 2 3
-5 11.9 0.5 195 0 2 3
-5 12 0.5 196 0 2 3
-5 12 0.6 197 0 2 3
-5 12.1 0.6 187 0 2 3
-5 12.1 0.8 193 0 2 3
-5 12.2 0.8 182 0 2 3
-5 12.2 0.9 130 0 2 3
-5 12.5 0.3 178 0 2 3
-4.9 5 0.3 191 0 2 2
-4.9 5.1 0.3 184 0 2 2
-4.9 5.2 0.3 194 0 2 2
-4.9 5.3 0.2 189 0 2 2
-4.9 7.4 0.3 179 0 2 2
-4.9 7.6 0.3 185 0 2 2
-4.9 12 0.2 191 0 2 3
-4.9 12 0.3 187 0 2 3
-4.9 12 0.4 189 0 2 3
-4.9 12.1 0.3 191 0 2 3
-4.9 12.1 0.4 189 0 2 3
-4.8 4.8 0 181 0 2 2
-4.8 4.9 0.1 203 0 2 2
-4.8 5 0.2 185 0 2 2
-4.8 5 0.3 191 0 2 2
-4.8 5.1 0.2 185 0 2 2
-4.8 5.2 0.2 193 0 2 2
-4.8 5.3 0.1 178 0 2 2
-4.8 5.4 0.1 189 0 2 2
-4.8 7 0.2 187 0 2 2
-4.8 7 0.3 183 0 2 2
-4.8 7.1 0.3 158 0 2 2
-4.8 7.2 0.3 165 0 2 2
-4.8 7.2 0.4 177 0 2 2
-4.8 12 -0.1 174 0 2 3
-4.8 12 0.1 179 0 2 3
-4.7 4.8 0 195 0 2 2
-4.7 4.9 0.1 196 0 2 2
-4.7 4.9 0.2 197 0 2 2
-4.7 5 0.1 184 0 2 2
-4.7 5.1 0.2 185 0 2 2
-4.7 5.2 0.1 189 0 2 2
-4.7 5.3 0 184 0 2 2
-4.7 5.4 0 191 0 2 2
-4.7 6.9 0.1 186 0 2 2
-4.7 6.9 0.2 187 0 2 2
-4.7 7 0.2 190 0 2 2
-4.7 7 0.3 189 0 2 2
-4.7 7 0.4 176 0 2 2
-4.7 7.3 0.4 179 0 2 2
-4.6 4.8 0 206 0 2 2
-4.6 4.9 0 199 0 2 2
-4.6 4.9 0.1 197 0 2 2
-4.6 5 0 189 0 2 2
-4.6 5 0.1 195 0 2 2
-4.6 5.1 0.1 191 0 2 2
-4.6 6.9 0.1 183 0 2 2
-4.6 7 0.2 189 0 2 2
-4.6 7 0.4 195 0 2 2
-4.6 7.5 0.3 177 0 2 2
-4.6 20 -0.1 144 0 2 1
-4.5 4.5 -0.1 190 0 2 1
-4.5 5 0 187 0 2 2
-4.5 5.1 0 188 0 2 2
-4.5 7 0.1 188 0 2 2
-4.5 7 0.2 199 0 2 2
-4.5 7.1 0.4 196 0 2 2
-4.5 7.3 0.4 185 0 2 2
-4.5 7.4 0.4 177 0 2 2
-4.5 14.2 -0.2 182 0 2 1
-4.5 14.8 -0.2 178 0 2 1
-4.5 15.4 -0.2 179 0 2 1
-4.5 16.1 -0.2 175 0 2 1
-4.5 16.7 -0.1 182 0 2 1
-4.5 17.4 -0.1 173 0 2 1
-4.5 18 -0.1 164 0 2 1
-4.5 18.7 -0.1 108 0 2 1
-4.5 19.3 -0.1 115 0 2 1
-4.4 5.2 0 189 0 2 1
-4.4 5.8 0 192 0 2 1
-4.4 6.5 0.1 184 0 2 1
-4.4 7 0.2 197 0 2 2
-4.4 7.1 0.2 201 0 2 2
-4.4 7.2 0.4 188 0 2 2
-4.4 7.3 0.3 180 0 2 2
-4.4 7.4 0.4 180 0 2 2
-4.4 7.6 0.1 165 0 2 2
-4.4 7.6 0.2 160 0 2 2
-4.4 7.8 0.1 179 0 2 1
-4.4 8.4 0.1 173 0 2 1
-4.4 9.1 0.1 180 0 2 1
-4.4 9.7 0.1 178 0 2 1
-4.4 10.4 0 178 0 2 1
-4.4 11 0 175 0 2 1
-4.4 11.6 -0.1 173 0 2 1
-4.4 12.3 -0.1 167 0 2 1
-4.4 12.9 -0.2 175 0 2 1
-4.4 13.5 -0.2 180 0 2 1
-4.3 7.1 0.1 180 0 2 2
-4.3 7.1 0.3 190 0 2 2
-4.3 7.2 0.1 158 0 2 2
-4.3 7.2 0.3 134 0 2 2
-4.3 7.3 0.3 178 0 2 2
-4.3 7.4 0.2 150 0 2 2
-4.3 7.4 0.3 166 0 2 2
-3.9 16.7 -0.2 173 0 2 1
-3.9 17.4 -0.1 105 0 2 1
-3.9 18 -0.1 63 0 2 1
-3.9 18.7 -0.1 65 0 2 1
-3.9 19.3 -0.1 59 0 2 1
-3.8 3.9 -0.1 191 0 2 1
-3.8 4.5 0 193 0 2 1
-3.8 5.2 0.1 190 0 2 1
-3.8 5.8 0.1 192 0 2 1
-3.8 6.5 0.2 186 0 2 1
-3.8 7.2 0.2 182 0 2 1
-3.8 7.8 0.2 179 0 2 1
-3.8 8.5 0.2 174 0 2 1
-3.8 9.1 0.2 181 0 2 1
-3.8 9.7 0.2 176 0 2 1
-3.8 10.4 0.1 181 0 2 1
-3.8 11 0.1 174 0 2 1
-3.8 11.6 0 173 0 2 1
-3.8 12.3 -0.1 173 0 2 1
-3.8 12.9 -0.1 178 0 2 1
-3.8 13.5 -0.2 175 0 2 1
-3.8 14.2 -0.2 181 0 2 1
-3.8 14.8 -0.2 184 0 2 1
-3.8 15.4 -0.2 179 0 2 1
-3.8 16.1 -0.2 179 0 2 1
-3.2 3.2 -0.1 191 0 2 1
-3.2 3.9 0 190 0 2 1
-3.2 14.8 -0.2 186 0 2 1
-3.2 15.4 -0.2 178 0 2 1
-3.2 15.9 1.7 108 0 2 3
-3.2 16.1 -0.2 173 0 2 1
-3.1 4.5 0 192 0 2 1
-3.1 5.2 0.1 189 0 2 1
-3.1 5.9 0.2 196 0 2 1
-3.1 6.5 0.2 189 0 2 1
-3.1 7.2 0.3 185 0 2 1
-3.1 7.8 0.3 178 0 2 1
-3.1 8.5 0.3 180 0 2 1
-3.1 9.1 0.3 182 0 2 1
-3.1 9.8 0.3 175 0 2 1
-3.1 10.4 0.2 182 0 2 1
-3.1 11 0.2 176 0 2 1
-3.1 11.7 0.1 173 0 2 1
-3.1 12.3 0 173 0 2 1
-3.1 12.9 -0.1 170 0 2 1
-3.1 13.5 -0.1 178 0 2 1
-3.1 14.2 -0.2 175 0 2 1
-3.1 15.8 0.9 58 0 2 3
-3.1 15.8 1.2 61 0 2 3
-3.1 15.8 1.6 67 0 2 3
-3.1 15.9 -0.2 174 0 2 3
-3.1 15.9 -0.1 69 0 2 3
-3.1 15.9 0.4 63 0 2 3
-3.1 15.9 1.3 59 0 2 3
-3.1 15.9 1.7 73 0 2 3
-3.1 16.1 1.9 112 0 2 3
-3.1 16.3 2.1 115 0 2 3
-3.1 16.4 2.1 149 0 2 3
-3 15.6 0.8 55 0 2 3
-3 15.6 1.2 53 0 2 3
-2.9 15.5 -0.1 57 0 2 3
-2.9 15.5 0.3 57 0 2 3
-2.9 15.8 2 143 0 2 3
-2.9 15.9 2.1 118 0 2 3
-2.8 15.3 0.7 59 0 2 3
-2.8 15.3 1.7 68 0 2 3
-2.8 15.4 1.8 134 0 2 3
-2.8 16.1 2.1 140 0 2 3
-2.7 15.2 0.3 64 0 2 3
-2.6 4.3 0 195 0 2 2
-2.6 4.3 0.1 183 0 2 2
-2.6 15 1.2 60 0 2 3
-2.6 15.1 -0.2 189 0 2 3
-2.6 15.1 1.3 65 0 2 3
-2.6 15.6 2.2 128 0 2 3
-2.5 3.2 -0.1 194 0 2 1
-2.5 3.9 0 185 0 2 1
-2.5 4.2 0.1 170 0 2 2
-2.5 4.3 0.2 156 0 2 2
-2.5 4.3 0.3 180 0 2 2
-2.5 4.6 0.3 189 0 2 2
-2.5 5.2 0.2 194 0 2 1
-2.5 5.9 0.2 195 0 2 1
-2.5 6.5 0.3 191 0 2 1
-2.5 11.7 0.1 175 0 2 1
-2.5 12.3 0 174 0 2 1
-2.5 12.9 0 174 0 2 1
-2.5 13.5 -0.1 174 0 2 1
-2.5 14.2 -0.2 181 0 2 1
-2.5 14.8 -0.2 179 0 2 1
-2.5 14.8 1.8 181 0 2 3
-2.5 14.9 0.7 72 0 2 3
-2.5 15 -0.2 188 0 2 3
-2.5 15.2 2 144 0 2 3
-2.5 15.5 2.2 149 0 2 3
-2.4 4.4 0.3 183 0 2 2
-2.4 4.5 0.3 183 0 2 2
-2.4 7.2 0.3 185 0 2 1
-2.4 7.9 0.4 184 0 2 1
-2.4 8.5 0.4 183 0 2 1
-2.4 9.1 0.4 179 0 2 1
-2.4 9.8 0.3 178 0 2 1
-2.4 10.4 0.3 180 0 2 1
-2.4 11 0.2 181 0 2 1
-2.4 14.7 1.7 131 0 2 3
-2.4 14.8 -0.2 118 0 2 3
-2.4 14.8 0.7 85 0 2 3
-2.4 14.8 1.7 112 0 2 3
-2.4 15.1 2 176 0 2 3
-2.4 15.4 2.2 122 0 2 3
-2.3 4.1 0.2 169 0 2 2
-2.3 4.1 0.3 182 0 2 2
-2.3 4.2 0.4 182 0 2 2
-2.3 4.5 0.3 183 0 2 2
-2.3 4.6 0.3 191 0 2 2
-2.3 15.4 2.2 198 0 2 3
-2.2 4.1 0.2 179 0 2 2
-2.2 4.1 0.4 195 0 2 2
-2.2 4.6 0.3 191 0 2 2
-2.2 15 2 189 0 2 3
-2.2 15.2 2.2 200 0 2 3
-2.2 15.3 2.2 142 0 2 3
-2.1 4.1 0.4 186 0 2 2
-2.1 4.3 0.4 182 0 2 2
-2.1 4.6 0.3 189 0 2 2
-2.1 14.4 1.5 172 0 2 3
-2.1 14.5 -0.1 175 0 2 3
-2.1 14.5 0.8 100 0 2 3
-2 4 0.1 178 0 2 2
-2 4 0.3 192 0 2 2
-2 4.1 0.4 191 0 2 2
-2 4.3 0.4 191 0 2 2
-2 4.4 0.3 185 0 2 2
-2 4.5 0.3 191 0 2 2
-2 14.3 1.5 115 0 2 3
-1.9 3.2 0 190 0 2 1
-1.9 3.9 0 195 0 2 1
-1.9 4 0.1 185 0 2 2
-1.9 4.3 0.4 183 0 2 2
-1.9 14.3 1.5 194 0 2 3
-1.9 15.1 2.1 200 0 2 3
-1.9 15.2 2.2 197 0 2 3
-1.9 15.3 2.3 154 0 2 3
-1.8 4 0.1 190 0 2 2
-1.8 4 0.2 196 0 2 2
-1.8 4 0.4 194 0 2 2
-1.8 4.1 0.1 181 0 2 2
-1.8 4.1 0.4 189 0 2 2
-1.8 4.5 0.3 188 0 2 2
-1.8 5.2 0.2 197 0 2 1
-1.8 5.9 0.3 199 0 2 1
-1.8 6.6 0.3 194 0 2 1
-1.8 7.2 0.4 185 0 2 1
-1.8 7.9 0.4 186 0 2 1
-1.8 8.5 0.5 181 0 2 1
-1.8 9.2 0.4 180 0 2 1
-1.8 9.8 0.4 180 0 2 1
-1.8 10.4 0.3 179 0 2 1
-1.8 11.1 0.3 176 0 2 1
-1.8 11.7 0.2 179 0 2 1
-1.8 12.3 0.1 175 0 2 1
-1.8 12.9 0 174 0 2 1
-1.8 13.5 -0.1 176 0 2 1
-1.8 14.1 -0.1 161 0 2 3
-1.8 14.1 0.6 121 0 2 3
-1.8 14.2 -0.1 179 0 2 1
-1.8 15.3 2.2 199 0 2 3
-1.8 15.4 2.3 119 0 2 3
-1.7 4.2 0.1 184 0 2 2
-1.7 4.2 0.4 181 0 2 2
-1.7 4.3 0.1 191 0 2 2
-1.7 4.3 0.2 191 0 2 2
-1.7 4.3 0.3 189 0 2 2
-1.7 4.5 0.3 187 0 2 2
-1.7 13.9 1.3 162 0 2 3
-1.7 14 0.5 132 0 2 3
-1.7 14.1 -0.1 166 0 2 3
-1.7 15.7 2.2 200 0 2 3
-1.6 4.3 0.3 176 0 2 2
-1.6 4.4 0.2 186 0 2 2
-1.6 4.4 0.3 190 0 2 2
-1.6 13.9 1.1 157 0 2 3
-1.6 13.9 1.2 143 0 2 3
-1.6 14.4 1.7 189 0 2 3
-1.6 15.4 2.2 186 0 2 3
-1.5 13.8 1.2 189 0 2 3
-1.5 14 -0.1 143 0 2 3
-1.5 15.7 2.2 197 0 2 3
-1.4 13.9 0.6 159 0 2 3
-1.4 15 2.1 195 0 2 3
-1.3 13.7 1.2 195 0 2 3
-1.3 13.8 0.6 160 0 2 3
-1.3 13.9 0 152 0 2 3
-1.2 3.2 0 194 0 2 1
-1.2 3.9 0.1 193 0 2 1
-1.2 4.6 0.1 197 0 2 1
-1.2 5.2 0.2 196 0 2 1
-1.2 5.9 0.3 199 0 2 1
-1.2 6.6 0.4 193 0 2 1
-1.2 11.7 0.2 177 0 2 1
-1.2 12.3 0.1 179 0 2 1
-1.2 12.9 0 175 0 2 1
-1.2 13.5 -0.1 175 0 2 1
-1.1 7.2 0.4 191 0 2 1
-1.1 7.9 0.5 188 0 2 1
-1.1 8.5 0.5 189 0 2 1
-1.1 9.2 0.5 183 0 2 1
-1.1 9.8 0.4 177 0 2 1
-1.1 10.4 0.3 180 0 2 1
-1.1 11.1 0.3 182 0 2 1
-1.1 13.7 0.6 165 0 2 3
-1.1 13.7 1.2 180 0 2 3
-1.1 14.3 1.7 189 0 2 3
-1.1 15.7 2.1 193 0 2 3
-1.1 15.8 2.2 179 0 2 3
-1 13.7 -0.1 163 0 2 3
-1 13.8 0 151 0 2 3
-1 16.1 2.2 198 0 2 3
-0.9 13.2 0 124 0 2 3
-0.9 13.3 0.2 144 0 2 3
-0.9 13.6 1.2 187 0 2 3
-0.9 14.3 1.7 199 0 2 3
-0.9 15 2.1 191 0 2 3
-0.8 13.6 0.6 173 0 2 3
-0.8 13.6 0.7 181 0 2 3
-0.8 13.6 0.9 181 0 2 3
-0.8 13.6 1.2 191 0 2 3
-0.8 13.7 0.3 181 0 2 3
-0.8 14.3 1.7 198 0 2 3
-0.7 13.6 1 185 0 2 3
-0.7 13.6 1.2 193 0 2 3
-0.6 3.2 0 195 0 2 1
-0.6 3.9 0.1 191 0 2 1
-0.6 13 0.6 115 0 2 3
-0.6 13.6 0.6 114 0 2 3
-0.5 4.6 0.1 194 0 2 1
-0.5 5.2 0.2 195 0 2 1
-0.5 5.9 0.3 198 0 2 1
-0.5 6.6 0.4 194 0 2 1
-0.5 7.2 0.5 194 0 2 1
-0.5 7.9 0.5 191 0 2 1
-0.5 8.5 0.5 185 0 2 1
-0.5 9.2 0.5 182 0 2 1
-0.5 9.8 0.4 181 0 2 1
-0.5 11.1 0.3 172 0 2 1
-0.5 11.7 0.2 173 0 2 1
-0.5 13 0.8 82 0 2 3
-0.5 13.1 0.7 105 0 2 3
-0.5 13.1 0.8 138 0 2 3
-0.5 16.3 2.2 185 0 2 3
-0.4 12.9 1.1 155 0 2 3
-0.4 13 1 165 0 2 3
-0.4 13.1 1 166 0 2 3
-0.4 13.9 1.2 190 0 2 3
-0.4 14.5 1.9 191 0 2 3
-0.4 16.2 2.1 183 0 2 3
-0.3 13 1.1 167 0 2 3
-0.3 13 1.2 179 0 2 3
-0.3 13.9 1.4 194 0 2 3
-0.2 14.6 2 193 0 2 3
-0.2 16.7 2.2 134 0 2 3
-0.2 17.4 2.1 194 0 2 3
-0.1 12.4 0.7 123 0 2 3
0 12.8 1.5 161 0 2 3
0 17.2 2.1 192 0 2 3
0.1 3.2 0 194 0 2 1
0.1 3.9 0.1 195 0 2 1
0.1 4.6 0.1 196 0 2 1
0.1 5.2 0.2 191 0 2 1
0.1 5.9 0.3 200 0 2 1
0.1 6.6 0.4 192 0 2 1
0.1 7.2 0.4 193 0 2 1
0.1 7.9 0.5 193 0 2 1
0.1 10.4 0.3 180 0 2 1
0.1 11.7 0.2 144 0 2 1
0.1 14.1 1.7 190 0 2 3
0.1 15.6 2.1 189 0 2 3
0.1 17.1 2.2 162 0 2 3
0.2 8.5 0.5 188 0 2 1
0.2 9.2 0.5 184 0 2 1
0.2 9.8 0.4 186 0 2 1
0.2 12.2 1.2 139 0 2 3
0.2 14.2 1.8 194 0 2 3
0.3 12.1 1.5 145 0 2 3
0.3 12.2 1.5 147 0 2 3
0.3 12.6 1.7 186 0 2 3
0.4 14.3 1.9 190 0 2 3
0.5 12.5 1.9 170 0 2 3
0.6 12 1.8 155 0 2 3
0.6 12.1 1.8 151 0 2 3
0.6 12.5 2 110 0 2 3
0.7 3.2 0 192 0 2 1
0.7 3.9 0 199 0 2 1
0.7 4.6 0.1 195 0 2 1
0.7 11.1 0.7 135 0 2 3
0.7 12 2 148 0 2 3
0.7 12.3 2 127 0 2 3
0.7 15.3 1.9 148 0 2 3
0.8 5.2 0.2 192 0 2 1
0.8 5.9 0.3 197 0 2 1
0.8 6 0.3 177 0 2 2
0.8 6.6 0.3 199 0 2 1
0.8 7.2 0.4 193 0 2 1
0.8 7.9 0.4 192 0 2 1
0.8 8.5 0.5 188 0 2 1
0.8 9.2 0.4 184 0 2 1
0.8 9.8 0.4 184 0 2 1
0.8 10.4 0.3 182 0 2 1
0.8 11.6 1.9 150 0 2 3
0.8 11.9 2 164 0 2 3
0.8 12.2 2.1 159 0 2 3
0.9 5.8 0.3 108 0 2 2
0.9 5.9 0.3 158 0 2 2
0.9 6 0.4 150 0 2 2
0.9 6 0.5 176 0 2 2
0.9 6 0.6 193 0 2 2
0.9 10.9 0.9 146 0 2 3
0.9 11.3 1.9 146 0 2 3
0.9 11.5 1.9 147 0 2 3
0.9 11.7 2 161 0 2 3
0.9 12.1 2.1 123 0 2 3
1 5.5 0.3 155 0 2 2
1 5.9 0.6 179 0 2 2
1 6.1 0.5 184 0 2 2
1 11.9 2.2 130 0 2 3
1.1 5.6 0.4 187 0 2 2
1.1 5.6 0.6 173 0 2 2
1.1 6 0.6 164 0 2 2
1.1 6.1 0.6 183 0 2 2
1.1 11.1 2.1 149 0 2 3
1.1 11.3 2.1 146 0 2 3
1.2 5.5 0.3 197 0 2 2
1.2 5.9 0.6 185 0 2 2
1.2 6.2 0.6 182 0 2 2
1.2 10.7 0.9 149 0 2 3
1.2 11.4 2.2 146 0 2 3
1.2 11.9 2.5 119 0 2 3
1.4 3.2 -0.1 194 0 2 1
1.4 3.9 0 198 0 2 1
1.4 4.5 0.1 198 0 2 1
1.4 5.2 0.2 193 0 2 1
1.4 5.5 0.2 197 0 2 2
1.4 5.6 0.7 195 0 2 2
1.4 6.2 0.6 189 0 2 2
1.4 7.9 0.4 192 0 2 1
1.4 8.5 0.4 187 0 2 1
1.4 9.1 0.3 188 0 2 1
1.4 9.8 0.3 186 0 2 1
1.4 10.5 0.9 151 0 2 3
1.4 11 2.3 152 0 2 3
1.4 11.2 2.5 144 0 2 3
1.5 5.5 0.2 194 0 2 2
1.5 5.5 0.4 193 0 2 2
1.5 11.9 2.9 136 0 2 3
1.6 5.5 0.4 200 0 2 2
1.6 5.5 0.5 206 0 2 2
1.6 5.9 0.7 182 0 2 2
1.6 6.2 0.6 188 0 2 2
1.6 10.3 1.1 155 0 2 3
1.6 10.8 2.5 150 0 2 3
1.7 5.6 0.7 202 0 2 2
1.7 5.7 0.7 196 0 2 2
1.7 5.9 0.7 188 0 2 2
1.7 11.2 2.8 143 0 2 3
1.8 5.7 0.7 198 0 2 2
1.8 6.3 0.6 191 0 2 2
1.8 11.2 2.9 143 0 2 3
1.8 11.7 3.2 105 0 2 3
1.9 5.6 0.3 200 0 2 2
1.9 5.6 0.5 202 0 2 2
1.9 6 0.6 181 0 2 2
1.9 10 1.1 157 0 2 3
1.9 10.6 2.7 150 0 2 3
2 3.2 -0.1 196 0 2 1
2 3.9 0 194 0 2 1
2 4.5 0 197 0 2 1
2 5.2 0.1 198 0 2 1
2 5.7 0.3 195 0 2 2
2 6.3 0.6 185 0 2 2
2 10.6 2.9 172 0 2 3
2.1 5.7 0.3 196 0 2 2
2.1 5.7 0.4 194 0 2 2
2.1 5.7 0.6 198 0 2 2
2.1 5.8 0.7 198 0 2 2
2.1 6.3 0.6 182 0 2 2
2.1 7.8 0.3 184 0 2 1
2.1 8.5 0.3 190 0 2 1
2.1 9.1 0.3 191 0 2 1
2.1 10.6 3 157 0 2 3
2.1 11.1 3.2 160 0 2 3
2.1 11.6 3.5 130 0 2 3
2.2 6.1 0.6 181 0 2 2
2.2 9.8 1.2 157 0 2 3
2.2 10.3 2.9 167 0 2 3
2.3 10.3 3 185 0 2 3
2.4 9.5 0.7 185 0 2 3
2.4 9.8 1.8 178 0 2 3
2.4 11.6 3.7 124 0 2 3
2.5 9.4 0.7 189 0 2 3
2.5 10.1 3 196 0 2 3
2.6 3.2 -0.1 197 0 2 1
2.6 3.9 -0.1 195 0 2 1
2.7 4.5 0 197 0 2 1
2.7 5.2 0 193 0 2 1
2.7 5.8 0.1 199 0 2 1
2.7 6.5 0.1 199 0 2 1
2.7 7.2 0.2 198 0 2 1
2.7 8.5 0.2 191 0 2 1
2.7 9.1 0.1 189 0 2 1
2.7 9.4 0.7 204 0 2 3
2.7 10.4 3.2 188 0 2 3
2.7 10.8 3.5 186 0 2 3
2.7 11.7 3.9 168 0 2 3
2.9 10.1 3.2 193 0 2 3
3 10.9 3.7 184 0 2 3
3 11.8 4.2 126 0 2 3
3.3 3.2 -0.1 191 0 2 1
3.3 3.8 -0.1 196 0 2 1
3.3 4.5 -0.1 197 0 2 1
3.3 5.2 0 193 0 2 1
3.3 5.8 0 197 0 2 1
3.3 6.5 0 199 0 2 1
3.3 7.1 0.1 202 0 2 1
3.3 7.8 0 194 0 2 1
3.3 8.4 0 193 0 2 1
3.3 9.1 0 189 0 2 1
3.3 10.1 3.4 192 0 2 3
3.3 11 3.9 191 0 2 3
3.3 11.4 4.1 189 0 2 3
3.3 11.9 4.5 127 0 2 3
3.4 9.4 0.9 202 0 2 3
3.4 9.7 2 202 0 2 3
3.4 10.1 3.2 200 0 2 3
3.5 9.4 0.9 198 0 2 3
3.5 11.8 4.5 109 0 2 3
3.6 10.2 3.6 199 0 2 3
3.6 11.5 4.4 186 0 2 3
3.6 11.7 4.5 130 0 2 3
3.7 11.8 4.5 185 0 2 3
3.8 9.4 0.1 181 0 2 3
3.8 10.1 3.5 203 0 2 3
3.8 11.3 4.4 176 0 2 3
3.9 3.8 -0.1 189 0 2 1
3.9 4.5 -0.1 200 0 2 1
3.9 5.2 -0.1 194 0 2 1
3.9 5.8 -0.1 199 0 2 1
3.9 6.5 -0.1 196 0 2 1
3.9 7.1 -0.1 202 0 2 1
3.9 7.8 -0.1 195 0 2 1
3.9 8.4 -0.1 190 0 2 1
3.9 9.1 -0.1 189 0 2 1
3.9 10.2 3.8 203 0 2 3
3.9 10.6 4 197 0 2 3
3.9 11 4.3 150 0 2 3
4.1 10.1 3.6 205 0 2 3
4.2 10.1 3.5 205 0 2 3
4.3 9.5 1.6 197 0 2 3
4.3 9.7 2.1 197 0 2 3
4.3 9.7 2.3 200 0 2 3
4.3 9.9 2.8 199 0 2 3
4.4 9.4 1 192 0 2 3
4.5 9 -0.3 190 0 2 1
4.6 4.5 -0.2 192 0 2 1
4.6 5.1 -0.2 196 0 2 1
4.6 5.8 -0.2 194 0 2 1
4.6 6.4 -0.2 192 0 2 1
4.6 7.1 -0.2 202 0 2 1
4.6 7.7 -0.2 194 0 2 1
4.6 8.4 -0.2 191 0 2 1
4.6 9.4 0.3 189 0 2 3
4.6 9.5 0.8 192 0 2 3
4.7 10.8 3.7 207 0 2 3
4.7 10.9 3.8 206 0 2 3
4.8 11.3 4 194 0 2 3
4.9 10.5 2.9 199 0 2 3
4.9 10.7 3.6 203 0 2 3
5.1 10.6 2.5 202 0 2 3
5.2 5.1 -0.2 195 0 2 1
5.2 5.8 -0.2 191 0 2 1
5.2 6.4 -0.3 194 0 2 1
5.2 7.1 -0.3 201 0 2 1
5.2 7.7 -0.3 191 0 2 1
5.2 8.4 -0.4 190 0 2 1
5.2 9 -0.4 190 0 2 1
5.2 9.7 -0.4 187 0 2 1
5.4 10.5 1.2 189 0 2 3
5.5 11.4 3.7 140 0 2 3
5.5 11.5 3.8 185 0 2 3
5.7 11.5 3.3 153 0 2 3
5.7 11.8 3.7 192 0 2 3
5.8 5.8 -0.3 192 0 2 1
5.8 6.4 -0.4 195 0 2 1
5.8 7.1 -0.4 197 0 2 1
5.8 7.7 -0.4 191 0 2 1
5.8 8.4 -0.5 187 0 2 1
5.8 9 -0.5 189 0 2 1
5.8 9.6 -0.6 189 0 2 1
5.8 10.3 -0.6 197 0 2 1
5.8 11.7 3.4 194 0 2 3
5.9 11.6 2.9 144 0 2 3
6 10.7 0.4 199 0 2 3
6 11.8 3.1 182 0 2 3
6 12 3.2 192 0 2 3
6.2 12.7 3.7 198 0 2 3
6.3 12.6 3.4 201 0 2 3
6.4 6.4 -0.4 187 0 2 1
6.4 7.1 -0.4 192 0 2 1
6.4 7.7 -0.5 194 0 2 1
6.4 8.3 -0.5 187 0 2 1
6.4 9 -0.6 189 0 2 1
6.4 9.6 -0.6 191 0 2 1
6.4 10.3 -0.6 195 0 2 1
6.4 10.8 -0.5 192 0 2 3
6.4 10.9 -0.7 197 0 2 1
6.4 12 2.8 183 0 2 3
6.4 12.5 3 198 0 2 3
6.5 11.8 2.1 197 0 2 3
6.6 13.2 3.2 197 0 2 3
6.8 12.4 2.6 180 0 2 3
6.9 12.2 2 197 0 2 3
6.9 12.3 2.2 166 0 2 3
6.9 12.3 2.4 164 0 2 3
6.9 12.5 2.5 200 0 2 3
7 7 -0.5 194 0 2 1
7 7.7 -0.6 195 0 2 1
7 8.3 -0.6 187 0 2 1
7 9 -0.7 186 0 2 1
7 9.6 -0.7 189 0 2 1
7 10.3 -0.7 192 0 2 1
7 10.9 -0.7 194 0 2 1
7 11.6 -0.7 190 0 2 1
7 12.1 1.3 195 0 2 3
7 12.2 1.8 198 0 2 3
7 12.5 2.3 200 0 2 3
7.1 12.2 1.4 196 0 2 3
7.1 12.3 1.8 190 0 2 3
7.1 12.4 1.9 177 0 2 3
7.2 12.3 1.2 193 0 2 3
7.2 12.4 1.5 195 0 2 3
7.2 12.6 2 198 0 2 3
7.3 12.4 1.3 191 0 2 3
7.3 12.4 1.5 196 0 2 3
7.3 12.5 1.6 183 0 2 3
7.4 12.4 1 117 0 2 3
7.4 12.5 1.3 186 0 2 3
7.5 12.2 0.4 194 0 2 3
7.6 9 -0.7 186 0 2 1
7.6 9.6 -0.7 190 0 2 1
7.6 10.3 -0.7 187 0 2 1
7.6 10.9 -0.7 193 0 2 1
7.6 11.6 -0.7 192 0 2 1
7.6 12.2 -0.7 186 0 2 1
7.7 7.7 -0.6 196 0 2 1
7.7 8.3 -0.6 187 0 2 1
7.7 12.4 0.2 190 0 2 3
7.9 12.3 -0.5 186 0 2 3
8.3 8.3 -0.6 185 0 2 1
8.3 9 -0.7 182 0 2 1
8.3 9.6 -0.7 190 0 2 1
8.3 10.3 -0.8 186 0 2 1
8.3 10.9 -0.8 197 0 2 1
8.3 11.6 -0.7 191 0 2 1
8.3 12.2 -0.7 188 0 2 1
8.3 12.9 -0.7 184 0 2 1
8.9 9 -0.7 182 0 2 1
8.9 9.6 -0.7 187 0 2 1
8.9 10.3 -0.8 188 0 2 1
8.9 10.9 -0.8 193 0 2 1
8.9 11.6 -0.8 197 0 2 1
8.9 12.2 -0.7 190 0 2 1
8.9 12.9 -0.7 184 0 2 1
8.9 13.5 -0.6 187 0 2 1
8.9 14.1 -0.6 188 0 2 1
9.5 9.6 -0.7 184 0 2 1
9.5 10.3 -0.8 189 0 2 1
9.5 10.9 -0.8 190 0 2 1
9.5 11.6 -0.8 195 0 2 1
9.5 12.2 -0.7 189 0 2 1
9.5 12.9 -0.7 184 0 2 1
9.5 13.5 -0.6 186 0 2 1
9.5 14.1 -0.6 192 0 2 1
9.6 14.8 -0.5 189 0 2 1
10.2 10.3 -0.7 189 0 2 1
10.2 10.9 -0.7 185 0 2 1
10.2 11.6 -0.7 195 0 2 1
10.2 12.2 -0.7 189 0 2 1
10.2 12.9 -0.7 186 0 2 1
10.2 13.5 -0.6 189 0 2 1
10.2 14.1 -0.5 190 0 2 1
10.2 14.8 -0.5 189 0 2 1
10.2 15.4 -0.4 195 0 2 1
10.2 16.1 -0.3 186 0 2 1
10.8 10.9 -0.7 187 0 2 1
10.8 11.6 -0.7 195 0 2 1
10.8 12.2 -0.7 194 0 2 1
10.8 12.9 -0.6 185 0 2 1
10.8 13.5 -0.6 186 0 2 1
10.8 14.1 -0.5 187 0 2 1
10.8 14.8 -0.5 192 0 2 1
10.9 15.4 -0.4 193 0 2 1
10.9 16.1 -0.3 187 0 2 1
10.9 16.7 -0.3 185 0 2 1
10.9 17.4 -0.2 186 0 2 1
11.5 11.6 -0.7 193 0 2 1
11.5 12.2 -0.6 192 0 2 1
11.5 12.9 -0.6 186 0 2 1
11.5 13.5 -0.6 183 0 2 1
11.5 14.1 -0.5 188 0 2 1
11.5 14.8 -0.4 190 0 2 1
11.5 15.4 -0.4 194 0 2 1
11.5 16.1 -0.3 188 0 2 1
11.5 16.7 -0.2 184 0 2 1
11.5 17.4 -0.2 186 0 2 1
11.5 18 -0.1 186 0 2 1
11.6 18.7 -0.1 186 0 2 1
12.1 12.2 -0.6 193 0 2 1
12.1 12.9 -0.6 187 0 2 1
12.1 13.5 -0.5 188 0 2 1
12.1 14.1 -0.5 188 0 2 1
12.1 14.8 -0.4 187 0 2 1
12.2 15.4 -0.3 196 0 2 1
12.2 16.1 -0.3 191 0 2 1
12.2 16.7 -0.2 183 0 2 1
12.2 17.4 -0.2 184 0 2 1
12.2 18 -0.1 184 0 2 1
12.2 18.7 -0.1 181 0 2 1
12.2 19.3 -0.1 183 0 2 1
12.2 20 0 114 0 2 1
12.8 12.9 -0.5 187 0 2 1
12.8 13.5 -0.5 183 0 2 1
12.8 14.1 -0.4 183 0 2 1
12.8 14.8 -0.4 189 0 2 1
12.8 15.4 -0.3 193 0 2 1
12.8 16.1 -0.2 187 0 2 1
12.8 16.7 -0.2 182 0 2 1
12.8 17.4 -0.1 183 0 2 1
12.8 18 -0.1 184 0 2 1
12.8 18.7 -0.1 181 0 2 1
12.9 19.3 -0.1 186 0 2 1
12.9 20 0 115 0 2 1
13.4 13.5 -0.4 187 0 2 1
13.4 14.1 -0.4 185 0 2 1
13.5 14.8 -0.3 187 0 2 1
13.5 15.4 -0.3 191 0 2 1
13.5 16.1 -0.2 186 0 2 1
13.5 16.7 -0.2 181 0 2 1
13.5 17.4 -0.1 184 0 2 1
13.5 18 -0.1 182 0 2 1
13.5 18.7 -0.1 179 0 2 1
13.5 19.3 -0.1 184 0 2 1
13.5 20 0 114 0 2 1
14.1 14.1 -0.3 185 0 2 1
14.1 14.8 -0.3 184 0 2 1
14.1 15.4 -0.2 193 0 2 1
14.1 16.1 -0.2 188 0 2 1
14.1 16.7 -0.1 184 0 2 1
14.1 17.4 -0.1 179 0 2 1
14.1 18 -0.1 179 0 2 1
14.1 18.7 -0.1 181 0 2 1
14.1 19.3 -0.1 185 0 2 1
14.1 20 0 113 0 2 1
14.8 15.4 -0.2 191 0 2 1
14.8 16.1 -0.1 181 0 2 1
14.8 16.7 -0.1 183 0 2 1
14.8 17.4 -0.1 177 0 2 1
14.8 18 -0.1 177 0 2 1
14.8 18.7 -0.1 179 0 2 1
14.8 19.3 -0.1 182 0 2 1
14.8 20 0 115 0 2 1
15.4 16.1 -0.1 178 0 2 1
15.4 16.7 -0.1 180 0 2 1
15.4 17.4 -0.1 173 0 2 1
15.4 18 -0.1 174 0 2 1
15.4 18.7 -0.1 178 0 2 1
15.4 19.3 -0.1 180 0 2 1
15.4 20 0 116 0 2 1
16.1 16.7 -0.1 180 0 2 1
16.1 17.4 -0.1 173 0 2 1
16.1 18 -0.1 171 0 2 1
16.1 18.7 0 175 0 2 1
16.1 19.3 0 178 0 2 1
16.1 20 0 114 0 2 1
16.7 17.4 -0.1 170 0 2 1
16.7 18 -0.1 173 0 2 1
16.7 18.7 0 175 0 2 1
16.7 19.3 0 177 0 2 1
16.7 20 0 113 0 2 1
17.4 18 0 167 0 2 1
17.4 18.7 0 176 0 2 1
17.4 19.3 0 172 0 2 1
17.4 20 0 113 0 2 1
18 18.7 0 172 0 2 1
18 19.3 0 171 0 2 1
18 20 0 113 0 2 1
18.7 19.3 0 175 0 2 1
18.7 20 0 109 0 2 1
19.3 20 0 110 0 2 1
