-20.1 -14.2 -0.1 102 0 2 1
-20.1 -13.6 -0.1 101 0 2 1
-20.1 -13 -0.1 157 0 2 1
-20.1 -12.3 -0.1 153 0 2 1
-20.1 -9.1 -0.1 138 0 2 1
-20.1 -8.4 -0.1 143 0 2 1
-20.1 -7.8 -0.1 153 0 2 1
-20.1 -7.1 -0.1 147 0 2 1
-20.1 -5.9 -0.1 140 0 2 1
-20.1 -5.2 -0.1 132 0 2 1
-20.1 -4.6 -0.1 119 0 2 1
-20.1 -3.9 -0.1 117 0 2 1
-20.1 -3.3 -0.1 115 0 2 1
-20.1 -2.6 -0.1 126 0 2 1
-20.1 -2 -0.1 140 0 2 1
-20.1 -1.3 -0.1 148 0 2 1
-20.1 -0.7 -0.1 159 0 2 1
-20.1 0 -0.1 162 0 2 1
-20.1 0.6 -0.1 104 0 2 1
-20.1 1.2 -0.1 101 0 2 1
-20 1.9 0 101 0 2 1
-20 2.5 0 101 0 2 1
-20 3.2 0 101 0 2 1
-20 3.8 0 103 0 2 1
-20 4.5 0 104 0 2 1
-20 5.1 0 100 0 2 1
-20 12.9 0 95 0 2 1
-20 13.5 0 96 0 2 1
-20 14.1 0 94 0 2 1
-19.4 -9.1 0 162 0 2 1
-19.4 -8.4 0 154 0 2 1
-19.4 -7.8 0 171 0 2 1
-19.4 -7.1 0 170 0 2 1
-19.4 -5.2 0 161 0 2 1
-19.4 -4.6 -0.1 159 0 2 1
-19.4 -3.9 -0.1 161 0 2 1
-19.4 -3.3 -0.1 161 0 2 1
-19.4 -2.6 -0.1 166 0 2 1
-19.4 -2 -0.1 166 0 2 1
-19.4 -1.3 -0.1 168 0 2 1
-19.4 -0.7 -0.1 163 0 2 1
-19.4 0 -0.1 176 0 2 1
-19.4 0.6 -0.1 167 0 2 1
-19.4 1.2 -0.1 164 0 2 1
-19.4 1.9 -0.1 163 0 2 1
-19.4 2.5 -0.1 162 0 2 1
-19.4 3.2 0 158 0 2 1
-19.4 3.8 0 162 0 2 1
-19.4 4.5 0 159 0 2 1
-19.4 12.9 0 144 0 2 1
-19.4 13.5 0 145 0 2 1
-18.8 -7.8 0 168 0 2 1
-18.8 -7.1 0 166 0 2 1
-18.8 -5.2 0 162 0 2 1
-18.8 -4.6 0 160 0 2 1
-18.8 -3.9 0 160 0 2 1
-18.8 -3.3 -0.1 161 0 2 1
-18.8 -2.6 -0.1 163 0 2 1
-18.8 -2 -0.1 162 0 2 1
-18.8 -1.3 -0.1 171 0 2 1
-18.8 -0.7 -0.1 165 0 2 1
-18.8 -0.1 -0.1 170 0 2 1
-18.8 0.6 -0.1 174 0 2 1
-18.8 1.2 -0.1 170 0 2 1
-18.8 1.9 -0.1 163 0 2 1
-18.8 2.5 -0.1 161 0 2 1
-18.8 3.2 0 163 0 2 1
-18.8 3.8 0 162 0 2 1
-18.8 4.5 0 160 0 2 1
-18.8 12.2 0 161 0 2 1
-18.8 12.9 0 154 0 2 1
-18.2 -7.8 0 166 0 2 1
-18.2 -7.1 0 165 0 2 1
-18.2 -5.2 0 160 0 2 1
-18.2 -4.6 0 160 0 2 1
-18.2 -3.9 0 160 0 2 1
-18.2 -3.3 0 162 0 2 1
-18.2 -2 -0.1 161 0 2 1
-18.2 -1.3 -0.1 166 0 2 1
-18.1 -0.7 -0.1 164 0 2 1
-18.1 -0.1 -0.1 173 0 2 1
-18.1 0.6 -0.1 176 0 2 1
-18.1 1.2 -0.1 172 0 2 1
-18.1 1.9 -0.1 168 0 2 1
-18.1 2.5 -0.1 167 0 2 1
-18.1 3.2 -0.1 163 0 2 1
-18.1 3.8 -0.1 162 0 2 1
-18.1 4.5 0 162 0 2 1
-18.1 12.2 -0.1 160 0 2 1
-18.1 12.9 -0.1 165 0 2 1
-17.6 -6.5 0.1 163 0 2 1
-17.6 -5.2 0.1 159 0 2 1
-17.6 -4.6 0 158 0 2 1
-17.6 -3.9 0 161 0 2 1
-17.6 -3.3 0 164 0 2 1
-17.5 -2 0 162 0 2 1
-17.5 -1.3 0 163 0 2 1
-17.5 -0.7 -0.1 170 0 2 1
-17.5 -0.1 -0.1 164 0 2 1
-17.5 0.6 -0.1 173 0 2 1
-17.5 1.2 -0.1 175 0 2 1
-17.5 1.9 -0.1 171 0 2 1
-17.5 2.5 -0.1 168 0 2 1
-17.5 3.2 -0.1 166 0 2 1
-17.5 3.8 -0.1 165 0 2 1
-17.5 4.5 0 167 0 2 1
-17.5 11.6 -0.1 162 0 2 1
-17.5 12.2 -0.1 168 0 2 1
-17 -6.5 0.1 164 0 2 1
-16.9 -4.6 0.1 159 0 2 1
-16.9 -3.9 0.1 159 0 2 1
-16.9 -3.3 0.1 164 0 2 1
-16.9 -1.3 0 161 0 2 1
-16.9 -0.7 0 166 0 2 1
-16.9 -0.1 -0.1 168 0 2 1
-16.9 0.6 -0.1 174 0 2 1
-16.9 1.2 -0.1 168 0 2 1
-16.8 1.9 -0.1 180 0 2 1
-16.8 2.5 -0.1 172 0 2 1
-16.8 3.2 -0.1 167 0 2 1
-16.8 3.8 -0.1 166 0 2 1
-16.8 10.9 -0.1 165 0 2 1
-16.8 11.6 -0.1 170 0 2 1
-16.3 -6.5 0.2 165 0 2 1
-16.3 -4.6 0.2 160 0 2 1
-16.3 -3.9 0.1 161 0 2 1
-16.3 -3.3 0.1 161 0 2 1
-16.3 -1.3 0 165 0 2 1
-16.3 -0.7 0 164 0 2 1
-16.2 -0.1 0 170 0 2 1
-16.2 0.6 -0.1 173 0 2 1
-16.2 1.2 -0.1 172 0 2 1
-16.2 1.9 -0.1 177 0 2 1
-16.2 2.5 -0.1 174 0 2 1
-16.2 3.2 -0.1 170 0 2 1
-16.2 3.8 -0.1 169 0 2 1
-16.2 10.9 -0.2 166 0 2 1
-16.2 11.6 -0.2 164 0 2 1
-16 4.8 2.5 155 0 2 3
-15.9 5.1 2.6 166 0 2 3
-15.8 4.7 2.5 90 0 2 3
-15.7 -5.9 0.3 163 0 2 1
-15.7 -4.6 0.2 160 0 2 1
-15.7 -3.9 0.2 161 0 2 1
-15.7 -3.3 0.2 161 0 2 1
-15.7 -2.6 0.1 169 0 2 1
-15.6 -1.3 0.1 164 0 2 1
-15.6 -0.7 0 167 0 2 1
-15.6 -0.1 0 166 0 2 1
-15.6 0.6 0 169 0 2 1
-15.6 1.2 -0.1 174 0 2 1
-15.6 1.9 -0.1 175 0 2 1
-15.6 2.5 -0.1 178 0 2 1
-15.6 4.5 1.9 160 0 2 3
-15.6 5.3 2.7 148 0 2 3
-15.6 7 2.9 186 0 2 3
-15.6 10.3 -0.2 181 0 2 1
-15.6 10.9 -0.2 166 0 2 1
-15.5 3.2 -0.1 176 0 2 1
-15.5 3.8 -0.1 174 0 2 1
-15.5 4.4 1.4 174 0 2 3
-15.5 4.4 1.5 166 0 2 3
-15.5 5.6 2.8 161 0 2 3
-15.4 7 2.9 188 0 2 3
-15.3 6.6 3 118 0 2 3
-15.3 6.8 2.9 197 0 2 3
-15.1 -6.5 0.4 167 0 2 1
-15.1 -5.9 0.3 164 0 2 1
-15.1 -3.9 0.3 164 0 2 1
-15.1 -3.3 0.2 165 0 2 1
-15.1 -2.6 0.2 165 0 2 1
-15.1 5.7 2.9 186 0 2 3
-15.1 7.4 2.5 183 0 2 3
-15 -0.7 0.1 165 0 2 1
-15 -0.1 0 166 0 2 1
-15 0.6 0 166 0 2 1
-15 1.2 0 169 0 2 1
-15 5.8 3 107 0 2 3
-15 6.7 2.7 193 0 2 3
-15 7.8 2.3 155 0 2 3
-14.9 1.9 -0.1 174 0 2 1
-14.9 2.5 -0.1 176 0 2 1
-14.9 3.2 -0.1 174 0 2 1
-14.9 5.7 2.9 189 0 2 3
-14.9 10.3 -0.3 173 0 2 1
-14.7 5.6 2.8 198 0 2 3
-14.6 3.7 0.2 165 0 2 3
-14.6 3.8 0.8 119 0 2 3
-14.6 5.9 2.5 190 0 2 3
-14.5 -5.9 0.4 165 0 2 1
-14.5 -5.2 0.4 164 0 2 1
-14.5 -3.9 0.3 164 0 2 1
-14.5 -3.3 0.3 163 0 2 1
-14.5 5.3 2.7 182 0 2 3
-14.5 7.9 1.9 133 0 2 3
-14.4 -2.6 0.2 162 0 2 1
-14.4 -0.7 0.1 166 0 2 1
-14.4 -0.1 0.1 165 0 2 1
-14.4 6.7 2.1 197 0 2 3
-14.3 0.6 0 165 0 2 1
-14.3 1.2 0 170 0 2 1
-14.3 1.9 0 174 0 2 1
-14.3 2.5 -0.1 176 0 2 1
-14.3 3.2 -0.1 169 0 2 1
-14.3 5 2.5 188 0 2 3
-14.3 5.1 2.6 186 0 2 3
-14.3 8.1 1.4 179 0 2 3
-14.3 8.2 1.4 133 0 2 3
-14.3 9.6 -0.3 173 0 2 1
-14.3 10.3 -0.4 170 0 2 1
-14.2 -4.5 0.8 92 0 2 2
-14.2 -4.4 0.7 104 0 2 2
-14.2 -4.4 0.8 105 0 2 2
-14.2 -4.3 0.5 158 0 2 2
-14.2 5 2.5 195 0 2 3
-14.2 5.8 2.3 195 0 2 3
-14.2 7.4 1.8 185 0 2 3
-14.1 -4.5 0.8 90 0 2 2
-14.1 -4.5 0.9 176 0 2 2
-14.1 -4.3 0.7 79 0 2 2
-14.1 -4.2 0.4 134 0 2 2
-14.1 8.1 1.3 142 0 2 3
-14 -4.7 0.8 163 0 2 2
-14 -4.6 0.9 140 0 2 2
-14 -4.5 0.8 204 0 2 2
-14 -4.4 0.8 188 0 2 2
-14 -4.3 0.6 135 0 2 2
-14 -4.2 0.4 153 0 2 2
-13.9 -6.5 0.5 166 0 2 1
-13.9 -5.9 0.5 167 0 2 1
-13.9 -5.2 0.5 164 0 2 1
-13.9 -4.8 0.8 177 0 2 2
-13.9 -4.7 0.8 144 0 2 2
-13.9 -4.6 0.8 199 0 2 2
-13.9 -4.5 0.7 204 0 2 2
-13.9 -4.4 0.7 193 0 2 2
-13.9 -4.3 0.6 83 0 2 2
-13.9 -4.2 0.4 155 0 2 2
-13.9 4.4 1.2 201 0 2 3
-13.9 8.1 1.3 103 0 2 3
-13.8 -4.8 0.7 154 0 2 2
-13.8 -4.7 0.7 204 0 2 2
-13.8 -4.6 0.6 205 0 2 2
-13.8 -4.6 0.7 200 0 2 2
-13.8 -4.5 0.6 203 0 2 2
-13.8 -4.5 0.7 201 0 2 2
-13.8 -4.3 0.5 182 0 2 2
-13.8 -4.3 0.6 190 0 2 2
-13.8 -3.9 0.4 162 0 2 1
-13.8 -3.3 0.3 164 0 2 1
-13.8 -2.6 0.3 161 0 2 1
-13.8 -0.7 0.1 162 0 2 1
-13.8 5.8 2 191 0 2 3
-13.7 -4.9 0.5 193 0 2 2
-13.7 -4.8 0.6 193 0 2 2
-13.7 -4.8 0.7 179 0 2 2
-13.7 -4.6 0.6 202 0 2 2
-13.7 -4.4 0.5 197 0 2 2
-13.7 -4.3 0.4 187 0 2 2
-13.7 -4.3 0.5 106 0 2 2
-13.7 -0.1 0.1 162 0 2 1
-13.7 0.6 0 169 0 2 1
-13.7 1.2 0 163 0 2 1
-13.7 1.9 0 177 0 2 1
-13.7 4.9 2.1 198 0 2 3
-13.7 7 1.4 185 0 2 3
-13.7 9.6 -0.4 175 0 2 1
-13.6 -4.7 0.5 203 0 2 2
-13.6 -4.6 0.5 204 0 2 2
-13.6 -4.5 0.5 204 0 2 2
-13.6 3.2 -0.1 170 0 2 1
-13.6 6.5 1.5 191 0 2 3
-13.6 8.1 1.1 177 0 2 3
-13.3 3.8 0.5 189 0 2 3
-13.3 4.8 1.9 195 0 2 3
-13.3 6.4 1.4 198 0 2 3
-13.2 -5.9 0.6 168 0 2 1
-13.2 -5.2 0.5 164 0 2 1
-13.2 -4.6 0.5 175 0 2 1
-13.2 -3.9 0.5 163 0 2 1
-13.2 -3.3 0.4 167 0 2 1
-13.2 -2.6 0.3 162 0 2 1
-13.2 5.5 1.6 191 0 2 3
-13.2 7.1 1.1 187 0 2 3
-13.2 8.2 0.7 130 0 2 3
-13.2 8.3 0.6 131 0 2 3
-13.1 -0.7 0.2 162 0 2 1
-13.1 -0.1 0.1 167 0 2 1
-13.1 0.6 0.1 166 0 2 1
-13.1 1.2 0 169 0 2 1
-13 3.2 -0.1 177 0 2 1
-13 4.8 1.6 197 0 2 3
-13 5.8 1.3 195 0 2 3
-13 8.3 0.5 163 0 2 3
-13 9 -0.4 171 0 2 1
-12.9 3.8 0.5 187 0 2 3
-12.9 8.1 0.6 169 0 2 3
-12.8 4.7 1.4 202 0 2 3
-12.8 4.9 1.4 200 0 2 3
-12.7 3.9 0.6 207 0 2 3
-12.6 -7.8 0.7 177 0 2 1
-12.6 -5.9 0.6 162 0 2 1
-12.6 -5.2 0.6 166 0 2 1
-12.6 -4.6 0.6 166 0 2 1
-12.6 -3.9 0.5 165 0 2 1
-12.6 -3.3 0.5 166 0 2 1
-12.6 -2.6 0.4 168 0 2 1
-12.6 4.1 0.7 211 0 2 3
-12.5 -0.7 0.2 168 0 2 1
-12.5 -0.1 0.2 168 0 2 1
-12.5 3.9 0.3 204 0 2 3
-12.5 4.2 0.6 215 0 2 3
-12.5 4.4 1 201 0 2 3
-12.5 4.6 1.1 201 0 2 3
-12.5 7.8 0.4 192 0 2 3
-12.5 8 0.2 171 0 2 3
-12.4 0.6 0.1 169 0 2 1
-12.4 1.2 0.1 169 0 2 1
-12.4 2.5 0 91 0 2 1
-12.4 3.2 -0.1 177 0 2 1
-12.4 5 1.1 201 0 2 3
-12.4 7.8 0.2 181 0 2 3
-12.4 8.1 0 172 0 2 3
-12.4 8.3 -0.4 180 0 2 1
-12.3 3.8 -0.1 178 0 2 1
-12.3 7 0.5 195 0 2 3
-12.2 5.6 0.8 202 0 2 3
-12.2 5.9 0.7 200 0 2 3
-12.2 6.2 0.6 194 0 2 3
-12.1 5.7 0.5 199 0 2 3
-12.1 6 0.6 202 0 2 3
-12.1 6.6 0.1 192 0 2 3
-12 -7.8 0.7 177 0 2 1
-12 -7.1 0.7 170 0 2 1
-12 -5.2 0.7 168 0 2 1
-12 -4.6 0.6 168 0 2 1
-12 -3.9 0.6 168 0 2 1
-11.9 -3.3 0.5 169 0 2 1
-11.9 -2.6 0.5 170 0 2 1
-11.9 -0.7 0.3 168 0 2 1
-11.8 -0.1 0.2 168 0 2 1
-11.8 0.6 0.1 174 0 2 1
-11.7 2.5 0 174 0 2 1
-11.7 3.2 0 176 0 2 1
-11.7 3.8 -0.1 181 0 2 1
-11.7 4.5 -0.1 181 0 2 1
-11.7 5.1 -0.1 172 0 2 1
-11.7 5.8 -0.2 163 0 2 1
-11.7 6.4 -0.2 168 0 2 1
-11.7 7 -0.3 169 0 2 1
-11.7 7.7 -0.4 173 0 2 1
-11.7 8.3 -0.4 181 0 2 1
-11.4 -7.8 0.8 179 0 2 1
-11.4 -7.1 0.8 157 0 2 1
-11.4 -5.2 0.7 169 0 2 1
-11.3 -4.6 0.7 170 0 2 1
-11.3 -3.9 0.6 168 0 2 1
-11.3 -3.3 0.6 174 0 2 1
-11.3 -2.6 0.5 168 0 2 1
-11.2 -0.7 0.3 172 0 2 1
-11.2 -0.1 0.2 168 0 2 1
-11.2 0.6 0.2 171 0 2 1
-11.1 2.5 0 172 0 2 1
-11.1 3.2 0 177 0 2 1
-11.1 3.8 -0.1 182 0 2 1
-11.1 7.7 -0.4 174 0 2 1
-11 1.8 0.4 175 0 2 2
-11 4.5 -0.1 180 0 2 1
-11 5.1 -0.2 175 0 2 1
-11 5.8 -0.2 170 0 2 1
-11 6.4 -0.3 168 0 2 1
-11 7 -0.3 172 0 2 1
-10.9 1.7 0.4 179 0 2 2
-10.9 2 0.4 175 0 2 2
-10.8 1.6 0.4 183 0 2 2
-10.7 -7.1 0.9 178 0 2 1
-10.7 -6.5 0.8 174 0 2 1
-10.7 -4.6 0.7 172 0 2 1
-10.7 -3.9 0.7 171 0 2 1
-10.7 -3.3 0.6 173 0 2 1
-10.7 -2.6 0.5 171 0 2 1
-10.7 1.8 0.4 185 0 2 2
-10.6 -2 0.5 171 0 2 1
-10.6 -0.7 0.3 174 0 2 1
-10.6 -0.1 0.2 175 0 2 1
-10.6 1.4 0.4 175 0 2 2
-10.6 2.1 0.4 168 0 2 2
-10.6 2.2 0.4 167 0 2 2
-10.5 -1.3 0.7 175 0 2 2
-10.5 0.6 0.2 169 0 2 1
-10.5 1.3 0.4 177 0 2 2
-10.5 2.2 0.2 146 0 2 2
-10.4 -1.9 0.5 188 0 2 2
-10.4 -1.8 0.6 188 0 2 2
-10.4 -1.4 0.8 188 0 2 2
-10.4 -1.2 0.7 181 0 2 2
-10.4 1.2 0.4 172 0 2 2
-10.4 1.6 0.4 173 0 2 2
-10.4 1.7 0.5 183 0 2 2
-10.4 2.1 0.1 146 0 2 2
-10.4 2.5 0 173 0 2 1
-10.4 3.2 0 177 0 2 1
-10.4 3.8 -0.1 180 0 2 1
-10.4 4.5 -0.1 183 0 2 1
-10.4 5.1 -0.2 173 0 2 1
-10.4 5.8 -0.2 172 0 2 1
-10.4 6.4 -0.3 168 0 2 1
-10.4 7 -0.3 171 0 2 1
-10.3 -1.7 0.8 190 0 2 2
-10.3 -1 0.7 165 0 2 2
-10.3 2 0.3 133 0 2 2
-10.3 2 0.4 162 0 2 2
-10.3 2.1 0.1 117 0 2 2
-10.2 -1.8 0.5 202 0 2 2
-10.2 1.1 0.3 185 0 2 2
-10.2 1.1 0.4 177 0 2 2
-10.2 1.2 0.4 201 0 2 2
-10.2 1.8 0.5 184 0 2 2
-10.2 1.9 0.4 168 0 2 2
-10.2 1.9 0.5 178 0 2 2
-10.1 -7.1 0.9 183 0 2 1
-10.1 -6.5 0.9 177 0 2 1
-10.1 -4.6 0.8 173 0 2 1
-10.1 -3.9 0.7 174 0 2 1
-10.1 -1.6 0.9 177 0 2 2
-10.1 -1 0.7 190 0 2 2
-10.1 -0.9 0.7 171 0 2 2
-10.1 1 0.3 183 0 2 2
-10.1 1.2 0.4 189 0 2 2
-10.1 1.3 0.4 194 0 2 2
-10.1 1.8 0.3 178 0 2 2
-10.1 1.9 0.2 163 0 2 2
-10 -3.3 0.6 172 0 2 1
-10 -2.6 0.6 175 0 2 1
-10 -2 0.5 175 0 2 1
-10 -1.3 0.8 177 0 2 2
-10 -1.2 0.8 190 0 2 2
-10 -1.1 0.8 166 0 2 2
-10 1 0.1 173 0 2 2
-10 1 0.3 194 0 2 2
-10 1.1 0.3 196 0 2 2
-10 1.7 0.4 192 0 2 2
-10 1.8 0.2 169 0 2 2
-9.9 -1.7 0.6 203 0 2 2
-9.9 -1.6 0.7 210 0 2 2
-9.9 -1.2 0.8 187 0 2 2
-9.9 -0.8 0.7 166 0 2 2
-9.9 -0.7 0.3 183 0 2 1
-9.9 -0.1 0.3 172 0 2 1
-9.9 0.6 0.2 172 0 2 1
-9.9 1.4 0.4 205 0 2 2
-9.9 1.6 0.1 177 0 2 2
-9.8 -1.6 0.6 206 0 2 2
-9.8 -1.5 0.8 206 0 2 2
-9.8 -1.5 0.9 210 0 2 2
-9.8 -1.4 0.9 177 0 2 2
-9.8 -1 0.8 164 0 2 2
-9.8 -0.8 0.6 57 0 2 2
-9.8 -0.7 0.7 162 0 2 2
-9.8 1.4 0.2 181 0 2 2
-9.8 1.4 0.4 202 0 2 2
-9.8 1.9 0.1 173 0 2 1
-9.8 2.5 0 174 0 2 1
-9.8 3.2 0 176 0 2 1
-9.8 3.8 -0.1 181 0 2 1
-9.7 -1.4 0.8 181 0 2 2
-9.7 -0.7 0.6 160 0 2 2
-9.7 -0.7 0.7 147 0 2 2
-9.7 1.4 0.1 177 0 2 2
-9.7 4.5 -0.1 182 0 2 1
-9.7 5.1 -0.2 177 0 2 1
-9.7 5.8 -0.2 171 0 2 1
-9.7 6.4 -0.3 169 0 2 1
-9.6 -5 1.2 69 0 2 2
-9.6 -4.6 1 69 0 2 2
-9.6 -4.6 1.1 71 0 2 2
-9.6 -1.5 0.5 211 0 2 2
-9.6 -1.5 0.7 211 0 2 2
-9.6 -0.9 0.5 179 0 2 2
-9.6 -0.9 0.6 180 0 2 2
-9.6 -0.8 0.5 173 0 2 2
-9.6 -0.8 0.7 136 0 2 2
-9.5 -4.6 0.8 176 0 2 2
-9.5 -4.6 0.9 57 0 2 2
-9.5 -4.6 1 59 0 2 2
-9.5 -4.6 1.1 58 0 2 2
-9.5 -1.4 0.5 210 0 2 2
-9.5 -1.3 0.5 210 0 2 2
-9.5 -1.2 0.5 198 0 2 2
-9.5 -1.2 0.8 171 0 2 2
-9.5 -1.1 0.4 194 0 2 2
-9.5 -1 0.4 182 0 2 2
-9.5 -0.9 0.4 178 0 2 2
-9.5 -0.9 0.7 178 0 2 2
-9.4 -6.5 0.9 177 0 2 1
-9.4 -5.9 0.9 175 0 2 1
-9.4 -5.6 0.9 213 0 2 2
-9.4 -5 1.2 164 0 2 2
-9.4 -4.8 1.2 185 0 2 2
-9.4 -4.6 0.8 164 0 2 2
-9.4 -4.6 0.9 52 0 2 2
-9.4 -4.6 1 54 0 2 2
-9.4 -4.6 1.2 62 0 2 2
-9.4 -3.9 0.7 177 0 2 1
-9.4 -3.3 0.7 174 0 2 1
-9.4 -2.6 0.6 177 0 2 1
-9.3 -5.4 1.1 205 0 2 2
-9.3 -4.7 0.9 55 0 2 2
-9.3 -2 0.5 180 0 2 1
-9.3 -1.3 0.4 176 0 2 1
-9.3 -0.7 0.4 182 0 2 1
-9.3 -0.1 0.3 176 0 2 1
-9.2 -5.5 0.9 189 0 2 2
-9.2 -5.5 1 202 0 2 2
-9.2 -5.5 1.1 200 0 2 2
-9.2 -5.4 1 205 0 2 2
-9.2 -5.4 1.2 157 0 2 2
-9.2 -5.3 0.9 216 0 2 2
-9.2 -5.2 1.2 135 0 2 2
-9.2 -5 1.2 190 0 2 2
-9.2 -4.9 1.2 178 0 2 2
-9.2 -4.7 0.8 180 0 2 2
-9.2 -4.7 0.9 134 0 2 2
-9.2 -4.7 1 176 0 2 2
-9.2 -4.7 1.2 146 0 2 2
-9.2 0.6 0.2 176 0 2 1
-9.2 1.2 0.1 171 0 2 1
-9.2 1.9 0.1 177 0 2 1
-9.1 -5.2 0.8 175 0 2 2
-9.1 -5.1 1 212 0 2 2
-9.1 -5.1 1.1 220 0 2 2
-9.1 -5 1 214 0 2 2
-9.1 -4.9 0.9 206 0 2 2
-9.1 -4.9 1.1 217 0 2 2
-9.1 -4.7 1 195 0 2 2
-9.1 2.5 0 176 0 2 1
-9.1 3.2 0 176 0 2 1
-9.1 3.8 -0.1 181 0 2 1
-9.1 4.5 -0.1 186 0 2 1
-9.1 5.1 -0.2 180 0 2 1
-9.1 5.8 -0.2 173 0 2 1
-9.1 6.4 -0.3 171 0 2 1
-8.8 -5.9 0.9 183 0 2 1
-8.8 -5.2 0.9 180 0 2 1
-8.8 -4.6 0.8 179 0 2 1
-8.8 -3.9 0.7 180 0 2 1
-8.7 -3.3 0.7 178 0 2 1
-8.7 -2.6 0.6 179 0 2 1
-8.7 -2 0.5 182 0 2 1
-8.7 -1.3 0.4 183 0 2 1
-8.6 -0.7 0.4 184 0 2 1
-8.6 -0.1 0.3 181 0 2 1
-8.6 0.6 0.2 177 0 2 1
-8.6 1.2 0.1 176 0 2 1
-8.5 1.9 0.1 178 0 2 1
-8.5 2.5 0 177 0 2 1
-8.5 3.2 -0.1 178 0 2 1
-8.4 3.8 -0.1 183 0 2 1
-8.4 4.5 -0.1 190 0 2 1
-8.4 5.1 -0.2 180 0 2 1
-8.4 5.8 -0.2 174 0 2 1
-8.1 -5.9 0.9 186 0 2 1
-8.1 -5.2 0.8 182 0 2 1
-8.1 -4.6 0.8 179 0 2 1
-8.1 -3.9 0.7 177 0 2 1
-8.1 -3.3 0.7 184 0 2 1
-8.1 -2.6 0.6 179 0 2 1
-8.1 -2 0.5 182 0 2 1
-8 -1.3 0.4 182 0 2 1
-8 -0.7 0.4 188 0 2 1
-8 -0.1 0.3 184 0 2 1
-7.9 0.6 0.2 178 0 2 1
-7.9 1.2 0.1 173 0 2 1
-7.9 1.9 0 180 0 2 1
-7.8 2.5 0 177 0 2 1
-7.8 3.2 -0.1 179 0 2 1
-7.8 3.8 -0.1 180 0 2 1
-7.8 4.5 -0.1 187 0 2 1
-7.7 5.1 -0.2 183 0 2 1
-7.5 -5.2 0.8 194 0 2 1
-7.5 -3.9 0.7 190 0 2 1
-7.4 -3.3 0.7 186 0 2 1
-7.4 -2.6 0.6 188 0 2 1
-7.4 -2 0.5 182 0 2 1
-7.4 -1.3 0.4 181 0 2 1
-7.3 -0.7 0.3 192 0 2 1
-7.3 -0.1 0.3 188 0 2 1
-7.3 0.6 0.2 184 0 2 1
-7.2 1.2 0.1 181 0 2 1
-7.2 1.9 0 179 0 2 1
-7.2 2.5 0 179 0 2 1
-7.2 3.2 -0.1 178 0 2 1
-7.1 3.8 -0.1 183 0 2 1
-7.1 4.5 -0.2 182 0 2 1
-7.1 5.1 -0.2 192 0 2 1
-6.9 -4.3 1 182 0 2 2
-6.9 -4.2 1 184 0 2 2
-6.8 -4.4 1 186 0 2 2
-6.8 -4.2 1 188 0 2 2
-6.8 -4.1 0.8 150 0 2 2
-6.8 -4.1 0.9 100 0 2 2
-6.8 -4 0.7 140 0 2 2
-6.8 -4 0.8 153 0 2 2
-6.8 -3.9 0.7 190 0 2 1
-6.8 -3.3 0.6 190 0 2 1
-6.8 -2.6 0.6 185 0 2 1
-6.7 -4.4 1 186 0 2 2
-6.7 -4.3 1 188 0 2 2
-6.7 -4.1 1 95 0 2 2
-6.7 -4 0.7 55 0 2 2
-6.7 -4 0.8 59 0 2 2
-6.7 -2 0.5 189 0 2 1
-6.7 -1.3 0.4 184 0 2 1
-6.7 -0.7 0.3 192 0 2 1
-6.7 -0.1 0.2 187 0 2 1
-6.6 -4.5 1 190 0 2 2
-6.6 -4.1 1 116 0 2 2
-6.6 -4 0.7 57 0 2 2
-6.6 -4 0.9 99 0 2 2
-6.6 0.6 0.2 184 0 2 1
-6.6 1.2 0.1 182 0 2 1
-6.6 1.9 0 180 0 2 1
-6.5 -4.7 0.9 194 0 2 2
-6.5 -4.4 1 205 0 2 2
-6.5 -4.3 1 185 0 2 2
-6.5 -4.1 1 156 0 2 2
-6.5 -4 0.7 53 0 2 2
-6.5 -4 0.8 170 0 2 2
-6.5 -4 0.9 56 0 2 2
-6.5 2.5 0 179 0 2 1
-6.5 3.2 -0.1 183 0 2 1
-6.5 3.8 -0.1 183 0 2 1
-6.4 -4.3 1 203 0 2 2
-6.4 -4.2 0.7 185 0 2 2
-6.4 -4.2 1 191 0 2 2
-6.4 -4.1 1 186 0 2 2
-6.4 -4 0.9 177 0 2 2
-6.4 4.5 -0.1 186 0 2 1
-6.3 -4.6 0.8 193 0 2 2
-6.3 -4.5 0.7 189 0 2 2
-6.3 -4.5 0.8 197 0 2 2
-6.3 -4.5 1 199 0 2 2
-6.3 -4.4 0.7 187 0 2 2
-6.3 -4.4 0.9 196 0 2 2
-6.3 -4.4 1 196 0 2 2
-6.3 -4.3 1 189 0 2 2
-6.3 -4.2 1 198 0 2 2
-6.1 -3.9 0.7 188 0 2 1
-6.1 -3.3 0.6 192 0 2 1
-6.1 -2.6 0.5 191 0 2 1
-6.1 -2 0.5 189 0 2 1
-6 -0.7 0.3 193 0 2 1
-6 -0.1 0.2 186 0 2 1
-6 0.6 0.1 185 0 2 1
-5.9 1.2 0.1 184 0 2 1
-5.9 1.9 0 179 0 2 1
-5.9 2.5 -0.1 182 0 2 1
-5.8 2.9 0 166 0 2 2
-5.8 2.9 0.1 170 0 2 2
-5.8 3.1 0.1 166 0 2 2
-5.8 3.8 -0.1 188 0 2 1
-5.7 -1.1 0.4 81 0 2 2
-5.7 2.9 -0.1 181 0 2 2
-5.7 2.9 0.1 152 0 2 2
-5.6 -1.6 0.6 181 0 2 2
-5.6 -1.3 0.6 187 0 2 2
-5.6 -1.1 0.5 155 0 2 2
-5.6 2.8 -0.1 146 0 2 2
-5.6 2.8 0.1 163 0 2 2
-5.6 2.8 0.2 153 0 2 2
-5.6 3.2 0.2 184 0 2 2
-5.5 -3.9 0.6 189 0 2 1
-5.5 -3.3 0.5 188 0 2 1
-5.5 -1.4 0.7 182 0 2 2
-5.5 -1.2 0.6 186 0 2 2
-5.5 -1.1 0.5 138 0 2 2
-5.5 -1.1 0.6 176 0 2 2
-5.5 2.8 0.2 180 0 2 2
-5.5 3 0.2 183 0 2 2
-5.5 3.2 0.2 181 0 2 2
-5.5 3.3 0.2 185 0 1 2
-5.4 -2.6 0.5 191 0 2 1
-5.4 -2 0.4 186 0 2 1
-5.4 -1.6 0.6 203 0 2 2
-5.4 -1.6 0.7 181 0 2 2
-5.4 -1.3 0.6 188 0 2 2
-5.4 -1.1 0.4 53 0 2 2
-5.4 -1.1 0.6 187 0 2 2
-5.4 -0.7 0.3 196 0 2 1
-5.4 2.8 0.2 185 0 2 2
-5.4 2.9 0.2 189 0 2 2
-5.4 3.2 0.2 184 0 2 2
-5.4 3.3 0.2 184 0 2 2
-5.4 3.4 0.2 181 0 2 2
-5.3 -1.6 0.6 192 0 2 2
-5.3 -1.2 0.6 190 0 2 2
-5.3 -1.1 0.3 164 0 2 2
-5.3 -1.1 0.4 115 0 2 2
-5.3 -1.1 0.5 49 0 2 2
-5.3 -1.1 0.6 112 0 2 2
-5.3 -0.1 0.2 189 0 2 1
-5.3 0.6 0.1 187 0 2 1
-5.3 1.2 0 183 0 2 1
-5.3 2.8 0.2 187 0 2 2
-5.3 3.2 0.2 185 0 2 2
-5.3 3.4 0 153 0 2 2
-5.3 3.4 0.1 109 0 2 2
-5.2 -1.6 0.5 205 0 2 2
-5.2 -1.6 0.6 197 0 2 2
-5.2 -1.5 0.5 217 0 2 2
-5.2 -1.5 0.7 198 0 2 2
-5.2 -1.4 0.6 208 0 2 2
-5.2 -1.3 0.6 202 0 2 2
-5.2 -1.2 0.5 173 0 2 2
-5.2 -1.1 0.4 130 0 2 2
-5.2 -1.1 0.6 153 0 2 2
-5.2 1.9 0 185 0 2 1
-5.2 2.5 -0.1 184 0 2 1
-5.2 2.9 0 207 0 2 2
-5.2 2.9 0.1 216 0 2 2
-5.2 2.9 0.2 197 0 2 2
-5.2 3 0 213 0 2 2
-5.2 3 0.2 209 0 2 2
-5.2 3.1 0.2 207 0 2 2
-5.2 3.2 0.2 195 0 2 2
-5.2 3.3 0 111 0 2 2
-5.2 3.3 0.2 168 0 2 2
-5.2 3.4 0.2 171 0 2 2
-5.1 -1.6 0.4 205 0 2 2
-5.1 -1.5 0.3 208 0 2 2
-5.1 -1.5 0.4 214 0 2 2
-5.1 -1.5 0.5 213 0 2 2
-5.1 -1.4 0.5 211 0 2 2
-5.1 -1.3 0.3 200 0 2 2
-5.1 -1.3 0.4 208 0 2 2
-5.1 -1.3 0.5 204 0 2 2
-5.1 -1.2 0.4 198 0 2 2
-5.1 -1.2 0.5 176 0 2 2
-5.1 2.9 0 203 0 2 2
-5.1 3 -0.1 209 0 2 2
-5.1 3.1 0 194 0 2 2
-5.1 3.2 0 189 0 2 2
-5.1 3.2 0.1 197 0 2 2
-5.1 3.3 0 173 0 2 2
-4.8 -3.3 0.5 193 0 2 1
-4.8 -2.6 0.4 188 0 2 1
-4.8 -2 0.4 186 0 2 1
-4.7 -1.3 0.3 183 0 2 1
-4.7 -0.7 0.2 195 0 2 1
-4.7 -0.1 0.1 195 0 2 1
-4.6 0.6 0.1 193 0 2 1
-4.6 1.2 0 188 0 2 1
-4.6 1.9 -0.1 181 0 2 1
-4.5 2.5 -0.1 184 0 2 1
-4.5 3.2 -0.1 187 0 2 1
-4.1 -2.6 0.4 188 0 2 1
-4.1 -2 0.3 187 0 2 1
-4.1 -1.3 0.3 190 0 2 1
-4 -0.7 0.2 190 0 2 1
-4 -0.1 0.1 193 0 2 1
-4 0.6 0 191 0 2 1
-3.9 1.2 0 189 0 2 1
-3.4 -2 0.3 191 0 2 1
