2.8 -1.8 0.2 132 0 2 1
2.8 -1.1 0.2 127 0 2 1
2.8 -0.5 0.3 131 0 2 1
2.8 0.2 0.3 142 0 2 1
2.8 0.8 0.3 143 0 2 1
2.8 1.5 0.4 135 0 2 1
2.8 2.1 0.4 129 0 2 1
2.8 2.8 0.4 128 0 2 1
2.9 -3 0.1 120 0 2 1
2.9 -2.4 0.2 138 0 2 1
3.4 0.8 0.4 149 0 2 1
3.4 1.5 0.4 149 0 2 1
3.4 2.1 0.4 142 0 2 1
3.4 2.8 0.5 131 0 2 1
3.4 3.4 0.5 130 0 2 1
3.5 -3.7 0.1 126 0 2 1
3.5 -3 0.1 124 0 2 1
3.5 -2.4 0.2 123 0 2 1
3.5 -1.8 0.2 131 0 2 1
3.5 -1.1 0.3 126 0 2 1
3.5 -0.5 0.3 130 0 2 1
3.5 0.2 0.4 135 0 2 1
4.1 -2.4 0.2 126 0 2 1
4.1 -1.8 0.3 130 0 2 1
4.1 -1.1 0.3 129 0 2 1
4.1 -0.5 0.4 130 0 2 1
4.1 0.2 0.4 139 0 2 1
4.1 0.8 0.4 150 0 2 1
4.1 1.5 0.5 152 0 2 1
4.1 2.1 0.5 144 0 2 1
4.1 2.8 0.5 136 0 2 1
4.1 3.4 0.5 133 0 2 1
4.1 4.1 0.6 124 0 2 1
4.2 -4.3 0.1 110 0 2 1
4.2 -3.7 0.2 126 0 2 1
4.2 -3 0.2 121 0 2 1
4.4 -1.7 0.4 30 0 2 2
4.4 -1.5 0.4 54 0 2 2
4.4 1.4 0.5 30 0 2 2
4.4 1.5 0.5 53 0 2 2
4.4 1.6 0.5 43 0 2 2
4.5 -1.9 0.3 81 0 2 2
4.5 -1.9 0.4 37 0 2 2
4.5 -1.9 0.6 56 0 2 2
4.5 -1.7 0.6 45 0 2 2
4.5 -1.7 0.7 74 0 2 2
4.5 -1.6 0.6 71 0 2 2
4.5 -1.5 0.6 52 0 2 2
4.5 -1.4 0.5 43 0 2 2
4.5 1.2 0.5 92 0 2 2
4.5 1.2 0.8 97 0 2 2
4.5 1.3 0.8 91 0 2 2
4.5 1.4 0.7 44 0 2 2
4.5 1.4 0.9 124 0 2 2
4.5 1.5 0.8 70 0 2 2
4.5 1.6 0.7 45 0 2 2
4.5 1.6 0.8 79 0 2 2
4.6 -1.7 0.7 98 0 2 2
4.6 -1.4 0.6 78 0 2 2
4.6 -1.3 0.3 50 0 2 2
4.6 -1.3 0.6 23 0 2 2
4.6 1.4 0.9 122 0 2 2
4.6 1.6 0.8 79 0 2 2
4.6 1.7 0.7 26 0 2 2
4.7 -1.9 0.5 48 0 2 2
4.7 -1.8 0.7 105 0 2 2
4.7 -1.7 0.7 123 0 2 2
4.7 -1.3 0.6 120 0 2 2
4.7 -1.3 0.7 108 0 2 2
4.7 -1.2 0.4 49 0 2 2
4.7 -1.2 0.5 66 0 2 2
4.7 0.2 0.5 135 0 2 1
4.7 0.8 0.5 151 0 2 1
4.7 1.1 0.7 41 0 2 2
4.7 1.3 0.9 113 0 2 2
4.7 1.4 0.9 149 0 2 2
4.7 1.8 0.7 68 0 2 2
4.7 1.8 0.8 87 0 2 2
4.7 1.9 0.6 54 0 2 2
4.7 2.1 0.6 148 0 2 1
4.7 2.7 0.6 132 0 2 1
4.7 3.4 0.6 124 0 2 1
4.7 3.4 0.7 48 0 2 2
4.7 3.5 0.6 129 0 2 2
4.7 4 0.6 143 0 2 1
4.7 4.7 0.6 121 0 2 1
4.8 -5 0.2 116 0 2 1
4.8 -4.3 0.2 109 0 2 1
4.8 -3.7 0.2 118 0 2 1
4.8 -3 0.2 114 0 2 1
4.8 -2.4 0.3 129 0 2 1
4.8 -2 0.4 66 0 2 2
4.8 -2 0.6 115 0 2 2
4.8 -1.9 0.7 106 0 2 2
4.8 -1.8 0.7 112 0 2 2
4.8 -1.2 0.4 49 0 2 2
4.8 -1.2 0.7 121 0 2 2
4.8 -1.1 0.4 72 0 2 2
4.8 -0.5 0.4 132 0 2 1
4.8 1 0.5 140 0 2 2
4.8 1.1 0.7 32 0 2 2
4.8 1.2 0.9 129 0 2 2
4.8 1.8 0.8 139 0 2 2
4.8 1.8 0.9 127 0 2 2
4.8 1.9 0.6 85 0 2 2
4.8 2.9 0.6 37 0 2 2
4.8 2.9 0.8 72 0 2 2
4.8 3 0.8 51 0 2 2
4.8 3 0.9 74 0 2 2
4.8 3.1 0.8 56 0 2 2
4.8 3.2 0.8 115 0 2 2
4.8 3.3 0.8 85 0 2 2
4.8 3.4 0.7 92 0 2 2
4.8 3.5 0.7 108 0 2 2
4.9 -2 0.5 49 0 2 2
4.9 -2 0.6 71 0 2 2
4.9 -2 0.7 104 0 2 2
4.9 -1.9 0.7 84 0 2 2
4.9 -1.7 0.7 129 0 2 2
4.9 -1.6 0.7 142 0 2 2
4.9 -1.2 0.5 104 0 2 2
4.9 -1.2 0.6 101 0 2 2
4.9 -1.2 0.7 101 0 2 2
4.9 1 0.6 55 0 2 2
4.9 1.1 0.7 45 0 2 2
4.9 1.1 0.8 132 0 2 2
4.9 1.4 0.9 152 0 2 2
4.9 1.5 0.9 155 0 2 2
4.9 2.8 0.7 48 0 2 2
4.9 2.9 0.9 68 0 2 2
4.9 3.1 0.9 103 0 2 2
4.9 3.2 0.9 101 0 2 2
5 -2.1 0.4 48 0 2 2
5 -2.1 0.5 114 0 2 2
5 -1.2 0.5 93 0 2 2
5 -1.2 0.6 104 0 2 2
5 1 0.5 148 0 2 2
5 1 0.6 103 0 2 2
5 1 0.7 99 0 2 2
5 1.1 0.7 122 0 2 2
5 2.8 0.8 59 0 2 2
5 2.8 0.9 91 0 2 2
5 2.9 0.9 92 0 2 2
5 2.9 1 123 0 2 2
5 3 1 106 0 2 2
5 3.1 0.9 90 0 2 2
5 3.3 0.8 114 0 2 2
5 3.4 0.8 110 0 2 2
5 3.5 0.7 134 0 2 2
5.1 -1.5 0.7 134 0 2 2
5.1 -1.2 0.5 98 0 2 2
5.1 -1.2 0.6 99 0 2 2
5.1 1.4 0.8 153 0 2 2
5.1 1.6 0.9 152 0 2 2
5.1 3 1 119 0 2 2
5.1 3.1 1 109 0 2 2
5.1 3.2 0.9 103 0 2 2
5.1 3.3 0.8 99 0 2 2
5.1 3.4 0.8 108 0 2 2
5.1 3.6 0.8 122 0 2 2
5.2 2.9 0.8 73 0 2 2
5.2 2.9 0.9 130 0 2 2
5.2 3.1 1 131 0 2 2
5.2 3.2 0.9 97 0 2 2
5.2 3.2 1 105 0 2 2
5.2 3.3 0.9 100 0 2 2
5.2 3.4 0.8 116 0 2 2
5.2 3.4 0.9 101 0 2 2
5.2 3.5 0.8 125 0 2 2
5.2 3.6 0.8 112 0 2 2
5.3 -1.3 0.4 99 0 2 2
5.3 -1.2 0.5 116 0 2 2
5.3 2.9 0.9 136 0 2 2
5.3 3 1 137 0 2 2
5.3 3.1 1 132 0 2 2
5.3 3.2 1 126 0 2 2
5.3 3.5 0.8 124 0 2 2
5.3 3.5 0.9 120 0 2 2
5.4 -2.4 0.3 121 0 2 1
5.4 -1.1 0.4 127 0 2 1
5.4 -0.5 0.5 132 0 2 1
5.4 0.1 0.5 144 0 2 1
5.4 0.8 0.6 145 0 2 1
5.4 2.1 0.6 56 0 2 1
5.4 2.7 0.7 136 0 2 1
5.4 2.9 0.7 93 0 2 2
5.4 2.9 0.8 111 0 2 2
5.4 3 0.9 152 0 2 2
5.4 3.2 1 131 0 2 2
5.4 3.3 0.9 113 0 2 2
5.4 3.4 0.9 122 0 2 2
5.4 3.5 0.9 101 0 2 2
5.4 4 0.7 132 0 2 1
5.4 4.7 0.7 120 0 2 1
5.4 5.4 0.7 133 0 2 1
5.5 -5.6 0.2 125 0 2 1
5.5 -5 0.2 107 0 2 1
5.5 -4.3 0.2 109 0 2 1
5.5 -3.7 0.2 122 0 2 1
5.5 -3.1 0.3 120 0 2 1
5.9 5.1 0.7 103 0 2 2
5.9 5.1 0.8 40 0 2 2
5.9 5.1 0.9 75 0 2 2
5.9 5.3 0.8 45 0 2 2
5.9 5.5 0.8 122 0 2 2
5.9 5.5 0.9 123 0 2 2
5.9 5.6 0.7 119 0 2 2
6 0.1 0.6 128 0 2 1
6 0.8 0.6 143 0 2 1
6 1.4 0.7 151 0 2 1
6 2.1 0.7 149 0 2 1
6 2.7 0.7 146 0 2 1
6 4 0.7 119 0 2 1
6 4.7 0.7 135 0 2 2
6 4.8 0.7 33 0 2 2
6 4.8 0.8 51 0 2 2
6 5.2 0.9 65 0 2 2
6 5.3 0.9 65 0 2 2
6 5.3 1 31 0 2 2
6 5.3 1.1 108 0 2 2
6 5.4 1 76 0 2 2
6 5.4 1.1 62 0 2 2
6 5.5 0.9 50 0 2 2
6 5.5 1 80 0 2 2
6 6 0.7 127 0 2 1
6.1 -6.2 0.2 123 0 2 1
6.1 -5.6 0.2 129 0 2 1
6.1 -5 0.2 117 0 2 1
6.1 -4.3 0.3 110 0 2 1
6.1 -3.7 0.3 123 0 2 1
6.1 -3.1 0.3 130 0 2 1
6.1 -2.4 0.4 121 0 2 1
6.1 -1.1 0.5 112 0 2 1
6.1 -0.5 0.5 124 0 2 1
6.1 4.7 0.8 61 0 2 2
6.1 4.8 0.8 72 0 2 2
6.1 4.8 0.9 98 0 2 2
6.1 5 0.9 111 0 2 2
6.1 5.1 1.1 138 0 2 2
6.1 5.3 1.1 119 0 2 2
6.1 5.4 1.1 124 0 2 2
6.1 5.5 1 88 0 2 2
6.1 5.5 1.1 119 0 2 2
6.1 5.6 1 98 0 2 2
6.2 4.8 0.9 56 0 2 2
6.2 4.9 0.9 128 0 2 2
6.2 4.9 1 94 0 2 2
6.2 5 1 60 0 2 2
6.2 5.1 1.1 134 0 2 2
6.2 5.2 1.1 115 0 2 2
6.2 5.3 1.1 120 0 2 2
6.2 5.5 1.1 123 0 2 2
6.3 4.8 0.9 123 0 2 2
6.3 5 1 135 0 2 2
6.3 5.1 1 130 0 2 2
6.3 5.2 1.1 131 0 2 2
6.3 5.4 1.1 134 0 2 2
6.4 4.8 0.8 115 0 2 2
6.4 4.8 0.9 107 0 2 2
6.4 5 0.9 134 0 2 2
6.4 5.1 1 140 0 2 2
6.4 5.2 1 131 0 2 2
6.4 5.3 1.1 126 0 2 2
6.4 5.4 1.1 131 0 2 2
6.4 5.5 1.1 129 0 2 2
6.5 4.9 0.8 107 0 2 2
6.5 5.3 1 117 0 2 2
6.5 5.4 1.1 128 0 2 2
6.6 2.7 0.8 139 0 2 1
6.6 3.4 0.8 142 0 2 1
6.6 4 0.8 141 0 2 1
6.6 4.7 0.7 122 0 2 1
6.6 4.9 0.8 133 0 2 2
6.6 5.1 0.9 138 0 2 2
6.6 5.3 0.9 94 0 2 2
6.6 5.3 1 128 0 2 2
6.7 -2.4 0.4 114 0 2 1
6.7 -1.8 0.5 109 0 2 1
6.7 -1.1 0.5 108 0 2 1
6.7 -0.5 0.6 111 0 2 1
6.7 0.1 0.6 123 0 2 1
6.7 0.8 0.7 133 0 2 1
6.7 1.4 0.7 141 0 2 1
6.7 2.1 0.7 141 0 2 1
6.7 5 0.8 124 0 2 2
6.7 5.1 0.8 137 0 2 2
6.7 5.1 0.9 133 0 2 2
6.7 5.2 0.9 129 0 2 2
6.7 5.3 0.9 130 0 2 2
6.7 6.7 0.7 130 0 2 1
6.8 -6.9 0.2 124 0 2 1
6.8 -6.2 0.2 126 0 2 1
6.8 -5.6 0.2 122 0 2 1
6.8 -5 0.3 124 0 2 1
6.8 -4.3 0.3 112 0 2 1
6.8 -3.7 0.3 123 0 2 1
6.8 -3.1 0.4 122 0 2 1
6.8 5 0.7 94 0 2 2
7.3 -0.5 0.6 133 0 2 1
7.3 0.1 0.7 115 0 2 1
7.3 0.8 0.7 138 0 2 1
7.3 1.4 0.8 146 0 2 1
7.3 2.1 0.8 147 0 2 1
7.3 2.7 0.8 145 0 2 1
7.3 3.4 0.8 141 0 2 1
7.3 4 0.8 135 0 2 1
7.3 4.7 0.8 126 0 2 1
7.3 5.3 0.8 132 0 2 1
7.3 7.3 0.6 98 0 2 1
7.4 -5.6 0.3 124 0 2 1
7.4 -5 0.3 121 0 2 1
7.4 -4.3 0.3 117 0 2 1
7.4 -3.7 0.4 125 0 2 1
7.4 -3 0.4 126 0 2 1
7.4 -2.4 0.4 119 0 2 1
7.4 -1.8 0.5 109 0 2 1
7.4 -1.1 0.6 134 0 2 1
7.5 -7.5 0.3 115 0 2 1
7.5 -6.9 0.3 115 0 2 1
7.5 -6.2 0.3 121 0 2 1
7.9 2.7 0.8 153 0 2 1
7.9 3.4 0.9 149 0 2 1
7.9 4 0.8 141 0 2 1
7.9 4.7 0.8 128 0 2 1
8 -2.4 0.5 126 0 2 1
8 -1.8 0.5 141 0 2 1
8 -1.1 0.6 137 0 2 1
8 -0.5 0.6 102 0 2 1
8 0.1 0.7 136 0 2 1
8 0.8 0.8 137 0 2 1
8 1.4 0.8 145 0 2 1
8 2.1 0.8 155 0 2 1
8 5.3 0.8 126 0 2 1
8 6 0.7 123 0 2 1
8 8 0.6 109 0 2 1
8.1 -8.2 0.3 99 0 2 1
8.1 -7.5 0.3 116 0 2 1
8.1 -6.9 0.3 104 0 2 1
8.1 -6.2 0.3 125 0 2 1
8.1 -5.6 0.3 123 0 2 1
8.1 -4.9 0.3 125 0 2 1
8.1 -4.3 0.3 122 0 2 1
8.1 -3.7 0.4 131 0 2 1
8.1 -3 0.4 136 0 2 1
8.6 0.1 0.7 129 0 2 1
8.6 0.8 0.8 140 0 2 1
8.6 1.4 0.8 153 0 2 1
8.6 2.1 0.9 160 0 2 1
8.6 2.7 0.9 158 0 2 1
8.6 3.4 0.9 153 0 2 1
8.6 4 0.9 149 0 2 1
8.6 4.7 0.8 132 0 2 1
8.6 5.3 0.8 119 0 2 1
8.6 6 0.7 123 0 2 1
8.6 6.7 0.7 101 0 2 1
8.7 -4.9 0.3 123 0 2 1
8.7 -4.3 0.4 119 0 2 1
8.7 -3.7 0.4 125 0 2 1
8.7 -3 0.5 128 0 2 1
8.7 -2.4 0.5 118 0 2 1
8.7 -1.8 0.6 122 0 2 1
8.7 -1.1 0.6 85 0 2 1
8.7 -0.5 0.7 111 0 2 1
8.7 8 0.6 105 0 2 1
8.7 8.7 0.5 99 0 2 1
8.8 -8.8 0.3 129 0 2 1
8.8 -8.2 0.3 135 0 2 1
8.8 -7.5 0.3 116 0 2 1
8.8 -6.9 0.3 110 0 2 1
8.8 -6.2 0.3 127 0 2 1
8.8 -5.6 0.3 124 0 2 1
8.8 1 0.8 47 0 2 2
8.8 1.1 0.8 87 0 2 2
8.8 1.1 0.9 37 0 2 2
8.8 1.1 1 59 0 2 2
8.8 1.2 0.9 53 0 2 2
8.8 1.4 0.8 154 0 2 2
8.9 1 0.8 62 0 2 2
8.9 1.1 1 69 0 2 2
8.9 1.2 1.1 91 0 2 2
8.9 1.4 1 77 0 2 2
8.9 1.5 0.9 64 0 2 2
9 1 1 48 0 2 2
9 1 1.1 86 0 2 2
9 1.2 1.1 100 0 2 2
9 1.4 1.1 72 0 2 2
9 1.5 1 81 0 2 2
9.1 1 1 46 0 2 2
9.1 1 1.1 83 0 2 2
9.1 1.3 1.2 140 0 2 2
9.1 1.4 1.2 93 0 2 2
9.1 1.5 1.1 121 0 2 2
9.1 1.5 1.2 86 0 2 2
9.2 0.9 1 52 0 2 2
9.2 1 1.1 48 0 2 2
9.3 -1.8 0.6 122 0 2 1
9.3 -1.1 0.6 142 0 2 1
9.3 -0.5 0.7 125 0 2 1
9.3 0.1 0.8 134 0 2 1
9.3 0.8 0.8 146 0 2 1
9.3 0.9 0.8 115 0 2 2
9.3 0.9 0.9 92 0 2 2
9.3 0.9 1.2 81 0 2 2
9.3 1 1.2 88 0 2 2
9.3 1.3 1.2 146 0 2 2
9.3 1.4 1.2 117 0 2 2
9.3 1.7 1.1 84 0 2 2
9.3 1.8 0.9 139 0 2 2
9.3 1.8 1 121 0 2 2
9.3 2.1 0.9 156 0 2 1
9.3 2.7 0.9 158 0 2 1
9.3 3.4 0.9 159 0 2 1
9.3 4 0.9 141 0 2 1
9.3 4.7 0.8 126 0 2 1
9.3 5.3 0.8 130 0 2 1
9.3 6 0.8 122 0 2 1
9.3 6.7 0.7 111 0 2 1
9.3 7.3 0.6 106 0 2 1
9.3 8.7 0.5 104 0 2 1
9.3 9.3 0.4 97 0 2 1
9.4 -9.5 0.3 123 0 2 1
9.4 -8.8 0.3 125 0 2 1
9.4 -8.2 0.3 122 0 2 1
9.4 -7.5 0.3 125 0 2 1
9.4 -6.9 0.3 102 0 2 1
9.4 -6.2 0.3 111 0 2 1
9.4 -5.6 0.3 106 0 2 1
9.4 -4.9 0.3 118 0 2 1
9.4 -4.3 0.4 120 0 2 1
9.4 -3.7 0.4 135 0 2 1
9.4 -3 0.5 127 0 2 1
9.4 -2.4 0.5 125 0 2 1
9.4 0.9 0.9 118 0 2 2
9.4 0.9 1 55 0 2 2
9.4 1.5 1.2 117 0 2 2
9.4 1.6 1.2 76 0 2 2
9.4 1.7 1.1 82 0 2 2
9.4 1.7 1.2 93 0 2 2
9.5 0.9 0.9 47 0 2 2
9.7 1.3 1.2 116 0 2 2
9.9 0.8 0.8 163 0 2 1
9.9 2.1 0.9 158 0 2 1
9.9 2.7 0.9 168 0 2 1
9.9 3.4 0.9 161 0 2 1
9.9 4 0.9 129 0 2 1
9.9 4.7 0.8 142 0 2 1
9.9 5.4 0.8 138 0 2 1
9.9 6 0.7 140 0 2 1
9.9 6.7 0.7 125 0 2 1
10 -4.3 0.4 109 0 2 1
10 -3.7 0.4 119 0 2 1
10 -3 0.5 119 0 2 1
10 -2.4 0.5 126 0 2 1
10 -1.8 0.6 129 0 2 1
10 -1.1 0.6 129 0 2 1
10 -0.5 0.7 129 0 2 1
10 0.2 0.8 149 0 2 1
10 7.3 0.6 126 0 2 1
10 8 0.5 113 0 2 1
10 9.3 0.4 119 0 2 1
10 10 0.3 109 0 2 1
10.1 -10.1 0.3 135 0 2 1
10.1 -9.5 0.3 122 0 2 1
10.1 -8.8 0.3 101 0 2 1
10.1 -8.2 0.3 108 0 2 1
10.1 -7.5 0.3 123 0 2 1
10.1 -6.9 0.3 148 0 2 1
10.1 -6.2 0.3 108 0 2 1
10.1 -5.6 0.3 93 0 2 1
10.1 -4.9 0.3 93 0 2 1
10.6 -1.1 0.6 128 0 2 1
10.6 -0.5 0.7 130 0 2 1
10.6 0.2 0.8 144 0 2 1
10.6 0.8 0.8 153 0 2 1
10.6 2.1 0.9 161 0 2 1
10.6 2.8 0.9 166 0 2 1
10.6 3.4 0.9 148 0 2 1
10.6 4.1 0.9 142 0 2 1
10.6 4.7 0.8 149 0 2 1
10.6 5.4 0.8 154 0 2 1
10.6 6 0.7 143 0 2 1
10.6 6.7 0.7 142 0 2 1
10.6 7.4 0.6 136 0 2 1
10.6 8 0.5 123 0 2 1
10.7 -10.8 0.3 128 0 2 1
10.7 -10.1 0.3 133 0 2 1
10.7 -9.5 0.3 94 0 2 1
10.7 -8.8 0.3 108 0 2 1
10.7 -8.2 0.3 121 0 2 1
10.7 -7.5 0.3 134 0 2 1
10.7 -6.9 0.3 136 0 2 1
10.7 -6.2 0.3 82 0 2 1
10.7 -5.6 0.3 57 0 2 1
10.7 -4.9 0.3 63 0 2 1
10.7 -4.3 0.4 72 0 2 1
10.7 -3.7 0.4 87 0 2 1
10.7 -3 0.5 97 0 2 1
10.7 -2.4 0.5 108 0 2 1
10.7 -1.8 0.6 132 0 2 1
10.7 8.7 0.5 111 0 2 1
10.7 10 0.3 104 0 2 1
10.7 10.7 0.3 115 0 2 1
11.2 2.8 0.9 159 0 2 1
11.2 3.4 0.9 149 0 2 1
11.2 4.1 0.8 154 0 2 1
11.2 4.7 0.8 147 0 2 1
11.3 -3 0.5 65 0 2 1
11.3 -2.4 0.5 75 0 2 1
11.3 -1.7 0.6 106 0 2 1
11.3 -1.1 0.6 135 0 2 1
11.3 -0.5 0.7 140 0 2 1
11.3 0.2 0.8 148 0 2 1
11.3 0.8 0.8 161 0 2 1
11.3 5.4 0.8 145 0 2 1
11.3 6 0.7 108 0 2 1
11.3 6.7 0.6 146 0 2 1
11.3 7.4 0.6 133 0 2 1
11.3 8 0.5 132 0 2 1
11.3 8.7 0.4 116 0 2 1
11.4 -11.4 0.3 134 0 2 1
11.4 -10.8 0.3 129 0 2 1
11.4 -10.1 0.3 126 0 2 1
11.4 -9.5 0.3 111 0 2 1
11.4 -8.8 0.3 118 0 2 1
11.4 -8.2 0.2 124 0 2 1
11.4 -7.5 0.2 129 0 2 1
11.4 -6.9 0.2 125 0 2 1
11.4 -6.2 0.3 49 0 2 1
11.4 -5.6 0.3 50 0 2 1
11.4 -4.9 0.3 59 0 2 1
11.4 -4.3 0.4 62 0 2 1
11.4 -3.7 0.4 62 0 2 1
11.4 -3.1 0.8 37 0 2 3
11.4 10.7 0.2 122 0 2 1
11.4 11.4 0.2 127 0 2 1
11.6 -6.4 0.9 43 0 2 3
11.6 -3.7 0.5 50 0 2 3
11.7 -6.7 0.7 49 0 2 3
11.7 -6.4 1.8 35 0 2 3
11.7 -3.2 2.1 40 0 2 3
11.7 -1.1 1 49 0 2 3
11.8 -6.8 0.7 50 0 2 3
11.8 -6.6 1.8 43 0 2 3
11.8 -6.5 1.8 40 0 2 3
11.8 -6.3 2.2 51 0 2 3
11.8 -5.5 1.1 47 0 2 3
11.8 -4.5 0.5 30 0 2 3
11.8 -2.3 1.9 40 0 2 3
11.8 -1.4 1.6 42 0 2 3
11.9 -6.3 2.1 53 0 2 3
11.9 -6.1 2.5 63 0 2 3
11.9 -3.8 1.9 33 0 2 3
11.9 -1.3 2 41 0 2 3
11.9 -1 1.3 44 0 2 3
11.9 -0.5 0.7 136 0 2 1
11.9 0.2 0.7 143 0 2 1
11.9 0.8 0.8 154 0 2 1
11.9 2.8 0.8 162 0 2 1
11.9 3.4 0.8 152 0 2 1
11.9 4.1 0.8 146 0 2 1
11.9 4.7 0.8 132 0 2 1
11.9 5.4 0.7 75 0 2 1
11.9 6.1 0.7 136 0 2 1
11.9 6.7 0.6 85 0 2 1
11.9 6.7 1 54 0 2 3
12 -10.8 0.2 127 0 2 1
12 -10.1 0.2 128 0 2 1
12 -9.5 0.2 122 0 2 1
12 -8.8 0.2 118 0 2 1
12 -5.6 2.2 51 0 2 3
12 -4.6 1.3 27 0 2 3
12 -4.6 1.5 35 0 2 3
12 -4.4 1.6 34 0 2 3
12 -3.4 3.4 119 0 2 3
12 5.8 0.8 30 0 2 3
12 6.8 0.9 42 0 2 3
12 7.4 0.5 131 0 2 1
12 8 0.5 134 0 2 1
12 8.7 0.4 122 0 2 1
12 9.4 0.3 112 0 2 1
12 11.4 0.2 134 0 2 1
12 12 0.1 135 0 2 1
12.1 -12.1 0.2 133 0 2 1
12.1 -11.5 0.2 131 0 2 1
12.1 -8.2 0.2 129 0 2 1
12.1 -7.5 0.2 135 0 2 1
12.1 -5.5 2.7 61 0 2 3
12.1 -5.4 2.6 49 0 2 3
12.1 -3.8 3.4 33 0 2 3
12.1 -3.6 3.5 111 0 2 3
12.1 -2.4 3.2 68 0 2 3
12.1 -1.5 3 60 0 2 3
12.1 -1.2 2.3 33 0 2 3
12.1 -1 1.6 61 0 2 3
12.1 4.7 0.9 35 0 2 3
12.2 -7.2 0.8 48 0 2 3
12.2 -6.7 2 48 0 2 3
12.2 -4.9 2.7 141 0 2 3
12.2 -4.8 2.6 57 0 2 3
12.2 -3.9 3.2 33 0 2 3
12.2 -3.7 3.5 87 0 2 3
12.2 -2.3 3.3 159 0 2 3
12.2 -1.1 2.4 39 0 2 3
12.3 -7.3 0.5 64 0 2 3
12.3 -6.9 1.8 42 0 2 3
12.3 -6.5 2.4 64 0 2 3
12.3 -5 2.8 68 0 2 3
12.3 -4.6 2.8 42 0 2 3
12.3 -4.4 3.1 34 0 2 3
12.3 -4.3 3.2 34 0 2 3
12.3 -4.2 3.4 39 0 2 3
12.3 -4 3.5 43 0 2 3
12.3 -1.4 3.1 99 0 2 3
12.3 5.9 2 46 0 2 3
12.3 6.5 2.5 84 0 2 3
12.3 6.6 2.2 36 0 2 3
12.3 6.7 2.1 42 0 2 3
12.4 -7.4 0.4 128 0 2 3
12.4 -5 2.9 105 0 2 3
12.4 -4.8 2.7 100 0 2 3
12.4 -4.7 3 42 0 2 3
12.4 -4.6 3.1 48 0 2 3
12.4 -4.4 3.8 76 0 2 3
12.4 -1.3 3.2 68 0 2 3
12.4 4.9 2.3 72 0 2 3
12.4 5.5 2.6 81 0 2 3
12.4 6.7 2.4 54 0 2 3
12.5 -4.6 3.7 53 0 2 3
12.5 -3.2 3.6 141 0 2 3
12.5 5.8 2.8 86 0 2 3
12.5 5.9 2.8 73 0 2 3
12.5 7 1.7 49 0 2 3
12.6 -6.9 2.3 61 0 2 3
12.6 -5 3.4 47 0 2 3
12.6 -5 4 67 0 2 3
12.6 -4.9 2.9 95 0 2 3
12.6 -4.6 3.9 117 0 2 3
12.6 -3.4 3.7 130 0 2 3
12.6 -0.4 0.6 88 0 2 1
12.6 0.2 0.7 144 0 2 1
12.6 0.9 0.7 153 0 2 1
12.6 2.8 0.8 152 0 2 1
12.6 3.4 0.8 134 0 2 1
12.6 4.1 0.7 141 0 2 1
12.6 8 0.4 141 0 2 1
12.6 8.7 0.4 137 0 2 1
12.7 -12.8 0.2 138 0 2 1
12.7 -12.1 0.2 131 0 2 1
12.7 -11.5 0.2 127 0 2 1
12.7 -10.8 0.2 126 0 2 1
12.7 -10.1 0.2 128 0 2 1
12.7 -9.5 0.2 109 0 2 1
12.7 -8.8 0.2 128 0 2 1
12.7 -8.2 0.2 136 0 2 1
12.7 -7.3 1.9 60 0 2 3
12.7 -7.1 2.1 58 0 2 3
12.7 -5.3 3.5 41 0 2 3
12.7 -5.2 2.9 39 0 2 3
12.7 5.7 2.8 144 0 2 3
12.7 7 2.4 60 0 2 3
12.7 9.4 0.3 117 0 2 1
12.7 10 0.2 113 0 2 1
12.7 12 0.1 134 0 2 1
12.7 12.7 0 132 0 2 1
12.8 -7.4 1.7 58 0 2 3
12.8 -5.7 2.8 50 0 2 3
12.8 -5.6 3 41 0 2 3
12.8 -5.2 4.2 65 0 2 3
12.8 -4.6 4 125 0 2 3
12.8 -2.1 3.5 167 0 2 3
12.8 -0.4 0.8 67 0 2 3
12.8 -0.4 1.1 55 0 2 3
12.9 -7.5 1.4 60 0 2 3
12.9 -5.5 3.7 47 0 2 3
12.9 -0.4 1.5 56 0 2 3
12.9 5.6 2.9 139 0 2 3
12.9 7.8 0.7 68 0 2 3
13 -5.8 2.8 53 0 2 3
13 -5.4 4.3 76 0 2 3
13 -3 3.8 145 0 2 3
13 -1.1 3.4 156 0 2 3
13 -0.7 2.5 45 0 2 3
13 4.5 1.6 41 0 2 3
13.1 -7.2 2.2 51 0 2 3
13.1 -5.7 3.4 49 0 2 3
13.1 -4 4 131 0 2 3
13.1 7.5 2.1 33 0 2 3
13.1 7.9 1 62 0 2 3
13.2 -7.4 2 39 0 2 3
13.2 -5.6 4.1 62 0 2 3
13.2 -5.4 4.4 98 0 2 3
13.2 -0.9 3.2 61 0 2 3
13.2 2.8 0.7 163 0 2 1
13.2 3.5 0.7 155 0 2 1
13.2 4.1 0.7 106 0 2 1
13.2 5.3 2.8 154 0 2 3
13.2 5.7 2.9 126 0 2 3
13.3 -6 3.2 51 0 2 3
13.3 -5.4 4.5 116 0 2 3
13.3 -1.9 3.7 171 0 2 3
13.3 0.2 0.7 139 0 2 1
13.3 0.9 0.7 142 0 2 1
13.3 6.8 2.8 99 0 2 3
13.3 7.6 2.5 94 0 2 3
13.3 8 1.2 59 0 2 3
13.3 8.1 0.4 143 0 2 1
13.3 8.7 0.3 141 0 2 1
13.3 9.4 0.3 125 0 2 1
13.3 10.1 0.2 118 0 2 1
13.3 10.7 0.1 122 0 2 1
13.4 -13.4 0.1 136 0 2 1
13.4 -12.8 0.1 140 0 2 1
13.4 -12.1 0.2 131 0 2 1
13.4 -11.5 0.2 126 0 2 1
13.4 -10.8 0.2 128 0 2 1
13.4 -10.2 0.2 127 0 2 1
13.4 -9.5 0.2 125 0 2 1
13.4 -8.8 0.2 128 0 2 1
13.4 -8.2 0.2 138 0 2 1
13.4 -6 3.2 62 0 2 3
13.4 -5.8 3.9 66 0 2 3
13.4 6.8 2.8 104 0 2 3
13.4 7.9 1.8 68 0 2 3
13.4 8 1.5 63 0 2 3
13.4 12.1 0.1 130 0 2 1
13.4 12.7 0 137 0 2 1
13.4 13.4 0 134 0 2 1
13.5 -3.7 4.2 123 0 2 3
13.5 5.7 2.9 161 0 2 3
13.5 7.9 2.2 61 0 2 3
13.6 -4.8 4.5 88 0 2 3
13.6 -3.4 4.2 135 0 2 3
13.6 -1.9 3.8 168 0 2 3
13.6 -0.8 3.6 126 0 2 3
13.6 6.7 2.8 90 0 2 3
13.6 7.8 2.5 88 0 2 3
13.7 7.8 2.6 94 0 2 3
13.8 -2.2 4 166 0 2 3
13.8 -0.6 3.4 113 0 2 3
13.8 0.2 1.3 68 0 2 3
13.8 0.3 0.9 59 0 2 3
13.8 4.2 2.1 31 0 2 3
13.8 5.8 2.9 102 0 2 3
13.8 6.8 2.8 85 0 2 3
13.9 -4.3 4.5 102 0 2 3
13.9 -2.8 4.2 155 0 2 3
13.9 -0.8 3.7 129 0 2 3
13.9 -0.5 3.3 79 0 2 3
13.9 -0.1 2.3 70 0 2 3
13.9 0.9 0.6 138 0 2 1
13.9 2.8 0.7 166 0 2 1
13.9 3.8 0.8 37 0 2 3
13.9 4.7 2.8 102 0 2 3
13.9 4.8 2.8 119 0 2 3
13.9 7.9 2.6 88 0 2 3
14 -14.1 0.1 120 0 2 1
14 -13.5 0.1 123 0 2 1
14 -12.8 0.1 126 0 2 1
14 -12.1 0.1 130 0 2 1
14 -11.5 0.1 129 0 2 1
14 -10.8 0.1 127 0 2 1
14 -10.2 0.1 126 0 2 1
14 -9.5 0.1 129 0 2 1
14 -8.9 0.1 140 0 2 1
14 -4 4.5 106 0 2 3
14 -0.8 3.7 154 0 2 3
14 4.2 2.5 77 0 2 3
14 4.3 2.6 86 0 2 3
14 4.5 2.7 84 0 2 3
14 5.6 2.9 152 0 2 3
14 7.9 2.7 76 0 2 3
14 8.7 0.3 143 0 2 1
14 10.1 0.2 118 0 2 1
14 10.7 0.1 127 0 2 1
14 11.4 0.1 134 0 2 1
14 12.7 0 135 0 2 1
14 13.4 0 134 0 2 1
14 14 0 133 0 2 1
14.1 -3.7 4.5 91 0 2 3
14.1 -0.8 3.8 82 0 2 3
14.1 3.8 1.4 53 0 2 3
14.1 4.2 2.5 57 0 2 3
14.1 7.8 2.7 93 0 2 3
14.2 -0.7 3.5 119 0 2 3
14.2 4 2.1 46 0 2 3
14.2 5.1 2.9 172 0 2 3
14.2 5.9 2.9 123 0 2 3
14.2 7.8 2.8 105 0 2 3
14.3 -1.1 4 165 0 2 3
14.3 3.9 2.1 33 0 2 3
14.3 3.9 2.3 54 0 2 3
14.3 4 2.4 59 0 2 3
14.3 5.7 2.9 141 0 2 3
14.4 -0.8 3.8 120 0 2 3
14.4 3.9 2.1 46 0 2 3
14.4 3.9 2.3 66 0 2 3
14.5 -3.1 4.6 119 0 2 3
14.5 -1.4 4.1 157 0 2 3
14.5 3.8 2 69 0 2 3
14.5 5.5 2.9 158 0 2 3
14.6 -1.9 4.3 177 0 2 3
14.6 0.9 0.6 133 0 2 1
14.6 2.8 0.6 167 0 2 1
14.6 3.7 1.7 67 0 2 3
14.6 3.7 1.9 67 0 2 3
14.7 -14.8 0 106 0 2 1
14.7 -14.1 0 119 0 2 1
14.7 -13.5 0.1 123 0 2 1
14.7 -12.8 0.1 122 0 2 1
14.7 -12.1 0.1 133 0 2 1
14.7 -11.5 0.1 130 0 2 1
14.7 -10.8 0.1 123 0 2 1
14.7 -10.2 0.1 123 0 2 1
14.7 -9.5 0.1 129 0 2 1
14.7 -8.9 0.1 133 0 2 1
14.7 3.5 1.3 50 0 2 3
14.7 3.6 1.5 63 0 2 3
14.7 3.6 1.6 54 0 2 3
14.7 10.1 0.1 122 0 2 1
14.7 10.7 0.1 135 0 2 1
14.7 11.4 0 139 0 2 1
14.7 12.1 0 135 0 2 1
14.7 13.4 0 135 0 2 1
14.7 14 0 131 0 2 1
14.7 14.7 0 128 0 2 1
14.8 -2.5 4.6 155 0 2 3
14.8 3.4 0.8 63 0 2 3
14.8 3.4 0.9 57 0 2 3
14.8 3.4 1 55 0 2 3
14.8 3.4 1.1 53 0 2 3
14.8 3.5 1.2 32 0 2 3
14.8 3.6 1.4 43 0 2 3
14.8 3.6 1.5 55 0 2 3
14.9 -1.8 4.3 100 0 2 3
14.9 3.4 0.6 67 0 2 3
15 -2.4 4.6 141 0 2 3
15.2 -2.2 4.6 119 0 2 3
15.3 -12.8 0 128 0 2 1
15.3 -12.2 0 142 0 2 1
15.3 -11.5 0.1 131 0 2 1
15.3 -10.8 0.1 125 0 2 1
15.3 -10.2 0.1 126 0 2 1
15.3 -9.5 0.1 131 0 2 1
15.3 0.9 0.5 127 0 2 1
15.3 10.1 0.1 126 0 2 1
15.3 10.7 0 132 0 2 1
15.3 11.4 0 144 0 2 1
15.3 12.1 0 135 0 2 1
15.4 -15.5 0 102 0 2 1
15.4 -14.8 0 87 0 2 1
15.4 -14.1 0 121 0 2 1
15.4 -13.5 0 128 0 2 1
15.4 12.7 0 139 0 2 1
15.4 13.4 0 129 0 2 1
15.4 14 0 129 0 2 1
15.4 14.7 0 128 0 2 1
15.4 15.4 0 111 0 2 1
15.9 1.6 0.4 156 0 2 1
16 -16.1 0 101 0 2 1
16 -15.5 0 104 0 2 1
16 -14.8 0 87 0 2 1
16 -14.1 0 114 0 2 1
16 -13.5 0 128 0 2 1
16 -12.8 0 137 0 2 1
16 -12.2 0 143 0 2 1
16 -11.5 0 119 0 2 1
16 -10.8 0 125 0 2 1
16 -10.2 0 126 0 2 1
16 -9.5 0 145 0 2 1
16 10.1 0 132 0 2 1
16 10.8 0 136 0 2 1
16 11.4 0 133 0 2 1
16 12.1 0 136 0 2 1
16 12.7 0 123 0 2 1
16 13.4 0 128 0 2 1
16 14 0 119 0 2 1
16 14.7 0 118 0 2 1
16 15.4 0 115 0 2 1
16 16 0 122 0 2 1
16.6 1.6 0.4 157 0 2 1
16.7 -16.8 0 97 0 2 1
16.7 -16.1 0 110 0 2 1
16.7 -15.5 0 106 0 2 1
16.7 -14.8 0 107 0 2 1
16.7 -14.1 0 122 0 2 1
16.7 -13.5 0 130 0 2 1
16.7 -12.8 0 131 0 2 1
16.7 -12.2 0 126 0 2 1
16.7 -11.5 0 122 0 2 1
16.7 -10.9 0 126 0 2 1
16.7 -10.2 0 128 0 2 1
16.7 10.8 0 132 0 2 1
16.7 11.4 0 129 0 2 1
16.7 12.1 0 126 0 2 1
16.7 12.7 0 118 0 2 1
16.7 13.4 0 117 0 2 1
16.7 14 0 115 0 2 1
16.7 14.7 0 121 0 2 1
16.7 15.4 0 113 0 2 1
16.7 16 0 117 0 2 1
16.7 16.7 0 117 0 2 1
17.3 -17.4 0 95 0 2 1
17.3 -16.8 0 99 0 2 1
17.3 -16.1 0 108 0 2 1
17.3 -15.5 0 108 0 2 1
17.3 -14.8 0 117 0 2 1
17.3 -14.1 0 129 0 2 1
17.3 -13.5 0 132 0 2 1
17.3 -12.8 0 132 0 2 1
17.3 -12.2 0 132 0 2 1
17.3 -11.5 0 137 0 2 1
17.3 -10.9 0 131 0 2 1
17.3 10.8 0 132 0 2 1
17.3 11.4 0 119 0 2 1
17.3 12.1 0 121 0 2 1
17.3 12.7 0 119 0 2 1
17.3 13.4 0 115 0 2 1
17.3 14 0 115 0 2 1
17.3 14.7 0 120 0 2 1
17.3 15.4 0 120 0 2 1
17.3 16 0 114 0 2 1
17.3 16.7 0 120 0 2 1
17.3 17.3 0 124 0 2 1
18 -18.1 0 131 0 2 1
18 -17.4 0 118 0 2 1
18 -16.8 0 102 0 2 1
18 -16.1 0 112 0 2 1
18 -15.5 0 126 0 2 1
18 -14.8 0 125 0 2 1
18 -14.1 0 130 0 2 1
18 -13.5 0 140 0 2 1
18 -12.8 0 145 0 2 1
18 -12.2 0 145 0 2 1
18 -11.5 0 149 0 2 1
18 -10.9 0 144 0 2 1
18 11.4 0 122 0 2 1
18 12.1 0 123 0 2 1
18 12.7 0 117 0 2 1
18 13.4 0 117 0 2 1
18 14 0 119 0 2 1
18 14.7 0 115 0 2 1
18 15.4 0 114 0 2 1
18 16 0 110 0 2 1
18 16.7 0 122 0 2 1
18 17.3 0 131 0 2 1
18 18 0 122 0 2 1
18.6 -18.7 0 142 0 2 1
18.6 -18.1 0 128 0 2 1
18.6 -17.4 0 132 0 2 1
18.6 -16.8 0 119 0 2 1
18.6 -16.1 0 117 0 2 1
18.6 -15.5 0 121 0 2 1
18.6 -14.8 0 122 0 2 1
18.6 -14.1 0 135 0 2 1
18.6 -13.5 0 142 0 2 1
18.6 -12.8 0 151 0 2 1
18.6 -12.2 0 152 0 2 1
18.6 -11.5 0 143 0 2 1
18.6 11.4 0 117 0 2 1
18.6 12.1 0 120 0 2 1
18.6 12.7 0 119 0 2 1
18.6 13.4 0 124 0 2 1
18.6 14 0 116 0 2 1
18.6 14.7 0 113 0 2 1
18.6 15.4 0 111 0 2 1
18.6 16 0 105 0 2 1
18.6 16.7 0 116 0 2 1
18.6 17.3 0 117 0 2 1
18.6 18 0 119 0 2 1
18.6 18.6 0 121 0 2 1
19.3 -19.4 0 139 0 2 1
19.3 -18.7 0 138 0 2 1
19.3 -18.1 0 137 0 2 1
19.3 -17.4 0 149 0 2 1
19.3 -16.8 0 90 0 2 1
19.3 -16.1 0 128 0 2 1
19.3 -15.5 0 127 0 2 1
19.3 -14.8 0 130 0 2 1
19.3 -14.1 0 144 0 2 1
19.3 -13.5 0 153 0 2 1
19.3 -12.8 0 150 0 2 1
19.3 -12.2 0 143 0 2 1
19.3 -11.5 0 145 0 2 1
19.3 12.1 0 121 0 2 1
19.3 12.7 0 119 0 2 1
19.3 13.4 0 120 0 2 1
19.3 14 0 131 0 2 1
19.3 14.7 0 132 0 2 1
19.3 15.4 0 134 0 2 1
19.3 16 0 108 0 2 1
19.3 16.7 0 117 0 2 1
19.3 17.3 0 120 0 2 1
19.3 18 0 115 0 2 1
19.3 18.6 0 122 0 2 1
19.3 19.3 0 135 0 2 1
19.9 0.9 0.1 92 0 2 1
19.9 1.6 0.1 154 0 2 1
20 -20 0 84 0 2 1
20 -19.4 0 89 0 2 1
20 -18.7 0 91 0 2 1
20 -18.1 0 92 0 2 1
20 -17.4 0 96 0 2 1
20 -16.8 0 82 0 2 1
20 -16.1 0 90 0 2 1
20 -15.5 0 89 0 2 1
20 -14.8 0 96 0 2 1
20 -14.1 0 95 0 2 1
20 -13.5 0 93 0 2 1
20 -12.8 0 89 0 2 1
20 -12.2 0 90 0 2 1
20 12.7 0 87 0 2 1
20 13.4 0 89 0 2 1
20 14 0 92 0 2 1
20 14.7 0 91 0 2 1
20 15.4 0 88 0 2 1
20 16 0 84 0 2 1
20 16.7 0 86 0 2 1
20 17.3 0 82 0 2 1
20 18 0 85 0 2 1
20 18.6 0 86 0 2 1
20 19.3 0 87 0 2 1
20 20 0 86 0 2 1
