-20 20 0 77 0 2 1
-19.4 19.3 0 84 0 2 1
-19.4 20 0 72 0 2 1
-18.7 18.6 0 76 0 2 1
-18.7 19.3 0 80 0 2 1
-18.7 20 0 67 0 2 1
-18.1 18 0 73 0 2 1
-18.1 18.6 0 83 0 2 1
-18.1 19.3 0 64 0 2 1
-18.1 20 0 68 0 2 1
-17.4 17.3 0 74 0 2 1
-17.4 18 0 86 0 2 1
-17.4 18.6 0 69 0 2 1
-17.4 19.3 0 63 0 2 1
-17.4 20 0 65 0 2 1
-16.8 16.7 0 79 0 2 1
-16.8 17.3 0 81 0 2 1
-16.8 18 0 71 0 2 1
-16.8 18.6 0 66 0 2 1
-16.8 19.3 0 64 0 2 1
-16.8 20 0 73 0 2 1
-16.1 16 0 83 0 2 1
-16.1 16.7 0 73 0 2 1
-16.1 17.3 0 77 0 2 1
-16.1 18 0 67 0 2 1
-16.1 18.6 0 65 0 2 1
-16.1 19.3 0 73 0 2 1
-16.1 20 0 66 0 2 1
-15.5 15.4 0 88 0 2 1
-15.5 16 0 76 0 2 1
-15.5 16.7 0 66 0 2 1
-15.5 17.3 0 71 0 2 1
-15.5 18 0 68 0 2 1
-15.5 18.6 0 72 0 2 1
-15.5 19.3 0 72 0 2 1
-15.5 20 0 68 0 2 1
-14.8 14.7 0 88 0 2 1
-14.8 15.4 0 72 0 2 1
-14.8 16 0 68 0 2 1
-14.8 16.7 0 77 0 2 1
-14.8 17.3 0 72 0 2 1
-14.8 18 0 70 0 2 1
-14.8 18.6 0 66 0 2 1
-14.8 19.3 0 59 0 2 1
-14.8 20 0 57 0 2 1
-14.1 14 0 83 0 2 1
-14.1 14.7 0 77 0 2 1
-14.1 15.4 0 65 0 2 1
-14.1 16 0 65 0 2 1
-14.1 16.7 0 91 0 2 1
-14.1 17.3 0 69 0 2 1
-14.1 18 0 70 0 2 1
-14.1 18.6 0 45 0 2 1
-14.1 19.3 0 62 0 2 1
-14.1 20 0 69 0 2 1
-13.5 13.4 0 84 0 2 1
-13.5 14 0 75 0 2 1
-13.5 14.7 0 70 0 2 1
-13.5 15.4 0 70 0 2 1
-13.5 16 0 76 0 2 1
-13.5 16.7 0 83 0 2 1
-13.5 17.3 0 73 0 2 1
-13.5 18 0 56 0 2 1
-13.5 18.6 0 62 0 2 1
-13.5 19.3 0 87 0 2 1
-12.8 12.7 0 87 0 2 1
-12.8 13.4 0 78 0 2 1
-12.8 14 0 75 0 2 1
-12.8 14.7 0 62 0 2 1
-12.8 15.4 0 70 0 2 1
-12.8 16 0 82 0 2 1
-12.8 16.7 0 51 0 2 1
-12.8 17.3 0 61 0 2 1
-12.8 18 0 63 0 2 1
-12.8 18.6 0 95 0 2 1
-12.2 12.1 0 91 0 2 1
-12.2 12.7 0 67 0 2 1
-12.2 13.4 0 75 0 2 1
-12.2 14 0 62 0 2 1
-12.2 14.7 0 75 0 2 1
-12.2 15.4 0 71 0 2 1
-12.2 16 0 49 0 2 1
-12.2 16.7 0 62 0 2 1
-12.2 17.3 0 63 0 2 1
-11.5 11.4 0 85 0 2 1
-11.5 12.1 0 68 0 2 1
-11.5 12.7 0 79 0 2 1
-11.5 13.4 0 66 0 2 1
-11.5 14 0 75 0 2 1
-11.5 14.7 0 53 0 2 1
-11.5 15.4 0 62 0 2 1
-11.5 16 0 60 0 2 1
-11.5 16.7 0 86 0 2 1
-10.9 10.8 0 85 0 2 1
-10.9 11.4 0 68 0 2 1
-10.9 12.1 0 71 0 2 1
-10.9 12.7 0 65 0 2 1
-10.9 13.4 0 79 0 2 1
-10.9 14 0 55 0 2 1
-10.9 14.7 0 66 0 2 1
-10.9 15.4 0 61 0 2 1
-10.8 10.7 -0.1 86 0 2 3
-10.8 10.8 0.1 83 0 2 3
-10.8 10.8 0.3 86 0 2 3
-10.8 10.9 0.4 91 0 2 3
-10.8 11 0.5 82 0 2 3
-10.8 11 0.7 78 0 2 3
-10.7 11 0.9 76 0 2 3
-10.7 11 1.2 80 0 2 3
-10.6 10.8 0.7 80 0 2 3
-10.6 10.9 1.1 82 0 2 3
-10.6 10.9 1.3 70 0 2 3
-10.5 10.9 1.5 77 0 2 3
-10.4 11 1.7 63 0 2 3
-10.4 11.1 1.8 65 0 2 3
-10.2 10.1 0 80 0 2 1
-10.2 10.8 0 88 0 2 1
-10.2 11.2 2 63 0 2 3
-10.2 11.4 0 61 0 2 1
-10.2 12.1 0 68 0 2 1
-10.2 12.7 0 32 0 2 1
-10.2 13.4 0 57 0 2 1
-10.2 14 0 65 0 2 1
-10.2 14.7 0 81 0 2 1
-10.1 11.3 2.2 62 0 2 3
-10 11.4 2.4 64 0 2 3
-9.9 11.5 2.6 58 0 2 3
-9.9 11.5 2.7 70 0 2 3
-9.8 11.6 2.8 71 0 2 3
-9.7 9.6 0.7 83 0 2 3
-9.6 9.5 0 84 0 2 1
-9.6 9.7 1.5 68 0 2 3
-9.6 10.1 0 87 0 2 1
-9.6 10.8 0 58 0 2 1
-9.6 11.4 0 68 0 2 1
-9.6 12.1 0 55 0 2 1
-9.6 12.7 0 62 0 2 1
-9.6 13.4 0 62 0 2 1
-9.6 14 0 99 0 2 1
-9.5 9.8 1.6 66 0 2 3
-9.5 9.9 1.8 59 0 2 3
-9.3 10 2 66 0 2 3
-9.2 10.3 2.5 64 0 2 3
-9.2 10.7 2.7 54 0 2 3
-9.2 10.7 2.8 59 0 2 3
-9.1 10.4 2.6 56 0 2 3
-8.9 8.8 0 78 0 2 1
-8.9 9.5 0 72 0 2 1
-8.9 10.1 0 58 0 2 1
-8.9 10.5 2.9 58 0 2 3
-8.9 10.8 0 56 0 2 1
-8.9 11.4 0 56 0 2 1
-8.9 12.1 0 70 0 2 1
-8.9 12.7 0 82 0 2 1
-8.6 8.5 1.5 58 0 2 3
-8.6 8.6 1.6 69 0 2 3
-8.6 8.7 1.8 67 0 2 3
-8.6 10.7 3 68 0 2 3
-8.5 8.1 1.1 50 0 2 3
-8.5 9.9 2.8 56 0 2 3
-8.4 7.9 0.8 51 0 2 3
-8.4 9 2.2 69 0 2 3
-8.4 9.6 2.8 56 0 2 3
-8.3 7.7 0.8 53 0 2 3
-8.3 8.1 0 70 0 2 1
-8.3 8.4 1.5 68 0 2 3
-8.3 8.5 1.7 63 0 2 3
-8.3 8.8 0 69 0 2 1
-8.3 9.5 0 62 0 2 1
-8.3 9.6 2.9 56 0 2 3
-8.3 10.1 0 52 0 2 1
-8.3 10.8 0 60 0 2 1
-8.3 11.4 0 69 0 2 1
-8.3 12.1 0 101 0 2 1
-8.2 7.5 0.4 145 0 2 3
-8.2 8.8 2 66 0 2 3
-8.2 9.3 2.7 66 0 2 3
-8.1 7.2 0 136 0 2 3
-8.1 8 1.2 83 0 2 3
-8.1 9.4 2.8 61 0 2 3
-8.1 11.4 3.5 65 0 2 3
-8 7.3 0.3 123 0 2 3
-8 9.1 2.5 56 0 2 3
-8 9.4 2.9 67 0 2 3
-8 10.6 3.3 71 0 2 3
-7.9 8.3 1.6 74 0 2 3
-7.9 8.6 1.9 70 0 2 3
-7.9 9.1 2.6 59 0 2 3
-7.8 8.6 2 63 0 2 3
-7.8 8.8 2.3 72 0 2 3
-7.8 8.9 2.4 71 0 2 3
-7.7 8.9 2.4 66 0 2 3
-7.7 9.1 2.8 69 0 2 3
-7.6 7.5 0 63 0 2 1
-7.6 8.2 0 71 0 2 1
-7.6 8.8 0 57 0 2 1
-7.6 9.3 3.1 73 0 2 3
-7.6 9.4 3.1 71 0 2 3
-7.6 9.5 0 50 0 2 1
-7.6 10.1 0 63 0 2 1
-7.6 10.8 0 84 0 2 1
-7.6 11 3.6 142 0 2 3
-7.6 11.4 0.1 135 0 2 1
-7.4 7.5 0.7 79 0 2 3
-7.2 7.8 1.1 66 0 2 3
-7.2 9.3 3.3 70 0 2 3
-7.2 10.1 3.6 136 0 2 3
-7.1 7.1 0.3 70 0 2 3
-7 8.2 0 63 0 2 1
-7 8.8 0 54 0 2 1
-7 8.9 2.7 75 0 2 3
-7 9.5 0.1 64 0 2 1
-7 10.1 0.1 87 0 2 1
-7 10.3 3.7 137 0 2 3
-7 10.8 0.1 149 0 2 1
-7 11.4 0.1 146 0 2 1
-6.9 6.8 0 123 0 2 1
-6.9 7.5 0 64 0 2 1
-6.9 9.1 3 77 0 2 3
-6.8 8.6 2.4 82 0 2 3
-6.7 7.9 1.5 81 0 2 3
-6.7 8.1 1.7 73 0 2 3
-6.7 9.3 3.5 75 0 2 3
-6.6 8.4 2.1 77 0 2 3
-6.6 9.3 3.4 104 0 2 3
-6.6 9.5 3.6 86 0 2 3
-6.5 9.1 3.2 67 0 2 3
-6.5 9.2 3.4 128 0 2 3
-6.5 9.4 3.6 119 0 2 3
-6.5 9.6 3.7 129 0 2 3
-6.4 7.3 0.7 61 0 2 3
-6.4 9 3.1 131 0 2 3
-6.3 6.2 0 123 0 2 1
-6.3 6.8 0 121 0 2 1
-6.3 7.5 0 54 0 2 1
-6.3 8.2 0.1 53 0 2 1
-6.3 8.8 0.1 80 0 2 1
-6.3 9.5 0.1 157 0 2 1
-6.3 10.1 0.1 143 0 2 1
-6.3 10.8 0.1 146 0 2 1
-6.3 11.4 0.1 147 0 2 1
-6.3 12.1 0.1 155 0 2 1
-6.2 8.8 2.9 141 0 2 3
-6 7.3 0.4 52 0 2 3
-6 8.6 2.6 114 0 2 3
-5.9 7.4 1.1 81 0 2 3
-5.8 7.4 0.8 52 0 2 3
-5.8 8.3 2.3 130 0 2 3
-5.7 7.5 0.1 57 0 2 1
-5.7 8.1 2 98 0 2 3
-5.7 8.2 0.1 82 0 2 1
-5.7 8.8 0.1 151 0 2 1
-5.7 9.5 0.1 144 0 2 1
-5.7 10.1 0.2 142 0 2 1
-5.7 10.8 0.2 159 0 2 1
-5.7 11.4 0.2 128 0 2 1
-5.7 12.1 0.2 136 0 2 1
-5.6 5.5 0 125 0 2 1
-5.6 6.2 0 124 0 2 1
-5.6 6.8 0 124 0 2 1
-5.5 7.7 1.6 81 0 2 3
-5.5 7.9 1.8 109 0 2 3
-5.4 7.4 0.4 78 0 2 3
-5.4 7.6 1.4 77 0 2 3
-5.4 9.1 2.7 141 0 2 3
-5.4 9.2 2.7 143 0 2 3
-5.3 7.5 1.1 83 0 2 3
-5.3 7.6 1.5 115 0 2 3
-5.3 7.8 1.6 120 0 2 3
-5.3 8.5 2.2 143 0 2 3
-5.3 8.6 2.2 140 0 2 3
-5.3 10 3.3 127 0 2 3
-5.3 10 3.4 131 0 2 3
-5.3 10.2 3.5 112 0 2 3
-5.2 7.5 0.9 68 0 2 3
-5.2 7.6 1.2 98 0 2 3
-5.2 8.8 2.3 146 0 2 3
-5.1 7.5 0.5 91 0 2 3
-5.1 7.6 0.8 120 0 2 3
-5.1 7.7 1.5 118 0 2 3
-5.1 8.3 1.9 136 0 2 3
-5.1 9.8 3.1 130 0 2 3
-5 4.9 0 118 0 2 1
-5 5.5 0 115 0 2 1
-5 6.2 0 118 0 2 1
-5 6.8 0.1 124 0 2 1
-5 7.5 0.1 126 0 2 1
-5 8.2 0.1 141 0 2 1
-5 8.8 0.2 142 0 2 1
-5 9.5 0.2 154 0 2 1
-5 10.1 0.2 151 0 2 1
-5 10.8 0.2 136 0 2 1
-5 11.4 0.2 140 0 2 1
-5 12.1 0.2 96 0 2 1
-4.9 8.2 1.3 140 0 2 3
-4.9 8.2 1.8 130 0 2 3
-4.8 8.1 0.7 157 0 2 3
-4.7 8.2 0.6 145 0 2 3
-4.7 8.7 2.1 137 0 2 3
-4.7 8.8 2.1 144 0 2 3
-4.7 8.9 2.2 142 0 2 3
-4.7 9.1 2.3 134 0 2 3
-4.6 8.7 1.2 145 0 2 3
-4.6 8.7 1.6 152 0 2 3
-4.6 8.8 1.7 151 0 2 3
-4.6 9.1 2.1 149 0 2 3
-4.6 9.3 2.4 152 0 2 3
-4.6 9.4 2.5 139 0 2 3
-4.5 9 1.6 129 0 2 3
-4.5 9.3 2.2 144 0 2 3
-4.5 9.4 2.3 137 0 2 3
-4.5 9.5 2.6 152 0 2 3
-4.4 7.5 0.1 129 0 2 1
-4.4 8.2 0.2 122 0 2 1
-4.4 8.8 0.2 152 0 2 1
-4.4 9.4 2 144 0 2 3
-4.4 9.5 0.2 138 0 2 1
-4.4 10.1 0.2 134 0 2 1
-4.4 10.8 0.3 118 0 2 1
-4.4 11.4 0.3 108 0 2 1
-4.4 12.1 0.3 115 0 2 1
-4.4 12.8 0.3 120 0 2 1
-4.4 13.4 0.3 137 0 2 1
-4.3 4.2 0 121 0 2 1
-4.3 4.9 0 124 0 2 1
-4.3 5.5 0 112 0 2 1
-4.3 6.2 0.1 119 0 2 1
-4.3 6.8 0.1 118 0 2 1
-4.3 9.4 1.3 107 0 2 3
-4.3 9.9 2.6 157 0 2 3
-4.3 10.1 2.9 149 0 2 3
-4.2 9.7 1.7 127 0 2 3
-4.2 9.9 2.3 141 0 2 3
-4.1 10.4 2.6 155 0 2 3
-4.1 10.8 3.4 125 0 2 3
-4 10.2 2 146 0 2 3
-4 10.6 2.9 155 0 2 3
-4 10.7 2.8 146 0 2 3
-4 10.8 3.3 148 0 2 3
-4 10.9 3.2 156 0 2 3
-4 11 3.3 102 0 2 3
-4 11.1 3.3 113 0 2 3
-4 11.2 3.3 139 0 2 3
-4 11.8 3 131 0 2 3
-3.9 10.1 1.5 148 0 2 3
-3.9 10.9 3.1 140 0 2 3
-3.9 11 3.2 148 0 2 3
-3.9 11.1 3.1 161 0 2 3
-3.9 11.3 3.2 136 0 2 3
-3.9 11.6 3.1 124 0 2 3
-3.9 11.9 2.5 107 0 2 3
-3.8 11 3 144 0 2 3
-3.8 11.7 2.6 150 0 2 3
-3.7 4.2 0.1 121 0 2 1
-3.7 4.9 0 121 0 2 1
-3.7 5.5 0.1 115 0 2 1
-3.7 6.2 0.1 114 0 2 1
-3.7 6.8 0.1 122 0 2 1
-3.7 7.5 0.2 123 0 2 1
-3.7 8.2 0.2 116 0 2 1
-3.7 8.8 0.2 106 0 2 1
-3.7 9.5 0.3 111 0 2 1
-3.7 10.1 0.3 116 0 2 1
-3.7 10.7 1.7 155 0 2 3
-3.7 10.8 0.3 121 0 2 1
-3.7 11.5 0.3 121 0 2 1
-3.7 12 2 105 0 2 3
-3.7 12.1 0.3 146 0 2 1
-3.7 12.8 0.3 105 0 2 1
-3.7 13.4 0.3 107 0 2 1
-3.7 14.1 0.3 118 0 2 1
-3.7 14.7 0.3 117 0 2 1
-3.7 18 0.1 136 0 2 1
-3.7 18.6 0 138 0 2 1
-3.7 19.3 0 133 0 2 1
-3.7 20 0 130 0 2 1
-3.6 3.5 0.1 124 0 2 1
-3.6 10.5 0.8 135 0 2 3
-3.6 10.6 1.1 151 0 2 3
-3.6 11 1.9 152 0 2 3
-3.6 11.2 2 170 0 2 3
-3.6 11.4 2 137 0 2 3
-3.6 12.1 1.5 108 0 2 3
-3.5 11.7 1.4 164 0 2 3
-3.4 11.8 1 92 0 2 3
-3.3 11 0.5 140 0 2 3
-3.3 11.1 0.5 141 0 2 3
-3.3 11.1 0.8 136 0 2 3
-3.3 11.2 0.9 149 0 2 3
-3.3 11.4 0.9 91 0 2 3
-3.1 6.9 0.1 121 0 2 2
-3.1 6.9 0.2 104 0 2 2
-3.1 6.9 0.3 97 0 2 2
-3.1 7 0.4 87 0 2 2
-3.1 9.5 0.3 102 0 2 1
-3.1 10.1 0.3 113 0 2 1
-3.1 10.8 0.3 123 0 2 1
-3.1 11.5 0.4 114 0 2 1
-3.1 12.1 0.4 125 0 2 1
-3.1 12.8 0.4 116 0 2 1
-3.1 13.4 0.3 116 0 2 1
-3.1 14.1 0.3 113 0 2 1
-3.1 14.7 0.3 121 0 2 1
-3.1 15.4 0.3 131 0 2 1
-3.1 16 0.2 135 0 2 1
-3.1 16.7 0.2 137 0 2 1
-3 2.9 0.1 116 0 2 1
-3 3.5 0.1 119 0 2 1
-3 4.2 0.1 120 0 2 1
-3 4.9 0.1 117 0 2 1
-3 5.5 0.1 118 0 2 1
-3 6.2 0.1 121 0 2 1
-3 6.8 0.2 97 0 2 1
-3 6.8 0.3 48 0 2 2
-3 6.9 0.4 54 0 2 2
-3 7 0.4 92 0 2 2
-3 7.1 0.5 85 0 2 2
-3 17.3 0.1 133 0 2 1
-3 18 0.1 130 0 2 1
-3 18.6 0.1 132 0 2 1
-3 19.3 0 134 0 2 1
-3 20 0 104 0 2 1
-2.9 6.8 0.4 54 0 2 2
-2.9 6.9 0.4 58 0 2 2
-2.9 7.1 0.5 83 0 2 2
-2.9 7.1 0.6 109 0 2 2
-2.8 6.8 0.3 47 0 2 2
-2.8 6.8 0.4 47 0 2 2
-2.7 6.7 0.2 54 0 2 2
-2.7 6.8 0.5 92 0 2 2
-2.7 7.3 0.6 132 0 2 2
-2.6 6.7 0.2 67 0 2 2
-2.6 6.8 0.5 100 0 2 2
-2.6 7.2 0.6 146 0 2 2
-2.6 7.4 0.5 117 0 2 2
-2.6 7.5 0.5 121 0 2 2
-2.5 6.7 0.3 102 0 2 2
-2.5 6.8 0.4 79 0 2 2
-2.5 6.8 0.5 143 0 2 2
-2.5 7.2 0.6 124 0 2 2
-2.4 4.2 0.1 120 0 2 1
-2.4 4.9 0.1 121 0 2 1
-2.4 5.5 0.1 118 0 2 1
-2.4 6.2 0.2 124 0 2 1
-2.4 6.8 0.2 84 0 2 1
-2.4 7 0.5 112 0 2 2
-2.4 7.2 0.5 101 0 2 2
-2.4 7.3 0.5 108 0 2 2
-2.4 8.2 0.3 86 0 2 1
-2.4 8.8 0.3 94 0 2 1
-2.4 9.5 0.3 92 0 2 1
-2.4 10.1 0.3 103 0 2 1
-2.4 10.8 0.4 110 0 2 1
-2.4 11.5 0.4 119 0 2 1
-2.4 12.1 0.4 124 0 2 1
-2.4 12.8 0.4 120 0 2 1
-2.4 13.4 0.4 123 0 2 1
-2.4 14.1 0.3 118 0 2 1
-2.4 14.7 0.3 125 0 2 1
-2.4 15.4 0.3 127 0 2 1
-2.4 16 0.2 133 0 2 1
-2.4 16.7 0.2 129 0 2 1
-2.4 17.3 0.2 127 0 2 1
-2.4 18 0.1 132 0 2 1
-2.4 18.6 0.1 138 0 2 1
-2.4 19.3 0 138 0 2 1
-2.4 20 0 124 0 2 1
-2.3 2.9 0.1 107 0 2 1
-2.3 3.5 0.1 116 0 2 1
-2.3 6.9 0.4 126 0 2 2
-2.3 7 0.4 135 0 2 2
-2.3 7 0.5 125 0 2 2
-2.3 7.2 0.4 147 0 2 2
-2.3 7.2 0.5 142 0 2 2
-2.3 7.4 0.5 116 0 2 2
-2.2 7 0.2 145 0 2 2
-1.8 6.8 0.2 133 0 2 1
-1.8 8.8 0.3 103 0 2 1
-1.8 9.5 0.4 100 0 2 1
-1.8 10.1 0.4 111 0 2 1
-1.8 10.8 0.4 109 0 2 1
-1.8 11.5 0.4 114 0 2 1
-1.8 12.1 0.4 125 0 2 1
-1.8 12.8 0.4 120 0 2 1
-1.8 13.4 0.4 123 0 2 1
-1.8 14.1 0.4 127 0 2 1
-1.8 14.7 0.3 128 0 2 1
-1.8 15.4 0.3 132 0 2 1
-1.8 16 0.3 134 0 2 1
-1.8 16.7 0.2 130 0 2 1
-1.7 2.9 0.1 119 0 2 1
-1.7 3.5 0.1 116 0 2 1
-1.7 4.2 0.1 122 0 2 1
-1.7 4.9 0.1 131 0 2 1
-1.7 5.5 0.2 125 0 2 1
-1.7 6.2 0.2 123 0 2 1
-1.7 17.3 0.2 129 0 2 1
-1.7 18 0.1 131 0 2 1
-1.7 18.6 0.1 129 0 2 1
-1.7 19.3 0 129 0 2 1
-1.7 20 0 87 0 2 1
-1.1 2.9 0.2 122 0 2 1
-1.1 3.5 0.2 121 0 2 1
-1.1 4.2 0.2 127 0 2 1
-1.1 4.8 0.2 121 0 2 1
-1.1 5.5 0.2 114 0 2 1
-1.1 6.2 0.2 118 0 2 1
-1.1 8.8 0.4 102 0 2 1
-1.1 9.5 0.4 102 0 2 1
-1.1 10.1 0.4 111 0 2 1
-1.1 10.8 0.4 122 0 2 1
-1.1 11.5 0.4 119 0 2 1
-1.1 12.1 0.4 127 0 2 1
-1.1 12.8 0.4 130 0 2 1
-1.1 13.4 0.4 133 0 2 1
-1.1 14.1 0.4 132 0 2 1
-1.1 14.7 0.4 131 0 2 1
-1.1 15.4 0.3 131 0 2 1
-1.1 16 0.3 132 0 2 1
-1.1 16.7 0.2 131 0 2 1
-1.1 17.3 0.2 130 0 2 1
-1.1 18 0.1 129 0 2 1
-1.1 18.6 0.1 128 0 2 1
-1.1 19.3 0.1 132 0 2 1
-1 20 0 99 0 2 1
-0.8 10 0.5 50 0 2 2
-0.8 10.1 0.5 80 0 2 2
-0.8 10.1 0.6 79 0 2 2
-0.8 10.2 0.5 90 0 2 2
-0.8 10.2 0.6 88 0 2 2
-0.8 10.3 0.6 107 0 2 2
-0.7 9.7 0.4 112 0 2 2
-0.7 9.8 0.4 113 0 2 2
-0.7 9.8 0.5 57 0 2 2
-0.7 10 0.5 63 0 2 2
-0.7 10.3 0.6 87 0 2 2
-0.7 10.4 0.6 87 0 2 2
-0.7 10.4 0.7 76 0 2 2
-0.6 9.7 0.5 45 0 2 2
-0.6 9.8 0.5 67 0 2 2
-0.6 9.8 0.6 70 0 2 2
-0.6 10 0.6 88 0 2 2
-0.6 10.1 0.6 84 0 2 2
-0.6 10.2 0.6 89 0 2 2
-0.6 10.2 0.7 65 0 2 2
-0.6 10.4 0.7 118 0 2 2
-0.5 5.5 0.3 129 0 2 1
-0.5 6.2 0.3 122 0 2 1
-0.5 6.8 0.3 130 0 2 1
-0.5 7.5 0.4 76 0 2 1
-0.5 8.1 0.4 104 0 2 1
-0.5 8.8 0.4 105 0 2 1
-0.5 9.5 0.4 111 0 2 1
-0.5 9.8 0.6 104 0 2 2
-0.5 10 0.6 85 0 2 2
-0.5 10.1 0.7 74 0 2 2
-0.5 10.2 0.7 72 0 2 2
-0.5 10.3 0.8 123 0 2 2
-0.5 10.4 0.7 101 0 2 2
-0.5 15.4 0.3 134 0 2 1
-0.5 16 0.3 132 0 2 1
-0.4 2.9 0.2 121 0 2 1
-0.4 3.5 0.2 129 0 2 1
-0.4 4.2 0.2 121 0 2 1
-0.4 4.8 0.2 123 0 2 1
-0.4 9.8 0.6 97 0 2 2
-0.4 9.9 0.7 72 0 2 2
-0.4 10 0.7 75 0 2 2
-0.4 10.2 0.8 76 0 2 2
-0.4 10.3 0.8 87 0 2 2
-0.4 16.7 0.2 130 0 2 1
-0.4 17.3 0.2 130 0 2 1
-0.4 18.6 0.1 128 0 2 1
-0.4 19.3 0.1 132 0 2 1
-0.4 20 0 100 0 2 1
-0.3 9.7 0.6 74 0 2 2
-0.3 9.8 0.6 88 0 2 2
-0.3 9.8 0.7 84 0 2 2
-0.3 9.9 0.8 108 0 2 2
-0.3 10.1 0.8 68 0 2 2
-0.3 10.2 0.8 101 0 2 2
-0.2 9.8 0.7 113 0 2 2
-0.2 9.9 0.8 93 0 2 2
-0.2 10 0.8 140 0 2 2
-0.2 10.1 0.8 129 0 2 2
0 9.8 0.5 121 0 2 2
-0.1 9.8 0.7 129 0 2 2
0 9.9 0.7 102 0 2 2
0 9.9 0.8 149 0 2 2
-0.1 10 0.8 145 0 2 2
0 10.2 0.8 153 0 2 2
-0.1 10.3 0.8 153 0 2 2
-0.1 10.4 0.8 118 0 2 2
0.1 9.9 0.5 134 0 2 2
0.1 9.9 0.6 135 0 2 2
0.2 2.8 0.2 132 0 2 1
0.2 3.5 0.2 131 0 2 1
0.2 4.2 0.3 136 0 2 1
0.2 4.8 0.3 131 0 2 1
0.2 5.5 0.3 128 0 2 1
0.2 6.1 0.3 129 0 2 1
0.2 6.8 0.4 126 0 2 1
0.2 7.5 0.4 86 0 2 1
0.2 8.1 0.4 104 0 2 1
0.2 8.8 0.4 109 0 2 1
0.2 9.5 0.5 115 0 2 1
0.2 10.1 0.5 122 0 2 1
0.2 10.8 0.5 119 0 2 1
0.2 11.5 0.5 128 0 2 1
0.2 12.1 0.5 135 0 2 1
0.2 12.8 0.4 142 0 2 1
0.2 13.4 0.4 148 0 2 1
0.2 14.1 0.4 144 0 2 1
0.2 14.7 0.4 136 0 2 1
0.2 15.4 0.3 134 0 2 1
0.2 16 0.3 133 0 2 1
0.2 17.3 0.2 132 0 2 1
0.2 18.6 0.1 128 0 2 1
0.3 19.3 0.1 131 0 2 1
0.8 4.1 0.3 133 0 2 1
0.8 4.8 0.3 133 0 2 1
0.8 5.5 0.4 137 0 2 1
0.8 6.1 0.4 129 0 2 1
0.8 6.8 0.4 131 0 2 1
0.8 7.5 0.4 105 0 2 1
0.8 8.1 0.5 116 0 2 1
0.8 8.8 0.5 113 0 2 1
0.8 9.4 0.5 119 0 2 1
0.8 10.1 0.5 126 0 2 1
0.8 10.8 0.5 134 0 2 1
0.8 11.4 0.5 138 0 2 1
0.8 12.1 0.5 151 0 2 1
0.8 12.8 0.4 155 0 2 1
0.8 13.4 0.4 145 0 2 1
0.8 14.1 0.4 140 0 2 1
0.8 14.7 0.3 135 0 2 1
0.9 2.8 0.3 123 0 2 1
0.9 3.5 0.3 129 0 2 1
0.9 15.4 0.3 136 0 2 1
0.9 16 0.3 133 0 2 1
0.9 16.7 0.2 130 0 2 1
0.9 17.3 0.2 141 0 2 1
0.9 18.6 0.1 127 0 2 1
0.9 19.3 0 126 0 2 1
0.9 20 0 84 0 2 1
1.5 2.8 0.3 136 0 2 1
1.5 3.5 0.3 127 0 2 1
1.5 4.1 0.4 136 0 2 1
1.5 4.8 0.4 143 0 2 1
1.5 5.4 0.4 140 0 2 1
1.5 6.1 0.4 128 0 2 1
1.5 6.8 0.5 133 0 2 1
1.5 7.4 0.5 107 0 2 1
1.5 8.1 0.5 117 0 2 1
1.5 8.8 0.5 122 0 2 1
1.5 9.4 0.5 127 0 2 1
1.5 10.1 0.5 137 0 2 1
1.5 10.8 0.5 138 0 2 1
1.5 11.4 0.5 145 0 2 1
1.5 12.1 0.4 153 0 2 1
1.5 12.8 0.4 152 0 2 1
1.5 13.4 0.4 138 0 2 1
1.5 14.1 0.4 138 0 2 1
1.5 14.7 0.3 134 0 2 1
1.5 15.4 0.3 133 0 2 1
1.5 16 0.2 131 0 2 1
1.5 16.7 0.2 128 0 2 1
1.5 17.3 0.2 130 0 2 1
1.6 18 0.1 124 0 2 1
1.6 18.6 0.1 121 0 2 1
1.6 19.3 0 133 0 2 1
1.6 20 0 126 0 2 1
2.1 2.8 0.4 135 0 2 1
2.1 3.5 0.4 139 0 2 1
2.1 4.1 0.4 155 0 2 1
2.1 4.8 0.4 156 0 2 1
2.1 5.4 0.5 138 0 2 1
2.1 6.1 0.5 125 0 2 1
2.1 6.8 0.5 130 0 2 1
2.1 7.4 0.5 128 0 2 1
2.1 8.1 0.5 127 0 2 1
2.1 8.8 0.5 132 0 2 1
2.1 9.4 0.5 133 0 2 1
2.1 10.1 0.5 145 0 2 1
2.1 10.8 0.5 147 0 2 1
2.1 11.4 0.5 146 0 2 1
2.1 12.1 0.4 152 0 2 1
2.1 12.8 0.4 141 0 2 1
2.1 13.4 0.4 137 0 2 1
2.2 5.9 0.5 82 0 2 2
2.2 6 0.6 41 0 2 2
2.2 6 0.7 45 0 2 2
2.2 6.1 0.6 41 0 2 2
2.2 6.2 0.5 117 0 2 2
2.2 6.2 0.6 117 0 2 2
2.2 6.2 0.8 74 0 2 2
2.2 14.1 0.3 134 0 2 1
2.2 14.7 0.3 133 0 2 1
2.2 15.4 0.3 133 0 2 1
2.2 16 0.2 133 0 2 1
2.2 16.7 0.2 132 0 2 1
2.2 17.3 0.1 122 0 2 1
2.2 18 0.1 123 0 2 1
2.2 18.6 0.1 129 0 2 1
2.2 19.3 0 134 0 2 1
2.2 20 0 106 0 2 1
2.3 6 0.8 49 0 2 2
2.3 6 0.9 109 0 2 2
2.3 6.1 0.8 90 0 2 2
2.3 6.2 0.8 83 0 2 2
2.4 5.8 0.9 61 0 2 2
2.4 6 0.9 137 0 2 2
2.4 6.2 0.8 97 0 2 2
2.5 5.7 0.7 46 0 2 2
2.5 5.8 0.8 46 0 2 2
2.5 5.8 0.9 81 0 2 2
2.5 6 0.9 140 0 2 2
2.5 6.1 0.9 136 0 2 2
2.6 5.6 0.5 124 0 2 2
2.6 5.6 0.6 97 0 2 2
2.6 5.6 0.7 105 0 2 2
2.6 5.7 0.7 115 0 2 2
2.6 5.7 0.8 77 0 2 2
2.6 5.9 0.9 126 0 2 2
2.7 5.7 0.8 89 0 2 2
2.7 5.7 0.9 103 0 2 2
2.7 5.8 0.9 141 0 2 2
2.7 5.9 0.9 135 0 2 2
2.7 6 0.9 132 0 2 2
2.8 2.8 0.4 137 0 2 1
2.8 3.4 0.4 137 0 2 1
2.8 4.1 0.5 149 0 2 1
2.8 4.7 0.5 130 0 2 1
2.8 5.4 0.5 125 0 2 1
2.8 5.7 0.6 111 0 2 2
2.8 5.7 0.8 142 0 2 2
2.8 5.8 0.7 128 0 2 2
2.8 5.8 0.8 122 0 2 2
2.8 6 0.9 148 0 2 2
2.8 8.1 0.5 141 0 2 1
2.8 8.7 0.5 136 0 2 1
2.8 9.4 0.5 135 0 2 1
2.8 10.1 0.5 139 0 2 1
2.8 10.7 0.5 147 0 2 1
2.8 11.4 0.5 152 0 2 1
2.8 12.1 0.4 141 0 2 1
2.8 12.7 0.4 131 0 2 1
2.8 13.4 0.3 138 0 2 1
2.8 14.1 0.3 135 0 2 1
2.8 14.7 0.3 134 0 2 1
2.8 15.4 0.2 131 0 2 1
2.8 16 0.2 131 0 2 1
2.9 5.9 0.7 154 0 2 2
2.9 6 0.8 126 0 2 2
2.9 6.1 0.8 131 0 2 2
2.9 12.5 0.7 64 0 2 2
2.9 16.7 0.2 129 0 2 1
2.9 17.3 0.1 126 0 2 1
2.9 18 0.1 129 0 2 1
2.9 18.6 0 133 0 2 1
2.9 19.3 0 135 0 2 1
2.9 20 0 128 0 2 1
3 5.8 0.6 106 0 2 2
3 5.8 0.7 111 0 2 2
3 6.1 0.7 140 0 2 2
3 6.1 0.8 142 0 2 2
3 12.1 0.6 42 0 2 2
3 12.1 0.7 73 0 2 2
3 12.2 0.7 51 0 2 2
3 12.2 0.8 112 0 2 2
3 12.3 0.7 78 0 2 2
3 12.3 0.8 74 0 2 2
3 12.5 0.8 102 0 2 2
3.1 5.9 0.6 140 0 2 2
3.1 6 0.6 151 0 2 2
3.1 6.1 0.6 146 0 2 2
3.1 6.1 0.7 136 0 2 2
3.1 12 0.7 42 0 2 2
3.1 12.1 0.7 38 0 2 2
3.1 12.1 0.8 130 0 2 2
3.1 12.4 0.8 127 0 2 2
3.1 12.5 0.8 126 0 2 2
3.2 6 0.6 127 0 2 2
3.2 12 0.6 114 0 2 2
3.2 12 0.7 116 0 2 2
3.2 12.1 0.8 129 0 2 2
3.2 12.2 0.8 125 0 2 2
3.2 12.3 0.8 115 0 2 2
3.2 12.4 0.8 94 0 2 2
3.3 12.3 0.8 84 0 2 2
3.4 3.4 0.5 139 0 2 1
3.4 4.1 0.5 132 0 2 1
3.4 4.7 0.5 126 0 2 1
3.4 5.4 0.5 129 0 2 1
3.4 6.1 0.6 129 0 2 1
3.4 6.7 0.6 134 0 2 1
3.4 8.7 0.6 134 0 2 1
3.4 9.4 0.5 130 0 2 1
3.4 10.1 0.5 145 0 2 1
3.4 10.7 0.5 152 0 2 1
3.4 11.4 0.4 144 0 2 1
3.4 12.2 0.8 134 0 2 2
3.5 12.1 0.4 59 0 2 1
3.5 12.2 0.7 121 0 2 2
3.5 12.7 0.4 38 0 2 1
3.5 13.4 0.3 27 0 2 1
3.5 14.1 0.3 56 0 2 1
3.5 14.7 0.2 46 0 2 1
3.5 19.3 0 140 0 2 1
3.6 12.2 0.6 132 0 2 2
3.6 12.2 0.7 135 0 2 2
3.6 20 0 116 0 2 1
3.7 12.2 0.6 129 0 2 2
4.1 4.1 0.6 134 0 2 1
4.1 4.7 0.6 133 0 2 1
4.1 5.4 0.6 151 0 2 1
4.1 6 0.6 146 0 2 1
4.1 6.7 0.6 147 0 2 1
4.1 7.4 0.6 131 0 2 1
4.1 8 0.6 138 0 2 1
4.1 8.7 0.6 140 0 2 1
4.1 9.4 0.5 129 0 2 1
4.1 10.1 0.5 120 0 2 1
4.1 10.7 0.5 133 0 2 1
4.1 11.4 0.4 131 0 2 1
4.1 12.1 0.4 126 0 2 1
4.1 12.7 0.3 115 0 2 1
4.1 13.4 0.3 107 0 2 1
4.1 14.1 0.2 100 0 2 1
4.2 14.7 0.2 43 0 2 1
4.2 15.4 0.2 49 0 2 1
4.2 16 0.1 40 0 2 1
4.2 16.7 0.1 51 0 2 1
4.2 17.3 0.1 48 0 2 1
4.2 18 0 48 0 2 1
4.7 4.7 0.6 131 0 2 1
4.7 5.4 0.6 142 0 2 1
4.7 6 0.6 143 0 2 1
4.7 6.7 0.6 137 0 2 1
4.7 7.4 0.6 139 0 2 1
4.7 8 0.6 142 0 2 1
4.7 8.7 0.6 126 0 2 1
4.7 9.4 0.5 102 0 2 1
4.7 10 0.5 127 0 2 1
4.7 10.7 0.5 136 0 2 1
4.8 11.4 0.4 116 0 2 1
4.8 12.1 0.4 114 0 2 1
4.8 12.7 0.3 60 0 2 1
4.8 13.4 0.3 48 0 2 1
4.8 14 0.2 107 0 2 1
4.8 14.7 0.2 124 0 2 1
4.8 15.4 0.1 127 0 2 1
4.8 16 0.1 140 0 2 1
4.8 16.7 0.1 136 0 2 1
4.8 17.3 0 131 0 2 1
4.9 6.9 0.6 133 0 2 2
4.9 6.9 0.7 44 0 2 2
4.9 7.1 0.6 143 0 2 2
4.9 18 0 134 0 2 1
4.9 18.6 0 34 0 2 1
4.9 19.3 0 49 0 2 1
4.9 20 0 49 0 2 1
5 6.9 0.7 39 0 2 2
5 7 0.7 63 0 2 2
5 7 0.8 77 0 2 2
5.1 6.8 0.6 48 0 2 2
5.1 6.9 0.7 62 0 2 2
5.1 7.1 0.8 72 0 2 2
5.1 7.1 0.9 66 0 2 2
5.2 6.8 0.7 43 0 2 2
5.2 6.8 0.8 64 0 2 2
5.2 6.9 0.8 73 0 2 2
5.2 7.1 0.9 61 0 2 2
5.3 6.8 0.7 47 0 2 2
5.3 6.8 0.8 47 0 2 2
5.4 5.4 0.7 143 0 2 1
5.4 6 0.6 126 0 2 1
5.4 6.7 0.6 142 0 2 2
5.4 6.8 0.8 66 0 2 2
5.4 6.8 0.9 131 0 2 2
5.4 7.2 0.9 143 0 2 2
5.4 7.3 0.6 44 0 2 1
5.4 7.3 0.9 130 0 2 2
5.4 8 0.6 126 0 2 1
5.4 8.7 0.6 117 0 2 1
5.4 9.4 0.5 111 0 2 1
5.4 10 0.5 129 0 2 1
5.4 10.7 0.4 126 0 2 1
5.4 11.4 0.4 107 0 2 1
5.4 12 0.3 65 0 2 1
5.4 12.7 0.3 50 0 2 1
5.5 6.7 0.6 135 0 2 2
5.5 6.8 0.7 144 0 2 2
5.5 6.8 0.8 138 0 2 2
5.5 7.4 0.9 128 0 2 2
5.5 13.4 0.2 48 0 2 1
5.5 14 0.2 85 0 2 1
5.5 14.7 0.1 123 0 2 1
5.5 15.4 0.1 131 0 2 1
5.5 16 0.1 124 0 2 1
5.5 16.7 0 123 0 2 1
5.5 17.3 0 123 0 2 1
5.5 18 0 128 0 2 1
5.5 18.6 0 131 0 2 1
5.5 19.3 0 110 0 2 1
5.5 20 0 132 0 2 1
5.6 6.8 0.8 101 0 2 2
5.6 7.2 0.9 125 0 2 2
5.6 7.3 0.9 118 0 2 2
5.7 6.9 0.7 129 0 2 2
5.7 7 0.8 139 0 2 2
5.7 7.2 0.9 88 0 2 2
5.8 7 0.8 162 0 2 2
5.8 7.2 0.8 127 0 2 2
5.8 7.2 0.9 145 0 2 2
5.8 7.4 0.8 130 0 2 2
6 6 0.7 138 0 2 1
6 6.7 0.6 139 0 2 1
6 7.3 0.6 143 0 2 1
6 8 0.6 59 0 2 1
6 8.7 0.5 116 0 2 1
6 9.4 0.5 136 0 2 1
6.1 10 0.5 135 0 2 1
6.1 10.7 0.4 98 0 2 1
6.1 11.4 0.4 71 0 2 1
6.1 12 0.3 47 0 2 1
6.1 12.7 0.3 48 0 2 1
6.1 13.4 0.2 46 0 2 1
6.1 14 0.2 46 0 2 1
6.1 14.7 0.1 91 0 2 1
6.2 12.9 0.2 45 0 2 3
6.2 13.1 0.2 49 0 2 3
6.2 13.3 0.2 49 0 2 3
6.2 15.4 0.1 125 0 2 1
6.2 16 0 126 0 2 1
6.2 16.7 0 123 0 2 1
6.2 17.3 0 124 0 2 1
6.2 18 0 130 0 2 1
6.2 18.6 0 130 0 2 1
6.2 19.3 0 135 0 2 1
6.2 20 0 90 0 2 1
6.3 12.5 0.3 45 0 2 3
6.5 12.1 0.4 49 0 2 3
6.5 12.6 0.8 55 0 2 3
6.5 13.4 1.4 59 0 2 3
6.6 12.1 0.9 52 0 2 3
6.6 13 1.5 39 0 2 3
6.6 13.2 1.5 62 0 2 3
6.6 13.7 1.2 60 0 2 3
6.6 13.9 0.5 51 0 2 3
6.6 14 0.1 52 0 2 3
6.7 6.7 0.7 141 0 2 1
6.7 7.3 0.6 127 0 2 1
6.7 8 0.6 126 0 2 1
6.7 8.7 0.5 58 0 2 1
6.7 9.3 0.5 51 0 2 1
6.7 10 0.4 103 0 2 1
6.7 10.7 0.4 47 0 2 1
6.7 11.4 0.3 42 0 2 1
6.7 12.2 1.4 62 0 2 3
6.8 12 0.3 51 0 2 1
6.8 12 1.4 32 0 2 3
6.8 12.3 2 51 0 2 3
6.8 12.6 2.1 47 0 2 3
6.8 12.7 0.2 48 0 2 1
6.8 13.4 0.2 45 0 2 1
6.8 13.4 2.6 62 0 2 3
6.8 14 0.1 38 0 2 1
6.8 14.7 0.1 51 0 2 1
6.8 15.4 0 96 0 2 1
6.8 16 0 110 0 2 1
6.8 16.7 0 123 0 2 1
6.8 17.3 0 129 0 2 1
6.8 18 0 130 0 2 1
6.8 18.6 0 132 0 2 1
6.8 19.3 0 132 0 2 1
6.8 20 0 89 0 2 1
6.9 11.8 1.1 55 0 2 3
6.9 12.4 2.6 88 0 2 3
6.9 12.7 2.7 43 0 2 3
6.9 13 2.8 60 0 2 3
6.9 13.1 2.9 69 0 2 3
6.9 13.2 2.7 54 0 2 3
6.9 13.3 2.8 48 0 2 3
6.9 13.5 2.7 57 0 2 3
6.9 13.5 2.8 49 0 2 3
6.9 13.7 2.4 50 0 2 3
7 11.5 0.7 25 0 2 3
7 12.1 2 59 0 2 3
7 13.3 3 108 0 2 3
7 13.4 3 100 0 2 3
7 13.6 2.9 58 0 2 3
7 13.7 2.9 64 0 2 3
7 13.9 2.5 62 0 2 3
7 14.3 1.5 51 0 2 3
7 14.4 0.9 51 0 2 3
7.1 12.2 2.5 77 0 2 3
7.1 13.6 3 68 0 2 3
7.1 14.1 2.2 54 0 2 3
7.2 10.9 0.2 134 0 2 3
7.2 11.9 2.5 94 0 2 3
7.2 14.8 1.2 56 0 2 3
7.3 7.3 0.6 108 0 2 1
7.3 8 0.6 97 0 2 1
7.3 11.6 1.8 29 0 2 3
7.3 11.7 2.2 58 0 2 3
7.3 14.6 1.8 30 0 2 3
7.3 15.2 0.7 49 0 2 3
7.4 8.7 0.5 118 0 2 1
7.4 9.3 0.5 47 0 2 1
7.4 10 0.4 85 0 2 1
7.4 10.7 0.4 41 0 2 1
7.4 11.4 0.3 20 0 2 1
7.5 14.7 0 44 0 2 1
7.5 15.4 0 42 0 2 1
7.5 16 0 59 0 2 1
7.5 16.7 0 113 0 2 1
7.5 17.3 0 125 0 2 1
7.5 18 0 128 0 2 1
7.5 18.6 0 137 0 2 1
7.5 19.3 0 151 0 2 1
7.5 20 0 87 0 2 1
7.6 11 1.5 37 0 2 3
7.6 15.2 1.7 45 0 2 3
7.6 15.6 1 50 0 2 3
7.7 10.6 0.9 44 0 2 3
7.7 11.2 2.1 31 0 2 3
7.7 11.3 2.5 70 0 2 3
7.7 15.5 1.5 58 0 2 3
7.7 15.9 0.6 52 0 2 3
7.8 15.9 1.1 55 0 2 3
7.9 11.2 2.5 76 0 2 3
7.9 11.5 2.6 96 0 2 3
7.9 11.6 2.7 95 0 2 3
7.9 15.7 1.6 52 0 2 3
7.9 15.8 1.6 55 0 2 3
7.9 15.9 1.5 52 0 2 3
7.9 16.5 -0.1 52 0 2 3
7.9 16.6 0 50 0 2 3
8 8 0.6 118 0 2 1
8 8.7 0.5 120 0 2 1
8 9.3 0.4 87 0 2 1
8 10 0.4 180 0 2 1
8 10 0.6 46 0 2 3
8 10.4 1.3 44 0 2 3
8 10.6 1.9 48 0 2 3
8 11 2.5 79 0 2 3
8 16.5 0.7 53 0 2 3
8.1 10.7 0.3 78 0 2 1
8.1 10.8 2.4 56 0 2 3
8.1 16 0 47 0 2 1
8.1 16.5 1.2 60 0 2 3
8.1 16.7 0 39 0 2 1
8.1 17.3 0 109 0 2 1
8.1 18 0 127 0 2 1
8.1 18.6 0 142 0 2 1
8.1 19.3 0 123 0 2 1
8.1 20 0 84 0 2 1
8.2 10.2 1.6 42 0 2 3
8.2 10.3 1.8 42 0 2 3
8.3 9.8 0.9 44 0 2 3
8.3 10.5 2.4 64 0 2 3
8.3 17.2 0.2 49 0 2 3
8.4 9.7 1 47 0 2 3
8.4 11.7 3 134 0 2 3
8.5 9.7 1 50 0 2 3
8.5 10 1.9 39 0 2 3
8.5 10.1 2.2 43 0 2 3
8.5 10.2 2.4 60 0 2 3
8.5 10.4 2.5 69 0 2 3
8.5 11.8 3 138 0 2 3
8.5 11.9 3 139 0 2 3
8.5 14.2 3.2 119 0 2 3
8.6 9.9 2 34 0 2 3
8.6 9.9 2.1 38 0 2 3
8.6 10 2.2 40 0 2 3
8.7 8.7 0.5 120 0 2 1
8.7 9.3 0.4 82 0 2 1
8.7 10 0.4 45 0 2 1
8.7 10 2.3 42 0 2 3
8.7 10.1 2.4 71 0 2 3
8.7 12.1 3.1 132 0 2 3
8.7 12.6 3.1 144 0 2 3
8.7 13.3 3.1 137 0 2 3
8.8 10 2.5 75 0 2 3
8.8 17.3 0 49 0 2 1
8.8 18 0 42 0 2 1
8.8 18.6 0 118 0 2 1
8.8 19.3 0 115 0 2 1
8.8 20 0 83 0 2 1
9 9.6 0.8 49 0 2 3
9.2 9.8 1.9 58 0 2 3
9.3 9.3 0.4 96 0 2 1
9.3 9.9 2.1 58 0 2 3
9.4 10 0.4 59 0 2 1
9.4 10 2.8 66 0 2 3
9.5 18.6 0 47 0 2 1
9.5 19.3 0 45 0 2 1
9.5 20 0 85 0 2 1
9.7 9.8 1.7 71 0 2 3
9.7 10 2.6 58 0 2 3
9.8 9.5 0.7 78 0 2 3
9.8 14.9 3.4 132 0 2 3
9.9 10.1 3.1 150 0 2 3
10 10 0.3 51 0 2 1
10 10.1 3.1 71 0 2 3
10.1 9.8 2.2 71 0 2 3
10.1 13.9 3.3 101 0 2 3
10.1 20 0 45 0 2 1
10.2 9.6 1.2 75 0 2 3
10.2 10 2.9 70 0 2 3
10.2 10.4 3.1 105 0 2 3
10.3 10 2.9 70 0 2 3
10.3 12.3 3.2 107 0 2 3
10.3 12.9 3.3 97 0 2 3
10.4 10.7 3.2 95 0 2 3
10.4 11.2 3.2 103 0 2 3
10.4 11.7 3.2 121 0 2 3
10.5 10.6 3.1 70 0 2 3
10.6 13.1 3.3 133 0 2 3
10.7 10.9 3.1 63 0 2 3
10.7 12.5 3.2 131 0 2 3
10.8 10.5 2.9 71 0 2 3
