-20.1 -6.3 0 86 0 2 1
-20 -5.6 0 84 0 2 1
-20 -5 0 82 0 2 1
-20 -4.3 0 84 0 2 1
-20 -3.7 0 87 0 2 1
-20 -3 0 90 0 2 1
-20 3.6 0 78 0 2 1
-20 16 0 83 0 2 1
-20 16.7 0 84 0 2 1
-20 17.3 0 75 0 2 1
-20 18 0 80 0 2 1
-20 18.6 0 81 0 2 1
-20 19.3 0 77 0 2 1
-19.4 -19.4 0 117 0 2 1
-19.4 -5.6 0 126 0 2 1
-19.4 -5 0 124 0 2 1
-19.4 -3.7 0 122 0 2 1
-19.4 -3 0 132 0 2 1
-19.4 3.6 0 100 0 2 1
-19.4 15.4 0 129 0 2 1
-19.4 16 0 127 0 2 1
-19.4 16.7 0 114 0 2 1
-19.4 17.3 0 104 0 2 1
-19.4 18 0 126 0 2 1
-19.4 18.6 0 105 0 2 1
-19.4 19.3 0 85 0 2 1
-18.7 -18.7 0 119 0 2 1
-18.7 -5.6 0 127 0 2 1
-18.7 -5 0 125 0 2 1
-18.7 -3.7 0 132 0 2 1
-18.7 -3 0 132 0 2 1
-18.7 2.9 0 111 0 2 1
-18.7 3.6 0 108 0 2 1
-18.7 14.7 0 130 0 2 1
-18.7 15.4 0 120 0 2 1
-18.7 16 0 113 0 2 1
-18.7 16.7 0 120 0 2 1
-18.7 17.3 0 109 0 2 1
-18.7 18 0 111 0 2 1
-18.7 18.6 0 93 0 2 1
-18.1 -18.1 0 127 0 2 1
-18.1 -5.6 0 133 0 2 1
-18.1 -5 0 133 0 2 1
-18.1 -3.7 0 133 0 2 1
-18.1 -3 0 126 0 2 1
-18.1 2.9 0 104 0 2 1
-18.1 14.7 0 126 0 2 1
-18.1 15.4 0 120 0 2 1
-18.1 16 0 110 0 2 1
-18.1 16.7 0 96 0 2 1
-18.1 17.3 0 103 0 2 1
-18.1 18 0 112 0 2 1
-17.4 -17.4 0 115 0 2 1
-17.4 -5 0 125 0 2 1
-17.4 -3 0 127 0 2 1
-17.4 2.9 0 104 0 2 1
-17.4 14 0 126 0 2 1
-17.4 14.7 0 121 0 2 1
-17.4 15.4 0 122 0 2 1
-17.4 16 0 112 0 2 1
-17.4 16.7 0 89 0 2 1
-17.4 17.3 0 103 0 2 1
-16.9 -1.4 2.1 105 0 2 3
-16.8 -16.8 0 122 0 2 1
-16.8 -5 0 114 0 2 1
-16.8 -4.3 0 116 0 2 1
-16.8 -3 0 125 0 2 1
-16.8 -1.6 1.9 101 0 2 3
-16.8 -1.5 2 89 0 2 3
-16.8 -1.2 2.1 95 0 2 3
-16.8 -1.1 2.2 85 0 2 3
-16.8 2.9 0 111 0 2 1
-16.8 13.4 0 122 0 2 1
-16.8 14 0 132 0 2 1
-16.8 14.7 0 120 0 2 1
-16.8 15.4 0 117 0 2 1
-16.8 16 0 111 0 2 1
-16.8 16.7 0 97 0 2 1
-16.6 -0.8 2.3 93 0 2 3
-16.5 -1.8 1.8 95 0 2 3
-16.4 -6.2 1.7 78 0 2 3
-16.4 -0.6 2.5 98 0 2 3
-16.3 -6.3 1.8 86 0 2 3
-16.3 -1.3 2.1 105 0 2 3
-16.2 -6.4 2 83 0 2 3
-16.2 -2.3 0.8 94 0 2 3
-16.2 -2 1.7 98 0 2 3
-16.2 -1.4 2 111 0 2 3
-16.2 -1.1 2.2 96 0 2 3
-16.1 -16.1 0 117 0 2 1
-16.1 -4.3 0 120 0 2 1
-16.1 -3 0 124 0 2 1
-16.1 -2.4 0.6 78 0 2 3
-16.1 -2.2 1.1 96 0 2 3
-16.1 -2 1.7 105 0 2 3
-16.1 2.9 0 123 0 2 1
-16.1 12.7 0 125 0 2 1
-16.1 13.4 0 116 0 2 1
-16.1 14 0 118 0 2 1
-16.1 14.7 0 117 0 2 1
-16.1 15.4 0 116 0 2 1
-16.1 16 0 99 0 2 1
-16 -5.8 1.3 90 0 2 3
-16 -2.4 0 108 0 2 3
-16 -2.4 0.2 76 0 2 3
-16 -2.4 0.4 74 0 2 3
-16 -2.2 0.9 97 0 2 3
-16 -2 1.7 76 0 2 3
-16 -1.6 1.9 116 0 2 3
-15.9 -6.5 2.2 101 0 2 3
-15.9 -2.4 0.2 120 0 2 3
-15.8 1.9 1.6 163 0 2 3
-15.7 -6.6 2.4 106 0 2 3
-15.7 -5.5 1 79 0 2 3
-15.7 -1.8 1.8 121 0 2 3
-15.7 -0.5 2.5 99 0 2 3
-15.7 0.7 2.4 82 0 2 3
-15.7 1.9 1.6 114 0 2 3
-15.7 2 1.4 126 0 2 3
-15.7 2 1.5 159 0 2 3
-15.6 -2.2 0 68 0 2 3
-15.6 -2 1.1 91 0 2 3
-15.6 -1.8 1.8 95 0 2 3
-15.6 -1.2 2.1 114 0 2 3
-15.6 -0.9 2.3 111 0 2 3
-15.6 1.2 2.2 135 0 2 3
-15.6 1.7 1.9 79 0 2 3
-15.6 1.8 1.7 121 0 2 3
-15.6 1.8 1.8 89 0 2 3
-15.6 1.9 1.5 153 0 2 3
-15.6 1.9 1.6 140 0 2 3
-15.6 2 1.4 137 0 2 3
-15.6 2.1 1.3 113 0 2 3
-15.5 -4.3 0 128 0 2 1
-15.5 -2.3 0 112 0 2 1
-15.5 -2.2 0.3 81 0 2 3
-15.5 -0.8 2.3 110 0 2 3
-15.5 -0.5 2.5 91 0 2 3
-15.5 0.1 2.4 134 0 2 3
-15.5 2.1 1.4 127 0 2 3
-15.5 2.2 1.2 104 0 2 3
-15.5 2.2 1.3 103 0 2 3
-15.5 12.7 0 111 0 2 1
-15.5 13.4 0 101 0 2 1
-15.5 14 0 122 0 2 1
-15.5 14.7 0 116 0 2 1
-15.5 15.4 0 120 0 2 1
-15.4 -6.7 2.7 85 0 2 3
-15.4 -1.4 2 116 0 2 3
-15.4 -1.3 2 112 0 2 3
-15.4 0.6 2.4 137 0 2 3
-15.4 2.2 1.2 95 0 2 3
-15.3 -5 0.6 79 0 2 3
-15.3 1.5 2 116 0 2 3
-15.3 1.6 1.8 127 0 2 3
-15.2 -5.9 1.7 96 0 2 3
-15.2 -2.9 0.1 107 0 2 2
-15.2 -1.9 0.2 97 0 2 3
-15.2 -1.7 1.2 103 0 2 3
-15.2 -1.6 1.9 116 0 2 3
-15.2 -0.9 2.2 108 0 2 3
-15.2 1.7 1.4 124 0 2 3
-15.2 2 1.4 131 0 2 3
-15.1 -6.8 3 107 0 2 3
-15.1 -6 1.8 95 0 2 3
-15.1 -3.2 0.4 120 0 2 2
-15.1 -3 0.1 107 0 2 2
-15.1 -2.9 0 99 0 2 2
-15.1 -1.9 0.5 102 0 2 3
-15.1 -1.5 1.9 124 0 2 3
-15.1 -1.4 1.9 111 0 2 3
-15.1 2.1 1.3 118 0 2 3
-15.1 2.2 1.2 85 0 2 3
-15 -6.3 2.3 104 0 2 3
-15 -3.3 0.4 123 0 2 2
-15 -3 0.2 130 0 2 2
-15 -1.5 1.1 99 0 2 3
-15 -1.4 1.9 95 0 2 3
-15 -1.3 1.8 95 0 2 3
-15 -1.3 1.9 117 0 2 3
-15 -0.4 2.4 104 0 2 3
-15 0.5 2.4 134 0 2 3
-15 0.9 2.3 112 0 2 3
-15 1.3 2.1 140 0 2 3
-15 2.2 0.8 138 0 2 3
-14.9 -5.2 0.9 97 0 2 3
-14.9 -4.6 0.2 113 0 2 3
-14.9 -3.7 0.2 103 0 2 2
-14.9 -3.6 0.3 113 0 2 2
-14.9 -3.5 0.4 118 0 2 2
-14.9 -3.4 0.4 141 0 2 2
-14.9 -3.2 0.4 129 0 2 2
-14.9 -3.1 0.4 116 0 2 2
-14.9 -3 0.1 101 0 2 2
-14.9 -3 0.3 90 0 2 2
-14.9 -1.7 0 119 0 2 3
-14.9 -1.6 0.3 129 0 2 3
-14.9 -1.2 1.9 106 0 2 3
-14.9 -1.1 1.8 114 0 2 3
-14.9 -1.1 2.1 128 0 2 3
-14.9 -0.9 2.1 116 0 2 3
-14.9 -0.9 2.2 116 0 2 3
-14.9 0.1 2.4 117 0 2 3
-14.9 0.4 2.3 148 0 2 3
-14.9 1.4 1.7 138 0 2 3
-14.9 1.5 1.3 128 0 2 3
-14.8 -14.8 0.1 117 0 2 1
-14.8 -6.9 3.2 89 0 2 3
-14.8 -6.4 2.5 106 0 2 3
-14.8 -5.5 1.3 88 0 2 3
-14.8 -4.3 0 119 0 2 1
-14.8 -3.8 0 95 0 2 2
-14.8 -3.4 0.4 138 0 2 2
-14.8 -3.1 0.3 107 0 2 2
-14.8 -3.1 0.4 102 0 2 2
-14.8 -3 0 118 0 2 1
-14.8 -2.3 0 120 0 2 1
-14.8 -1.7 0 103 0 2 1
-14.8 -1.1 1.7 102 0 2 3
-14.8 -1 1.6 117 0 2 3
-14.8 -1 1.7 125 0 2 3
-14.8 -1 2 132 0 2 3
-14.8 0.8 2.2 153 0 2 3
-14.8 1.8 1.3 138 0 2 3
-14.8 2 1.3 119 0 2 3
-14.8 2.1 1.1 88 0 2 3
-14.8 2.1 1.2 100 0 2 3
-14.8 2.2 0 78 0 2 1
-14.8 12.1 0 115 0 2 1
-14.8 12.7 0 119 0 2 1
-14.8 13.4 0 109 0 2 1
-14.8 14 0 124 0 2 1
-14.8 14.7 0 121 0 2 1
-14.7 -6.9 3.3 100 0 2 3
-14.7 -3.7 0 113 0 2 2
-14.7 -3.7 0.1 91 0 2 2
-14.7 -3.6 0.3 115 0 2 2
-14.7 -3.5 0.4 113 0 2 2
-14.7 -3.3 0.4 144 0 2 2
-14.7 -3.2 0.3 143 0 2 2
-14.7 -3.2 0.4 142 0 2 2
-14.7 -3.1 0.1 152 0 2 2
-14.7 -3.1 0.2 133 0 2 2
-14.7 -3.1 0.3 134 0 2 2
-14.7 -3 0 118 0 2 2
-14.7 -3 0.1 127 0 2 2
-14.7 -3 0.2 118 0 2 2
-14.7 -3 0.3 118 0 2 2
-14.7 -1.4 0.1 89 0 2 3
-14.7 -1.3 0.2 83 0 2 3
-14.7 -1.2 0.8 73 0 2 3
-14.7 -1.2 0.9 95 0 2 3
-14.7 -1.1 1.6 118 0 2 3
-14.7 -0.9 1.6 127 0 2 3
-14.7 -0.8 1.9 119 0 2 3
-14.7 -0.5 2.4 135 0 2 3
-14.7 -0.4 2.4 128 0 2 3
-14.7 -0.1 2.3 116 0 2 3
-14.7 0.2 2.2 152 0 2 3
-14.7 0.6 1.8 158 0 2 3
-14.7 2.2 0.7 138 0 2 3
-14.6 -7 3.5 83 0 2 3
-14.6 -4.6 0 102 0 2 3
-14.6 -4.6 0.2 101 0 2 3
-14.6 -3.7 0.1 102 0 2 2
-14.6 -3.5 0.2 139 0 2 2
-14.6 -3.5 0.3 118 0 2 2
-14.6 -1.3 0 87 0 2 3
-14.6 -1.3 0.1 74 0 2 3
-14.6 -1.3 0.3 70 0 2 3
-14.6 -1.2 0.9 78 0 2 3
-14.6 -1.1 1.4 81 0 2 3
-14.6 -1 1.5 117 0 2 3
-14.6 -0.9 1.6 112 0 2 3
-14.6 -0.8 2.2 131 0 2 3
-14.6 -0.7 1.5 115 0 2 3
-14.6 -0.7 1.6 103 0 2 3
-14.6 -0.7 1.9 108 0 2 3
-14.6 -0.7 2.3 138 0 2 3
-14.6 -0.5 2.4 148 0 2 3
-14.6 -0.4 2.2 139 0 2 3
-14.6 -0.3 2.3 140 0 2 3
-14.6 0 2.2 131 0 2 3
-14.6 0.7 1.4 142 0 2 3
-14.6 1.6 1.3 139 0 2 3
-14.6 1.9 1.2 141 0 2 3
-14.6 2 1.1 132 0 2 3
-14.6 2 1.2 135 0 2 3
-14.6 2.3 0.3 112 0 2 3
-14.5 -7.3 3.8 120 0 2 3
-14.5 -7.1 3.6 135 0 2 3
-14.5 -7 3.5 106 0 2 3
-14.5 -3.5 0.1 132 0 2 2
-14.5 -3.4 0 118 0 2 2
-14.5 -0.7 1.5 117 0 2 3
-14.5 -0.6 1.5 121 0 2 3
-14.5 -0.6 1.7 119 0 2 3
-14.5 -0.5 2 133 0 2 3
-14.5 -0.4 1.9 142 0 2 3
-14.5 -0.2 2.1 146 0 2 3
-14.5 0 1.8 158 0 2 3
-14.5 2.1 0.7 139 0 2 3
-14.4 -7.1 3.7 110 0 2 3
-14.4 -7 3.5 95 0 2 3
-14.4 -6.7 3.1 102 0 2 3
-14.4 -6.5 2.8 102 0 2 3
-14.4 -4.8 0.5 113 0 2 3
-14.4 -4.7 0.3 107 0 2 3
-14.4 -4.6 0 115 0 2 3
-14.4 -0.5 1.5 135 0 2 3
-14.4 -0.5 1.6 131 0 2 3
-14.4 -0.4 1.4 138 0 2 3
-14.4 -0.4 1.5 147 0 2 3
-14.4 -0.3 1.4 148 0 2 3
-14.4 -0.3 1.8 148 0 2 3
-14.4 -0.2 1.4 143 0 2 3
-14.4 -0.2 1.8 142 0 2 3
-14.4 -0.1 1.4 132 0 2 3
-14.4 1.8 1.2 140 0 2 3
-14.4 1.9 1.1 140 0 2 3
-14.4 2 0.6 133 0 2 3
-14.4 2.2 0.2 117 0 2 3
-14.3 -0.9 1.4 108 0 2 3
-14.3 -0.9 1.5 131 0 2 3
-14.3 0.8 1.3 141 0 2 3
-14.3 1.7 1.2 135 0 2 3
-14.3 1.9 0.6 137 0 2 3
-14.3 2.1 0.1 123 0 2 3
-14.2 -14.2 0.1 115 0 2 1
-14.2 -4.8 0.6 105 0 2 3
-14.2 -4.3 0 123 0 2 1
-14.2 -1.1 0.2 93 0 2 3
-14.2 -1 0.7 103 0 2 3
-14.2 -0.9 1.2 106 0 2 3
-14.2 -0.5 1.4 129 0 2 3
-14.2 1.8 0.6 126 0 2 3
-14.2 2 0 127 0 2 3
-14.2 2 0.1 140 0 2 3
-14.1 -6.8 3.3 116 0 2 3
-14.1 -3.7 0 123 0 2 1
-14.1 -3 0 116 0 2 1
-14.1 -2.3 0 123 0 2 1
-14.1 -1.7 0 104 0 2 1
-14.1 -1.1 0.1 85 0 2 3
-14.1 0.1 1.3 148 0 2 3
-14.1 1 1.2 139 0 2 3
-14.1 1.2 1.1 139 0 2 3
-14.1 1.9 -0.1 90 0 2 3
-14.1 1.9 0.1 140 0 2 3
-14.1 2.2 0 95 0 2 1
-14.1 11.4 0 122 0 2 1
-14.1 12.1 0 112 0 2 1
-14.1 12.7 0 120 0 2 1
-14.1 13.4 0 113 0 2 1
-14.1 14 0 129 0 2 1
-14 -6.8 3.3 121 0 2 3
-14 -5.6 1.7 101 0 2 3
-14 -5.3 1.3 113 0 2 3
-14 -5 0.9 111 0 2 3
-14 -0.8 1.4 110 0 2 3
-14 1.3 0.6 131 0 2 3
-13.9 -7.9 3.7 132 0 2 3
-13.9 -5.9 2.1 111 0 2 3
-13.9 -5.8 2 121 0 2 3
-13.9 -5.1 0.9 127 0 2 3
-13.9 -5 0.7 117 0 2 3
-13.9 -0.8 1.2 102 0 2 3
-13.9 -0.7 1.2 147 0 2 3
-13.9 -0.5 1.3 142 0 2 3
-13.9 -0.3 1.3 148 0 2 3
-13.9 -0.2 1.3 150 0 2 3
-13.9 0.1 1.3 139 0 2 3
-13.9 0.4 1.2 147 0 2 3
-13.9 0.5 1.2 145 0 2 3
-13.9 0.7 1.1 147 0 2 3
-13.9 1.2 0 128 0 2 3
-13.8 -6.4 2.8 138 0 2 3
-13.8 -6.3 2.8 128 0 2 3
-13.8 -6.2 2.5 120 0 2 3
-13.8 -6.1 2.4 128 0 2 3
-13.8 -0.8 1 106 0 2 3
-13.8 -0.7 1 112 0 2 3
-13.8 -0.5 1.1 134 0 2 3
-13.8 -0.2 1.2 137 0 2 3
-13.8 0.2 1.1 140 0 2 3
-13.8 0.3 1 137 0 2 3
-13.8 0.3 1.1 140 0 2 3
-13.8 0.6 0.5 130 0 2 3
-13.7 -7.6 3.7 97 0 2 3
-13.7 -7.4 3.6 140 0 2 3
-13.7 -6.6 3.1 142 0 2 3
-13.7 -6.5 3.1 120 0 2 3
-13.7 -5.2 1.3 117 0 2 3
-13.7 -0.9 -0.1 113 0 2 3
-13.7 -0.9 0.1 147 0 2 3
-13.7 -0.9 0.6 108 0 2 3
-13.7 -0.7 1 121 0 2 3
-13.7 -0.4 1 123 0 2 3
-13.7 0 0.8 135 0 2 3
-13.7 0 0.9 134 0 2 3
-13.7 -0.1 1.1 133 0 2 3
-13.6 -6.3 2.7 110 0 2 3
-13.6 -5.6 1.8 101 0 2 3
-13.6 -5.5 1.6 109 0 2 3
-13.6 -0.8 0 128 0 2 3
-13.6 -0.7 0.5 132 0 2 3
-13.6 -0.6 0.5 139 0 2 3
-13.6 -0.3 0.4 135 0 2 3
-13.6 -0.3 0.5 132 0 2 3
-13.6 -0.2 0.3 138 0 2 3
-13.6 0 0.3 136 0 2 3
-13.6 0.3 0.4 131 0 2 3
-13.5 -13.5 0.2 112 0 2 1
-13.5 -6.5 3.1 113 0 2 3
-13.5 -6.2 2.5 106 0 2 3
-13.5 -5.9 2.1 112 0 2 3
-13.5 -5 0.1 120 0 2 1
-13.5 -4.3 0 118 0 2 1
-13.5 -3.7 0 116 0 2 1
-13.5 -3 0 111 0 2 1
-13.5 -2.3 0 111 0 2 1
-13.5 -1.7 0 111 0 2 1
-13.5 -1 0 115 0 2 1
-13.5 -0.4 0 102 0 2 1
-13.5 0.3 0 109 0 2 1
-13.5 0.9 0 113 0 2 1
-13.5 1.6 0 121 0 2 1
-13.5 2.2 0 100 0 2 1
-13.5 10.8 0 125 0 2 1
-13.5 11.4 0 123 0 2 1
-13.5 12.1 0 123 0 2 1
-13.5 12.7 0 122 0 2 1
-13.5 13.4 0 130 0 2 1
-13.3 -8.5 3.7 135 0 2 3
-13.3 -6.4 3 131 0 2 3
-13.3 -6.3 2.8 117 0 2 3
-13.3 -5.5 1.7 129 0 2 3
-13.3 -5.4 1.6 120 0 2 3
-13.2 -6.2 2.7 102 0 2 3
-13.2 -5.9 2.3 113 0 2 3
-13.2 -5.6 1.9 127 0 2 3
-13.1 -8.2 3.6 115 0 2 3
-13 -8.9 3.6 109 0 2 3
-13 -7.6 3.5 125 0 2 3
-13 -6.5 2.9 139 0 2 3
-13 -6.4 2.8 135 0 2 3
-12.9 -7.9 3.6 138 0 2 3
-12.8 -12.9 0.2 122 0 2 1
-12.8 -8.6 3.6 119 0 2 3
-12.8 -7.4 3.3 132 0 2 3
-12.8 -5 0.1 119 0 2 1
-12.8 -4.3 0 125 0 2 1
-12.8 -3.7 0 111 0 2 1
-12.8 -3 0 116 0 2 1
-12.8 -2.3 0 102 0 2 1
-12.8 -1.7 0 113 0 2 1
-12.8 -1 0 116 0 2 1
-12.8 -0.4 0 100 0 2 1
-12.8 0.3 0 102 0 2 1
-12.8 0.9 0 120 0 2 1
-12.8 1.6 0 123 0 2 1
-12.8 2.2 0 92 0 2 1
-12.8 10.8 0 123 0 2 1
-12.8 11.4 0 119 0 2 1
-12.8 12.1 0 122 0 2 1
-12.8 12.7 0 122 0 2 1
-12.7 -9.3 3.6 110 0 2 3
-12.7 -6.6 2.9 143 0 2 3
-12.4 -9.7 3.6 96 0 2 3
-12.4 -7.2 3.1 124 0 2 3
-12.3 -10.7 3.5 99 0 2 3
-12.3 -10.6 3.5 86 0 2 3
-12.3 -9.4 3.5 110 0 2 3
-12.3 -8.1 3.5 129 0 2 3
-12.3 -8 3.5 134 0 2 3
-12.2 -12.2 0.3 119 0 2 1
-12.2 -10.3 3.5 108 0 2 3
-12.2 -10 3.5 95 0 2 3
-12.2 -8.8 3.5 116 0 2 3
-12.2 -7.2 3 130 0 2 3
-12.2 -5 0.1 120 0 2 1
-12.2 -4.3 0.1 113 0 2 1
-12.2 -3.7 0 119 0 2 1
-12.2 -3 0 109 0 2 1
-12.2 -2.4 0 115 0 2 1
-12.2 -1.7 0 113 0 2 1
-12.2 -1 0 103 0 2 1
-12.2 -0.4 0 98 0 2 1
-12.2 0.3 0 107 0 2 1
-12.2 0.9 0 125 0 2 1
-12.2 1.6 0 116 0 2 1
-12.2 2.2 0 88 0 2 1
-12.2 10.1 0 129 0 2 1
-12.2 10.8 0 118 0 2 1
-12.2 11.4 0 123 0 2 1
-12.2 12.1 0 131 0 2 1
-12.1 -10.1 3.4 129 0 2 3
-12.1 -9.8 3.5 119 0 2 3
-12.1 -6.9 2.9 118 0 2 3
-12 -10.6 3.3 96 0 2 3
-12 -6.7 2.7 128 0 2 3
-12 -6.6 2.5 142 0 2 3
-12 -6.3 2.1 107 0 2 3
-12 -6.1 1.7 142 0 2 3
-12 -6 1.6 116 0 2 3
-11.9 -10 3.3 122 0 2 3
-11.9 -9.5 3.4 115 0 2 3
-11.9 -6.2 1.8 125 0 2 3
-11.9 -5.8 0.8 120 0 2 3
-11.8 -10.5 3.2 102 0 2 3
-11.8 -8.9 3.4 125 0 2 3
-11.8 -8.8 3.4 124 0 2 3
-11.8 -7 2.8 131 0 2 3
-11.8 -6.9 2.7 90 0 2 3
-11.7 -9.3 3.3 110 0 2 3
-11.7 -8.3 3.4 119 0 2 3
-11.6 -8.2 3.4 119 0 2 3
-11.6 -8.1 3.4 120 0 2 3
-11.5 -11.6 0.3 122 0 2 1
-11.5 -9.2 3.1 131 0 2 3
-11.5 -5.6 0.1 121 0 2 1
-11.5 -5 0.1 102 0 2 1
-11.5 -4.3 0.1 108 0 2 1
-11.5 -3.7 0.1 107 0 2 1
-11.5 -3 0 102 0 2 1
-11.5 -1.7 0 98 0 2 1
-11.5 -1 0 118 0 2 1
-11.5 -0.4 0 94 0 2 1
-11.5 0.3 0 105 0 2 1
-11.5 0.9 0 125 0 2 1
-11.5 1.6 0 90 0 2 1
-11.5 2.2 0 57 0 2 1
-11.5 9.5 0 134 0 2 1
-11.5 10.1 0 127 0 2 1
-11.5 10.8 0 117 0 2 1
-11.5 11.4 0 131 0 2 1
-11.4 -10.4 2.9 93 0 2 3
-11.4 -8 3.2 122 0 2 3
-11.3 -9.2 3.1 130 0 2 3
-11.1 -10.3 2.7 91 0 2 3
-11.1 -7.9 3.1 117 0 2 3
-11 -9 2.8 146 0 2 3
-11 -7.8 3 132 0 2 3
-11 -7.6 2.9 133 0 2 3
-10.9 -10.9 0.3 118 0 2 1
-10.9 -10.4 1.7 125 0 2 3
-10.9 -9.8 2.2 139 0 2 3
-10.9 -9.2 2.5 140 0 2 3
-10.9 -7.9 2.6 117 0 2 3
-10.9 -7.8 3 113 0 2 3
-10.9 -7.6 2.9 135 0 2 3
-10.9 -7.5 2.8 129 0 2 3
-10.9 -5.6 0.1 117 0 2 1
-10.9 -5 0.1 119 0 2 1
-10.9 -4.3 0.1 105 0 2 1
-10.9 0.3 0 124 0 2 1
-10.9 0.9 0 126 0 2 1
-10.9 1.6 0 74 0 2 1
-10.9 8.8 0 129 0 2 1
-10.9 9.5 0 131 0 2 1
-10.9 10.1 0 122 0 2 1
-10.9 10.8 0 121 0 2 1
-10.8 -10.7 0.5 110 0 2 3
-10.8 -10.6 0.4 84 0 2 3
-10.8 -10.6 0.6 99 0 2 3
-10.8 -10.6 0.7 121 0 2 3
-10.8 -10 1.2 138 0 2 3
-10.8 -9.9 1 135 0 2 3
-10.8 -9.3 1.6 125 0 2 3
-10.8 -8.7 2 104 0 2 3
-10.8 -8.1 2.3 103 0 2 3
-10.8 -7.7 2.3 96 0 2 3
-10.8 -7.7 2.4 92 0 2 3
-10.8 -7.6 2.7 135 0 2 3
-10.8 -7.4 2.4 126 0 2 3
-10.8 -7.3 2.4 93 0 2 3
-10.8 -7.3 2.5 124 0 2 3
-10.8 -7.3 2.7 135 0 2 3
-10.8 -7.3 2.8 139 0 2 3
-10.8 -7.2 2.3 126 0 2 3
-10.8 -7.2 2.6 138 0 2 3
-10.8 -7.1 2.3 133 0 2 3
-10.8 -7.1 2.4 127 0 2 3
-10.8 -7 2.3 128 0 2 3
-10.8 -3.7 0.1 97 0 2 1
-10.8 -3 0.1 104 0 2 1
-10.8 -1.7 0.1 107 0 2 1
-10.8 -1 0.1 116 0 2 1
-10.8 -0.4 0 104 0 2 1
-10.7 -10.6 0.6 99 0 2 3
-10.7 -10.5 0.4 79 0 2 3
-10.7 -8.6 1.1 112 0 2 3
-10.7 -8.4 1.5 119 0 2 3
-10.7 -7.8 1.8 130 0 2 3
-10.7 -7.4 1.8 120 0 2 3
-10.7 -7.1 2.1 161 0 2 3
-10.7 -6.8 2 143 0 2 3
-10.7 -6.7 1.8 131 0 2 3
-10.7 -6.6 1.7 137 0 2 3
-10.7 -6.5 1.5 123 0 2 3
-10.6 -9.2 0.5 122 0 2 3
-10.6 -8.4 0.3 79 0 2 3
-10.6 -8.4 0.4 90 0 2 3
-10.6 -7.5 1.3 158 0 2 3
-10.6 -7.1 1.6 155 0 2 3
-10.6 -7 1.3 162 0 2 3
-10.6 -6.6 1.5 138 0 2 3
-10.6 -6.5 1.4 135 0 2 3
-10.6 -6.3 0.8 92 0 2 3
-10.5 -7.8 0.6 112 0 2 3
-10.5 -7.6 0.9 136 0 2 3
-10.5 -6.9 1 134 0 2 3
-10.5 -6.5 1.2 122 0 2 3
-10.5 -6.4 1.1 125 0 2 3
-10.5 -6.3 0.3 120 0 2 3
-10.5 -6.3 0.4 104 0 2 3
-10.4 -7.1 0.5 140 0 2 3
-10.4 -7.1 0.7 148 0 2 3
-10.4 -6.5 1 106 0 2 3
-10.4 -6.4 0.4 120 0 2 3
-10.4 -6.4 0.6 120 0 2 3
-10.4 -6.4 0.7 106 0 2 3
-10.2 -10.2 0.2 120 0 2 1
-10.2 -9.6 0.2 119 0 2 1
-10.2 -8.9 0.2 112 0 2 1
-10.2 -8.3 0.2 119 0 2 1
-10.2 -7.6 0.2 121 0 2 1
-10.2 -7 0.2 122 0 2 1
-10.2 -6.3 0.2 118 0 2 1
-10.2 -5.7 0.2 112 0 2 1
-10.2 -5 0.2 89 0 2 1
-10.2 -4.3 0.1 98 0 2 1
-10.2 -3.7 0.1 94 0 2 1
-10.2 -3 0.1 103 0 2 1
-10.2 -1.1 0.1 102 0 2 1
-10.2 0.3 0.1 120 0 2 1
-10.2 0.9 0 115 0 2 1
-10.2 1.6 0 62 0 2 1
-10.2 8.1 0 136 0 2 1
-10.2 8.8 0 132 0 2 1
-10.2 9.5 0 129 0 2 1
-10.2 10.1 0 121 0 2 1
-9.6 -9.6 0.2 119 0 2 1
-9.6 -8.9 0.2 111 0 2 1
-9.6 -8.3 0.2 128 0 2 1
-9.6 -7.6 0.2 125 0 2 1
-9.6 7.5 0 128 0 2 1
-9.6 8.1 0 126 0 2 1
-9.6 8.8 0 129 0 2 1
-9.6 9.5 0 130 0 2 1
-9.5 -7 0.2 128 0 2 1
-9.5 -6.3 0.2 107 0 2 1
-9.5 -5.7 0.2 110 0 2 1
-9.5 -5 0.2 100 0 2 1
-9.5 -4.3 0.2 109 0 2 1
-9.5 -3.7 0.2 110 0 2 1
-9.5 -3 0.2 111 0 2 1
-9.5 -1.1 0.2 109 0 2 1
-9.5 0.3 0.1 113 0 2 1
-9.5 0.9 0.1 118 0 2 1
-9.5 1.6 0.1 111 0 2 1
-8.9 -8.9 0.2 117 0 2 1
-8.9 -8.3 0.2 118 0 2 1
-8.9 -7.6 0.2 119 0 2 1
-8.9 -7 0.2 118 0 2 1
-8.9 -6.3 0.2 112 0 2 1
-8.9 -5.7 0.2 113 0 2 1
-8.9 -5 0.2 109 0 2 1
-8.9 0.2 0.2 123 0 2 1
-8.9 0.9 0.1 126 0 2 1
-8.9 1.6 0.1 120 0 2 1
-8.9 6.8 0 123 0 2 1
-8.9 7.5 0 121 0 2 1
-8.9 8.1 0 121 0 2 1
-8.9 8.8 0 134 0 2 1
-8.8 -4.3 0.2 110 0 2 1
-8.8 -3.7 0.2 110 0 2 1
-8.8 -3 0.2 112 0 2 1
-8.8 -1.1 0.2 117 0 2 1
-8.5 2.1 2.4 105 0 2 3
-8.5 2.4 2.5 111 0 2 3
-8.5 2.5 2.6 118 0 2 3
-8.5 2.7 2.6 95 0 2 3
-8.4 2.2 2.5 103 0 2 3
-8.3 2.1 2.4 122 0 2 3
-8.3 2.9 2.7 132 0 2 3
-8.3 7.5 0 123 0 2 1
-8.3 8.1 0 114 0 2 1
-8.2 -8.3 0.1 114 0 2 1
-8.2 -7.6 0.2 128 0 2 1
-8.2 -7 0.2 114 0 2 1
-8.2 -6.3 0.2 113 0 2 1
-8.2 -5.7 0.2 111 0 2 1
-8.2 -5 0.3 112 0 2 1
-8.2 -4.4 0.3 109 0 2 1
-8.2 -3.7 0.3 107 0 2 1
-8.2 -3 0.3 99 0 2 1
-8.2 -2.4 0.3 103 0 2 1
-8.2 -1.1 0.3 121 0 2 1
-8.2 0.2 0.2 132 0 2 1
-8.2 0.9 0.2 124 0 2 1
-8.2 1.6 0.1 120 0 2 1
-8.2 1.9 2.2 109 0 2 3
-8.2 1.9 2.3 84 0 2 3
-8.2 2.2 0.1 119 0 2 1
-8.2 5.2 2.6 132 0 2 3
-8.2 5.3 2.5 102 0 2 3
-8.2 6.2 0 117 0 2 1
-8.2 6.8 0 118 0 2 1
-8.1 1.8 2.1 88 0 2 3
-8.1 1.9 2.2 102 0 2 3
-8 1.7 1.8 90 0 2 3
-8 1.8 2 80 0 2 3
-8 3.3 2.7 98 0 2 3
-7.9 1.6 1.5 82 0 2 3
-7.9 1.7 1.7 80 0 2 3
-7.8 -1.7 0.7 105 0 2 2
-7.8 1.4 0.9 91 0 2 3
-7.8 1.4 1 107 0 2 3
-7.8 1.4 1.1 106 0 2 3
-7.8 1.5 1.2 86 0 2 3
-7.8 1.5 1.3 102 0 2 3
-7.8 1.6 1.4 110 0 2 3
-7.8 1.6 1.5 109 0 2 3
-7.8 1.7 1.6 131 0 2 3
-7.8 2.4 2.3 131 0 2 3
-7.8 2.7 2.4 131 0 2 3
-7.8 3 2.6 135 0 2 3
-7.8 3.2 2.6 127 0 2 3
-7.8 4.6 2.7 151 0 2 3
-7.8 5.2 2.3 127 0 2 3
-7.7 -1.8 0.7 109 0 2 2
-7.7 -1.7 0.7 116 0 2 2
-7.7 1.4 0.8 90 0 2 3
-7.7 1.4 0.9 101 0 2 3
-7.7 1.5 1.1 96 0 2 3
-7.7 2.3 2.2 90 0 2 3
-7.7 2.5 2.3 118 0 2 3
-7.7 3.6 2.8 125 0 2 3
-7.7 4.6 2.6 144 0 2 3
-7.6 -7.6 0.2 119 0 2 1
-7.6 -7 0.2 120 0 2 1
-7.6 -1.9 0.7 118 0 2 2
-7.6 -1.8 0.7 116 0 2 2
-7.6 -1.2 0.4 101 0 2 2
-7.6 -1.2 0.7 98 0 2 2
-7.6 -1.1 0.3 114 0 2 2
-7.6 -1.1 0.4 99 0 2 2
-7.6 1.5 0.7 100 0 2 3
-7.6 2.2 0.1 119 0 2 1
-7.6 2.4 2.2 130 0 2 3
-7.6 2.9 0.1 114 0 2 1
-7.6 3.5 0 105 0 2 1
-7.6 3.6 2.7 143 0 2 3
-7.6 4.7 2.4 143 0 2 3
-7.6 4.9 0 101 0 2 1
-7.6 5.5 0 107 0 2 1
-7.6 6.2 0 120 0 2 1
-7.6 6.8 0 115 0 2 1
-7.6 7.5 0 116 0 2 1
-7.5 -6.3 0.2 120 0 2 1
-7.5 -5.7 0.3 115 0 2 1
-7.5 -5 0.3 111 0 2 1
-7.5 -4.4 0.3 93 0 2 1
-7.5 -3.7 0.3 89 0 2 1
-7.5 -3.1 0.4 113 0 2 1
-7.5 -2.4 0.4 115 0 2 1
-7.5 -2 0.6 113 0 2 2
-7.5 -2 0.7 105 0 2 2
-7.5 -1.9 0.7 119 0 2 2
-7.5 -1.7 0.7 122 0 2 2
-7.5 -1.6 0.7 131 0 2 2
-7.5 -1.2 0.6 118 0 2 2
-7.5 -1.2 0.7 124 0 2 2
-7.5 -1.1 0.3 117 0 2 1
-7.5 0.2 0.3 135 0 2 1
-7.5 0.9 0.2 123 0 2 1
-7.5 1.5 0.5 63 0 2 3
-7.5 1.6 0.2 125 0 2 1
-7.5 1.6 0.4 110 0 2 3
-7.5 2.4 2.1 145 0 2 3
-7.5 5.1 2.1 108 0 2 3
-7.4 -2.1 0.4 114 0 2 2
-7.4 -2.1 0.5 116 0 2 2
-7.4 -2 0.5 122 0 2 2
-7.4 -2 0.6 116 0 2 2
-7.4 -1.2 0.5 115 0 2 2
-7.4 -1.2 0.6 130 0 2 2
-7.4 1.6 0.4 120 0 2 3
-7.4 2.3 1.8 115 0 2 3
-7.4 2.8 2.3 145 0 2 3
-7.4 4 2.8 123 0 2 3
-7.4 5.1 2.1 137 0 2 3
-7.3 -1.8 0.6 144 0 2 2
-7.3 -1.7 0.7 139 0 2 2
-7.3 -1.6 0.7 144 0 2 2
-7.3 -1.5 0.7 134 0 2 2
-7.3 -1.2 0.5 113 0 2 2
-7.3 -1.2 0.6 109 0 2 2
-7.3 2.3 1.7 130 0 2 3
-7.3 3.9 2.7 134 0 2 3
-7.3 4 2.7 149 0 2 3
-7.3 5.1 2 129 0 2 3
-7.2 -1.7 0.5 146 0 2 2
-7.2 -1.7 0.6 146 0 2 2
-7.2 -1.6 0.6 143 0 2 2
-7.2 -1.6 0.7 148 0 2 2
-7.2 -1.4 0.6 161 0 2 2
-7.2 1.8 0.4 122 0 2 3
-7.2 2.2 1.5 122 0 2 3
-7.2 2.2 1.6 145 0 2 3
-7.2 2.9 2.2 140 0 2 3
-7.2 3 2.3 144 0 2 3
-7.2 3.8 2.7 152 0 2 3
-7.2 3.9 2.6 166 0 2 3
-7.2 4.6 2.2 154 0 2 3
-7.2 5 2 131 0 2 3
-7.1 -1.7 0.5 136 0 2 2
-7.1 -1.6 0.5 149 0 2 2
-7.1 -1.3 0.4 122 0 2 2
-7.1 -1.3 0.5 129 0 2 2
-7.1 -1.2 0.5 115 0 2 2
-7.1 2.2 1.1 128 0 2 3
-7.1 3 2.2 142 0 2 3
-7.1 3.1 2.3 142 0 2 3
-7.1 3.4 2.4 140 0 2 3
-7.1 3.6 2.5 148 0 2 3
-7.1 4 2.5 157 0 2 3
-7.1 4 2.6 154 0 2 3
-7.1 4.6 2.2 151 0 2 3
-7.1 5 1.9 88 0 2 3
-7 -1.6 0.4 132 0 2 2
-7 -1.4 0.4 127 0 2 2
-7 3.2 2.2 155 0 2 3
-7 3.4 2.2 143 0 2 3
-7 3.8 2.4 163 0 2 3
-7 4.1 2.5 155 0 2 3
-7 4.7 2 157 0 2 3
-7 5 1.9 131 0 2 3
-6.9 -7 0.2 97 0 2 1
-6.9 -6.3 0.2 108 0 2 1
-6.9 -5.7 0.3 89 0 2 1
-6.9 -5 0.3 99 0 2 1
-6.9 -4.4 0.3 92 0 2 1
-6.9 0.9 0.3 128 0 2 1
-6.9 1.6 0.2 122 0 2 1
-6.9 2.2 0.1 122 0 2 1
-6.9 2.9 0.1 119 0 2 1
-6.9 2.9 1.9 142 0 2 3
-6.9 3.2 2.1 149 0 2 3
-6.9 3.3 2 127 0 2 3
-6.9 3.3 2.1 149 0 2 3
-6.9 3.5 0 115 0 2 1
-6.9 3.7 2.2 159 0 2 3
-6.9 4.2 0 105 0 2 1
-6.9 4.2 2.3 164 0 2 3
-6.9 4.7 1.9 152 0 2 3
-6.9 4.9 0 113 0 2 1
-6.9 5.5 0 113 0 2 1
-6.9 6.2 0 113 0 2 1
-6.9 6.8 0 123 0 2 1
-6.8 -3.7 0.4 102 0 2 1
-6.8 -3.1 0.4 112 0 2 1
-6.8 -2.4 0.4 112 0 2 1
-6.8 -1.8 0.4 122 0 2 1
-6.8 -1.1 0.4 126 0 2 1
-6.8 3.1 1.8 152 0 2 3
-6.8 3.3 2 140 0 2 3
-6.8 3.9 2 164 0 2 3
-6.8 4.3 2.1 162 0 2 3
-6.8 4.8 1.8 145 0 2 3
-6.7 -0.3 0.7 121 0 2 2
-6.7 -0.2 0.8 122 0 2 2
-6.7 0 0.6 119 0 2 2
-6.7 -0.1 0.7 122 0 2 2
-6.7 0.1 0.5 128 0 2 2
-6.7 2.9 1.6 146 0 2 3
-6.7 2.9 1.7 146 0 2 3
-6.7 3.3 1.8 135 0 2 3
-6.7 4 1.9 153 0 2 3
-6.7 4.4 2 158 0 2 3
-6.7 4.9 1.7 128 0 2 3
-6.6 -0.5 0.7 113 0 2 2
-6.6 -0.4 0.7 116 0 2 2
-6.6 -0.2 0.7 130 0 2 2
-6.6 -0.2 0.8 134 0 2 2
-6.6 0 0.6 125 0 2 2
-6.6 0.1 0.5 131 0 2 2
-6.6 0.2 0.4 118 0 2 2
-6.6 0.2 0.5 130 0 2 2
-6.6 2.8 1.5 134 0 2 3
-6.6 3.1 1.5 149 0 2 3
-6.6 3.1 1.6 142 0 2 3
-6.6 4.5 1.8 147 0 2 3
-6.5 -0.6 0.5 122 0 2 2
-6.5 -0.6 0.6 116 0 2 2
-6.5 -0.5 0.7 130 0 2 2
-6.5 -0.4 0.7 127 0 2 2
-6.5 -0.3 0.8 121 0 2 2
-6.5 -0.1 0.6 121 0 2 2
-6.5 0.1 0.5 129 0 2 2
-6.5 0.2 0.4 111 0 2 2
-6.5 0.3 0.3 129 0 2 2
-6.5 0.3 0.4 113 0 2 2
-6.5 3.3 1.6 151 0 2 3
-6.5 4 1.6 149 0 2 3
-6.5 4.7 1.7 134 0 2 3
-6.4 -0.6 0.5 102 0 2 2
-6.4 -0.5 0.6 83 0 2 2
-6.4 -0.5 0.7 109 0 2 2
-6.4 -0.3 0.7 133 0 2 2
-6.4 -0.3 0.8 119 0 2 2
-6.4 -0.2 0.7 122 0 2 2
-6.4 0 0.5 129 0 2 2
-6.4 -0.1 0.6 114 0 2 2
-6.4 0.2 0.3 124 0 2 2
-6.4 3 1.3 141 0 2 3
-6.4 3.2 1.3 157 0 2 3
-6.4 4 1.5 152 0 2 3
-6.4 4.7 1.6 142 0 2 3
-6.4 4.8 1.5 149 0 2 3
-6.4 4.8 1.6 143 0 2 3
-6.4 4.9 1.5 99 0 2 3
-6.4 5 0.7 122 0 2 3
-6.3 -0.5 0.6 114 0 2 2
-6.3 -0.3 0.7 134 0 2 2
-6.3 -0.2 0.6 124 0 2 2
-6.3 -0.1 0.5 129 0 2 2
-6.3 0.1 0.4 146 0 2 2
-6.3 3.1 1.1 136 0 2 3
-6.3 3.5 0.1 125 0 2 1
-6.3 3.7 1.3 134 0 2 3
-6.3 4.2 0 111 0 2 1
-6.3 4.7 1.5 127 0 2 3
-6.3 4.8 1.2 123 0 2 3
-6.3 4.8 1.3 128 0 2 3
-6.3 4.9 0 108 0 2 1
-6.3 4.9 0.7 125 0 2 3
-6.3 4.9 1 129 0 2 3
-6.3 4.9 1.2 124 0 2 3
-6.3 4.9 1.3 129 0 2 3
-6.3 5 0.8 138 0 2 3
-6.3 5.5 0 118 0 2 1
-6.3 6.2 0 122 0 2 1
-6.2 -5.7 0.3 106 0 2 1
-6.2 -5 0.3 99 0 2 1
-6.2 -4.4 0.4 98 0 2 1
-6.2 -3.7 0.4 120 0 2 1
-6.2 -3.1 0.4 116 0 2 1
-6.2 -2.4 0.4 135 0 2 1
-6.2 -1.8 0.4 138 0 2 1
-6.2 -1.1 0.4 135 0 2 1
-6.2 -0.5 0.5 102 0 2 2
-6.2 -0.3 0.5 128 0 2 2
-6.2 -0.3 0.6 102 0 2 2
-6.2 -0.2 0.6 122 0 2 2
-6.2 0 0.4 140 0 2 2
-6.2 0 0.5 133 0 2 2
-6.2 -0.1 0.6 113 0 2 2
-6.2 0.1 0.5 137 0 2 2
-6.2 0.2 0.3 125 0 2 1
-6.2 0.9 0.3 122 0 2 1
-6.2 1.6 0.2 122 0 2 1
-6.2 2.2 0.2 124 0 2 1
-6.2 2.9 0.1 108 0 2 1
-6.2 3.1 1.1 136 0 2 3
-6.2 4.5 1.1 110 0 2 3
-6.2 4.5 1.3 152 0 2 3
-6.2 4.8 0.7 104 0 2 3
-6.2 4.8 0.9 128 0 2 3
-6.1 -0.5 0.4 111 0 2 2
-6.1 -0.2 0.6 98 0 2 2
-6.1 -0.1 0.5 128 0 2 2
-6.1 -0.1 0.6 117 0 2 2
-6.1 3.6 1.1 147 0 2 3
-6.1 4.2 1.1 123 0 2 3
-6.1 4.4 0.9 109 0 2 3
-6.1 4.7 0.7 130 0 2 3
-6 -0.3 0.4 118 0 2 2
-6 -0.2 0.4 126 0 2 2
-6 -0.2 0.5 141 0 2 2
-6 3.2 0.9 120 0 2 3
-6 3.3 0.9 153 0 2 3
-5.9 3.3 0.7 123 0 2 3
-5.9 3.8 0.9 135 0 2 3
-5.9 4.1 0.7 136 0 2 3
-5.8 3.3 0.4 90 0 2 3
-5.8 3.4 0.7 133 0 2 3
-5.8 3.5 0.4 93 0 2 3
-5.8 3.5 0.6 149 0 2 3
-5.7 3.4 0.4 82 0 2 3
-5.7 3.5 0.4 125 0 2 3
-5.6 1.6 0.2 123 0 2 1
-5.6 2.2 0.2 127 0 2 1
-5.6 2.9 0.1 122 0 2 1
-5.6 3.5 0.1 134 0 2 1
-5.6 4.2 0 123 0 2 1
-5.6 4.9 0 113 0 2 1
-5.6 5.5 0 125 0 2 1
-5.5 -5 0.4 110 0 2 1
-5.5 -4.4 0.4 111 0 2 1
-5.5 -3.7 0.4 113 0 2 1
-5.5 -3.1 0.5 117 0 2 1
-5.5 -2.4 0.5 135 0 2 1
-5.5 -1.8 0.5 135 0 2 1
-5.5 -1.1 0.4 126 0 2 1
-5.5 -0.4 0.4 132 0 2 1
-5.5 0.2 0.4 125 0 2 1
-5.5 0.9 0.3 121 0 2 1
-5 4.2 0 128 0 2 1
-5 4.9 0 118 0 2 1
-4.9 -4.4 0.4 113 0 2 1
-4.9 -3.7 0.4 117 0 2 1
-4.9 -3.1 0.5 104 0 2 1
-4.9 -2.4 0.5 126 0 2 1
-4.9 -1.8 0.5 122 0 2 1
-4.9 -1.1 0.4 127 0 2 1
-4.9 -0.4 0.4 127 0 2 1
-4.9 0.2 0.4 126 0 2 1
-4.9 0.9 0.3 119 0 2 1
-4.9 1.5 0.2 123 0 2 1
-4.9 2.2 0.2 126 0 2 1
-4.9 2.9 0.1 125 0 2 1
-4.9 3.5 0.1 122 0 2 1
-4.3 1.6 0.2 118 0 2 1
-4.3 2.2 0.2 124 0 2 1
-4.3 2.9 0.1 120 0 2 1
-4.3 3.5 0.1 126 0 2 1
-4.3 4.2 0 120 0 2 1
-4.2 -3.7 0.4 120 0 2 1
-4.2 -3.1 0.5 108 0 2 1
-4.2 -2.4 0.5 112 0 2 1
-4.2 -1.8 0.5 114 0 2 1
-4.2 -1.1 0.4 127 0 2 1
-4.2 -0.4 0.4 126 0 2 1
-4.2 0.2 0.4 122 0 2 1
-4.2 0.9 0.3 116 0 2 1
-3.6 -3.1 0.4 113 0 2 1
-3.6 -2.4 0.4 121 0 2 1
-3.6 -1.8 0.4 129 0 2 1
-3.6 -1.1 0.4 122 0 2 1
-3.6 -0.4 0.4 129 0 2 1
-3.6 0.2 0.3 126 0 2 1
-3.6 0.9 0.3 119 0 2 1
-3.6 1.6 0.2 119 0 2 1
-3.6 2.2 0.2 118 0 2 1
-3.6 2.9 0.1 117 0 2 1
-3.6 3.5 0.1 123 0 2 1
-3 1.6 0.2 111 0 2 1
-3 2.2 0.2 119 0 2 1
-3 2.9 0.1 115 0 2 1
-2.9 -2.4 0.4 115 0 2 1
-2.9 -1.8 0.4 137 0 2 1
-2.9 -1.1 0.4 127 0 2 1
-2.9 -0.4 0.4 132 0 2 1
-2.9 0.2 0.3 127 0 2 1
-2.9 0.9 0.3 127 0 2 1
