9.169504642486572 -9.995501637458801 3.3730101585388184 100 118.00000816583633 79.00000289082527 51.000004559755325
8.788083791732788 -9.34992790222168 0.46082939952611923 100 55.000004321336746 34.00000177323818 23.000000528991222
7.838607430458069 -10.82335114479065 1.9826027750968933 100 39.00000147521496 22.000000588595867 15.00000100582838
6.847331523895264 -12.228906154632568 3.113938271999359 100 28.00000213086605 16.000000946223736 11.000000294297934
5.098985433578491 -13.888131380081177 2.184803783893585 100 47.0000009983778 38.0000015348196 34.00000177323818
7.1749842166900635 -12.742613554000854 4.218260943889618 100 79.00000289082527 48.00000473856926 37.00000159442425
6.818792819976807 -12.607163190841675 4.047491252422333 100 90.00000223517418 55.000004321336746 37.00000159442425
6.079502105712891 -13.18920612335205 3.6245810985565186 100 54.00000438094139 43.00000123679638 38.0000015348196
6.267475485801697 -13.054438829421997 3.8229581713676453 100 53.000004440546036 42.000001296401024 37.00000159442425
5.776697397232056 -13.431870937347412 3.1432554125785828 100 59.00000408291817 46.000001057982445 39.00000147521496
4.462744891643524 -13.76742959022522 0.6655849516391754 100 56.0000042617321 50.00000461935997 47.0000009983778
4.551413059234619 -13.697510957717896 1.0649574548006058 100 54.00000438094139 46.000001057982445 43.00000123679638
5.319507122039795 -13.61270785331726 2.5712263584136963 100 62.00000390410423 59.00000408291817 57.00000420212746
6.2179625034332275 -12.937743663787842 3.2318907976150513 100 42.000001296401024 24.00000236928463 14.000001065433025
5.857897996902466 -12.69906759262085 1.7565453052520752 100 57.00000420212746 35.00000171363354 20.000000707805157
7.949552536010742 -12.843725681304932 4.497976899147034 100 78.00000295042992 66.00000366568565 62.00000390410423
9.588333368301392 -11.668639183044434 4.360725283622742 100 89.00000229477882 73.00000324845314 66.00000366568565
10.404878854751587 -11.316895484924316 4.418488442897797 100 100.00000923871994 72.00000330805779 60.00000402331352
8.231981992721558 -12.833828926086426 4.558205306529999 100 78.00000295042992 67.00000360608101 64.00000378489494
4.845108985900879 -13.71860146522522 1.766277551651001 100 64.00000378489494 62.00000390410423 61.00000396370888
5.9132832288742065 -12.230123281478882 0.6823756545782089 100 34.00000177323818 19.0000007674098 12.000001184642315
6.111310124397278 -13.050189018249512 3.3484837412834167 100 29.000002071261406 17.00000088661909 12.000001184642315
8.504056334495544 -10.40942668914795 2.677806317806244 100 46.000001057982445 27.000002190470695 17.00000088661909
8.97879421710968 -9.672714471817017 1.9169196486473083 100 66.00000366568565 42.000001296401024 29.000002071261406
8.313345909118652 -10.086638927459717 1.2217161059379578 100 45.00000111758709 26.00000225007534 16.000000946223736
7.34296977519989 -11.526128053665161 2.548270523548126 100 30.00000201165676 17.00000088661909 12.000001184642315
8.008418083190918 -11.112203598022461 3.243474066257477 100 46.000001057982445 26.00000225007534 15.00000100582838
6.833062171936035 -12.41803526878357 3.580714762210846 100 34.00000177323818 19.0000007674098 13.00000112503767
7.9941487312316895 -11.301332712173462 3.7102508544921875 100 111.00000858306885 72.00000330805779 43.00000123679638
6.449148058891296 -12.898184061050415 3.8360360264778137 100 40.00000141561031 23.000000528991222 14.000001065433025
6.173489093780518 -13.121821880340576 3.72376948595047 100 59.00000408291817 53.000004440546036 50.00000461935997
6.543133854866028 -12.830801010131836 3.935225009918213 100 68.00000354647636 40.00000141561031 26.00000225007534
4.4367095828056335 -13.94054651260376 0.38987983018159866 100 45.00000111758709 31.000001952052116 24.00000236928463
6.543779969215393 -11.577907800674438 0.39307810366153717 100 30.00000201165676 18.000000827014446 14.000001065433025
4.481043815612793 -13.905587196350098 0.5895658954977989 100 117.00000822544098 77.00000301003456 49.000004678964615
4.825199246406555 -13.792821168899536 1.6248805820941925 100 32.00000189244747 18.000000827014446 13.00000112503767
5.548102259635925 -13.522288799285889 2.8572410345077515 100 65.0000037252903 54.00000438094139 49.000004678964615
5.58870255947113 -13.155887126922607 2.1638858318328857 100 55.000004321336746 33.00000183284283 19.0000007674098
5.768734812736511 -13.275225162506104 2.901558578014374 100 57.00000420212746 33.00000183284283 18.000000827014446
6.037930250167847 -12.818405628204346 2.4942180514335632 100 36.00000165402889 20.000000707805157 12.000001184642315
9.136416912078857 -11.60295844078064 4.189993441104889 100 101.0000091791153 66.00000366568565 48.00000473856926
8.768942952156067 -12.256182432174683 4.429351091384888 100 112.0000085234642 70.00000342726707 47.0000009983778
9.955807328224182 -11.01541519165039 4.121367633342743 100 109.00000870227814 74.0000031888485 52.00000450015068
8.749132752418518 -11.552401781082153 4.050135314464569 100 111.00000858306885 71.00000336766243 45.00000111758709
7.562268376350403 -12.793169021606445 4.358118772506714 100 76.0000030696392 69.00000348687172 67.00000360608101
10.282164812088013 -11.186710596084595 4.3106114864349365 100 120.00000804662704 80.00000283122063 56.0000042617321
8.57103705406189 -11.484676599502563 3.9647507667541504 100 112.0000085234642 71.00000336766243 46.000001057982445
9.746392965316772 -10.17884612083435 3.6275100708007812 100 126.00000768899918 92.00000211596489 71.00000336766243
9.263448119163513 -12.670230865478516 4.524492919445038 100 109.00000870227814 71.00000336766243 48.00000473856926
8.910157680511475 -12.25123405456543 4.459465444087982 100 104.00000900030136 72.00000330805779 57.00000420212746
9.99660611152649 -11.492767333984375 4.389607012271881 100 121.0000079870224 85.0000025331974 62.00000390410423
5.351503491401672 -13.208835124969482 1.761411428451538 100 57.00000420212746 33.00000183284283 18.000000827014446
5.082308053970337 -13.66565465927124 2.1687519550323486 100 42.000001296401024 26.00000225007534 19.0000007674098
6.875945329666138 -11.526737213134766 1.332489252090454 100 34.00000177323818 19.0000007674098 13.00000112503767
8.231711387634277 -10.105868577957153 1.0515869408845901 100 44.000001177191734 26.00000225007534 16.000000946223736
7.269049286842346 -10.80925464630127 0.401473306119442 100 41.00000135600567 23.000000528991222 14.000001065433025
5.997329950332642 -13.184807300567627 3.187573254108429 100 36.00000165402889 21.000000648200512 13.00000112503767
6.479321122169495 -12.63954758644104 3.231211006641388 100 28.00000213086605 16.000000946223736 12.000001184642315
6.465051770210266 -12.828675508499146 3.6979874968528748 100 42.000001296401024 23.000000528991222 13.00000112503767
5.944004058837891 -13.241029977798462 3.2458695769309998 100 44.000001177191734 25.000002309679985 15.00000100582838
6.164636611938477 -12.993966341018677 3.290187120437622 100 29.000002071261406 16.000000946223736 10.000000353902578
5.928100347518921 -13.310538530349731 3.3839184045791626 100 47.0000009983778 39.00000147521496 36.00000165402889
5.209245681762695 -13.750419616699219 2.3780150711536407 100 65.0000037252903 62.00000390410423 60.00000402331352
4.972046911716461 -13.803366422653198 1.975540667772293 100 54.00000438094139 43.00000123679638 38.0000015348196
5.885590314865112 -12.464596033096313 1.219460442662239 100 46.000001057982445 27.000002190470695 15.00000100582838
6.848253011703491 -11.761208772659302 1.8695740401744843 100 36.00000165402889 22.000000588595867 14.000001065433025
6.352614760398865 -12.463986873626709 2.435241788625717 100 41.00000135600567 25.000002309679985 15.00000100582838
6.721229553222656 -12.898526191711426 4.020609557628632 100 96.00000947713852 66.00000366568565 52.00000450015068
5.188013911247253 -12.99877643585205 0.6739803403615952 100 49.000004678964615 29.000002071261406 16.000000946223736
4.50707882642746 -13.732470273971558 0.8652712404727936 100 41.00000135600567 24.00000236928463 16.000000946223736
5.232348442077637 -12.963817119598389 0.8736665546894073 100 53.000004440546036 30.00000201165676 17.00000088661909
5.2046555280685425 -13.19828987121582 1.4107513427734375 100 42.000001296401024 22.000000588595867 12.000001184642315
4.698261320590973 -13.708056211471558 1.4156174659729004 100 31.000001952052116 20.000000707805157 17.00000088661909
6.996888518333435 -12.674888372421265 4.132876098155975 100 104.00000900030136 66.00000366568565 45.00000111758709
6.09540581703186 -13.119697570800781 3.4865322709083557 100 38.0000015348196 22.000000588595867 14.000001065433025
8.09076726436615 -12.838777303695679 4.528090953826904 100 91.00000217556953 64.00000378489494 53.000004440546036
6.532647013664246 -12.583324909210205 3.1729143857955933 100 29.000002071261406 17.00000088661909 12.000001184642315
-4.3452343344688416 -6.173120141029358 3.118176758289337 100 81.00000277161598 72.00000330805779 68.00000354647636
-3.6735469102859497 -5.622491240501404 2.8090721368789673 100 107.00000882148743 66.00000366568565 41.00000135600567
-3.0759060382843018 -5.092437267303467 1.5402252972126007 100 129.00000751018524 89.00000229477882 63.00000384449959
-4.936438798904419 -5.86858868598938 2.983884811401367 100 116.00000828504562 73.00000324845314 43.00000123679638
-3.2126736640930176 -5.562790036201477 2.6128214597702026 100 136.00000709295273 97.00000941753387 71.00000336766243
-2.369629591703415 -7.023066282272339 2.458566427230835 100 138.00000697374344 97.00000941753387 71.00000336766243
-4.0717580914497375 -9.520334005355835 3.1154751777648926 100 124.00000780820847 83.00000265240669 56.0000042617321
-1.9077885150909424 -8.284767270088196 2.4197858572006226 100 78.00000295042992 72.00000330805779 69.00000348687172
-3.9233803749084473 -8.242759108543396 3.109862506389618 100 118.00000816583633 80.00000283122063 60.00000402331352
-2.6268398761749268 -9.446176886558533 2.6982608437538147 100 107.00000882148743 73.00000324845314 57.00000420212746
-0.9058748185634613 -9.587530493736267 1.2287211418151855 100 110.00000864267349 79.00000289082527 65.0000037252903
-0.6468944251537323 -10.043907165527344 0.049858144484460354 100 146.00000649690628 100.00000923871994 66.00000366568565
-0.9073632210493088 -8.486071228981018 1.4007985591888428 100 145.00000655651093 102.00000911951065 78.00000295042992
-0.706893652677536 -7.791509628295898 0.09104818105697632 100 122.00000792741776 79.00000289082527 51.000004559755325
-5.280584096908569 -5.616403222084045 2.7279382944107056 100 129.00000751018524 86.00000247359276 55.000004321336746
-1.0949354618787766 -9.70083475112915 1.452776938676834 100 138.00000697374344 98.00000935792923 73.00000324845314
-2.0616650581359863 -7.766558527946472 2.385222613811493 100 139.0000069141388 94.0000019967556 66.00000366568565
-0.9157129377126694 -7.974544167518616 1.3366039097309113 100 135.00000715255737 90.00000223517418 61.00000396370888
-0.6707653403282166 -8.78092348575592 0.021872774232178926 100 147.00000643730164 101.0000091791153 64.00000378489494
-5.390459895133972 -5.889947414398193 2.9854580760002136 100 128.0000075697899 85.0000025331974 52.00000450015068
-6.318874359130859 -6.622174978256226 3.1811633706092834 100 80.00000283122063 70.00000342726707 66.00000366568565
-3.5257136821746826 -4.811835885047913 0.4072827845811844 100 88.00000235438347 50.00000461935997 30.00000201165676
-1.5850086510181427 -8.00570547580719 1.9838246703147888 100 94.0000019967556 79.00000289082527 71.00000336766243
-2.792729437351227 -4.884384274482727 0.4299035295844078 100 132.0000073313713 88.00000235438347 66.00000366568565
-1.1136436462402344 -8.059481978416443 1.5553809702396393 100 163.00000548362732 118.00000816583633 78.00000295042992
-4.304992854595184 -5.745539665222168 2.8964781761169434 100 126.00000768899918 83.00000265240669 53.000004440546036
-3.3747264742851257 -5.357463955879211 2.174648642539978 100 94.0000019967556 58.00000414252281 35.00000171363354
-4.00617241859436 -5.480512976646423 2.262054979801178 100 107.00000882148743 67.00000360608101 36.00000165402889
-2.3195593059062958 -6.283021569252014 1.2127207219600677 100 157.0000058412552 114.00000840425491 77.00000301003456
-2.791151702404022 -6.292927861213684 2.535693943500519 100 138.00000697374344 97.00000941753387 74.0000031888485
-1.8980371952056885 -7.013159394264221 1.1355933547019958 100 150.0000062584877 107.00000882148743 66.00000366568565
-3.9975693821907043 -8.881546258926392 3.112668991088867 100 120.00000804662704 82.00000271201134 58.00000414252281
-2.989773452281952 -8.902550339698792 2.7676305174827576 100 138.00000697374344 94.0000019967556 61.00000396370888
-2.915584444999695 -8.263763189315796 2.7648240327835083 100 130.0000074505806 86.00000247359276 58.00000414252281
-1.7611609399318695 -7.217344641685486 0.9541232138872147 100 137.00000703334808 93.00000205636024 59.00000408291817
-0.906619057059288 -9.036800861358643 1.3147598505020142 100 135.00000715255737 94.0000019967556 71.00000336766243
-0.7763846218585968 -9.81571912765503 0.6392896175384521 100 160.00000566244125 114.00000840425491 75.00000312924385
-0.7771287858486176 -9.264988899230957 0.7253283262252808 100 126.00000768899918 82.00000271201134 55.000004321336746
-0.8071283996105194 -8.138790130615234 0.7459232956171036 100 129.00000751018524 83.00000265240669 55.000004321336746
-0.6768940389156342 -8.917708396911621 0.0704531604424119 100 165.00000536441803 118.00000816583633 73.00000324845314
-3.992120623588562 -4.814682602882385 0.4439103603363037 100 78.00000295042992 38.0000015348196 20.000000707805157
-4.922387003898621 -5.2027589082717896 1.165740191936493 100 100.00000923871994 58.00000414252281 43.00000123679638
-5.094459652900696 -5.076665878295898 1.0377667844295502 100 119.00000810623169 73.00000324845314 39.00000147521496
-1.2994012236595154 -8.932009935379028 1.6105525195598602 100 141.0000067949295 98.00000935792923 69.00000348687172
-1.0342029482126236 -7.6930832862854 0.3931419178843498 100 119.00000810623169 78.00000295042992 55.000004321336746
-1.607179045677185 -7.589090466499329 0.9174513071775436 100 124.00000780820847 81.00000277161598 59.00000408291817
-1.4886890351772308 -7.870551347732544 1.860913336277008 100 139.0000069141388 98.00000935792923 66.00000366568565
-1.7058278620243073 -8.223975896835327 2.0940569043159485 100 149.00000631809235 107.00000882148743 72.00000330805779
-2.2673141956329346 -8.865472078323364 2.5590234994888306 100 94.0000019967556 76.0000030696392 67.00000360608101
-3.349299132823944 -9.483255743980408 2.9068681597709656 100 103.000009059906 77.00000301003456 66.00000366568565
-0.6588298827409744 -9.412415027618408 0.03586545819416642 100 115.00000834465027 73.00000324845314 51.000004559755325
-0.8113034814596176 -7.883027195930481 0.7138260453939438 100 130.0000074505806 85.0000025331974 58.00000414252281
-5.332054495811462 -6.397647857666016 3.1496700644493103 100 101.0000091791153 71.00000336766243 57.00000420212746
-4.867846965789795 -6.0315340757369995 3.0518174171447754 100 108.00000876188278 68.00000354647636 42.000001296401024
-5.85466742515564 -6.2560611963272095 3.0833107233047485 100 107.00000882148743 68.00000354647636 44.000001177191734
-2.8983473777770996 -5.263339877128601 1.2951888144016266 100 148.000006377697 108.00000876188278 82.00000271201134
-3.3574318885803223 -6.5980929136276245 2.788371741771698 100 144.00000661611557 98.00000935792923 66.00000366568565
-3.7789541482925415 -5.8679550886154175 2.865498960018158 100 157.0000058412552 113.00000846385956 72.00000330805779
-4.009390473365784 -5.897805690765381 2.963624596595764 100 141.0000067949295 98.00000935792923 61.00000396370888
-4.640836715698242 -6.020854115486145 3.051030933856964 100 116.00000828504562 76.0000030696392 48.00000473856926
-1.250360757112503 -7.990124821662903 1.660214364528656 100 171.00000500679016 127.00000762939453 84.00000259280205
-1.8233369290828705 -7.886132001876831 2.184523642063141 100 145.00000655651093 99.00000929832458 65.0000037252903
-1.0011494904756546 -9.09345269203186 1.4267878234386444 100 144.00000661611557 102.00000911951065 78.00000295042992
-1.2056152522563934 -8.324627876281738 1.5845632553100586 100 165.00000536441803 120.00000804662704 78.00000295042992
-2.2156473994255066 -7.394812703132629 2.421894669532776 100 143.00000667572021 99.00000929832458 69.00000348687172
-2.1387088298797607 -7.6539164781570435 2.4391762912273407 100 139.0000069141388 96.00000947713852 69.00000348687172
-3.146505057811737 -7.6329123973846436 2.7842143177986145 100 154.00000602006912 110.00000864267349 70.00000342726707
-1.9847269356250763 -8.025662899017334 2.4025042355060577 100 137.00000703334808 93.00000205636024 65.0000037252903
-1.7463988065719604 -8.145236372947693 2.2018052637577057 100 122.00000792741776 87.00000241398811 67.00000360608101
-2.8299638628959656 -5.028163194656372 0.7588907331228256 100 150.0000062584877 108.00000876188278 80.00000283122063
-3.1442898511886597 -5.327613353729248 2.0765233039855957 100 119.00000810623169 83.00000265240669 64.00000378489494
-4.1343072056770325 -7.207939624786377 3.1140196323394775 100 117.00000822544098 81.00000277161598 64.00000378489494
-5.108511447906494 -5.742495656013489 2.8559115529060364 100 131.00000739097595 88.00000235438347 55.000004321336746
-5.163449645042419 -5.879268050193787 2.9846712946891785 100 130.0000074505806 86.00000247359276 55.000004321336746
-1.0004053264856339 -9.644182920455933 1.3407491147518158 100 107.00000882148743 83.00000265240669 74.0000031888485
-3.4431102871894836 -5.59264063835144 2.710946500301361 100 127.00000762939453 81.00000277161598 56.0000042617321
-3.300810158252716 -4.95213657617569 0.9737540036439896 100 82.00000271201134 46.000001057982445 29.000002071261406
-2.934317886829376 -4.988410770893097 0.9850643575191498 100 147.00000643730164 109.00000870227814 82.00000271201134
-5.335522294044495 -5.753175616264343 2.8566980361938477 100 125.00000774860382 80.00000283122063 47.0000009983778
-1.3493260741233826 -8.032593727111816 1.76960289478302 100 135.00000715255737 100.00000923871994 78.00000295042992
-0.6888294965028763 -8.286216259002686 0.056460476480424404 100 136.00000709295273 92.00000211596489 60.00000402331352
-1.0105035454034805 -8.27277660369873 1.478089839220047 100 148.000006377697 104.00000900030136 73.00000324845314
-0.911538228392601 -8.230307698249817 1.368701159954071 100 146.00000649690628 102.00000911951065 70.00000342726707
-3.1592217087745667 -4.84811007976532 0.4185931757092476 100 76.0000030696392 42.000001296401024 25.000002309679985
-1.0146783292293549 -8.01701307296753 1.4459924399852753 100 158.00000578165054 112.0000085234642 75.00000312924385
-1.6393405199050903 -20.0 0.0 100 84.00000259280205 72.00000330805779 68.00000354647636
-0.9836029261350632 -20.0 0.0 100 85.0000025331974 73.00000324845314 68.00000354647636
-0.327865332365036 -20.0 0.0 100 85.0000025331974 73.00000324845314 68.00000354647636
0.32787226140499115 -20.0 0.0 100 84.00000259280205 72.00000330805779 68.00000354647636
0.9836099296808243 -20.0 0.0 100 80.00000283122063 71.00000336766243 67.00000360608101
1.6393475234508514 -20.0 0.0 100 84.00000259280205 73.00000324845314 68.00000354647636
2.2950851917266846 -20.0 0.0 100 83.00000265240669 71.00000336766243 68.00000354647636
2.9508227109909058 -20.0 0.0 100 84.00000259280205 72.00000330805779 67.00000360608101
3.606560230255127 -20.0 0.0 100 83.00000265240669 72.00000330805779 68.00000354647636
4.262297749519348 -20.0 0.0 100 87.00000241398811 73.00000324845314 68.00000354647636
4.918035268783569 -20.0 0.0 100 84.00000259280205 71.00000336766243 67.00000360608101
5.5737727880477905 -20.0 0.0 100 84.00000259280205 72.00000330805779 67.00000360608101
6.229501962661743 -19.999979734420776 7.590000222990056e-05 100 85.0000025331974 73.00000324845314 67.00000360608101
-4.166211187839508 -4.32352602481842 0.45274075120687485 100 117.00000822544098 74.0000031888485 43.00000123679638
-3.51496160030365 -4.320665895938873 0.43159369379282 100 127.00000762939453 83.00000265240669 50.00000461935997
-3.5073593258857727 -3.6697733402252197 0.4674152284860611 100 127.00000762939453 85.0000025331974 53.000004440546036
-2.8662773966789246 -4.3161702156066895 0.3983570262789726 100 124.00000780820847 79.00000289082527 45.00000111758709
-2.8592240810394287 -3.664928376674652 0.43159369379282 100 129.00000751018524 81.00000277161598 50.00000461935997
-2.8547361493110657 -3.012050986289978 0.45274075120687485 100 122.00000792741776 78.00000295042992 47.0000009983778
-2.237713783979416 -5.61032772064209 0.27031920850276947 100 112.0000085234642 71.00000336766243 46.000001057982445
-2.227986305952072 -4.960789680480957 0.3161563351750374 100 109.00000870227814 69.00000348687172 44.000001177191734
-2.219650000333786 -4.310365319252014 0.35543862730264664 100 118.00000816583633 73.00000324845314 46.000001057982445
-2.2132298350334167 -3.6587196588516235 0.38569115102291107 100 137.00000703334808 95.00000193715096 61.00000396370888
-2.2091706097126007 -3.005569279193878 0.40481965988874435 100 120.00000804662704 77.00000301003456 46.000001057982445
-1.6393406689167023 -19.34426188468933 0.0 100 122.00000792741776 79.00000289082527 53.000004440546036
-1.6393408179283142 -18.688523769378662 0.0 100 129.00000751018524 84.00000259280205 57.00000420212746
-1.609790027141571 -6.904075741767883 0.13925813138484955 100 141.0000067949295 96.00000947713852 66.00000366568565
-1.600169986486435 -6.2544697523117065 0.18458906561136246 100 117.00000822544098 74.0000031888485 49.000004678964615
-1.5907096862792969 -5.604761838912964 0.22916685789823532 100 116.00000828504562 72.00000330805779 44.000001177191734
-1.5819764137268066 -4.954590201377869 0.27031920850276947 100 121.0000079870224 78.00000295042992 49.000004678964615
-1.5745025873184204 -4.303615987300873 0.3055371344089508 100 164.00000542402267 117.00000822544098 67.00000360608101
-1.5687641501426697 -3.6515358090400696 0.33257748931646347 100 157.0000058412552 117.00000822544098 78.00000295042992
-1.5653806924819946 -2.9983532428741455 0.3505716845393181 100 95.00000193715096 47.0000009983778 33.00000183284283
-0.9836030751466751 -19.34426188468933 0.0 100 122.00000792741776 79.00000289082527 52.00000450015068
-0.983603224158287 -18.688523769378662 0.0 100 120.00000804662704 75.00000312924385 51.000004559755325
-0.983603373169899 -18.032785654067993 0.0 100 104.00000900030136 65.0000037252903 45.00000111758709
-0.9836035221815109 -17.377047538757324 0.0 100 99.00000929832458 63.00000384449959 43.00000123679638
-0.9836036711931229 -16.721309423446655 0.0 100 104.00000900030136 67.00000360608101 46.000001057982445
-0.9836038202047348 -16.065571308135986 0.0 100 106.00000888109207 67.00000360608101 44.000001177191734
-0.9836038947105408 -15.409833192825317 0.0 100 103.000009059906 64.00000378489494 44.000001177191734
-0.9836040437221527 -14.754095077514648 0.0 100 137.00000703334808 96.00000947713852 58.00000414252281
-0.9836041182279587 -14.09835696220398 0.0 100 130.0000074505806 87.00000241398811 53.000004440546036
-0.9836041927337646 -13.44261884689331 0.0 100 125.00000774860382 80.00000283122063 49.000004678964615
-0.9687978774309158 -7.550394535064697 0.06993880961090326 100 136.00000709295273 90.00000223517418 56.0000042617321
-0.9609822183847427 -6.899659037590027 0.1066017895936966 100 129.00000751018524 83.00000265240669 54.00000438094139
-0.9526757150888443 -6.249215602874756 0.14574285596609116 100 121.0000079870224 77.00000301003456 50.00000461935997
-0.94443179666996 -5.598732233047485 0.18458906561136246 100 131.00000739097595 87.00000241398811 57.00000420212746
-0.9367874264717102 -4.947866797447205 0.22061064839363098 100 132.0000073313713 85.0000025331974 54.00000438094139
-0.930236279964447 -4.2963045835494995 0.251480583101511 100 109.00000870227814 62.00000390410423 35.00000171363354
-0.9256437420845032 -3.6442402005195618 0.27696050703525543 100 144.00000661611557 96.00000947713852 56.0000042617321
-0.9241149574518204 -2.9922810196876526 0.29859520494937897 100 122.00000792741776 76.0000030696392 48.00000473856926
-0.32786544412374496 -19.34426188468933 0.0 100 116.00000828504562 73.00000324845314 49.000004678964615
-0.3278655558824539 -18.688523769378662 0.0 100 102.00000911951065 62.00000390410423 43.00000123679638
-0.3278656676411629 -18.032785654067993 0.0 100 104.00000900030136 65.0000037252903 44.000001177191734
-0.3278657793998718 -17.377047538757324 0.0 100 99.00000929832458 62.00000390410423 46.000001057982445
-0.3278658911585808 -16.721309423446655 0.0 100 107.00000882148743 68.00000354647636 45.00000111758709
-0.32786600291728973 -16.065571308135986 0.0 100 125.00000774860382 81.00000277161598 51.000004559755325
-0.3278661146759987 -15.409833192825317 0.0 100 121.0000079870224 78.00000295042992 52.00000450015068
-0.32786622643470764 -14.754095077514648 0.0 100 124.00000780820847 82.00000271201134 56.0000042617321
-0.32795704901218414 -14.098141193389893 0.0008170515502570197 100 124.00000780820847 80.00000283122063 52.00000450015068
-0.3281787782907486 -13.441874980926514 0.002813812461681664 100 120.00000804662704 77.00000301003456 50.00000461935997
-0.32846149057149887 -12.785464525222778 0.0053593708435073495 100 133.00000727176666 88.00000235438347 55.000004321336746
-0.32874565571546555 -12.129049301147461 0.007918471237644553 100 86.00000247359276 47.0000009983778 32.00000189244747
-0.32898370176553726 -11.472744941711426 0.010061931097880006 100 116.00000828504562 73.00000324845314 47.0000009983778
-0.3291407600045204 -10.816632509231567 0.011475773062556982 100 103.000009059906 62.00000390410423 40.00000141561031
-0.3291955590248108 -10.160764455795288 0.01196849625557661 100 113.00000846385956 72.00000330805779 45.00000111758709
-0.3291409835219383 -9.505156874656677 0.011475760256871581 100 118.00000816583633 75.00000312924385 44.000001177191734
-0.32795142382383347 -8.850447535514832 0.01496151089668274 100 133.00000727176666 89.00000229477882 55.000004321336746
-0.2918270602822304 -4.940997958183289 0.16982665285468102 100 144.00000661611557 98.00000935792923 56.0000042617321
-0.2867404744029045 -4.289361238479614 0.1982160471379757 100 143.00000667572021 100.00000923871994 64.00000378489494
-0.2843574434518814 -3.638426661491394 0.22634556517004967 100 127.00000762939453 80.00000283122063 51.000004559755325
-0.28472498059272766 -2.9877275228500366 0.2517475001513958 100 129.00000751018524 84.00000259280205 49.000004678964615
0.3278721496462822 -19.34426188468933 0.0 100 107.00000882148743 67.00000360608101 45.00000111758709
0.32787203788757324 -18.688523769378662 0.0 100 111.00000858306885 70.00000342726707 47.0000009983778
0.3278719261288643 -18.032785654067993 0.0 100 115.00000834465027 75.00000312924385 50.00000461935997
0.32787181437015533 -17.377047538757324 0.0 100 94.0000019967556 58.00000414252281 41.00000135600567
0.3278717026114464 -16.721309423446655 0.0 100 105.00000894069672 64.00000378489494 43.00000123679638
0.3278715908527374 -16.065571308135986 0.0 100 128.0000075697899 86.00000247359276 51.000004559755325
0.32779429107904434 -15.40964961051941 0.0006953723641345277 100 120.00000804662704 79.00000289082527 50.00000461935997
0.32747507095336914 -14.753150939941406 0.0035701802698895335 100 119.00000810623169 76.0000030696392 50.00000461935997
0.3269922733306885 -14.096263647079468 0.007918471237644553 100 119.00000810623169 73.00000324845314 48.00000473856926
0.3264296054840088 -13.439185619354248 0.012986310757696629 100 125.00000774860382 88.00000235438347 59.00000408291817
0.32586120069026947 -12.782094478607178 0.01810580142773688 100 128.0000075697899 84.00000259280205 54.00000438094139
0.3253502771258354 -12.125139236450195 0.022707548923790455 100 112.0000085234642 73.00000324845314 47.0000009983778
0.3249477222561836 -11.468442678451538 0.026333043351769447 100 129.00000751018524 86.00000247359276 56.0000042617321
0.32469090074300766 -10.81209421157837 0.028645675629377365 100 103.000009059906 63.00000384449959 41.00000135600567
0.3246026858687401 -10.15614628791809 0.02943964907899499 100 127.00000762939453 84.00000259280205 51.000004559755325
0.32469071447849274 -9.500617980957031 0.028645652346313 100 123.00000786781311 81.00000277161598 50.00000461935997
0.3249805420637131 -8.845512866973877 0.02649135421961546 100 129.00000751018524 86.00000247359276 52.00000450015068
0.3268875181674957 -8.191683292388916 0.030028559267520905 100 131.00000739097595 87.00000241398811 54.00000438094139
0.3417765721678734 -6.236774325370789 0.07805241737514734 100 135.00000715255737 89.00000229477882 56.0000042617321
0.3478030860424042 -5.585722327232361 0.09980554692447186 100 154.00000602006912 111.00000858306885 71.00000336766243
0.35302162170410156 -4.934565424919128 0.12330932542681694 100 129.00000751018524 77.00000301003456 48.00000473856926
0.3557382896542549 -4.284113347530365 0.1522186305373907 100 153.00000607967377 107.00000882148743 66.00000366568565
0.3559260070323944 -3.6342719197273254 0.18283000215888023 100 149.00000631809235 102.00000911951065 60.00000402331352
0.3537098690867424 -2.9847756028175354 0.21177507936954498 100 135.00000715255737 87.00000241398811 54.00000438094139
0.9836097806692123 -19.34426188468933 0.0 100 115.00000834465027 71.00000336766243 47.0000009983778
0.9836096316576004 -18.688523769378662 0.0 100 112.0000085234642 70.00000342726707 48.00000473856926
0.9836094826459885 -18.032785654067993 0.0 100 99.00000929832458 62.00000390410423 43.00000123679638
0.9836093336343765 -17.377047538757324 0.0 100 111.00000858306885 72.00000330805779 47.0000009983778
0.9836086630821228 -16.72130823135376 4.478509083583049e-06 100 107.00000882148743 68.00000354647636 47.0000009983778
0.9833928942680359 -16.065056324005127 0.0019472429994493723 100 121.0000079870224 79.00000289082527 52.00000450015068
0.9828586876392365 -15.408046245574951 0.006758995004929602 100 123.00000786781311 80.00000283122063 52.00000450015068
0.982109010219574 -14.750523567199707 0.013511433498933911 100 125.00000774860382 83.00000265240669 54.00000438094139
0.9812402725219727 -14.092715978622437 0.021336690988391638 100 102.00000911951065 63.00000384449959 39.00000147521496
0.980340763926506 -13.434836864471436 0.029439630452543497 100 111.00000858306885 72.00000330805779 46.000001057982445
0.9794890135526657 -12.777069807052612 0.037111639976501465 100 126.00000768899918 83.00000265240669 51.000004559755325
0.9787524491548538 -12.119578123092651 0.043745203875005245 100 116.00000828504562 75.00000312924385 49.000004678964615
0.9781859070062637 -11.462490558624268 0.04884852562099695 100 127.00000762939453 85.0000025331974 56.0000042617321
0.9778294712305069 -10.805903673171997 0.052058957517147064 100 124.00000780820847 81.00000277161598 49.000004678964615
0.9777077287435532 -10.149877071380615 0.053154067136347294 100 150.0000062584877 105.00000894069672 60.00000402331352
0.977829173207283 -9.494428634643555 0.0520589342340827 100 112.0000085234642 66.00000366568565 37.00000159442425
0.9781854599714279 -8.839539885520935 0.04884849302470684 100 124.00000780820847 80.00000283122063 50.00000461935997
0.9788374602794647 -8.185205459594727 0.04415392875671387 100 131.00000739097595 86.00000247359276 52.00000450015068
0.9810245037078857 -7.532134652137756 0.04444577265530825 100 128.0000075697899 83.00000265240669 50.00000461935997
0.984710082411766 -6.88021183013916 0.050280215218663216 100 140.00000685453415 96.00000947713852 59.00000408291817
0.9893125295639038 -6.228957772254944 0.05977887660264969 100 135.00000715255737 91.00000217556953 58.00000414252281
0.9940928965806961 -5.578075051307678 0.07205218076705933 100 142.00000673532486 97.00000941753387 60.00000402331352
0.997110903263092 -4.928602576255798 0.0915728323161602 100 143.00000667572021 97.00000941753387 61.00000396370888
0.9978251159191132 -4.280124604701996 0.11757990345358849 100 136.00000709295273 90.00000223517418 56.0000042617321
0.9961118549108505 -3.6318641901016235 0.14822551049292088 100 141.0000067949295 96.00000947713852 62.00000390410423
0.9921035170555115 -2.9835158586502075 0.18044956028461456 100 144.00000661611557 96.00000947713852 55.000004321336746
1.6393473744392395 -19.34426188468933 0.0 100 131.00000739097595 88.00000235438347 56.0000042617321
1.6393472254276276 -18.688523769378662 0.0 100 123.00000786781311 80.00000283122063 51.000004559755325
1.6393470764160156 -18.032785654067993 0.0 100 112.0000085234642 73.00000324845314 50.00000461935997
1.6393421590328217 -17.377036809921265 4.2408887566125486e-05 100 116.00000828504562 75.00000312924385 52.00000450015068
1.6390344500541687 -16.72056555747986 0.002813799655996263 100 105.00000894069672 67.00000360608101 45.00000111758709
1.6383284330368042 -16.063146591186523 0.00917268916964531 100 111.00000858306885 72.00000330805779 49.000004678964615
1.6373366117477417 -15.405046939849854 0.018105754861608148 100 115.00000834465027 74.0000031888485 49.000004678964615
1.6361665725708008 -14.746522903442383 0.028645619750022888 100 116.00000828504562 75.00000312924385 49.000004678964615
1.6349190473556519 -14.087814092636108 0.03988228738307953 100 123.00000786781311 79.00000289082527 49.000004678964615
1.6336874663829803 -13.42914342880249 0.05097631365060806 100 141.0000067949295 98.00000935792923 61.00000396370888
1.6325552761554718 -12.770708799362183 0.06117443088442087 100 124.00000780820847 76.0000030696392 50.00000461935997
1.6315947473049164 -12.112683057785034 0.06982628721743822 100 136.00000709295273 92.00000211596489 60.00000402331352
1.6308645904064178 -11.455206871032715 0.07640210911631584 100 138.00000697374344 91.00000217556953 60.00000402331352
1.630408614873886 -10.798382759094238 0.08050900883972645 100 153.00000607967377 110.00000864267349 66.00000366568565
1.6302534937858582 -10.142276287078857 0.08190521970391273 100 153.00000607967377 105.00000894069672 61.00000396370888
1.6304083168506622 -9.486907720565796 0.08050900883972645 100 148.000006377697 105.00000894069672 71.00000336766243
1.630864143371582 -8.832255601882935 0.07640204858034849 100 128.0000075697899 85.0000025331974 54.00000438094139
1.6315938532352448 -8.178256750106812 0.06982626859098673 100 138.00000697374344 96.00000947713852 61.00000396370888
1.6325873136520386 -7.5248271226882935 0.061333305202424526 100 141.0000067949295 97.00000941753387 61.00000396370888
1.6347157955169678 -6.8724119663238525 0.055902120657265186 100 133.00000727176666 89.00000229477882 56.0000042617321
1.6379635035991669 -6.22089147567749 0.05451372358947992 100 133.00000727176666 89.00000229477882 56.0000042617321
1.6405488550662994 -5.571121573448181 0.06081913132220507 100 140.00000685453415 95.00000193715096 55.000004321336746
1.6413049399852753 -4.923335611820221 0.07637863978743553 100 129.00000751018524 81.00000277161598 48.00000473856926
1.6400788724422455 -4.276733696460724 0.0991000235080719 100 137.00000703334808 90.00000223517418 53.000004440546036
1.6367733478546143 -3.6305436491966248 0.12727842666208744 100 143.00000667572021 99.00000929832458 65.0000037252903
1.6313563287258148 -2.984025478363037 0.15963450074195862 100 149.00000631809235 103.000009059906 67.00000360608101
2.2950850427150726 -19.34426188468933 0.0 100 129.00000751018524 86.00000247359276 54.00000438094139
2.2950848937034607 -18.688523769378662 0.0 100 122.00000792741776 78.00000295042992 51.000004559755325
2.295084297657013 -18.032784461975098 4.477982145090209e-06 100 111.00000858306885 72.00000330805779 50.00000461935997
2.2947722673416138 -17.376303672790527 0.002813786268234253 100 111.00000858306885 73.00000324845314 50.00000461935997
2.293967604637146 -16.718649864196777 0.010061872890219092 100 108.00000876188278 70.00000342726707 48.00000473856926
2.292790114879608 -16.060107946395874 0.020668089855462313 100 99.00000929832458 63.00000384449959 42.000001296401024
2.291356176137924 -15.400954484939575 0.03358414163812995 100 98.00000935792923 61.00000396370888 39.00000147521496
2.28977769613266 -14.74145770072937 0.047803171910345554 100 88.00000235438347 57.00000420212746 38.0000015348196
2.2881603240966797 -14.081869125366211 0.06237134337425232 100 119.00000810623169 79.00000289082527 51.000004559755325
2.286602705717087 -13.422421216964722 0.07640207652002573 100 109.00000870227814 68.00000354647636 46.000001057982445
2.2851939499378204 -12.763328552246094 0.08909309282898903 100 137.00000703334808 96.00000947713852 63.00000384449959
2.2840112447738647 -12.10477352142334 0.0997461099177599 100 129.00000751018524 84.00000259280205 53.000004440546036
2.2825630009174347 -10.789849758148193 0.11278931982815266 100 143.00000667572021 95.00000193715096 56.0000042617321
2.2823745012283325 -10.133663415908813 0.11448650620877743 100 128.0000075697899 84.00000259280205 50.00000461935997
2.282562702894211 -9.478374123573303 0.1127893291413784 100 122.00000792741776 77.00000301003456 46.000001057982445
2.2831177711486816 -8.8239586353302 0.10778754018247128 100 130.0000074505806 86.00000247359276 54.00000438094139
2.284010350704193 -8.170347213745117 0.0997461099177599 100 134.00000721216202 91.00000217556953 56.0000042617321
2.285192757844925 -7.517426013946533 0.08909309282898903 100 139.0000069141388 95.00000193715096 59.00000408291817
2.2866013646125793 -6.865043044090271 0.07640204858034849 100 134.00000721216202 92.00000211596489 59.00000408291817
2.287944257259369 -6.213797926902771 0.06613449193537235 100 128.0000075697899 83.00000265240669 49.000004678964615
2.2880323231220245 -5.565394163131714 0.06741967983543873 100 135.00000715255737 92.00000211596489 58.00000414252281
2.286590486764908 -4.919166266918182 0.07859243080019951 100 140.00000685453415 95.00000193715096 61.00000396370888
2.2834892570972443 -4.274317026138306 0.09770789183676243 100 142.00000673532486 97.00000941753387 59.00000408291817
2.278652638196945 -3.63007515668869 0.12319162487983704 100 139.0000069141388 94.0000019967556 58.00000414252281
2.272067219018936 -2.9857033491134644 0.15386597253382206 100 126.00000768899918 76.0000030696392 46.000001057982445
2.9508227109909058 -19.34426188468933 0.0 100 130.0000074505806 87.00000241398811 57.00000420212746
2.9508227109909058 -18.688523769378662 0.0 100 120.00000804662704 75.00000312924385 50.00000461935997
2.950606644153595 -18.032270669937134 0.0019472272833809257 100 105.00000894069672 67.00000360608101 45.00000111758709
2.949804365634918 -17.37462282180786 0.009172678110189736 100 105.00000894069672 68.00000354647636 46.000001057982445
2.948528528213501 -16.715846061706543 0.020668089855462313 100 91.00000217556953 58.00000414252281 40.00000141561031
2.9469016194343567 -16.056233644485474 0.035324180498719215 100 66.00000366568565 42.000001296401024 32.00000189244747
2.9450440406799316 -15.39607048034668 0.05205891095101833 100 55.000004321336746 37.00000159442425 28.00000213086605
2.943071722984314 -14.73563551902771 0.06982628721743822 100 50.00000461935997 35.00000171363354 28.00000213086605
2.9410958290100098 -14.075192213058472 0.08762777782976627 100 62.00000390410423 41.00000135600567 30.00000201165676
2.9344281554222107 -10.780622959136963 0.1476934552192688 100 141.0000067949295 97.00000941753387 60.00000402331352
2.9342061281204224 -10.124356746673584 0.14969143085181713 100 152.0000061392784 110.00000864267349 68.00000354647636
2.934427559375763 -9.469146728515625 0.1476934552192688 100 119.00000810623169 70.00000342726707 40.00000141561031
2.9350820183753967 -8.81496787071228 0.141798984259367 100 138.00000697374344 93.00000205636024 58.00000414252281
2.9361361265182495 -8.161740899085999 0.13230085372924805 100 137.00000703334808 94.0000019967556 60.00000402331352
2.9375380277633667 -7.5093430280685425 0.11966897174715996 100 128.0000075697899 84.00000259280205 53.000004440546036
2.93917179107666 -6.857658624649048 0.1047194842249155 100 132.0000073313713 87.00000241398811 54.00000438094139
2.9393720626831055 -6.2081944942474365 0.09471171535551548 100 136.00000709295273 91.00000217556953 57.00000420212746
2.9375046491622925 -5.561303496360779 0.0927159283310175 100 141.0000067949295 96.00000947713852 59.00000408291817
2.9339468479156494 -4.916497766971588 0.09913361631333828 100 132.0000073313713 88.00000235438347 53.000004440546036
2.929042875766754 -4.273262619972229 0.11433067731559277 100 131.00000739097595 87.00000241398811 55.000004321336746
2.9227426648139954 -3.6308327317237854 0.13689294457435608 100 135.00000715255737 91.00000217556953 56.0000042617321
2.91504830121994 -2.988470196723938 0.1657349243760109 100 129.00000751018524 83.00000265240669 52.00000450015068
3.606560230255127 -19.34426188468933 0.0 100 122.00000792741776 78.00000295042992 52.00000450015068
3.606483042240143 -18.688340187072754 0.0006953529373276979 100 121.0000079870224 78.00000295042992 52.00000450015068
3.6058101058006287 -18.030998706817627 0.006758964736945927 100 96.00000947713852 60.00000402331352 41.00000135600567
3.604550361633301 -17.37226128578186 0.0181057071313262 100 75.00000312924385 47.0000009983778 34.00000177323818
3.60283225774765 -16.712430715560913 0.03358412301167846 100 54.00000438094139 37.00000159442425 30.00000201165676
3.600781559944153 -16.05180859565735 0.05205889232456684 100 43.00000123679638 32.00000189244747 27.000002190470695
3.598521649837494 -15.390689373016357 0.07241650484502316 100 45.00000111758709 32.00000189244747 27.000002190470695
3.5961732268333435 -14.729357957839966 0.09357341565191746 100 47.0000009983778 33.00000183284283 27.000002190470695
3.593851923942566 -14.068092107772827 0.11448653414845467 100 44.000001177191734 32.00000189244747 26.00000225007534
3.591667115688324 -13.407150506973267 0.13416826725006104 100 69.00000348687172 44.000001177191734 31.000001952052116
3.589720129966736 -12.746776342391968 0.1517061423510313 100 124.00000780820847 81.00000277161598 52.00000450015068
3.58810156583786 -12.087182998657227 0.16628770157694817 100 145.00000655651093 101.0000091791153 60.00000402331352
3.5868868231773376 -11.428552865982056 0.17723049968481064 100 149.00000631809235 103.000009059906 64.00000378489494
3.5861340165138245 -10.771020650863647 0.18401462584733963 100 142.00000673532486 97.00000941753387 57.00000420212746
3.585878312587738 -10.11467456817627 0.18631324172019958 100 145.00000655651093 98.00000935792923 54.00000438094139
3.589719235897064 -7.500873804092407 0.1517061423510313 100 134.00000721216202 91.00000217556953 60.00000402331352
3.5911375284194946 -6.850341558456421 0.13634087517857552 100 133.00000727176666 90.00000223517418 56.0000042617321
3.5905033349990845 -6.2028443813323975 0.12825229205191135 100 131.00000739097595 87.00000241398811 56.0000042617321
3.587859570980072 -5.557985305786133 0.1277584210038185 100 132.0000073313713 88.00000235438347 56.0000042617321
3.5834163427352905 -4.915157854557037 0.1345307007431984 100 132.0000073313713 88.00000235438347 55.000004321336746
3.577374815940857 -4.273746311664581 0.14831101521849632 100 127.00000762939453 82.00000271201134 54.00000438094139
3.5699281096458435 -3.633125424385071 0.16889341175556183 100 135.00000715255737 90.00000223517418 56.0000042617321
4.262297749519348 -19.34426188468933 0.0 100 102.00000911951065 61.00000396370888 43.00000123679638
4.261901378631592 -18.68757963180542 0.0035701299202628434 100 114.00000840425491 73.00000324845314 49.000004678964615
4.260797798633575 -18.02921414375305 0.013511368306353688 100 65.0000037252903 42.000001296401024 32.00000189244747
4.259117841720581 -17.36947536468506 0.028645561542361975 100 50.00000461935997 35.00000171363354 29.000002071261406
4.256991446018219 -16.708672046661377 0.047803125344216824 100 44.000001177191734 32.00000189244747 27.000002190470695
4.254546761512756 -16.047111749649048 0.06982621271163225 100 47.0000009983778 33.00000183284283 27.000002190470695
4.251910746097565 -15.385096073150635 0.09357335977256298 100 49.000004678964615 34.00000177323818 28.00000213086605
4.249207377433777 -14.722920656204224 0.11792615056037903 100 51.000004559755325 35.00000171363354 28.00000213086605
4.246557652950287 -14.060871601104736 0.14179888181388378 100 47.0000009983778 33.00000183284283 28.00000213086605
4.244076311588287 -13.399224281311035 0.16415253281593323 100 48.00000473856926 34.00000177323818 27.000002190470695
4.241871535778046 -12.738234996795654 0.18401453271508217 100 102.00000911951065 65.0000037252903 40.00000141561031
4.2400407791137695 -12.078137397766113 0.2005060575902462 100 148.000006377697 104.00000900030136 65.0000037252903
4.2386674880981445 -11.419129371643066 0.2128768526017666 100 146.00000649690628 104.00000900030136 64.00000378489494
4.237816333770752 -10.761363506317139 0.220546443015337 100 155.00000596046448 112.0000085234642 67.00000360608101
4.237527549266815 -10.104938745498657 0.22314533591270447 100 150.0000062584877 108.00000876188278 67.00000360608101
4.237815737724304 -9.449887871742249 0.2205463871359825 100 142.00000673532486 96.00000947713852 61.00000396370888
4.238666892051697 -8.796177506446838 0.21287677809596062 100 133.00000727176666 89.00000229477882 57.00000420212746
4.240040183067322 -8.143710494041443 0.2005060575902462 100 138.00000697374344 93.00000205636024 59.00000408291817
4.24187034368515 -7.4923330545425415 0.18401594832539558 100 134.00000721216202 91.00000217556953 59.00000408291817
4.242695569992065 -6.843332648277283 0.16982639208436012 100 133.00000727176666 89.00000229477882 56.0000042617321
4.2413440346717834 -6.197633743286133 0.16323471441864967 100 130.0000074505806 86.00000247359276 59.00000408291817
4.232966899871826 -4.913700520992279 0.1714724488556385 100 138.00000697374344 95.00000193715096 64.00000378489494
4.226343333721161 -4.274217486381531 0.18580418080091476 100 119.00000810623169 76.0000030696392 50.00000461935997
4.917944669723511 -19.344046115875244 0.0008170236833393574 100 111.00000858306885 70.00000342726707 47.0000009983778
4.917156398296356 -18.68643045425415 0.007918388582766056 100 80.00000283122063 51.000004559755325 36.00000165402889
4.915666878223419 -18.02714467048645 0.021336579229682684 100 51.000004559755325 35.00000171363354 28.00000213086605
4.913608133792877 -17.366504669189453 0.039882175624370575 100 54.00000438094139 37.00000159442425 29.000002071261406
4.911111891269684 -16.704821586608887 0.06237127352505922 100 42.000001296401024 31.000001952052116 27.000002190470695
4.908308386802673 -16.04240655899048 0.08762767538428307 100 51.000004559755325 35.00000171363354 28.00000213086605
4.8965758085250854 -13.391512632369995 0.19332263618707657 100 48.00000473856926 32.00000189244747 26.00000225007534
4.894123673439026 -12.729934453964233 0.21541232243180275 100 54.00000438094139 38.0000015348196 29.000002071261406
4.892087280750275 -12.069346904754639 0.23375868797302246 100 93.00000205636024 60.00000402331352 39.00000147521496
4.890558123588562 -11.409966945648193 0.24753352627158165 100 130.0000074505806 88.00000235438347 59.00000408291817
4.889609217643738 -10.751969814300537 0.256082434207201 100 146.00000649690628 99.00000929832458 61.00000396370888
4.889287054538727 -10.095465183258057 0.25898125022649765 100 140.00000685453415 96.00000947713852 65.0000037252903
4.88960862159729 -9.4404935836792 0.256082396954298 100 131.00000739097595 85.0000025331974 50.00000461935997
4.890557527542114 -8.78701627254486 0.24753352627158165 100 147.00000643730164 104.00000900030136 65.0000037252903
4.892086684703827 -8.134920001029968 0.23375868797302246 100 136.00000709295273 90.00000223517418 59.00000408291817
4.893965423107147 -7.4842023849487305 0.21606000140309334 100 132.0000073313713 88.00000235438347 54.00000438094139
4.894147515296936 -6.836749315261841 0.2033034898340702 100 133.00000727176666 89.00000229477882 61.00000396370888
4.8827531933784485 -4.912083148956299 0.20731458440423012 100 125.00000774860382 80.00000283122063 55.000004321336746
5.5734604597091675 -19.343518018722534 0.00281376123894006 100 122.00000792741776 79.00000289082527 52.00000450015068
5.572331547737122 -18.6850905418396 0.012986204819753766 100 72.00000330805779 46.000001057982445 33.00000183284283
5.570504665374756 -18.025003671646118 0.029439502395689487 100 53.000004440546036 36.00000165402889 28.00000213086605
5.568114519119263 -17.363572120666504 0.050976169295609 100 45.00000111758709 27.000002190470695 18.000000827014446
5.541646480560303 -10.743156671524048 0.2894163690507412 100 136.00000709295273 92.00000211596489 60.00000402331352
5.541291236877441 -10.086573362350464 0.29261430725455284 100 135.00000715255737 92.00000211596489 60.00000402331352
5.541646480560303 -9.431681632995605 0.2894163690507412 100 137.00000703334808 94.0000019967556 57.00000420212746
5.542691946029663 -8.778433799743652 0.2799977548420429 100 134.00000721216202 92.00000211596489 54.00000438094139
5.544372797012329 -8.126699328422546 0.2648545987904072 100 141.0000067949295 98.00000935792923 61.00000396370888
5.546101927757263 -7.47682511806488 0.24680722504854202 100 141.0000067949295 98.00000935792923 62.00000390410423
5.545775294303894 -6.830726265907288 0.23500604555010796 100 136.00000709295273 90.00000223517418 56.0000042617321
5.5433589220047 -6.188045144081116 0.230147372931242 100 137.00000703334808 92.00000211596489 59.00000408291817
5.539056062698364 -5.548142194747925 0.23198893293738365 100 135.00000715255737 90.00000223517418 57.00000420212746
6.195202469825745 -11.393699645996094 0.3090697154402733 100 56.0000042617321 38.0000015348196 29.000002071261406
6.194062232971191 -10.735245943069458 0.3193420171737671 100 122.00000792741776 82.00000271201134 52.00000450015068
6.193674206733704 -10.07858395576477 0.3228379413485527 100 129.00000751018524 86.00000247359276 55.000004321336746
6.194062232971191 -9.423770308494568 0.3193420171737671 100 135.00000715255737 90.00000223517418 53.000004440546036
6.195202469825745 -8.770748376846313 0.3090696781873703 100 134.00000721216202 90.00000223517418 59.00000408291817
6.197028756141663 -8.119361400604248 0.29261430725455284 100 144.00000661611557 100.00000923871994 61.00000396370888
6.198530197143555 -7.470369935035706 0.27460044249892235 100 141.0000067949295 96.00000947713852 63.00000384449959
6.197829246520996 -6.825408935546875 0.26329999789595604 100 137.00000703334808 91.00000217556953 58.00000414252281
6.195064187049866 -6.183900237083435 0.2587568946182728 100 133.00000727176666 88.00000235438347 58.00000414252281
6.846989989280701 -10.728554725646973 0.34465406090021133 100 81.00000277161598 50.00000461935997 35.00000171363354
6.846569180488586 -10.071814060211182 0.3484456241130829 100 142.00000673532486 99.00000929832458 63.00000384449959
6.846989989280701 -9.417079091072083 0.34465406090021133 100 150.0000062584877 106.00000888109207 62.00000390410423
6.84822142124176 -8.764275312423706 0.333557166159153 100 132.0000073313713 86.00000247359276 54.00000438094139
6.850183606147766 -8.113210201263428 0.31588271260261536 100 150.0000062584877 107.00000882148743 70.00000342726707
6.851474642753601 -7.465015649795532 0.2979264035820961 100 141.0000067949295 96.00000947713852 64.00000378489494
6.850530505180359 -6.820952296257019 0.2867240458726883 100 134.00000721216202 89.00000229477882 58.00000414252281
7.5001102685928345 -10.066584348678589 0.3682306408882141 100 143.00000667572021 97.00000941753387 60.00000402331352
7.500563263893127 -9.411925673484802 0.36414898931980133 100 150.0000062584877 105.00000894069672 67.00000360608101
7.501879930496216 -8.759323358535767 0.3522874414920807 100 143.00000667572021 98.00000935792923 62.00000390410423
7.503957748413086 -8.10853898525238 0.33356092870235443 100 146.00000649690628 101.0000091791153 63.00000384449959
7.505123019218445 -7.46094822883606 0.3154631331562996 100 126.00000768899918 82.00000271201134 59.00000408291817
8.15491497516632 -9.408625364303589 0.376632921397686 100 140.00000685453415 93.00000205636024 59.00000408291817
8.156300783157349 -8.756188154220581 0.36414898931980133 100 148.000006377697 102.00000911951065 65.0000037252903
2.987273633480072 -8.214519619941711 0.23925770074129105 100 49.000004678964615 32.00000189244747 23.000000528991222
3.1975775957107544 -8.436186909675598 0.4847996309399605 100 135.00000715255737 92.00000211596489 56.0000042617321
3.057348132133484 -8.204843997955322 0.478830523788929 100 122.00000792741776 79.00000289082527 49.000004678964615
3.4385332465171814 -7.836931943893433 0.3294973075389862 100 130.0000074505806 93.00000205636024 68.00000354647636
3.1877288222312927 -7.974306344985962 0.399564690887928 100 59.00000408291817 34.00000177323818 20.000000707805157
3.743138611316681 -8.153771162033081 0.30742332339286804 100 145.00000655651093 100.00000923871994 66.00000366568565
2.994248867034912 -8.461025953292847 0.25823207572102547 100 131.00000739097595 88.00000235438347 54.00000438094139
3.1766992807388306 -8.755077719688416 0.2503003180027008 100 90.00000223517418 57.00000420212746 38.0000015348196
3.04240345954895 -7.989314794540405 0.25708137080073357 100 78.00000295042992 47.0000009983778 25.000002309679985
3.447076380252838 -7.802480459213257 0.23572487756609917 100 117.00000822544098 78.00000295042992 52.00000450015068
3.61939013004303 -7.951541543006897 0.4034823551774025 100 147.00000643730164 107.00000882148743 80.00000283122063
3.6604830622673035 -7.8925371170043945 0.20778803154826164 100 118.00000816583633 78.00000295042992 57.00000420212746
3.430754542350769 -8.078738451004028 0.5383564904332161 100 140.00000685453415 94.0000019967556 59.00000408291817
3.2256117463111877 -8.195917010307312 0.5198021605610847 100 120.00000804662704 76.0000030696392 48.00000473856926
3.257226347923279 -8.249174952507019 0.5386030673980713 100 130.0000074505806 88.00000235438347 55.000004321336746
3.666743040084839 -8.034911155700684 0.3842803090810776 100 145.00000655651093 103.000009059906 68.00000354647636
3.7084850668907166 -8.096737265586853 0.34173063933849335 100 146.00000649690628 101.0000091791153 67.00000360608101
3.6029499769210815 -8.131084442138672 0.45157868415117264 100 147.00000643730164 103.000009059906 69.00000348687172
3.5356977581977844 -8.127354383468628 0.4879111424088478 100 142.00000673532486 99.00000929832458 71.00000336766243
3.5272276401519775 -7.924628257751465 0.44517334550619125 100 121.0000079870224 85.0000025331974 67.00000360608101
3.4656167030334473 -7.90733277797699 0.4748302325606346 100 138.00000697374344 96.00000947713852 70.00000342726707
3.21854829788208 -7.99774706363678 0.47639407217502594 100 84.00000259280205 49.000004678964615 30.00000201165676
3.4275150299072266 -7.998911738395691 0.5196522548794746 100 140.00000685453415 94.0000019967556 63.00000384449959
3.1112396717071533 -8.735195398330688 0.22225560620427132 100 100.00000923871994 64.00000378489494 40.00000141561031
2.969614565372467 -8.47237765789032 0.17257655039429665 100 114.00000840425491 76.0000030696392 48.00000473856926
3.433481454849243 -7.881866693496704 0.4496169835329056 100 95.00000193715096 62.00000390410423 45.00000111758709
3.1145700812339783 -8.162583112716675 0.48951171338558197 100 124.00000780820847 80.00000283122063 50.00000461935997
3.0315056443214417 -8.107091188430786 0.39233148097991943 100 62.00000390410423 36.00000165402889 24.00000236928463
3.026069402694702 -8.055551648139954 0.3746669739484787 100 78.00000295042992 46.000001057982445 31.000001952052116
3.0313149094581604 -8.19556474685669 0.39016731083393097 100 39.00000147521496 26.00000225007534 21.000000648200512
3.0378469824790955 -8.243677020072937 0.4042814299464226 100 72.00000330805779 47.0000009983778 30.00000201165676
3.2314106822013855 -8.374528288841248 0.5083603784441948 100 143.00000667572021 100.00000923871994 61.00000396370888
3.161880373954773 -8.20541262626648 0.5083465948700905 100 117.00000822544098 74.0000031888485 47.0000009983778
3.6275887489318848 -7.875542640686035 0.20373500883579254 100 112.0000085234642 72.00000330805779 51.000004559755325
3.160161077976227 -8.014382719993591 0.4231667146086693 100 50.00000461935997 29.000002071261406 17.00000088661909
3.2397761940956116 -7.975049018859863 0.46846333891153336 100 116.00000828504562 74.0000031888485 45.00000111758709
3.169940412044525 -8.03966760635376 0.47529425472021103 100 97.00000941753387 59.00000408291817 35.00000171363354
3.223152756690979 -8.41884732246399 0.48954345285892487 100 139.0000069141388 98.00000935792923 60.00000402331352
3.02071750164032 -8.267015218734741 0.35229235887527466 100 58.00000414252281 38.0000015348196 27.000002190470695
3.4062978625297546 -8.114932775497437 0.5410278588533401 100 137.00000703334808 90.00000223517418 54.00000438094139
3.3971112966537476 -8.150674700737 0.5469848588109016 100 144.00000661611557 104.00000900030136 74.0000031888485
3.056577742099762 -8.024371266365051 0.37422291934490204 100 85.0000025331974 51.000004559755325 31.000001952052116
3.0186498165130615 -8.051719665527344 0.3495015949010849 100 52.00000450015068 33.00000183284283 23.000000528991222
2.9861092567443848 -8.006791472434998 0.23492777720093727 100 58.00000414252281 33.00000183284283 21.000000648200512
3.0479127168655396 -8.015969395637512 0.33955391496419907 100 45.00000111758709 25.000002309679985 16.000000946223736
3.0548518896102905 -8.13103437423706 0.459793284535408 100 51.000004559755325 30.00000201165676 19.0000007674098
3.280090093612671 -8.26135516166687 0.5462422594428062 100 141.0000067949295 95.00000193715096 59.00000408291817
3.0136629939079285 -8.008664846420288 0.273380633443594 100 62.00000390410423 37.00000159442425 20.000000707805157
3.057807683944702 -8.14371943473816 0.474228598177433 100 100.00000923871994 62.00000390410423 37.00000159442425
4.692754745483398 -5.582541823387146 0.42512204498052597 100 144.00000661611557 109.00000870227814 89.00000229477882
4.623738527297974 -5.6431883573532104 0.478750616312027 100 142.00000673532486 99.00000929832458 67.00000360608101
4.019080400466919 -5.643323063850403 0.3234483301639557 100 112.0000085234642 71.00000336766243 47.0000009983778
4.135145545005798 -5.2715373039245605 0.3013743460178375 100 68.00000354647636 42.000001296401024 29.000002071261406
4.8021963238716125 -5.424764156341553 0.2924089878797531 100 142.00000673532486 102.00000911951065 76.0000030696392
4.634345769882202 -5.392653942108154 0.31478162854909897 100 151.00000619888306 122.00000792741776 104.00000900030136
4.77720320224762 -5.474743843078613 0.3305232524871826 100 139.0000069141388 110.00000864267349 95.00000193715096
3.9868205785751343 -5.647900104522705 0.22967590019106865 100 64.00000378489494 39.00000147521496 25.000002309679985
4.027751982212067 -5.448027849197388 0.397433377802372 100 66.00000366568565 38.0000015348196 24.00000236928463
3.960028886795044 -5.4330974817276 0.20173907279968262 100 34.00000177323818 21.000000648200512 15.00000100582838
4.220903813838959 -5.566302537918091 0.5323074758052826 100 115.00000834465027 73.00000324845314 47.0000009983778
4.413626194000244 -5.702248811721802 0.5137531459331512 100 133.00000727176666 90.00000223517418 61.00000396370888
4.442368745803833 -5.65660834312439 0.5325540527701378 100 155.00000596046448 120.00000804662704 97.00000941753387
4.556863903999329 -5.498281121253967 0.40823590010404587 100 151.00000619888306 123.00000786781311 109.00000870227814
4.519014954566956 -5.536867380142212 0.44359199702739716 100 145.00000655651093 118.00000816583633 103.000009059906
4.6241495013237 -5.629759430885315 0.47612398862838745 100 142.00000673532486 101.0000091791153 72.00000330805779
4.073751866817474 -5.378420948982239 0.37823133170604706 100 90.00000223517418 58.00000414252281 38.0000015348196
4.1047415137290955 -5.321099758148193 0.33568162471055984 100 80.00000283122063 50.00000461935997 35.00000171363354
4.182634055614471 -5.400015711784363 0.44552966952323914 100 153.00000607967377 122.00000792741776 104.00000900030136
4.211277365684509 -5.459173917770386 0.4818621277809143 100 122.00000792741776 91.00000217556953 77.00000301003456
4.321516156196594 -5.530099272727966 0.49928009510040283 100 157.0000058412552 129.00000751018524 114.00000840425491
4.429847896099091 -5.11055052280426 0.19753223285079002 100 148.000006377697 113.00000846385956 89.00000229477882
4.342285096645355 -5.12210488319397 0.22354641929268837 100 131.00000739097595 106.00000888109207 94.0000019967556
4.55608457326889 -5.184870362281799 0.21030588075518608 100 154.00000602006912 114.00000840425491 82.00000271201134
4.049138724803925 -5.536646246910095 0.43912436813116074 100 47.0000009983778 28.00000213086605 20.000000707805157
4.064006507396698 -5.595646500587463 0.4687812179327011 100 82.00000271201134 50.00000461935997 33.00000183284283
4.254558682441711 -5.776933431625366 0.4703450947999954 100 114.00000840425491 74.0000031888485 49.000004678964615
4.157013893127441 -5.5967265367507935 0.5136032775044441 100 96.00000947713852 58.00000414252281 38.0000015348196
4.058285057544708 -5.632113814353943 0.44356800615787506 100 113.00000846385956 72.00000330805779 44.000001177191734
4.076552391052246 -5.398212671279907 0.39922937750816345 100 98.00000935792923 61.00000396370888 41.00000135600567
4.904716610908508 -5.529072880744934 0.2210855856537819 100 161.0000056028366 127.00000762939453 104.00000900030136
4.557262659072876 -5.63542366027832 0.5023113638162613 100 153.00000607967377 120.00000804662704 100.00000923871994
4.471484124660492 -5.570144057273865 0.48145532608032227 100 148.000006377697 121.0000079870224 109.00000870227814
4.486438632011414 -5.618910789489746 0.5136527121067047 100 157.0000058412552 126.00000768899918 107.00000882148743
4.305669069290161 -5.357788801193237 0.3803110495209694 100 154.00000602006912 126.00000768899918 111.00000858306885
4.487004280090332 -5.385296940803528 0.34700606018304825 100 143.00000667572021 117.00000822544098 103.000009059906
4.20867383480072 -5.337068438529968 0.39130616933107376 100 146.00000649690628 117.00000822544098 100.00000923871994
3.9616072177886963 -5.467284917831421 0.19768603146076202 100 39.00000147521496 24.00000236928463 19.0000007674098
4.445523321628571 -5.269116163253784 0.28528016060590744 100 148.000006377697 115.00000834465027 99.00000929832458
4.291186332702637 -5.107971429824829 0.18845247104763985 100 83.00000265240669 50.00000461935997 32.00000189244747
4.225901365280151 -5.253868103027344 0.31982023268938065 100 134.00000721216202 91.00000217556953 61.00000396370888
4.202159345149994 -5.276200175285339 0.32541316002607346 100 152.0000061392784 126.00000768899918 113.00000846385956
4.411590397357941 -5.339300036430359 0.33779680728912354 100 145.00000655651093 114.00000840425491 96.00000947713852
4.472005367279053 -5.855490565299988 0.4736005887389183 100 130.0000074505806 85.0000025331974 55.000004321336746
4.267581105232239 -5.2049267292022705 0.2900262176990509 100 144.00000661611557 113.00000846385956 97.00000941753387
4.29691344499588 -5.139889717102051 0.24407440796494484 100 127.00000762939453 102.00000911951065 90.00000223517418
4.750902354717255 -5.333361029624939 0.2498347871005535 100 138.00000697374344 98.00000935792923 74.0000031888485
4.1632139682769775 -5.2648234367370605 0.30581703409552574 100 113.00000846385956 76.0000030696392 55.000004321336746
4.2259520292282104 -5.766525864601135 0.46241436153650284 100 97.00000941753387 62.00000390410423 41.00000135600567
4.844944179058075 -5.473837852478027 0.288626067340374 100 137.00000703334808 96.00000947713852 69.00000348687172
4.746498167514801 -5.306494235992432 0.2074679546058178 100 135.00000715255737 91.00000217556953 61.00000396370888
4.311823546886444 -5.804244875907898 0.4692452400922775 100 128.0000075697899 85.0000025331974 54.00000438094139
4.376751780509949 -5.452078580856323 0.425407774746418 100 148.000006377697 119.00000810623169 105.00000894069672
4.597474038600922 -5.627185702323914 0.48349447548389435 100 147.00000643730164 110.00000864267349 85.0000025331974
4.704464972019196 -5.2829909324646 0.22246010601520538 100 145.00000655651093 104.00000900030136 75.00000312924385
4.674268364906311 -5.262768268585205 0.22718960419297218 100 150.0000062584877 112.0000085234642 85.0000025331974
4.698687791824341 -5.299441814422607 0.24244407191872597 100 145.00000655651093 111.00000858306885 90.00000223517418
4.432874917984009 -5.104036927223206 0.17689023166894913 100 131.00000739097595 87.00000241398811 57.00000420212746
4.3060413002967834 -5.113599896430969 0.21264547482132912 100 116.00000828504562 83.00000265240669 65.0000037252903
4.773655533790588 -5.511686205863953 0.35607170313596725 100 132.0000073313713 103.000009059906 90.00000223517418
4.657144844532013 -5.461488366127014 0.3536834195256233 100 143.00000667572021 117.00000822544098 104.00000900030136
4.733224511146545 -5.548275709152222 0.39291180670261383 100 148.000006377697 117.00000822544098 101.0000091791153
4.243095815181732 -5.53266704082489 0.528646856546402 100 137.00000703334808 101.0000091791153 84.00000259280205
4.281264245510101 -5.546672344207764 0.52710872143507 100 154.00000602006912 124.00000780820847 109.00000870227814
4.262092411518097 -5.574815273284912 0.5349788442254066 100 130.0000074505806 85.0000025331974 55.000004321336746
4.29571270942688 -5.570346117019653 0.5409358441829681 100 133.00000727176666 94.0000019967556 70.00000342726707
4.5259106159210205 -5.367832779884338 0.3249763324856758 100 148.000006377697 118.00000816583633 104.00000900030136
4.440945982933044 -5.871641039848328 0.4537442699074745 100 116.00000828504562 74.0000031888485 47.0000009983778
4.2528098821640015 -5.238993167877197 0.315181165933609 100 129.00000751018524 88.00000235438347 65.0000037252903
4.285154938697815 -5.1293206214904785 0.2313300408422947 100 108.00000876188278 85.0000025331974 74.0000031888485
4.4415730237960815 -5.632718205451965 0.5401932448148727 100 158.00000578165054 124.00000780820847 102.00000911951065
4.468859434127808 -5.629340410232544 0.5280059948563576 100 163.00000548362732 131.00000739097595 110.00000864267349
2.6638731360435486 -10.922572612762451 0.15983903780579567 100 131.00000739097595 94.0000019967556 69.00000348687172
2.284645289182663 -11.057159900665283 0.34709181636571884 100 107.00000882148743 65.0000037252903 41.00000135600567
2.390219122171402 -11.058504581451416 0.39941802620887756 100 101.0000091791153 62.00000390410423 39.00000147521496
2.6525428891181946 -10.992398262023926 0.3935939073562622 100 125.00000774860382 83.00000265240669 55.000004321336746
2.834625542163849 -11.184732913970947 0.31625300645828247 100 131.00000739097595 83.00000265240669 52.00000450015068
2.068188339471817 -11.100785732269287 0.21760163828730583 100 77.00000301003456 48.00000473856926 32.00000189244747
2.06303134560585 -10.902942419052124 0.116547467187047 100 64.00000378489494 39.00000147521496 25.000002309679985
2.311582565307617 -10.976476669311523 0.23407721891999245 100 113.00000846385956 70.00000342726707 45.00000111758709
2.426188141107559 -10.856846570968628 0.17835263162851334 100 118.00000816583633 77.00000301003456 51.000004559755325
2.0915213227272034 -10.94489574432373 0.17061349004507065 100 93.00000205636024 56.0000042617321 35.00000171363354
2.6634272933006287 -11.386373043060303 0.45167427510023117 100 154.00000602006912 106.00000888109207 67.00000360608101
2.5514671206474304 -11.170443296432495 0.45191485434770584 100 123.00000786781311 79.00000289082527 52.00000450015068
2.330377846956253 -11.211081743240356 0.3306157514452934 100 88.00000235438347 52.00000450015068 34.00000177323818
2.379187047481537 -11.068202257156372 0.3968551754951477 100 101.0000091791153 62.00000390410423 40.00000141561031
2.817036807537079 -11.470035314559937 0.38969073444604874 100 145.00000655651093 100.00000923871994 65.0000037252903
2.7406856417655945 -11.40671968460083 0.43342430144548416 100 142.00000673532486 96.00000947713852 60.00000402331352
2.1297508478164673 -10.888161659240723 0.14324983581900597 100 102.00000911951065 63.00000384449959 38.0000015348196
2.191348373889923 -10.869262218475342 0.1427579391747713 100 113.00000846385956 71.00000336766243 45.00000111758709
2.4225713312625885 -10.829964876174927 0.09477721527218819 100 141.0000067949295 96.00000947713852 59.00000408291817
2.6761358976364136 -11.059508323669434 0.4040157049894333 100 145.00000655651093 99.00000929832458 64.00000378489494
2.8426355123519897 -10.989617109298706 0.2018457092344761 100 154.00000602006912 112.0000085234642 78.00000295042992
2.753574550151825 -10.996402502059937 0.3091954439878464 100 138.00000697374344 95.00000193715096 69.00000348687172
2.6690587401390076 -10.970237255096436 0.3070838563144207 100 118.00000816583633 85.0000025331974 68.00000354647636
2.621149718761444 -10.962352752685547 0.32085519284009933 100 116.00000828504562 82.00000271201134 62.00000390410423
2.077537477016449 -10.995899438858032 0.1995549537241459 100 79.00000289082527 48.00000473856926 31.000001952052116
2.4392227828502655 -11.108952760696411 0.4224066436290741 100 117.00000822544098 75.00000312924385 50.00000461935997
2.4848726391792297 -11.168820858001709 0.43347254395484924 100 122.00000792741776 77.00000301003456 49.000004678964615
2.6213008165359497 -11.092153787612915 0.42239319533109665 100 140.00000685453415 93.00000205636024 59.00000408291817
2.6851901412010193 -11.0028076171875 0.39439305663108826 100 130.0000074505806 92.00000211596489 69.00000348687172
2.8044122457504272 -11.146610975265503 0.3392818570137024 100 152.0000061392784 109.00000870227814 77.00000301003456
2.0380063354969025 -11.203150749206543 0.17606133595108986 100 110.00000864267349 71.00000336766243 46.000001057982445
2.0717671513557434 -11.035604476928711 0.21391058340668678 100 78.00000295042992 48.00000473856926 32.00000189244747
2.1310433745384216 -11.046329736709595 0.2580931782722473 100 89.00000229477882 54.00000438094139 36.00000165402889
2.0202745497226715 -11.22606635093689 0.13472337275743484 100 138.00000697374344 91.00000217556953 55.000004321336746
2.777370512485504 -11.148533821105957 0.3901435062289238 100 151.00000619888306 106.00000888109207 70.00000342726707
2.161078453063965 -11.055409908294678 0.2797183208167553 100 115.00000834465027 74.0000031888485 48.00000473856926
2.2178389132022858 -11.17100477218628 0.2773880213499069 100 102.00000911951065 63.00000384449959 41.00000135600567
2.2237707674503326 -11.055408716201782 0.31566377729177475 100 104.00000900030136 64.00000378489494 41.00000135600567
2.6038706302642822 -10.939124822616577 0.27012867853045464 100 130.0000074505806 92.00000211596489 66.00000366568565
2.5891396403312683 -10.931638479232788 0.26050154119729996 100 120.00000804662704 80.00000283122063 56.0000042617321
2.636011242866516 -11.352366209030151 0.454280786216259 100 151.00000619888306 103.000009059906 66.00000366568565
2.6045432686805725 -11.333087682723999 0.46009309589862823 100 75.00000312924385 49.000004678964615 34.00000177323818
2.8252843022346497 -11.04466199874878 0.2915266528725624 100 139.0000069141388 93.00000205636024 58.00000414252281
2.8102800250053406 -11.000374555587769 0.2674056962132454 100 141.0000067949295 100.00000923871994 73.00000324845314
2.862783670425415 -10.982463359832764 0.15561426989734173 100 143.00000667572021 102.00000911951065 71.00000336766243
2.093483805656433 -10.908277034759521 0.14773965813219547 100 110.00000864267349 69.00000348687172 42.000001296401024
2.3763762414455414 -11.608031988143921 0.23982079699635506 100 100.00000923871994 61.00000396370888 38.0000015348196
2.5077685713768005 -11.172890663146973 0.447477251291275 100 94.0000019967556 60.00000402331352 41.00000135600567
2.7108371257781982 -11.010788679122925 0.3891037032008171 100 146.00000649690628 103.000009059906 72.00000330805779
0.26456505060195923 -5.872138142585754 0.5425957962870598 100 139.0000069141388 95.00000193715096 60.00000402331352
0.3311844915151596 -5.876343250274658 0.2973664365708828 100 121.0000079870224 79.00000289082527 52.00000450015068
0.21644629538059235 -5.746884346008301 0.41580911725759506 100 132.0000073313713 85.0000025331974 58.00000414252281
-0.576951876282692 -5.854960680007935 0.4990779235959053 100 62.00000390410423 37.00000159442425 26.00000225007534
-0.5214348062872887 -6.048254370689392 0.5130167305469513 100 122.00000792741776 80.00000283122063 50.00000461935997
-0.4903494194149971 -5.831882953643799 0.5699443444609642 100 61.00000396370888 38.0000015348196 26.00000225007534
-0.01531329588033259 -5.385187268257141 0.23119023069739342 100 112.0000085234642 72.00000330805779 41.00000135600567
-0.06399718578904867 -5.385813117027283 0.18865767866373062 100 72.00000330805779 44.000001177191734 29.000002071261406
-0.13533540070056915 -5.4016900062561035 0.1780051738023758 100 96.00000947713852 57.00000420212746 34.00000177323818
-0.39879634976387024 -5.536128878593445 0.40721405297517776 100 91.00000217556953 54.00000438094139 31.000001952052116
-0.6061642616987228 -5.528264045715332 0.1854565553367138 100 61.00000396370888 33.00000183284283 21.000000648200512
-0.14425494708120823 -5.86996853351593 0.6526198238134384 100 145.00000655651093 100.00000923871994 61.00000396370888
-0.3796091303229332 -5.838993787765503 0.6618717312812805 100 112.0000085234642 73.00000324845314 45.00000111758709
-0.36176394671201706 -6.182913184165955 0.6217595189809799 100 131.00000739097595 88.00000235438347 56.0000042617321
0.10862886905670166 -5.618433952331543 0.501432754099369 100 111.00000858306885 71.00000336766243 50.00000461935997
-0.6455305963754654 -5.5652159452438354 0.22983483970165253 100 62.00000390410423 37.00000159442425 23.000000528991222
-0.6699107587337494 -5.733974575996399 0.3203941509127617 100 50.00000461935997 31.000001952052116 22.000000588595867
-0.5147608742117882 -5.543315410614014 0.3244296833872795 100 66.00000366568565 38.0000015348196 25.000002309679985
0.2883809246122837 -5.882320404052734 0.17799310386180878 100 102.00000911951065 64.00000378489494 40.00000141561031
-0.15510670840740204 -5.7794588804244995 0.6520393490791321 100 132.0000073313713 87.00000241398811 52.00000450015068
-0.4019876569509506 -5.660613775253296 0.514812096953392 100 95.00000193715096 57.00000420212746 35.00000171363354
-0.007735998369753361 -5.4341548681259155 0.4092704877257347 100 85.0000025331974 50.00000461935997 32.00000189244747
-0.4016723111271858 -5.797964334487915 0.6370876729488373 100 96.00000947713852 59.00000408291817 36.00000165402889
0.05322782788425684 -5.627604126930237 0.5956518277525902 100 124.00000780820847 79.00000289082527 51.000004559755325
-0.3493255004286766 -5.697298645973206 0.5925102531909943 100 113.00000846385956 68.00000354647636 43.00000123679638
0.15725038945674896 -6.028251051902771 0.6279119849205017 100 128.0000075697899 84.00000259280205 53.000004440546036
-0.33078238368034363 -6.202007532119751 0.6191578879952431 100 121.0000079870224 79.00000289082527 51.000004559755325
0.07466810289770365 -5.599910616874695 0.5787559971213341 100 129.00000751018524 86.00000247359276 57.00000420212746
0.03681221045553684 -5.524771213531494 0.5373674631118774 100 133.00000727176666 88.00000235438347 54.00000438094139
0.04531174432486296 -5.542821884155273 0.555453822016716 100 135.00000715255737 90.00000223517418 54.00000438094139
0.33104341477155685 -5.86375892162323 0.2677137777209282 100 134.00000721216202 91.00000217556953 58.00000414252281
0.3091008774936199 -5.884582996368408 0.21196682006120682 100 128.0000075697899 84.00000259280205 54.00000438094139
-0.3240891546010971 -5.62029242515564 0.5413259938359261 100 78.00000295042992 45.00000111758709 28.00000213086605
0.020444493275135756 -5.496532917022705 0.49473103135824203 100 131.00000739097595 89.00000229477882 57.00000420212746
-0.37477295845746994 -5.553993582725525 0.44012434780597687 100 99.00000929832458 60.00000402331352 36.00000165402889
-0.36001790314912796 -5.697474479675293 0.5901943519711494 100 110.00000864267349 68.00000354647636 41.00000135600567
0.017211823724210262 -5.392482280731201 0.2778003551065922 100 92.00000211596489 55.000004321336746 33.00000183284283
0.022278230171650648 -5.398522615432739 0.3118249401450157 100 86.00000247359276 52.00000450015068 31.000001952052116
-0.3731420263648033 -6.1863309144973755 0.6114793196320534 100 130.0000074505806 87.00000241398811 55.000004321336746
-0.4268234595656395 -5.815461277961731 0.6256238371133804 100 95.00000193715096 61.00000396370888 40.00000141561031
0.013642447302117944 -5.456499457359314 0.44338274747133255 100 129.00000751018524 82.00000271201134 56.0000042617321
0.0862221047282219 -5.531148314476013 0.38029618561267853 100 157.0000058412552 113.00000846385956 70.00000342726707
0.20191723480820656 -5.963742136955261 0.5936954915523529 100 128.0000075697899 86.00000247359276 58.00000414252281
0.024901595897972584 -5.69269597530365 0.6248926743865013 100 113.00000846385956 72.00000330805779 50.00000461935997
0.09625651873648167 -5.865990519523621 0.6269776076078415 100 132.0000073313713 87.00000241398811 58.00000414252281
-0.7256140559911728 -5.8447349071502686 0.2396421879529953 100 98.00000935792923 61.00000396370888 42.000001296401024
-0.65998874604702 -5.567522644996643 0.18258042633533478 100 140.00000685453415 97.00000941753387 62.00000390410423
0.15373127534985542 -6.011935472488403 0.6300539523363113 100 130.0000074505806 86.00000247359276 60.00000402331352
0.10972094722092152 -5.946320295333862 0.6383652240037918 100 128.0000075697899 84.00000259280205 56.0000042617321
-0.4639795422554016 -5.609478950500488 0.41547492146492004 100 73.00000324845314 43.00000123679638 26.00000225007534
-0.4051818698644638 -5.652758479118347 0.5007417500019073 100 94.0000019967556 56.0000042617321 34.00000177323818
-0.32238204032182693 -5.652760863304138 0.5738559737801552 100 124.00000780820847 80.00000283122063 49.000004678964615
-0.7113084197044373 -5.885381102561951 0.3362615406513214 100 92.00000211596489 57.00000420212746 39.00000147521496
-0.5864211171865463 -5.539079904556274 0.24227812886238098 100 66.00000366568565 37.00000159442425 22.000000588595867
-0.6368166208267212 -5.54223895072937 0.18780000507831573 100 63.00000384449959 39.00000147521496 26.00000225007534
-0.0008339692431036383 -5.910673141479492 0.6426938623189926 100 124.00000780820847 80.00000283122063 51.000004559755325
-0.7271683216094971 -5.912311673164368 0.2575436420738697 100 95.00000193715096 58.00000414252281 41.00000135600567
-0.5820317193865776 -6.006155610084534 0.47439541667699814 100 109.00000870227814 72.00000330805779 47.0000009983778
-0.6477488577365875 -5.874443054199219 0.44434208422899246 100 63.00000384449959 37.00000159442425 25.000002309679985
-0.6902031600475311 -5.907704830169678 0.4069453477859497 100 95.00000193715096 57.00000420212746 36.00000165402889
0.014061810215935111 -5.418490767478943 0.37254028022289276 100 110.00000864267349 69.00000348687172 45.00000111758709
0.12795465998351574 -5.555200576782227 0.2915246784687042 100 124.00000780820847 82.00000271201134 53.000004440546036
-0.6889021396636963 -5.869538187980652 0.40094882249832153 100 83.00000265240669 52.00000450015068 36.00000165402889
-0.03823732724413276 -5.388205051422119 0.191886518150568 100 141.0000067949295 96.00000947713852 61.00000396370888
-0.06765532307326794 -5.396531820297241 0.17796171829104424 100 140.00000685453415 94.0000019967556 60.00000402331352
0.048866746947169304 -5.532923340797424 0.5146994069218636 100 111.00000858306885 70.00000342726707 45.00000111758709
-0.23781787604093552 -5.61278760433197 0.5630599707365036 100 122.00000792741776 79.00000289082527 47.0000009983778
5.845836400985718 -11.326842308044434 0.5669161304831505 100 113.00000846385956 74.0000031888485 47.0000009983778
5.907590389251709 -11.301498413085938 0.321686752140522 100 69.00000348687172 46.000001057982445 33.00000183284283
5.747799277305603 -11.235231161117554 0.44012945145368576 100 111.00000858306885 71.00000336766243 49.000004678964615
5.081496238708496 -11.679304838180542 0.523398257791996 100 54.00000438094139 32.00000189244747 18.000000827014446
5.149293541908264 -11.620687246322632 0.5942646786570549 100 51.000004559755325 29.000002071261406 16.000000946223736
5.102329254150391 -11.314668655395508 0.43153438717126846 100 55.000004321336746 32.00000189244747 20.000000707805157
5.477209687232971 -11.503627300262451 0.6769401580095291 100 120.00000804662704 79.00000289082527 49.000004678964615
5.25199830532074 -11.578665971755981 0.6861920654773712 100 66.00000366568565 39.00000147521496 23.000000528991222
5.418409109115601 -11.880173683166504 0.6460798531770706 100 116.00000828504562 74.0000031888485 46.000001057982445
5.594673752784729 -11.166844367980957 0.5257530882954597 100 103.000009059906 68.00000354647636 52.00000450015068
4.944997131824493 -11.611136198043823 0.3447144851088524 100 39.00000147521496 25.000002309679985 20.000000707805157
5.001177191734314 -11.371831893920898 0.3487500175833702 100 46.000001057982445 28.00000213086605 19.0000007674098
5.427879095077515 -11.426969766616821 0.6763596832752228 100 121.0000079870224 79.00000289082527 49.000004678964615
5.409452319145203 -11.051985025405884 0.4335908219218254 100 63.00000384449959 36.00000165402889 23.000000528991222
5.214217305183411 -11.551412343978882 0.661408007144928 100 77.00000301003456 48.00000473856926 30.00000201165676
5.548856854438782 -11.199313402175903 0.6199721619486809 100 114.00000840425491 76.0000030696392 57.00000420212746
5.21728515625 -11.437990665435791 0.616830587387085 100 102.00000911951065 62.00000390410423 39.00000147521496
5.454621315002441 -11.883801221847534 0.6434781849384308 100 116.00000828504562 75.00000312924385 45.00000111758709
5.556032061576843 -11.16503357887268 0.6030763313174248 100 121.0000079870224 82.00000271201134 60.00000402331352
5.489134788513184 -11.114006042480469 0.5616877973079681 100 112.0000085234642 72.00000330805779 45.00000111758709
5.901961326599121 -11.290242671966553 0.2920341119170189 100 98.00000935792923 65.0000037252903 42.000001296401024
5.206314921379089 -11.357700824737549 0.5656463280320168 100 54.00000438094139 32.00000189244747 21.000000648200512
5.462068319320679 -11.095765829086304 0.5190513655543327 100 92.00000211596489 58.00000414252281 38.0000015348196
5.131745934486389 -11.320233345031738 0.46444468200206757 100 59.00000408291817 35.00000171363354 22.000000588595867
5.2077460289001465 -11.44282341003418 0.6145146861672401 100 79.00000289082527 46.000001057982445 29.000002071261406
5.413669943809509 -11.003599166870117 0.3021206893026829 100 70.00000342726707 41.00000135600567 26.00000225007534
5.4208678007125854 -11.006816625595093 0.3361452743411064 100 102.00000911951065 65.0000037252903 43.00000123679638
5.1992470026016235 -11.578143835067749 0.6499441713094711 100 59.00000408291817 36.00000165402889 21.000000648200512
5.438448190689087 -11.062735319137573 0.46770308166742325 100 142.00000673532486 98.00000935792923 67.00000360608101
5.516321063041687 -11.124261617660522 0.5302073433995247 100 116.00000828504562 80.00000283122063 55.000004321336746
5.536360740661621 -11.09813928604126 0.4046165198087692 100 145.00000655651093 103.000009059906 69.00000348687172
5.829542279243469 -11.436617374420166 0.6180158257484436 100 49.000004678964615 30.00000201165676 20.000000707805157
5.551839470863342 -11.270239353179932 0.649213045835495 100 116.00000828504562 75.00000312924385 51.000004559755325
5.691778063774109 -11.394897699356079 0.6512979418039322 100 116.00000828504562 77.00000301003456 54.00000438094139
4.943324029445648 -11.735103130340576 0.263962522149086 100 102.00000911951065 65.0000037252903 41.00000135600567
5.807275772094727 -11.501027345657349 0.654374286532402 100 86.00000247359276 56.0000042617321 41.00000135600567
5.739007592201233 -11.461256742477417 0.6626855581998825 100 64.00000378489494 39.00000147521496 26.00000225007534
5.075774788856506 -11.409136056900024 0.43979525566101074 100 48.00000473856926 29.000002071261406 20.000000707805157
5.147577524185181 -11.422353982925415 0.525062084197998 100 61.00000396370888 36.00000165402889 23.000000528991222
5.222045183181763 -11.386154890060425 0.5981763079762459 100 113.00000846385956 72.00000330805779 44.000001177191734
4.973960518836975 -11.76540493965149 0.3605818748474121 100 49.000004678964615 34.00000177323818 27.000002190470695
4.93487685918808 -11.399352550506592 0.2665984630584717 100 41.00000135600567 23.000000528991222 15.00000100582838
5.557467341423035 -11.29538893699646 0.6564271450042725 100 124.00000780820847 81.00000277161598 54.00000438094139
5.623993277549744 -11.47753119468689 0.6670141965150833 100 102.00000911951065 64.00000378489494 42.000001296401024
4.971470534801483 -11.79655909538269 0.2818639762699604 100 46.000001057982445 31.000001952052116 24.00000236928463
5.026341676712036 -11.727778911590576 0.46866241842508316 100 53.000004440546036 32.00000189244747 20.000000707805157
5.0027018785476685 -11.776254177093506 0.4312656819820404 100 51.000004559755325 31.000001952052116 21.000000648200512
5.422208309173584 -11.028368473052979 0.39686061441898346 100 86.00000247359276 54.00000438094139 36.00000165402889
5.584409236907959 -11.101526021957397 0.3158450126647949 100 112.0000085234642 75.00000312924385 52.00000450015068
4.987185299396515 -11.741359233856201 0.42526915669441223 100 49.000004678964615 32.00000189244747 22.000000588595867
5.503540635108948 -11.116068363189697 0.5390197411179543 100 112.0000085234642 74.0000031888485 50.00000461935997
5.280622839927673 -11.313233375549316 0.5873803049325943 100 106.00000888109207 67.00000360608101 40.00000141561031
