-20 -0.6 0.2 74 0 1 1
-20 0 0.2 76 0 1 1
-20 0.5 0.1 83 0 1 1
-19.9 -1.8 0.2 79 0 1 1
-19.9 1 0.1 93 0 1 1
-19.8 -2.9 0.2 75 0 1 1
-19.8 -2.3 0.2 83 0 1 1
-19.8 0.5 0.1 92 0 1 1
-19.8 1 0.1 98 0 1 1
-19.8 1.6 0.1 90 0 1 1
-19.8 2.2 0.1 94 0 1 1
-19.8 2.5 0.1 74 0 1 1
-19.8 2.7 0.1 74 0 1 1
-19.7 -4 0.2 68 0 1 1
-19.7 -3.9 0.2 72 0 1 1
-19.7 -3.5 0.2 72 0 1 1
-19.7 -2.9 0.2 75 0 1 1
-19.7 -2.3 0.2 83 0 1 1
-19.7 -1.8 0.2 81 0 1 1
-19.7 -1.2 0.2 76 0 1 1
-19.7 -0.7 0.2 82 0 1 1
-19.7 -0.1 0.1 91 0 1 1
-19.7 3.3 0.1 76 0 1 1
-19.7 3.8 0.1 76 0 1 1
-19.7 3.9 0.1 75 0 1 1
-19.6 -4 0.2 72 0 1 1
-19.5 -4.6 0.2 74 0 1 1
-19.5 4.4 0 82 0 1 1
-19.4 4.9 0 76 0 1 1
-19.3 -5.1 0.2 82 0 1 1
-19.3 3.8 0.1 94 0 1 1
-19.3 4.4 0 100 0 1 1
-19.2 -5.6 0.2 86 0 1 1
-19.2 -5.1 0.2 92 0 1 1
-19.2 -2.9 0.2 81 0 1 1
-19.2 -2.4 0.2 80 0 1 1
-19.2 -1.8 0.2 84 0 1 1
-19.2 -1.2 0.2 78 0 1 1
-19.2 -0.7 0.2 79 0 1 1
-19.2 -0.1 0.1 93 0 1 1
-19.2 0.4 0.1 89 0 1 1
-19.2 1 0.1 98 0 1 1
-19.2 1.6 0.1 96 0 1 1
-19.2 2.1 0.1 92 0 1 1
-19.2 2.7 0.1 83 0 1 1
-19.2 3.2 0.1 93 0 1 1
-19.2 4.9 0 76 0 1 1
-19.2 5.3 0 76 0 1 1
-19.2 5.4 0 73 0 1 1
-19.1 -4.6 0.2 81 0 1 1
-19.1 -4.1 0.2 87 0 1 1
-19.1 -3.5 0.2 82 0 1 1
-19.1 5.9 0 77 0 1 1
-19 -6.2 0.2 66 0 1 1
-18.9 6.4 0 86 0 1 1
-18.8 -6.7 0.2 83 0 1 1
-18.8 6.9 0 71 0 1 1
-18.7 -7.3 0.1 74 0 1 1
-18.7 -7.2 0.1 94 0 1 1
-18.7 1.5 0.1 97 0 1 1
-18.7 2.1 0.1 95 0 1 1
-18.7 2.6 0.1 83 0 1 1
-18.7 3.2 0.1 71 0 1 1
-18.7 3.8 0 93 0 1 1
-18.7 4.3 0 98 0 1 1
-18.7 4.8 0 84 0 1 1
-18.6 -6.7 0.2 85 0 1 1
-18.6 -6.2 0.2 48 0 1 1
-18.6 -5.6 0.2 88 0 1 1
-18.6 -5.1 0.2 97 0 1 1
-18.6 -4.6 0.2 74 0 1 1
-18.6 -4.1 0.2 81 0 1 1
-18.6 -3.5 0.2 72 0 1 1
-18.6 -3 0.2 86 0 1 1
-18.6 -2.4 0.2 81 0 1 1
-18.6 -1.8 0.2 76 0 1 1
-18.6 -1.3 0.2 82 0 1 1
-18.6 -0.7 0.1 80 0 1 1
-18.6 -0.2 0.1 92 0 1 1
-18.6 0.4 0.1 89 0 1 1
-18.6 1 0.1 96 0 1 1
-18.6 5.3 0 83 0 1 1
-18.6 5.8 0 88 0 1 1
-18.6 6.4 0 94 0 1 1
-18.6 6.9 0 70 0 1 1
-18.5 -7.8 0.1 79 0 1 1
-18.5 -7.7 0.1 76 0 1 1
-18.5 7.4 0 80 0 1 1
-18.5 7.6 0 77 0 1 1
-18.4 7.9 0 70 0 1 1
-18.1 -8.5 0.1 80 0 1 1
-18.1 -8.3 0.1 83 0 1 1
-18.1 -7.8 0.1 82 0 1 1
-18.1 -7.3 0.2 79 0 1 1
-18.1 -6.7 0.2 88 0 1 1
-18.1 -6.2 0.2 47 0 1 1
-18.1 -5.7 0.2 92 0 1 1
-18.1 -5.1 0.2 94 0 1 1
-18.1 -4.6 0.2 61 0 1 1
-18.1 -4.1 0.2 78 0 1 1
-18.1 -3.5 0.2 75 0 1 1
-18.1 -3 0.2 57 0 1 1
-18.1 -2.4 0.2 79 0 1 1
-18.1 -1.9 0.2 87 0 1 1
-18.1 -1.3 0.2 61 0 1 1
-18.1 -0.7 0.1 88 0 1 1
-18.1 -0.2 0.1 90 0 1 1
-18.1 0.4 0.1 88 0 1 1
-18.1 0.9 0.1 99 0 1 1
-18.1 1.5 0.1 95 0 1 1
-18.1 2 0.1 97 0 1 1
-18.1 2.6 0.1 84 0 1 1
-18.1 3.2 0 87 0 1 1
-18.1 3.7 0 92 0 1 1
-18.1 4.3 0 94 0 1 1
-18.1 4.8 0 84 0 1 1
-18.1 5.3 0 82 0 1 1
-18.1 8.4 -0.1 76 0 1 1
-18 5.8 0 82 0 1 1
-18 6.3 0 93 0 1 1
-18 6.8 0 64 0 1 1
-18 7.3 0 80 0 1 1
-18 7.9 0 79 0 1 1
-17.9 -8.9 0.1 70 0 1 1
-17.9 8.4 -0.1 73 0 1 1
-17.9 8.7 -0.1 82 0 1 1
-17.8 8.9 -0.1 77 0 1 1
-17.6 -9.5 0.1 72 0 1 1
-17.6 -9.4 0.1 72 0 1 1
-17.6 -8.9 0.1 80 0 1 1
-17.6 -8.4 0.1 79 0 1 1
-17.6 -7.8 0.1 88 0 1 1
-17.6 -7.3 0.2 82 0 1 1
-17.6 -6.8 0.2 89 0 1 1
-17.6 -6.2 0.2 58 0 1 1
-17.6 -5.7 0.2 88 0 1 1
-17.5 -5.2 0.2 81 0 1 1
-17.5 -4.6 0.2 86 0 1 1
-17.5 -4.1 0.2 76 0 1 1
-17.5 -3.6 0.2 74 0 1 1
-17.5 -3 0.2 53 0 1 1
-17.5 -2.4 0.2 83 0 1 1
-17.5 -1.9 0.2 82 0 1 1
-17.5 -1.3 0.1 74 0 1 1
-17.5 -0.8 0.1 85 0 1 1
-17.5 -0.2 0.1 88 0 1 1
-17.5 0.3 0.1 90 0 1 1
-17.5 0.9 0.1 97 0 1 1
-17.5 1.4 0.1 98 0 1 1
-17.5 2 0.1 90 0 1 1
-17.5 2.6 0.1 86 0 1 1
-17.5 3.1 0 84 0 1 1
-17.5 3.7 0 88 0 1 1
-17.5 4.2 0 90 0 1 1
-17.5 4.7 0 89 0 1 1
-17.5 5.3 0 82 0 1 1
-17.5 5.8 0 91 0 1 1
-17.4 6.3 0 90 0 1 1
-17.4 6.8 0 57 0 1 1
-17.4 7.3 0 79 0 1 1
-17.4 7.8 -0.1 89 0 1 1
-17.4 8.4 -0.1 84 0 1 1
-17.3 -10 0.1 63 0 1 1
-17 -10.5 0.1 67 0 1 1
-17 -10 0.1 67 0 1 1
-17 -9.5 0.1 81 0 1 1
-17 -8.9 0.1 79 0 1 1
-17 -8.4 0.1 83 0 1 1
-17 -7.9 0.2 68 0 1 1
-17 -7.3 0.2 92 0 1 1
-17 -6.8 0.2 77 0 1 1
-17 -6.3 0.2 96 0 1 1
-17 -5.7 0.2 87 0 1 1
-17 -5.2 0.2 88 0 1 1
-17 -4.7 0.2 92 0 1 1
-17 -4.1 0.2 84 0 1 1
-17 -3.6 0.2 95 0 1 1
-17 -3 0.2 74 0 1 1
-17 -2.5 0.2 88 0 1 1
-17 -1.9 0.2 78 0 1 1
-17 -1.4 0.1 81 0 1 1
-17 -0.8 0.1 84 0 1 1
-17 -0.3 0.1 92 0 1 1
-17 0.3 0.1 95 0 1 1
-17 0.9 0.1 96 0 1 1
-17 1.4 0.1 94 0 1 1
-17 2 0.1 88 0 1 1
-16.9 2.5 0 87 0 1 1
-16.9 3.1 0 84 0 1 1
-16.9 3.6 0 88 0 1 1
-16.9 4.2 0 94 0 1 1
-16.9 4.7 0 93 0 1 1
-16.9 5.2 0 85 0 1 1
-16.9 5.7 0 94 0 1 1
-16.9 6.3 0 84 0 1 1
-16.9 6.8 0 63 0 1 1
-16.8 7.3 -0.1 80 0 1 1
-16.8 7.8 -0.1 83 0 1 1
-16.8 8.3 -0.1 80 0 1 1
-16.7 -11.2 0.1 61 0 1 1
-16.7 -11.1 0.1 63 0 1 1
-16.5 -11.4 0.1 61 0 1 1
-16.5 -11.1 0.1 60 0 1 1
-16.5 -10.6 0.1 52 0 1 1
-16.5 -10 0.1 78 0 1 1
-16.5 -9.5 0.1 74 0 1 1
-16.5 -9 0.2 81 0 1 1
-16.5 -8.4 0.2 82 0 1 1
-16.5 -7.9 0.2 87 0 1 1
-16.5 -7.4 0.2 93 0 1 1
-16.5 -6.8 0.2 85 0 1 1
-16.5 -6.3 0.2 97 0 1 1
-16.5 -5.8 0.2 83 0 1 1
-16.5 -5.2 0.2 90 0 1 1
-16.5 -4.7 0.2 83 0 1 1
-16.5 -4.2 0.2 79 0 1 1
-16.5 -3.6 0.2 81 0 1 1
-16.5 -3.1 0.2 72 0 1 1
-16.4 -2.5 0.2 63 0 1 1
-16.4 -1.9 0.1 76 0 1 1
-16.4 -1.4 0.1 88 0 1 1
-16.4 -0.8 0.1 87 0 1 1
-16.4 -0.3 0.1 88 0 1 1
-16.4 0.3 0.1 96 0 1 1
-16.4 0.8 0.1 85 0 1 1
-16.4 1.4 0.1 90 0 1 1
-16.4 1.9 0 89 0 1 1
-16.4 2.5 0 90 0 1 1
-16.4 3 0 100 0 1 1
-16.4 3.6 0 85 0 1 1
-16.4 4.1 0 97 0 1 1
-16.3 -11.7 0.1 70 0 1 1
-16.3 4.7 0 102 0 1 1
-16.3 5.2 0 89 0 1 1
-16.3 5.7 0 95 0 1 1
-16.3 6.2 0 87 0 1 1
-16.3 6.7 0 84 0 1 1
-16.3 7.3 -0.1 80 0 1 1
-16.3 7.8 -0.1 74 0 1 1
-15.9 -12.1 0.1 79 0 1 1
-15.9 -11.7 0.1 76 0 1 1
-15.9 -11.1 0.1 70 0 1 1
-15.9 -10.6 0.2 63 0 1 1
-15.9 -10.1 0.2 70 0 1 1
-15.9 -9.5 0.2 78 0 1 1
-15.9 -9 0.2 77 0 1 1
-15.9 -8.5 0.2 90 0 1 1
-15.9 -7.9 0.2 58 0 1 1
-15.9 -7.4 0.2 77 0 1 1
-15.9 -6.9 0.2 89 0 1 1
-15.9 -6.3 0.2 92 0 1 1
-15.9 -5.8 0.2 76 0 1 1
-15.9 -5.2 0.2 95 0 1 1
-15.9 -4.7 0.2 88 0 1 1
-15.9 -4.2 0.2 78 0 1 1
-15.9 -3.6 0.2 82 0 1 1
-15.9 -3.1 0.2 73 0 1 1
-15.9 -2.5 0.2 67 0 1 1
-15.9 -2 0.1 79 0 1 1
-15.9 -1.4 0.1 79 0 1 1
-15.9 -0.9 0.1 85 0 1 1
-15.9 -0.3 0.1 95 0 1 1
-15.8 -12.2 0.1 81 0 1 1
-15.8 0.2 0.1 96 0 1 1
-15.8 0.8 0.1 96 0 1 1
-15.8 1.3 0.1 92 0 1 1
-15.8 1.9 0 92 0 1 1
-15.8 2.4 0 88 0 1 1
-15.8 3 0 96 0 1 1
-15.8 3.5 0 83 0 1 1
-15.8 4.1 0 96 0 1 1
-15.8 4.6 0 90 0 1 1
-15.8 5.1 0 89 0 1 1
-15.7 5.7 0 92 0 1 1
-15.7 6.2 0 95 0 1 1
-15.7 6.7 -0.1 78 0 1 1
-15.7 7.2 -0.1 79 0 1 1
-15.7 7.8 -0.1 75 0 1 1
-15.4 -9.6 0.2 84 0 1 1
-15.4 -9 0.2 74 0 1 1
-15.4 -8.5 0.2 78 0 1 1
-15.4 -8 0.2 78 0 1 1
-15.4 -7.4 0.2 92 0 1 1
-15.4 -6.9 0.2 90 0 1 1
-15.4 -6.4 0.2 101 0 1 1
-15.4 -5.8 0.2 87 0 1 1
-15.4 -5.3 0.2 94 0 1 1
-15.4 -4.7 0.2 88 0 1 1
-15.4 -4.2 0.2 84 0 1 1
-15.4 -3.6 0.2 83 0 1 1
-15.4 -3.1 0.2 75 0 1 1
-15.4 -2.6 0.1 80 0 1 1
-15.3 -12.3 0.2 72 0 1 1
-15.3 -11.7 0.2 72 0 1 1
-15.3 -11.2 0.2 59 0 1 1
-15.3 -10.7 0.2 68 0 1 1
-15.3 -10.1 0.2 88 0 1 1
-15.3 -2 0.1 70 0 1 1
-15.3 -1.5 0.1 84 0 1 1
-15.3 -0.9 0.1 86 0 1 1
-15.3 -0.4 0.1 94 0 1 1
-15.3 0.2 0.1 99 0 1 1
-15.3 0.7 0.1 99 0 1 1
-15.3 1.3 0 92 0 1 1
-15.2 1.8 0 88 0 1 1
-15.2 2.4 0 87 0 1 1
-15.2 2.9 0 107 0 1 1
-15.2 3.5 0 84 0 1 1
-15.2 4 0 98 0 1 1
-15.2 4.6 0 93 0 1 1
-15.2 5.1 0 85 0 1 1
-15.2 5.6 -0.1 96 0 1 1
-15.2 6.2 -0.1 96 0 1 1
-15.1 6.7 -0.1 89 0 1 1
-15.1 7.2 -0.1 71 0 1 1
-14.9 -5.3 0.2 86 0 1 1
-14.9 -4.8 0.2 88 0 1 1
-14.9 -4.2 0.2 75 0 1 1
-14.9 -3.7 0.2 55 0 1 1
-14.8 -11.2 0.2 60 0 1 1
-14.8 -10.7 0.2 56 0 1 1
-14.8 -10.2 0.2 69 0 1 1
-14.8 -9.6 0.2 72 0 1 1
-14.8 -9.1 0.2 67 0 1 1
-14.8 -8.5 0.2 77 0 1 1
-14.8 -8 0.2 86 0 1 1
-14.8 -7.5 0.2 86 0 1 1
-14.8 -6.9 0.2 91 0 1 1
-14.8 -6.4 0.2 63 0 1 1
-14.8 -5.8 0.2 71 0 1 1
-14.8 -3.1 0.2 76 0 1 1
-14.8 -2.6 0.1 74 0 1 1
-14.8 -2 0.1 61 0 1 1
-14.8 -1.5 0.1 84 0 1 1
-14.8 -0.9 0.1 91 0 1 1
-14.7 -0.4 0.1 85 0 1 1
-14.7 0.2 0.1 99 0 1 1
-14.7 0.7 0.1 93 0 1 1
-14.7 1.2 0 92 0 1 1
-14.7 1.8 0 97 0 1 1
-14.7 2.3 0 87 0 1 1
-14.6 2.9 0 78 0 1 1
-14.6 3.4 0 78 0 1 1
-14.6 4 0 98 0 1 1
-14.6 4.5 0 94 0 1 1
-14.6 5.1 -0.1 75 0 1 1
-14.6 5.6 -0.1 90 0 1 1
-14.6 6.1 -0.1 94 0 1 1
-14.6 6.7 -0.1 99 0 1 1
-14.6 7.2 -0.1 78 0 1 1
-14.3 -9.1 0.2 98 0 1 1
-14.3 -8.6 0.2 74 0 1 1
-14.3 -8 0.2 84 0 1 1
-14.3 -7.5 0.2 94 0 1 1
-14.3 -7 0.2 88 0 1 1
-14.3 -6.4 0.2 98 0 1 1
-14.3 -5.9 0.2 79 0 1 1
-14.3 -5.3 0.2 92 0 1 1
-14.3 -4.8 0.2 88 0 1 1
-14.3 -4.2 0.2 84 0 1 1
-14.3 -3.7 0.2 51 0 1 1
-14.3 -3.1 0.1 80 0 1 1
-14.3 -2.6 0.1 76 0 1 1
-14.3 -2.1 0.1 74 0 1 1
-14.2 -10.7 0.2 71 0 1 1
-14.2 -10.2 0.2 66 0 1 1
-14.2 -9.7 0.2 71 0 1 1
-14.2 -1.5 0.1 89 0 1 1
-14.2 -1 0.1 90 0 1 1
-14.2 -0.4 0.1 85 0 1 1
-14.2 0.1 0.1 93 0 1 1
-14.2 0.7 0 91 0 1 1
-14.1 1.2 0 95 0 1 1
-14.1 1.8 0 96 0 1 1
-14.1 2.3 0 90 0 1 1
-14.1 2.8 0 89 0 1 1
-14.1 3.4 0 84 0 1 1
-14 3.9 0 98 0 1 1
-14 4.5 -0.1 93 0 1 1
-14 5 -0.1 69 0 1 1
-14 5.6 -0.1 88 0 1 1
-14 6.1 -0.1 91 0 1 1
-14 6.6 -0.1 100 0 1 1
-13.8 -6.4 0.2 102 0 1 1
-13.8 -5.9 0.2 77 0 1 1
-13.8 -5.3 0.2 71 0 1 1
-13.8 -4.8 0.2 80 0 1 1
-13.8 -4.3 0.2 76 0 1 1
-13.8 -3.7 0.2 68 0 1 1
-13.8 -3.2 0.1 81 0 1 1
-13.7 -9.7 0.2 68 0 1 1
-13.7 -9.2 0.2 69 0 1 1
-13.7 -8.6 0.2 87 0 1 1
-13.7 -8.1 0.2 83 0 1 1
-13.7 -7.5 0.2 88 0 1 1
-13.7 -7 0.2 90 0 1 1
-13.7 -2.6 0.1 79 0 1 1
-13.7 -2.1 0.1 86 0 1 1
-13.7 -1.5 0.1 84 0 1 1
-13.7 -1 0.1 74 0 1 1
-13.6 -0.5 0.1 95 0 1 1
-13.6 0.1 0.1 87 0 1 1
-13.6 0.6 0 91 0 1 1
-13.6 1.2 0 93 0 1 1
-13.5 1.7 0 87 0 1 1
-13.5 2.3 0 85 0 1 1
-13.5 2.8 0 74 0 1 1
-13.5 3.3 0 81 0 1 1
-13.4 4.4 -0.1 96 0 1 1
-13.4 5 -0.1 65 0 1 1
-13.4 5.5 -0.1 84 0 1 1
-13.4 6.1 -0.1 91 0 1 1
-13.4 6.6 -0.1 90 0 1 1
-13.3 -4.8 0.2 92 0 1 1
-13.3 -4.3 0.2 84 0 1 1
-13.2 -15 0.3 80 0 1 1
-13.2 -8.7 0.2 85 0 1 1
-13.2 -8.1 0.2 91 0 1 1
-13.2 -7.6 0.2 86 0 1 1
-13.2 -7 0.2 77 0 1 1
-13.2 -6.5 0.2 91 0 1 1
-13.2 -5.9 0.2 81 0 1 1
-13.2 -5.4 0.2 84 0 1 1
-13.2 -3.7 0.2 83 0 1 1
-13.2 -3.2 0.1 78 0 1 1
-13.2 -2.7 0.1 78 0 1 1
-13.2 -2.1 0.1 68 0 1 1
-13.1 -9.2 0.2 67 0 1 1
-13.1 -1 0.1 55 0 1 1
-13.1 -0.5 0.1 70 0 1 1
-13.1 0 0 88 0 1 1
-13 -15.1 0.3 76 0 1 1
-13 -15 0.3 78 0 1 1
-13 0.6 0 90 0 1 1
-13 1.1 0 90 0 1 1
-13 1.7 0 88 0 1 1
-12.9 2.2 0 92 0 1 1
-12.9 2.8 0 60 0 1 1
-12.9 4.4 -0.1 96 0 1 1
-12.9 4.9 -0.1 76 0 1 1
-12.9 5.5 -0.1 82 0 1 1
-12.9 6 -0.1 88 0 1 1
-12.7 -7 0.2 79 0 1 1
-12.7 -6.5 0.2 90 0 1 1
-12.7 -5.9 0.2 87 0 1 1
-12.7 -5.4 0.2 99 0 1 1
-12.7 -4.9 0.2 82 0 1 1
-12.7 -4.3 0.2 86 0 1 1
-12.7 -3.8 0.1 79 0 1 1
-12.7 -3.2 0.1 77 0 1 1
-12.6 -8.1 0.2 78 0 1 1
-12.6 -7.6 0.2 84 0 1 1
-12.6 -2.7 0.1 73 0 1 1
-12.6 -2.1 0.1 81 0 1 1
-12.6 -1.1 0.1 82 0 1 1
-12.5 -15.6 0.3 76 0 1 1
-12.5 -15.1 0.3 80 0 1 1
-12.5 -14.6 0.3 80 0 1 1
-12.5 -0.5 0.1 97 0 1 1
-12.5 0 0 89 0 1 1
-12.5 0.6 0 95 0 1 1
-12.4 1.1 0 87 0 1 1
-12.4 1.6 0 83 0 1 1
-12.4 2.2 0 89 0 1 1
-12.3 2.7 0 79 0 1 1
-12.3 4.3 -0.1 95 0 1 1
-12.3 4.9 -0.1 82 0 1 1
-12.3 5.4 -0.1 81 0 1 1
-12.3 6 -0.1 90 0 1 1
-12.2 -5.4 0.2 79 0 1 1
-12.2 -4.9 0.2 72 0 1 1
-12.2 -4.3 0.2 73 0 1 1
-12.2 -3.8 0.1 82 0 1 1
-12.1 -7.1 0.2 98 0 1 1
-12.1 -6.5 0.2 96 0 1 1
-12.1 -6 0.2 86 0 1 1
-12.1 -3.2 0.1 76 0 1 1
-12.1 -2.7 0.1 83 0 1 1
-12.1 -2.2 0.1 78 0 1 1
-12 -0.6 0 101 0 1 1
-11.9 -16 0.3 73 0 1 1
-11.9 -15.6 0.3 80 0 1 1
-11.9 -15.1 0.3 76 0 1 1
-11.9 -14.6 0.3 81 0 1 1
-11.9 -14.1 0.3 81 0 1 1
-11.9 0 0 94 0 1 1
-11.9 0.5 0 94 0 1 1
-11.9 1.1 0 87 0 1 1
-11.8 -16.1 0.3 78 0 1 1
-11.8 1.6 0 93 0 1 1
-11.8 2.1 0 94 0 1 1
-11.7 4.3 -0.1 94 0 1 1
-11.7 4.9 -0.1 83 0 1 1
-11.7 5.4 -0.1 82 0 1 1
-11.7 6 -0.1 86 0 1 1
-11.6 -6.5 0.2 88 0 1 1
-11.6 -5.9 0.2 91 0 1 1
-11.6 -5.4 0.2 94 0 1 1
-11.6 -4.8 0.1 87 0 1 1
-11.6 -4.3 0.1 85 0 1 1
-11.6 -3.7 0.1 65 0 1 1
-11.6 -3.2 0.1 80 0 1 1
-11.6 -2.7 0.1 72 0 1 1
-11.5 -2.1 0.1 82 0 1 1
-11.4 -16.5 0.3 79 0 1 1
-11.4 -16.1 0.3 82 0 1 1
-11.4 -15.6 0.3 83 0 1 1
-11.4 -15.1 0.3 86 0 1 1
-11.4 -14.6 0.3 82 0 1 1
-11.4 -14.1 0.3 84 0 1 1
-11.4 -13.6 0.3 78 0 1 1
-11.4 -0.5 0 50 0 1 1
-11.4 0 0 96 0 1 1
-11.4 0.6 0 91 0 1 1
-11.3 1.1 0 90 0 1 1
-11.3 1.6 0 93 0 1 1
-11.3 2.2 -0.1 94 0 1 1
-11.2 -16.7 0.3 87 0 1 1
-11.2 -16.6 0.3 79 0 1 1
-11.2 4.3 -0.1 96 0 1 1
-11.2 4.9 -0.1 90 0 1 1
-11.2 5.4 -0.1 82 0 1 1
-11.1 -5.3 0.1 94 0 1 1
-11.1 -4.8 0.1 71 0 1 1
-11.1 -4.2 0.1 95 0 1 1
-11.1 -3.7 0.1 72 0 1 1
-11 -5.9 0.1 92 0 1 1
-11 -3.1 0.1 89 0 1 1
-11 -2.6 0.1 51 0 1 1
-10.9 -16.8 0.3 78 0 1 1
-10.9 -16.6 0.3 92 0 1 1
-10.9 -16.1 0.3 87 0 1 1
-10.9 -15.6 0.3 85 0 1 1
-10.9 -15.1 0.3 90 0 1 1
-10.9 -14.6 0.3 73 0 1 1
-10.9 -14.1 0.3 86 0 1 1
-10.9 -13.5 0.3 77 0 1 1
-10.9 -13 0.3 83 0 1 1
-10.9 -0.5 0 81 0 1 1
-10.9 2.5 0.2 108 0 1 2
-10.9 3.4 0.2 98 0 1 2
-10.8 0.1 0 96 0 1 1
-10.8 0.6 0 97 0 1 1
-10.8 1.1 -0.1 89 0 1 1
-10.8 1.7 -0.1 88 0 1 1
-10.8 2.4 0.1 88 0 1 2
-10.8 2.5 0.3 73 0 1 2
-10.8 2.6 0.3 102 0 1 2
-10.8 2.7 0.3 95 0 1 2
-10.8 2.8 0.3 81 0 1 2
-10.8 3.2 0.3 91 0 1 2
-10.8 3.6 0.1 95 0 1 2
-10.7 -1.1 0.4 117 0 1 2
-10.7 -1 0.4 85 0 1 2
-10.7 -0.9 0.3 74 0 1 2
-10.7 2.2 -0.1 91 0 1 1
-10.7 2.8 0.3 93 0 1 2
-10.7 3.1 0.3 90 0 1 2
-10.7 3.2 0.3 92 0 1 2
-10.7 3.4 0.2 92 0 1 2
-10.6 -1.3 0.5 90 0 1 2
-10.6 -1.2 0.5 95 0 1 2
-10.6 -1 0.3 92 0 1 2
-10.6 -0.9 0.1 87 0 1 2
-10.6 -0.9 0.3 79 0 1 2
-10.6 2.2 0 86 0 1 2
-10.6 2.7 0.3 93 0 1 2
-10.6 2.8 0.3 109 0 1 2
-10.6 3.5 0.1 106 0 1 2
-10.6 3.6 0 96 0 1 2
-10.6 3.8 -0.1 81 0 1 1
-10.6 4.4 -0.1 85 0 1 1
-10.6 4.9 -0.1 89 0 1 1
-10.5 -5.8 0.1 86 0 1 1
-10.5 -5.3 0.1 78 0 1 1
-10.5 -4.7 0.1 97 0 1 1
-10.5 -4.2 0.1 74 0 1 1
-10.5 -3.6 0.1 66 0 1 1
-10.5 -3.1 0 97 0 1 1
-10.5 2.6 0.3 80 0 1 2
-10.5 3.5 0 113 0 1 2
-10.4 -17.1 0.3 82 0 1 1
-10.4 -16.6 0.3 95 0 1 1
-10.4 -16.1 0.3 90 0 1 1
-10.4 -15.6 0.3 84 0 1 1
-10.4 -15.1 0.3 83 0 1 1
-10.4 -2.6 0 74 0 1 1
-10.4 -1.4 0.5 88 0 1 2
-10.4 -1.2 0.4 117 0 1 2
-10.4 -1.1 0.3 91 0 1 2
-10.4 -1 0 76 0 1 1
-10.4 2.2 -0.1 70 0 1 2
-10.4 3 0.1 101 0 1 2
-10.4 3.6 -0.1 86 0 1 2
-10.3 -14.5 0.3 82 0 1 1
-10.3 -14 0.3 81 0 1 1
-10.3 -13.5 0.3 84 0 1 1
-10.3 -13 0.3 90 0 1 1
-10.3 -12.5 0.3 85 0 1 1
-10.3 -2.1 0.1 84 0 1 2
-10.3 -1.5 0.5 88 0 1 2
-10.3 -0.4 0 94 0 1 1
-10.3 0.1 0 91 0 1 1
-10.3 2.3 -0.1 79 0 1 2
-10.3 2.5 0.1 98 0 1 2
-10.2 -1.9 0.2 84 0 1 2
-10.2 -1.8 0.3 81 0 1 2
-10.2 -1.7 0.4 77 0 1 2
-10.2 -1.5 0.5 121 0 1 2
-10.2 1.2 -0.1 89 0 1 1
-10.2 1.7 -0.1 84 0 1 1
-10.2 2.3 -0.1 87 0 1 1
-10.2 2.4 0 92 0 1 2
-10.2 2.6 0 100 0 1 2
-10.2 2.8 -0.1 104 0 1 2
-10.2 2.9 -0.1 78 0 1 2
-10.2 3.4 -0.1 102 0 1 2
-10.1 -1.9 0.2 89 0 1 2
-10.1 3.3 -0.1 82 0 1 1
-10.1 3.9 -0.2 94 0 1 1
-10.1 4.4 -0.2 96 0 1 1
-10.1 5 -0.1 86 0 1 1
-10 -5.2 0.1 94 0 1 1
-10 -4.7 0.1 82 0 1 1
-10 -4.1 0 89 0 1 1
-10 -3.6 0 84 0 1 1
-10 -1.8 0.3 125 0 1 2
-10 -1.7 0.3 126 0 1 2
-10 -1.5 0.4 140 0 1 2
-10 -1.4 0.4 149 0 1 2
-9.9 -3 0 52 0 1 1
-9.9 -2.5 0 76 0 1 1
-9.9 -2 0 70 0 1 1
-9.9 -1.4 0.1 98 0 1 2
-9.8 -17.4 0.3 79 0 1 1
-9.8 -17.1 0.3 91 0 1 1
-9.8 -16.6 0.3 95 0 1 1
-9.8 -16.1 0.3 92 0 1 1
-9.8 -15.6 0.3 74 0 1 1
-9.8 -15 0.3 81 0 1 1
-9.8 -14.5 0.3 84 0 1 1
-9.8 -14 0.3 72 0 1 1
-9.8 -13.5 0.3 74 0 1 1
-9.8 -13 0.3 82 0 1 1
-9.8 -12.5 0.3 76 0 1 1
-9.8 -11.9 0.3 100 0 1 1
-9.8 -1.7 0 92 0 1 2
-9.8 -1.4 0 81 0 1 1
-9.8 -0.9 0 79 0 1 1
-9.8 -0.4 -0.1 92 0 1 1
-9.8 0.2 -0.1 85 0 1 1
-9.7 1.2 -0.1 86 0 1 1
-9.7 1.8 -0.1 93 0 1 1
-9.6 0.9 0.1 83 0 1 2
-9.6 2.3 -0.1 91 0 1 1
-9.6 2.9 -0.1 109 0 1 1
-9.6 3.4 -0.2 79 0 1 1
-9.6 3.9 -0.2 85 0 1 1
-9.6 4.5 -0.2 97 0 1 1
-9.4 -17.6 0.3 77 0 1 1
-9.4 -5.2 0.1 87 0 1 1
-9.4 -4.6 0 82 0 1 1
-9.4 -4.1 0 92 0 1 1
-9.4 -3.5 0 61 0 1 1
-9.4 -3 0 88 0 1 1
-9.4 1.1 0.1 88 0 1 2
-9.3 -17.7 0.3 78 0 1 1
-9.3 -17.6 0.3 80 0 1 1
-9.3 -17.1 0.3 85 0 1 1
-9.3 -16.6 0.3 95 0 1 1
-9.3 -16 0.3 85 0 1 1
-9.3 -15.5 0.3 74 0 1 1
-9.3 -15 0.3 79 0 1 1
-9.3 -14.5 0.3 83 0 1 1
-9.3 -14 0.3 79 0 1 1
-9.3 -13.5 0.3 78 0 1 1
-9.3 -12.9 0.3 87 0 1 1
-9.3 -12.4 0.3 85 0 1 1
-9.3 -11.9 0.3 89 0 1 1
-9.3 -2.5 0 85 0 1 1
-9.3 -1.9 0 79 0 1 1
-9.3 -1.4 -0.1 77 0 1 1
-9.3 -0.9 -0.1 80 0 1 1
-9.3 1.2 0 95 0 1 2
-9.2 -0.3 -0.1 90 0 1 1
-9.2 0.2 -0.1 93 0 1 1
-9.2 0.5 0.2 98 0 1 2
-9.2 0.9 0.2 91 0 1 2
-9.2 1.3 -0.1 83 0 1 1
-9.1 0.3 0 68 0 1 2
-9.1 0.4 0.2 96 0 1 2
-9.1 0.6 0.2 95 0 1 2
-9.1 0.7 0.2 94 0 1 2
-9.1 1.8 -0.1 84 0 1 1
-9.1 2.4 -0.2 77 0 1 1
-9.1 2.9 -0.2 116 0 1 1
-9 0.3 0.1 93 0 1 2
-9 3.4 -0.2 79 0 1 1
-9 4 -0.2 85 0 1 1
-9 4.5 -0.2 100 0 1 1
-8.9 -4.6 0 81 0 1 1
-8.9 -4 0 73 0 1 1
-8.9 0.3 -0.1 50 0 1 2
-8.9 0.3 0.1 78 0 1 2
-8.8 -17.1 0.3 74 0 1 1
-8.8 -16.6 0.3 91 0 1 1
-8.8 -16 0.3 91 0 1 1
-8.8 -15.5 0.3 78 0 1 1
-8.8 -15 0.3 82 0 1 1
-8.8 -14.5 0.3 76 0 1 1
-8.8 -13.9 0.3 76 0 1 1
-8.8 -13.4 0.3 87 0 1 1
-8.8 -12.9 0.3 79 0 1 1
-8.8 -11.8 0.3 63 0 1 1
-8.8 -11.3 0.3 96 0 1 1
-8.8 -3.5 0 59 0 1 1
-8.8 -2.9 0 68 0 1 1
-8.8 -2.4 -0.1 80 0 1 1
-8.8 -1.9 -0.1 80 0 1 1
-8.8 0.4 0 75 0 1 2
-8.8 0.4 0.1 91 0 1 2
-8.7 -12.4 0.3 89 0 1 1
-8.7 -1.3 -0.1 72 0 1 1
-8.7 -0.8 -0.1 107 0 1 1
-8.7 -0.3 -0.1 93 0 1 1
-8.7 0.3 -0.1 88 0 1 1
-8.7 0.6 0 75 0 1 2
-8.7 0.6 0.1 94 0 1 2
-8.6 0.7 0 74 0 1 2
-8.6 0.8 -0.1 60 0 1 1
-8.6 1.3 -0.2 94 0 1 1
-8.6 1.9 -0.2 48 0 1 1
-8.6 2.4 -0.2 72 0 1 1
-8.5 2.9 -0.2 109 0 1 1
-8.5 3.5 -0.2 77 0 1 1
-8.5 4 -0.2 75 0 1 1
-8.3 -16 0.2 92 0 1 1
-8.3 -15.5 0.3 78 0 1 1
-8.3 -4.5 0 74 0 1 1
-8.3 -4 0 80 0 1 1
-8.3 -3.4 -0.1 61 0 1 1
-8.3 -2.9 -0.1 75 0 1 1
-8.2 -15 0.3 81 0 1 1
-8.2 -14.4 0.3 75 0 1 1
-8.2 -13.9 0.3 83 0 1 1
-8.2 -13.4 0.3 89 0 1 1
-8.2 -12.9 0.3 96 0 1 1
-8.2 -12.4 0.3 95 0 1 1
-8.2 -11.8 0.3 88 0 1 1
-8.2 -11.2 0.2 89 0 1 1
-8.2 -10.7 0.2 66 0 1 1
-8.2 -2.4 -0.1 78 0 1 1
-8.2 -1.8 -0.1 80 0 1 1
-8.2 -1.3 -0.1 80 0 1 1
-8.2 -0.8 -0.1 76 0 1 1
-8.1 -0.2 -0.1 86 0 1 1
-8.1 0.3 -0.1 92 0 1 1
-8.1 0.9 -0.2 86 0 1 1
-8.1 1.4 -0.2 91 0 1 1
-8 -5 0.8 85 0 1 3
-8 1.9 -0.2 89 0 1 1
-8 2.5 -0.2 87 0 1 1
-8 3 -0.2 95 0 1 1
-8 3.5 -0.2 86 0 1 1
-7.9 -4.8 0.8 75 0 1 3
-7.9 4.1 -0.2 76 0 1 1
-7.8 -4.7 0.8 90 0 1 3
-7.8 -4.5 0.8 90 0 1 3
-7.8 -4.4 0.7 87 0 1 3
-7.8 -3.9 -0.1 82 0 1 1
-7.7 -14.9 0.3 76 0 1 1
-7.7 -14.4 0.3 79 0 1 1
-7.7 -13.9 0.3 98 0 1 1
-7.7 -13.4 0.3 79 0 1 1
-7.7 -12.8 0.3 87 0 1 1
-7.7 -12.3 0.3 88 0 1 1
-7.7 -11.8 0.3 91 0 1 1
-7.7 -11.2 0.2 87 0 1 1
-7.7 -10.6 0.2 86 0 1 1
-7.7 -10.1 0.2 67 0 1 1
-7.7 -4.5 0.8 92 0 1 3
-7.7 -4.3 0.5 91 0 1 3
-7.7 -3.4 -0.1 65 0 1 1
-7.7 -2.8 -0.1 72 0 1 1
-7.7 -2.3 -0.1 65 0 1 1
-7.7 -1.8 -0.1 77 0 1 1
-7.6 -5 0.9 80 0 1 3
-7.6 -4.2 0.3 86 0 1 3
-7.6 -4.1 0.3 55 0 1 3
-7.6 -1.2 -0.1 91 0 1 1
-7.6 -0.7 -0.1 80 0 1 1
-7.6 -0.2 -0.2 86 0 1 1
-7.6 0.4 -0.2 85 0 1 1
-7.5 -4.8 0.9 85 0 1 3
-7.5 -4.1 0.2 75 0 1 3
-7.5 0.9 -0.2 96 0 1 1
-7.5 1.4 -0.2 72 0 1 1
-7.5 2 -0.2 91 0 1 1
-7.5 2.5 -0.2 94 0 1 1
-7.4 -4.7 0.9 88 0 1 3
-7.4 3 -0.2 99 0 1 1
-7.4 3.6 -0.3 86 0 1 1
-7.3 -4.9 1 86 0 1 3
-7.3 -4.1 0.2 79 0 1 3
-7.2 -13.9 0.3 98 0 1 1
-7.2 -13.3 0.3 93 0 1 1
-7.2 -12.8 0.3 68 0 1 1
-7.2 -12.3 0.3 90 0 1 1
-7.2 -11.7 0.3 91 0 1 1
-7.2 -11.2 0.2 67 0 1 1
-7.2 -10.6 0.2 84 0 1 1
-7.2 -10 0.2 67 0 1 1
-7.2 -9.5 0.2 61 0 1 1
-7.2 -8.9 0.1 82 0 1 1
-7.2 -4.7 0.9 77 0 1 3
-7.2 -4.6 0.9 81 0 1 3
-7.2 -3.9 -0.1 93 0 1 1
-7.2 -3.3 -0.1 85 0 1 1
-7.2 -2.8 -0.1 66 0 1 1
-7.1 -5.7 1.1 48 0 1 3
-7.1 -4.8 1 89 0 1 3
-7.1 -2.3 -0.1 87 0 1 1
-7.1 -1.7 -0.1 80 0 1 1
-7.1 -1.2 -0.2 76 0 1 1
-7.1 -0.7 -0.2 79 0 1 1
-7 -4.8 1 83 0 1 3
-7 -4.7 1 83 0 1 3
-7 0.4 -0.2 89 0 1 1
-7 0.9 -0.2 88 0 1 1
-7 1.5 -0.2 88 0 1 1
-7 2 -0.2 92 0 1 1
-6.9 -4.8 1 73 0 1 3
-6.9 -4.7 1 85 0 1 3
-6.9 2.6 -0.3 66 0 1 1
-6.9 3.1 -0.3 102 0 1 1
-6.8 -0.2 0 87 0 1 2
-6.7 -5.5 1.2 82 0 1 3
-6.7 -4.8 1 65 0 1 3
-6.7 -4.3 0.4 98 0 1 3
-6.7 -3.8 -0.1 83 0 1 1
-6.7 -0.4 -0.1 77 0 1 2
-6.7 -0.3 0 76 0 1 2
-6.7 -0.1 0 94 0 1 2
-6.7 0.2 0 87 0 1 2
-6.7 0.3 0 89 0 1 2
-6.6 -12.8 0.3 96 0 1 1
-6.6 -12.3 0.3 93 0 1 1
-6.6 -11.7 0.3 85 0 1 1
-6.6 -11.1 0.2 89 0 1 1
-6.6 -10.6 0.2 85 0 1 1
-6.6 -10 0.2 75 0 1 1
-6.6 -9.4 0.2 76 0 1 1
-6.6 -8.9 0.1 81 0 1 1
-6.6 -8.3 0.1 94 0 1 1
-6.6 -5 1.2 71 0 1 3
-6.6 -4.9 1.1 95 0 1 3
-6.6 -4.8 1 65 0 1 3
-6.6 -3.3 -0.1 54 0 1 1
-6.6 -2.7 -0.1 92 0 1 1
-6.6 -2.2 -0.2 65 0 1 1
-6.6 -1.7 -0.2 76 0 1 1
-6.5 -4.9 1.1 79 0 1 3
-6.5 -1.1 -0.2 88 0 1 1
-6.5 -0.6 -0.2 81 0 1 1
-6.5 0.4 -0.1 88 0 1 2
-6.5 0.5 -0.2 93 0 1 1
-6.5 1 -0.2 94 0 1 1
-6.4 -4.6 0.7 70 0 1 3
-6.4 -0.3 0 74 0 1 2
-6.4 -0.2 0 89 0 1 2
-6.4 1.5 -0.3 87 0 1 1
-6.4 2.1 -0.3 93 0 1 1
-6.4 2.6 -0.3 93 0 1 1
-6.4 3.1 -0.3 99 0 1 1
-6.3 -5 1.1 62 0 1 3
-6.3 -4.6 0.7 80 0 1 3
-6.3 -0.4 -0.1 62 0 1 2
-6.3 -0.1 0 96 0 1 2
-6.3 0.1 0 89 0 1 2
-6.3 0.4 -0.1 97 0 1 2
-6.2 -6.2 1.4 105 0 1 3
-6.2 -5 1.2 79 0 1 3
-6.2 -4.6 0.7 69 0 1 3
-6.2 -4.3 0.3 77 0 1 3
-6.2 -0.1 -0.2 95 0 1 2
-6.2 -0.1 0 100 0 1 2
-6.2 0.2 0 99 0 1 2
-6.2 0.5 -0.2 94 0 1 2
-6.1 -11.6 0.3 68 0 1 5
-6.1 -11.2 0.3 72 0 1 5
-6.1 -11.1 0.2 63 0 1 1
-6.1 -10.8 0.2 80 0 1 5
-6.1 -10.5 0.2 67 0 1 1
-6.1 -10 0.2 73 0 1 1
-6.1 -9.4 0.1 75 0 1 1
-6.1 -8.8 0.1 76 0 1 1
-6.1 -8.3 0.1 80 0 1 1
-6.1 -7.7 0.1 82 0 1 1
-6.1 -6.2 1.4 87 0 1 3
-6.1 -5.7 1.3 84 0 1 3
-6.1 -5.1 1.3 94 0 1 3
-6.1 -4.7 0.8 67 0 1 3
-6.1 -4.3 0.3 80 0 1 3
-6.1 -4.3 0.4 81 0 1 3
-6.1 -3.8 -0.1 83 0 1 1
-6.1 -3.2 -0.2 62 0 1 1
-6.1 -2.7 -0.2 83 0 1 1
-6 -5.2 1.3 77 0 1 3
-6 -5.1 1.3 98 0 1 3
-6 -2.2 -0.2 69 0 1 1
-6 -1.6 -0.2 85 0 1 1
-6 -1.1 -0.2 97 0 1 1
-6 -0.6 -0.2 82 0 1 1
-6 0 -0.2 83 0 1 1
-6 0.3 -0.2 111 0 1 2
-5.9 -6.2 1.4 103 0 1 3
-5.9 -5.7 1.3 105 0 1 3
-5.9 -4.8 0.9 83 0 1 3
-5.9 -4.4 0.4 52 0 1 3
-5.9 0.5 -0.2 85 0 1 1
-5.9 1 -0.3 90 0 1 1
-5.9 1.6 -0.3 90 0 1 1
-5.9 2.1 -0.3 92 0 1 1
-5.8 -11.4 0.5 75 0 1 5
-5.8 -11 0.4 67 0 1 5
-5.8 -10.6 0.3 65 0 1 5
-5.8 -6.3 1.3 95 0 1 3
-5.8 -4.5 0.5 83 0 1 3
-5.8 2.7 -0.3 101 0 1 1
-5.7 -5.1 1.2 95 0 1 3
-5.6 -9.9 0.2 78 0 1 1
-5.6 -9.4 0.1 63 0 1 1
-5.6 -8.8 0.1 86 0 1 1
-5.6 -8.2 0.1 67 0 1 1
-5.6 -7.7 0 100 0 1 1
-5.6 -7.1 0 90 0 1 1
-5.6 -6.3 1.3 84 0 1 3
-5.6 -4.7 0.8 81 0 1 3
-5.5 -10.8 0.5 64 0 1 5
-5.5 -10.4 0.4 68 0 1 5
-5.5 -10 0.2 66 0 1 5
-5.5 -5.6 1.2 107 0 1 3
-5.5 -4.4 0.4 69 0 1 3
-5.5 -3.7 -0.2 90 0 1 1
-5.5 -3.2 -0.2 62 0 1 1
-5.5 -2.7 -0.2 81 0 1 1
-5.5 -2.1 -0.2 60 0 1 1
-5.5 -1.6 -0.2 62 0 1 1
-5.4 -6.3 1.2 100 0 1 3
-5.4 -6.2 1.2 106 0 1 3
-5.4 -5.5 1.1 103 0 1 3
-5.4 -5 1.1 107 0 1 3
-5.4 -1 -0.2 90 0 1 1
-5.4 -0.5 -0.2 89 0 1 1
-5.4 0 -0.3 79 0 1 1
-5.4 0.6 -0.3 84 0 1 1
-5.4 1.1 -0.3 91 0 1 1
-5.3 -10.2 0.4 79 0 1 5
-5.3 -9.8 0.2 77 0 1 5
-5.3 -4.7 0.7 83 0 1 3
-5.3 1.6 -0.3 83 0 1 1
-5.3 2.2 -0.3 93 0 1 1
-5.3 2.7 -0.3 57 0 1 1
-5.2 -6.2 1.1 96 0 1 3
-5.1 -6.2 0.1 112 0 1 3
-5.1 -6.2 1.1 109 0 1 3
-5.1 -5 1 93 0 1 3
-5.1 -4.4 0.3 88 0 1 3
-5.1 -4.2 0.1 79 0 1 3
-5 -9.6 0.2 80 0 1 5
-5 -9.3 0.1 49 0 1 1
-5 -8.8 0.1 89 0 1 1
-5 -8.2 0.1 57 0 1 1
-5 -7.6 0 87 0 1 1
-5 -7.1 0 92 0 1 1
-5 -6.5 0 90 0 1 1
-5 -6.1 0.2 98 0 1 3
-5 -6.1 1.1 108 0 1 3
-5 -5.9 -0.1 83 0 1 1
-5 -5.5 0.1 72 0 1 3
-5 -5.4 -0.1 52 0 1 1
-5 -4.8 -0.1 80 0 1 1
-5 -4.5 -0.2 94 0 1 3
-5 -4.2 -0.2 85 0 1 1
-5 -3.7 -0.2 96 0 1 1
-5 -3.1 -0.2 67 0 1 1
-5 -2.6 -0.2 104 0 1 1
-4.9 -6.1 0.4 82 0 1 3
-4.9 -6.1 0.7 80 0 1 3
-4.9 -6.1 1 95 0 1 3
-4.9 -6 0.4 84 0 1 3
-4.9 -5.9 0.7 90 0 1 3
-4.9 -5.9 1 108 0 1 3
-4.9 -4.7 0.6 95 0 1 3
-4.9 -4.6 0 76 0 1 3
-4.9 -4.6 0.2 90 0 1 3
-4.9 -2.1 -0.2 68 0 1 1
-4.9 -1.5 -0.3 44 0 1 1
-4.9 -1 -0.3 94 0 1 1
-4.9 -0.5 -0.3 71 0 1 1
-4.9 0.1 -0.3 78 0 1 1
-4.8 -5.8 0.5 85 0 1 3
-4.8 -5.8 0.7 97 0 1 3
-4.8 -5.7 1 104 0 1 3
-4.8 -5.4 0.4 76 0 1 3
-4.8 -5.4 0.7 98 0 1 3
-4.8 -5.4 0.9 96 0 1 3
-4.8 -5.3 0.4 82 0 1 3
-4.8 -5.3 0.9 105 0 1 3
-4.8 -5.1 0.6 93 0 1 3
-4.8 -5.1 0.8 101 0 1 3
-4.8 -5 0.8 81 0 1 3
-4.8 -4.8 0.5 89 0 1 3
-4.8 -4.7 0.3 64 0 1 3
-4.8 0.6 -0.3 87 0 1 1
-4.8 1.1 -0.3 86 0 1 1
-4.8 1.7 -0.3 87 0 1 1
-4.8 2.2 -0.3 96 0 1 1
-4.7 -4.9 0.9 89 0 1 3
-4.5 -8.7 0.1 59 0 1 1
-4.5 -8.2 0 76 0 1 1
-4.5 -7.6 0 63 0 1 1
-4.5 -7 0 91 0 1 1
-4.5 -6.5 -0.1 83 0 1 1
-4.5 -5.9 -0.1 93 0 1 1
-4.5 -5.3 -0.1 67 0 1 1
-4.4 -4.8 -0.2 89 0 1 1
-4.4 -4.2 -0.2 91 0 1 1
-4.4 -3.6 -0.2 80 0 1 1
-4.4 -3.1 -0.2 86 0 1 1
-4.4 -2.6 -0.3 55 0 1 1
-4.4 -2 -0.3 80 0 1 1
-4.4 -1.5 -0.3 84 0 1 1
-4.3 -0.9 -0.3 90 0 1 1
-4.3 -0.4 -0.3 83 0 1 1
-4.3 0.1 -0.3 82 0 1 1
-4.3 0.7 -0.3 76 0 1 1
-4.3 1.2 -0.3 88 0 1 1
-4.3 1.7 -0.3 89 0 1 1
-4.3 2.3 -0.3 69 0 1 2
-3.9 -7.5 0 83 0 1 1
-3.9 -7 0 88 0 1 1
-3.9 -6.4 -0.1 94 0 1 1
-3.9 -5.8 -0.1 98 0 1 1
-3.9 -5.3 -0.1 89 0 1 1
-3.9 -4.7 -0.2 79 0 1 1
-3.9 -4.1 -0.2 88 0 1 1
-3.9 -3.6 -0.3 90 0 1 1
-3.9 -3 -0.3 75 0 1 1
-3.8 -2.5 -0.3 65 0 1 1
-3.8 -2 -0.3 81 0 1 1
-3.8 -1.4 -0.3 84 0 1 1
-3.8 -0.9 -0.3 90 0 1 1
-3.8 -0.4 -0.3 81 0 1 1
-3.8 0.2 -0.3 78 0 1 1
-3.4 -6.5 -0.1 94 0 1 1
-3.4 -5.9 -0.1 95 0 1 1
-3.4 -5.3 -0.2 99 0 1 1
-3.4 -4.8 -0.2 100 0 1 1
-3.4 -4.2 -0.3 91 0 1 1
-3.4 -3.6 -0.3 88 0 1 1
-3.4 -3.1 -0.3 76 0 1 1
-3.3 -2.6 -0.3 86 0 1 1
-3.3 -2 -0.3 86 0 1 1
-3.3 -1.5 -0.3 72 0 1 1
-2.9 -5.4 -0.2 95 0 1 1
-2.9 -4.8 -0.3 101 0 1 1
-2.9 -4.3 -0.3 92 0 1 1
-2.9 -3.7 -0.3 89 0 1 1
-2.9 -3.2 -0.3 75 0 1 1
-2.8 -2.6 -0.3 79 0 1 1
-2.4 -4.9 -0.3 96 0 1 1
-2.4 -4.3 -0.3 92 0 1 1
