-8.8 17.8 0 80 0 1 1
-8.7 16.8 0 88 0 1 1
-8.7 17.3 0 88 0 1 1
-8.7 17.8 0 87 0 1 1
-8.7 17.9 0 79 0 1 1
-8.2 15.7 0 115 0 1 1
-8.2 16.2 0 77 0 1 1
-8.2 16.8 0 79 0 1 1
-8.2 17.3 0 90 0 1 1
-8.2 17.8 0 81 0 1 1
-8.2 18.2 0 83 0 1 1
-7.8 18.4 0 85 0 1 1
-7.7 15.2 0 94 0 1 1
-7.7 15.7 0 81 0 1 1
-7.7 16.2 0 83 0 1 1
-7.7 16.8 0 85 0 1 1
-7.7 18.4 0 81 0 1 1
-7.6 17.3 0 84 0 1 1
-7.6 17.8 0 79 0 1 1
-7.6 18.4 0 84 0 1 1
-7.6 18.5 0 87 0 1 1
-7.2 14.1 0 92 0 1 1
-7.2 14.6 0 97 0 1 1
-7.2 15.1 0 88 0 1 1
-7.2 15.7 0 80 0 1 1
-7.2 16.2 0 81 0 1 1
-7.1 16.8 0 77 0 1 1
-7.1 17.3 0 92 0 1 1
-7.1 17.8 0 86 0 1 1
-7.1 18.4 0 90 0 1 1
-7.1 18.6 0 81 0 1 1
-6.7 13 0 85 0 1 1
-6.7 13.5 0 91 0 1 1
-6.7 14.1 0 81 0 1 1
-6.7 14.6 0 91 0 1 1
-6.7 15.1 0 80 0 1 1
-6.7 15.7 0 88 0 1 1
-6.6 16.2 0 84 0 1 1
-6.6 16.7 0 79 0 1 1
-6.6 17.3 0 93 0 1 1
-6.6 17.8 0 94 0 1 1
-6.6 18.4 0 87 0 1 1
-6.6 18.8 0 79 0 1 1
-6.2 11.9 0 79 0 1 1
-6.2 12.4 0 92 0 1 1
-6.2 13 0 86 0 1 1
-6.2 13.5 0 90 0 1 1
-6.2 14.1 0 89 0 1 1
-6.2 14.6 0 87 0 1 1
-6.2 15.1 0 90 0 1 1
-6.2 18.9 0 85 0 1 1
-6.1 15.7 0 88 0 1 1
-6.1 16.2 0 90 0 1 1
-6.1 16.7 0 87 0 1 1
-6.1 17.3 0 87 0 1 1
-6.1 17.8 0 95 0 1 1
-6.1 18.4 0 85 0 1 1
-6 18.9 0 76 0 1 1
-5.7 10.9 0 89 0 1 1
-5.7 11.4 0 92 0 1 1
-5.7 11.9 0 89 0 1 1
-5.7 12.4 0 93 0 1 1
-5.7 13 0 87 0 1 1
-5.7 13.5 0 92 0 1 1
-5.7 14 0 90 0 1 1
-5.7 14.6 0 95 0 1 1
-5.6 15.1 0 90 0 1 1
-5.6 15.7 0 91 0 1 1
-5.6 16.2 0 93 0 1 1
-5.6 16.7 0 89 0 1 1
-5.6 17.3 0 88 0 1 1
-5.6 17.8 0 95 0 1 1
-5.5 18.4 0 85 0 1 1
-5.5 18.9 0 91 0 1 1
-5.5 19.1 0 83 0 1 1
-5.2 10.9 0 86 0 1 1
-5.2 11.4 0 88 0 1 1
-5.2 11.9 0.1 98 0 1 1
-5.2 12.4 0.1 88 0 1 1
-5.2 12.9 0.1 87 0 1 1
-5.2 13.5 0.1 94 0 1 1
-5.2 14 0 86 0 1 1
-5.2 14.6 0 94 0 1 1
-5.1 9.9 -0.1 95 0 1 1
-5.1 10.4 0 85 0 1 1
-5.1 15.1 0 87 0 1 1
-5.1 15.6 0 91 0 1 1
-5.1 16.2 0 90 0 1 1
-5.1 16.7 0 88 0 1 1
-5.1 17.3 0 92 0 1 1
-5 17.8 0 95 0 1 1
-5 18.3 0 83 0 1 1
-5 18.9 0 86 0 1 1
-5 19.3 0 75 0 1 1
-4.7 10.9 0 79 0 1 1
-4.7 11.3 0 81 0 1 1
-4.7 11.8 0.1 92 0 1 1
-4.7 12.4 0.1 89 0 1 1
-4.7 12.9 0.1 92 0 1 1
-4.7 13.5 0.1 92 0 1 1
-4.7 14 0.1 92 0 1 1
-4.6 9.4 -0.1 85 0 1 1
-4.6 9.9 0 93 0 1 1
-4.6 10.4 0 84 0 1 1
-4.6 14.6 0.1 96 0 1 1
-4.6 15.1 0.1 85 0 1 1
-4.6 15.6 0 97 0 1 1
-4.6 16.2 0 97 0 1 1
-4.6 16.7 0 83 0 1 1
-4.5 8.4 -0.1 124 0 1 1
-4.5 8.9 -0.1 91 0 1 1
-4.5 17.3 0 92 0 1 1
-4.5 17.8 0 93 0 1 1
-4.5 18.3 0 81 0 1 1
-4.5 18.9 0 86 0 1 1
-4.5 19.4 0 83 0 1 1
-4.4 19.4 0 87 0 1 1
-4.2 10.8 0 94 0 1 1
-4.2 11.3 0.1 83 0 1 1
-4.2 11.8 0.1 90 0 1 1
-4.2 12.4 0.1 89 0 1 1
-4.2 12.9 0.1 91 0 1 1
-4.2 13.5 0.1 94 0 1 1
-4.2 14 0.1 94 0 1 1
-4.1 9.9 0 95 0 1 1
-4.1 10.4 0 95 0 1 1
-4.1 14.5 0.1 97 0 1 1
-4.1 15.1 0.1 95 0 1 1
-4.1 15.6 0.1 93 0 1 1
-4.1 16.2 0.1 97 0 1 1
-4 8.4 -0.2 95 0 1 1
-4 8.9 -0.1 101 0 1 1
-4 9.4 -0.1 85 0 1 1
-4 16.7 0 74 0 1 1
-4 17.3 0 86 0 1 1
-4 17.8 0 93 0 1 1
-4 18.3 0 93 0 1 1
-4 18.9 0 88 0 1 1
-4 19.6 0 87 0 1 1
-3.9 7.4 -0.2 89 0 1 1
-3.9 7.9 -0.2 99 0 1 1
-3.9 19.4 0 97 0 1 1
-3.7 11.8 0.1 95 0 1 1
-3.7 12.3 0.1 93 0 1 1
-3.6 10.3 -0.3 99 0 1 1
-3.6 10.8 -0.2 100 0 1 1
-3.6 11.3 0 80 0 1 1
-3.6 12.9 0.1 91 0 1 1
-3.6 13.4 0.1 86 0 1 1
-3.6 14 0.1 96 0 1 1
-3.6 14.5 0.1 74 0 1 1
-3.6 15.1 0 96 0 1 1
-3.5 8.8 -0.4 95 0 1 1
-3.5 9.3 -0.4 94 0 1 1
-3.5 9.8 -0.3 109 0 1 1
-3.5 15.6 0 93 0 1 1
-3.5 16.2 0 91 0 1 1
-3.5 16.7 0 81 0 1 1
-3.5 17.2 0 95 0 1 1
-3.5 17.8 0 89 0 1 1
-3.4 7.9 -0.5 98 0 1 1
-3.4 8.4 -0.4 86 0 1 1
-3.4 18.3 0 94 0 1 1
-3.4 18.9 0 90 0 1 1
-3.4 19.4 0 100 0 1 1
-3.4 19.6 0 92 0 1 1
-3.3 6.4 -0.3 109 0 1 1
-3.3 6.9 -0.3 90 0 1 1
-3.3 7.4 -0.4 106 0 1 1
-3.1 11.3 -0.3 83 0 1 1
-3.1 11.8 0 105 0 1 1
-3.1 12.3 0.1 96 0 1 1
-3.1 12.9 0.1 85 0 1 1
-3.1 13.4 0.1 93 0 1 1
-3.1 14 0.1 98 0 1 1
-3 9.8 -0.8 68 0 1 4
-3 10.3 -0.8 93 0 1 4
-3 10.8 -0.6 92 0 1 1
-3 14.5 0 92 0 1 1
-3 15.1 0 96 0 1 1
-3 15.6 0 89 0 1 1
-3 16.1 0 101 0 1 1
-3 16.7 0 91 0 1 1
-3 17.2 0 92 0 1 1
-2.9 8.3 -0.9 85 0 1 4
-2.9 8.8 -0.9 86 0 1 4
-2.9 9.3 -0.9 87 0 1 4
-2.9 17.8 0 86 0 1 1
-2.9 18.3 0 98 0 1 1
-2.9 18.9 0 93 0 1 1
-2.9 19.4 0 95 0 1 1
-2.9 19.7 0 90 0 1 1
-2.8 6.4 -0.3 109 0 1 1
-2.8 6.8 -0.4 106 0 1 1
-2.7 4.9 -0.4 95 0 1 1
-2.7 5.4 -0.3 98 0 1 1
-2.7 5.9 -0.3 113 0 1 1
-2.6 11.8 -0.2 91 0 1 1
-2.6 12.3 0.1 84 0 1 1
-2.6 12.9 0.1 90 0 1 1
-2.5 10.8 -1.1 78 0 1 4
-2.5 11.3 -0.6 74 0 1 1
-2.5 13.4 0 98 0 1 1
-2.5 13.9 0 92 0 1 1
-2.5 14.5 0 96 0 1 1
-2.5 15 0 92 0 1 1
-2.5 15.6 0 94 0 1 1
-2.5 16.1 0 84 0 1 1
-2.4 9.8 -1.3 89 0 1 4
-2.4 10.3 -1.3 86 0 1 4
-2.4 16.7 0 97 0 1 1
-2.4 17.2 0 94 0 1 1
-2.4 17.8 0 84 0 1 1
-2.4 18.3 0 97 0 1 1
-2.4 18.9 0 94 0 1 1
-2.4 19.4 0 88 0 1 1
-2.4 19.7 -0.1 91 0 1 1
-2.2 4.8 -0.3 102 0 1 1
-2.2 5.3 -0.3 99 0 1 1
-2.2 5.8 -0.3 107 0 1 1
-2.2 6.3 -0.3 87 0 1 1
-2.1 4.4 -0.4 100 0 1 1
-2 11.2 -0.8 53 0 1 4
-2 11.7 -0.3 82 0 1 1
-2 12.3 0 81 0 1 1
-2 12.8 0 90 0 1 1
-2 13.4 0 100 0 1 1
-2 13.9 0 91 0 1 1
-2 14.5 0 98 0 1 1
-2 15 0 96 0 1 1
-1.9 10.2 -1.5 80 0 1 4
-1.9 10.7 -1.3 68 0 1 4
-1.9 15.6 0 94 0 1 1
-1.9 16.1 0 104 0 1 1
-1.9 16.7 0 96 0 1 1
-1.9 17.2 0 92 0 1 1
-1.9 17.8 0 79 0 1 1
-1.9 18.3 0 96 0 1 1
-1.9 18.8 -0.1 93 0 1 1
-1.9 19.4 -0.1 92 0 1 1
-1.8 19.8 -0.1 76 0 1 1
-1.7 4.8 -0.3 105 0 1 1
-1.7 5.3 -0.3 102 0 1 1
-1.7 5.8 -0.3 104 0 1 1
-1.7 6.3 -0.3 99 0 1 1
-1.6 4.3 -0.3 104 0 1 1
-1.5 11.7 -0.3 69 0 1 1
-1.5 12.3 0 81 0 1 1
-1.5 12.8 0 91 0 1 1
-1.4 10.7 -1.3 60 0 1 4
-1.4 11.2 -0.8 45 0 1 4
-1.4 13.4 0 101 0 1 1
-1.4 13.9 0 86 0 1 1
-1.4 14.5 0 101 0 1 1
-1.4 15 0 97 0 1 1
-1.4 15.6 0 89 0 1 1
-1.4 16.1 0 94 0 1 1
-1.4 16.6 0 100 0 1 1
-1.4 17.2 0 94 0 1 1
-1.4 17.7 -0.1 77 0 1 1
-1.4 18.3 -0.1 95 0 1 1
-1.3 10.2 -1.5 75 0 1 4
-1.3 18.8 -0.1 95 0 1 1
-1.3 19.4 -0.1 88 0 1 1
-1.3 19.8 -0.1 78 0 1 1
-1.2 4.8 -0.3 111 0 1 1
-1.2 5.3 -0.3 94 0 1 1
-1.2 5.8 -0.2 100 0 1 1
-1.2 6.3 -0.3 76 0 1 1
-1.1 4.3 -0.3 106 0 1 1
-0.9 11.2 -0.8 49 0 1 4
-0.9 11.7 -0.3 66 0 1 1
-0.9 12.2 0 78 0 1 1
-0.9 12.8 0 88 0 1 1
-0.9 13.3 0 96 0 1 1
-0.9 13.9 0 84 0 1 1
-0.9 14.4 0 100 0 1 1
-0.9 15 0 93 0 1 1
-0.9 15.5 0 94 0 1 1
-0.9 16.1 0 101 0 1 1
-0.9 16.6 -0.1 95 0 1 1
-0.8 10.2 -1.5 74 0 1 4
-0.8 10.7 -1.3 60 0 1 4
-0.8 17.2 -0.1 93 0 1 1
-0.8 17.7 -0.1 78 0 1 1
-0.8 18.3 -0.1 88 0 1 1
-0.8 18.8 -0.1 93 0 1 1
-0.8 19.4 -0.1 88 0 1 1
-0.8 19.9 -0.1 77 0 1 1
-0.7 3.7 -0.3 105 0 1 1
-0.7 4.8 -0.3 109 0 1 1
-0.7 5.3 -0.2 97 0 1 1
-0.7 5.8 -0.2 102 0 1 1
-0.7 6.2 -0.2 94 0 1 1
-0.6 4.3 -0.3 102 0 1 1
-0.4 11.7 -0.3 60 0 1 1
-0.4 12.2 0 90 0 1 1
-0.4 12.8 0 90 0 1 1
-0.4 13.3 0 94 0 1 1
-0.4 19.9 -0.1 77 0 1 1
-0.3 10.2 -1.5 75 0 1 4
-0.3 10.7 -1.3 61 0 1 4
-0.3 11.2 -0.9 55 0 1 4
-0.3 13.9 0 80 0 1 1
-0.3 14.4 0 99 0 1 1
-0.3 15 0 96 0 1 1
-0.3 15.5 0 92 0 1 1
-0.3 16.1 -0.1 97 0 1 1
-0.3 16.6 -0.1 97 0 1 1
-0.3 17.2 -0.1 87 0 1 1
-0.3 17.7 -0.1 79 0 1 1
-0.3 18.3 -0.1 88 0 1 1
-0.3 18.8 -0.1 93 0 1 1
-0.3 19.4 -0.1 89 0 1 1
-0.3 19.9 -0.1 77 0 1 1
-0.2 3.7 -0.3 105 0 1 1
-0.2 4.7 -0.2 110 0 1 1
-0.2 5.2 -0.2 96 0 1 1
-0.2 5.7 -0.2 103 0 1 1
-0.2 6.2 -0.2 83 0 1 1
-0.1 4.2 -0.3 89 0 1 1
0.2 11.1 -0.9 64 0 1 4
0.2 11.6 -0.4 71 0 1 1
0.2 12.2 0 90 0 1 1
0.2 12.8 0 94 0 1 1
0.2 13.3 0 93 0 1 1
0.2 13.9 0 80 0 1 1
0.2 14.4 0 92 0 1 1
0.2 15 0 91 0 1 1
0.2 15.5 -0.1 96 0 1 1
0.2 16.1 -0.1 93 0 1 1
0.2 16.6 -0.1 97 0 1 1
0.2 17.2 -0.1 90 0 1 1
0.2 17.7 -0.1 85 0 1 1
0.2 18.3 -0.1 87 0 1 1
0.2 18.8 -0.1 96 0 1 1
0.2 19.4 -0.1 92 0 1 1
0.2 19.9 -0.2 74 0 1 1
0.3 3.7 -0.2 106 0 1 1
0.3 5.2 -0.2 96 0 1 1
0.3 5.7 -0.2 92 0 1 1
0.3 6.2 -0.2 96 0 1 1
0.3 10.1 -1.5 75 0 1 4
0.3 10.6 -1.3 51 0 1 4
0.4 4.2 -0.2 107 0 1 1
0.4 4.7 -0.2 103 0 1 1
0.4 19.9 -0.2 74 0 1 1
0.7 12.2 0 87 0 1 1
0.7 12.7 0 88 0 1 1
0.7 13.3 0 93 0 1 1
0.7 13.8 0 83 0 1 1
0.7 14.4 0 92 0 1 1
0.7 14.9 -0.1 94 0 1 1
0.7 15.5 -0.1 89 0 1 1
0.7 16 -0.1 87 0 1 1
0.7 16.6 -0.1 92 0 1 1
0.7 17.1 -0.1 97 0 1 1
0.7 17.7 -0.1 94 0 1 1
0.7 18.2 -0.1 91 0 1 1
0.7 18.8 -0.2 93 0 1 1
0.7 19.4 -0.2 93 0 1 1
0.7 19.9 -0.2 86 0 1 1
0.8 3.6 -0.2 105 0 1 1
0.8 5.2 -0.2 99 0 1 1
0.8 5.7 -0.2 98 0 1 1
0.8 6.2 -0.2 87 0 1 1
0.8 10.1 -1.5 72 0 1 4
0.8 10.6 -1.3 59 0 1 4
0.8 11.1 -0.9 70 0 1 4
0.8 11.6 -0.4 74 0 1 1
0.9 4.2 -0.2 106 0 1 1
0.9 4.7 -0.2 108 0 1 1
1.3 3 -0.2 98 0 1 1
1.3 3.6 -0.2 99 0 1 1
1.3 5.6 -0.1 93 0 1 1
1.3 6.1 -0.2 76 0 1 1
1.3 11.1 -0.9 79 0 1 4
1.3 11.6 -0.4 76 0 1 1
1.3 12.2 0 98 0 1 1
1.3 12.7 0 84 0 1 1
1.3 13.3 0 93 0 1 1
1.3 13.8 0 80 0 1 1
1.3 14.4 -0.1 87 0 1 1
1.3 14.9 -0.1 89 0 1 1
1.3 15.5 -0.1 97 0 1 1
1.3 16 -0.1 93 0 1 1
1.3 16.6 -0.1 93 0 1 1
1.3 17.1 -0.1 99 0 1 1
1.3 17.7 -0.1 97 0 1 1
1.3 18.2 -0.2 95 0 1 1
1.3 18.8 -0.2 93 0 1 1
1.3 19.3 -0.2 89 0 1 1
1.3 19.8 -0.2 81 0 1 1
1.4 4.1 -0.2 109 0 1 1
1.4 4.6 -0.2 112 0 1 1
1.4 5.1 -0.2 107 0 1 1
1.4 10.1 -1.5 69 0 1 4
1.4 10.6 -1.3 60 0 1 4
1.8 3 -0.2 97 0 1 1
1.8 3.6 -0.2 103 0 1 1
1.8 12.1 0 91 0 1 1
1.8 12.7 0 93 0 1 1
1.8 13.2 0 91 0 1 1
1.8 13.8 -0.1 82 0 1 1
1.8 14.4 -0.1 90 0 1 1
1.8 14.9 -0.1 88 0 1 1
1.8 15.5 -0.1 101 0 1 1
1.8 16 -0.1 90 0 1 1
1.8 16.6 -0.1 91 0 1 1
1.8 17.1 -0.1 98 0 1 1
1.8 17.7 -0.2 104 0 1 1
1.8 18.2 -0.2 97 0 1 1
1.8 18.8 -0.2 97 0 1 1
1.8 19.3 -0.2 85 0 1 1
1.8 19.8 -0.2 76 0 1 1
1.9 4.1 -0.2 106 0 1 1
1.9 4.6 -0.1 105 0 1 1
1.9 5.1 -0.1 108 0 1 1
1.9 5.6 -0.1 95 0 1 1
1.9 6.1 -0.2 72 0 1 1
1.9 10.1 -1.5 84 0 1 4
1.9 10.6 -1.3 64 0 1 4
1.9 11.1 -0.9 74 0 1 4
1.9 11.6 -0.4 90 0 1 1
2.3 3 -0.2 103 0 1 1
2.3 3.5 -0.2 104 0 1 1
2.3 15.4 -0.1 98 0 1 1
2.3 16 -0.1 94 0 1 1
2.3 16.6 -0.1 98 0 1 1
2.3 17.1 -0.2 92 0 1 1
2.3 17.7 -0.2 106 0 1 1
2.3 18.2 -0.2 99 0 1 1
2.3 18.8 -0.2 92 0 1 1
2.3 19.3 -0.2 88 0 1 1
2.3 19.7 -0.2 85 0 1 1
2.4 4.1 -0.1 101 0 1 1
2.4 4.6 -0.1 104 0 1 1
2.4 5.1 -0.1 107 0 1 1
2.4 5.6 -0.1 93 0 1 1
2.4 6.1 -0.1 82 0 1 1
2.4 10.5 -1.3 67 0 1 4
2.4 11 -0.9 69 0 1 4
2.4 11.6 -0.4 88 0 1 1
2.4 12.1 0 91 0 1 1
2.4 12.7 0 99 0 1 1
2.4 13.2 0 93 0 1 1
2.4 13.8 -0.1 87 0 1 1
2.4 14.3 -0.1 98 0 1 1
2.4 14.9 -0.1 93 0 1 1
2.5 10 -1.5 87 0 1 4
2.8 2.9 -0.2 104 0 1 1
2.8 3.5 -0.1 105 0 1 1
2.8 18.2 -0.2 96 0 1 1
2.8 18.8 -0.2 94 0 1 1
2.8 19.3 -0.2 89 0 1 1
2.8 19.7 -0.3 78 0 1 1
2.9 4.1 -0.1 91 0 1 1
2.9 4.6 -0.1 106 0 1 1
2.9 5.1 -0.1 107 0 1 1
2.9 5.6 -0.1 97 0 1 1
2.9 6 -0.1 73 0 1 1
2.9 12.1 0 87 0 1 1
2.9 12.7 0 96 0 1 1
2.9 13.2 -0.1 98 0 1 1
2.9 13.8 -0.1 92 0 1 1
2.9 14.3 -0.1 93 0 1 1
2.9 14.9 -0.1 91 0 1 1
2.9 15.4 -0.1 104 0 1 1
2.9 16 -0.1 98 0 1 1
2.9 16.5 -0.2 94 0 1 1
2.9 17.1 -0.2 99 0 1 1
2.9 17.7 -0.2 105 0 1 1
3 2.4 -0.2 39 0 1 3
3 9.5 -1.3 41 0 1 4
3 10 -1.3 52 0 1 4
3 10.5 -1.1 57 0 1 4
3 11 -0.8 61 0 1 4
3 11.5 -0.3 80 0 1 1
3.1 2.6 0.1 39 0 1 3
3.1 3 0 33 0 1 3
3.1 3.3 0.4 42 0 1 3
3.1 3.7 0.2 42 0 1 3
3.1 4 0 36 0 1 3
3.1 4 0.2 32 0 1 3
3.2 2.8 0.4 48 0 1 3
3.2 4.5 0.1 69 0 1 3
3.3 2.3 -0.2 112 0 1 1
3.3 2.9 0.5 76 0 1 3
3.3 3.7 0.5 85 0 1 3
3.3 4.3 0.4 48 0 1 3
3.3 19.3 -0.3 98 0 1 1
3.3 19.6 -0.3 75 0 1 1
3.4 2.4 -0.2 115 0 1 3
3.4 2.5 0.3 67 0 1 3
3.4 5 -0.1 109 0 1 1
3.4 5.5 -0.1 95 0 1 1
3.4 6 -0.1 77 0 1 1
3.4 6.5 -0.2 80 0 1 1
3.4 14.3 -0.1 90 0 1 1
3.4 14.9 -0.1 94 0 1 1
3.4 15.4 -0.1 99 0 1 1
3.4 16 -0.2 94 0 1 1
3.4 16.5 -0.2 88 0 1 1
3.4 17.1 -0.2 102 0 1 1
3.4 17.6 -0.2 106 0 1 1
3.4 18.2 -0.2 94 0 1 1
3.4 18.8 -0.2 95 0 1 1
3.5 3.3 0.6 57 0 1 3
3.5 8.5 -0.8 38 0 1 4
3.5 9 -0.8 45 0 1 4
3.5 9.5 -0.8 37 0 1 4
3.5 10 -0.8 40 0 1 4
3.5 10.5 -0.7 46 0 1 4
3.5 11 -0.4 51 0 1 1
3.5 11.5 -0.1 63 0 1 1
3.5 12.1 0 87 0 1 1
3.5 12.6 -0.1 97 0 1 1
3.5 13.2 -0.1 95 0 1 1
3.5 13.7 -0.1 90 0 1 1
3.6 2.6 0.3 72 0 1 3
3.6 4 0.6 68 0 1 3
3.6 4.1 0.6 64 0 1 3
3.7 3.1 0.7 89 0 1 3
3.7 3.7 0.6 71 0 1 3
3.7 3.8 0.6 86 0 1 3
3.8 2.3 -0.2 112 0 1 1
3.8 3.7 0.7 62 0 1 3
3.8 4.1 0.6 70 0 1 3
3.8 4.4 0.6 72 0 1 3
3.9 3.6 0.7 76 0 1 3
3.9 4.1 0.7 61 0 1 3
3.9 4.9 0.6 92 0 1 3
3.9 5.2 0.1 52 0 1 3
3.9 5.5 0 87 0 1 1
3.9 6 0 89 0 1 1
3.9 6.5 0 87 0 1 1
3.9 7 -0.1 70 0 1 1
3.9 16 -0.2 91 0 1 1
3.9 16.5 -0.2 97 0 1 1
3.9 17.1 -0.2 106 0 1 1
3.9 17.6 -0.2 100 0 1 1
3.9 18.2 -0.2 91 0 1 1
3.9 18.7 -0.3 91 0 1 1
3.9 19.3 -0.3 98 0 1 1
3.9 19.6 -0.3 93 0 1 1
4 2.5 -0.2 58 0 1 3
4 2.9 0.6 97 0 1 3
4 3.5 0.8 64 0 1 3
4 3.7 0.8 67 0 1 3
4 4.8 0.7 93 0 1 3
4 7.5 -0.3 49 0 1 1
4 8 -0.3 48 0 1 1
4 8.5 -0.3 55 0 1 1
4 9 -0.3 69 0 1 1
4 9.5 -0.3 53 0 1 1
4 10 -0.3 68 0 1 1
4 10.5 -0.2 57 0 1 1
4 11 -0.1 64 0 1 1
4 11.5 0 91 0 1 1
4 12.1 0 91 0 1 1
4 12.6 -0.1 96 0 1 1
4 13.2 -0.1 98 0 1 1
4 13.7 -0.1 85 0 1 1
4 14.3 -0.1 103 0 1 1
4 14.8 -0.1 93 0 1 1
4 15.4 -0.2 103 0 1 1
4.1 2.6 0.1 65 0 1 3
4.1 2.7 0.5 67 0 1 3
4.1 3.1 0.7 112 0 1 3
4.1 3.8 0.8 83 0 1 3
4.2 3.5 0.8 79 0 1 3
4.2 4.5 0.8 95 0 1 3
4.3 2.3 -0.2 112 0 1 1
4.3 3.5 0.8 100 0 1 3
4.3 3.8 0.8 88 0 1 3
4.3 4.3 0.9 77 0 1 3
4.4 2.7 0.3 66 0 1 3
4.4 2.8 0.6 88 0 1 3
4.4 6 0 96 0 1 1
4.4 6.5 0 87 0 1 1
4.4 17.1 -0.2 100 0 1 1
4.4 17.6 -0.2 90 0 1 1
4.4 18.2 -0.2 90 0 1 1
4.4 18.7 -0.3 94 0 1 1
4.4 19.3 -0.3 91 0 1 1
4.4 19.4 -0.3 90 0 1 1
4.5 2.6 0 68 0 1 3
4.5 7 0 102 0 1 1
4.5 7.5 0 76 0 1 1
4.5 8 0 78 0 1 1
4.5 8.5 0 86 0 1 1
4.5 9 0 92 0 1 1
4.5 9.5 0 63 0 1 1
4.5 10 0 83 0 1 1
4.5 10.5 0 94 0 1 1
4.5 11 0 89 0 1 1
4.5 12.1 -0.1 94 0 1 1
4.5 12.6 -0.1 96 0 1 1
4.5 13.2 -0.1 100 0 1 1
4.5 13.7 -0.1 92 0 1 1
4.5 14.3 -0.1 100 0 1 1
4.5 14.8 -0.1 97 0 1 1
4.5 15.4 -0.2 105 0 1 1
4.5 15.9 -0.2 89 0 1 1
4.5 16.5 -0.2 98 0 1 1
4.6 3 0.7 118 0 1 3
4.6 3.3 0.8 115 0 1 3
4.6 3.6 0.8 97 0 1 3
4.6 4.2 0.9 96 0 1 3
4.6 11.5 0 90 0 1 1
4.8 2.7 0.3 68 0 1 3
4.8 3.2 0.8 87 0 1 3
4.9 18.1 -0.2 90 0 1 1
4.9 18.7 -0.2 94 0 1 1
4.9 19.2 -0.3 87 0 1 1
4.9 19.3 -0.3 86 0 1 1
5 6.5 0 97 0 1 1
5 7 0 103 0 1 1
5 7.5 0 104 0 1 1
5 8 0 104 0 1 1
5 8.5 0 98 0 1 1
5 9 0 102 0 1 1
5 9.5 0 83 0 1 1
5 10 0 102 0 1 1
5 10.5 -0.1 105 0 1 1
5 12.6 -0.1 97 0 1 1
5 13.2 -0.1 101 0 1 1
5 13.7 -0.1 89 0 1 1
5 14.3 -0.1 103 0 1 1
5 14.8 -0.2 92 0 1 1
5 15.4 -0.2 106 0 1 1
5 15.9 -0.2 87 0 1 1
5 16.5 -0.2 91 0 1 1
5 17 -0.2 100 0 1 1
5 17.6 -0.2 91 0 1 1
5.1 2.9 0.8 105 0 1 3
5.1 11 -0.1 100 0 1 1
5.1 11.5 -0.1 92 0 1 1
5.1 12 -0.1 94 0 1 1
5.2 2.8 0.4 56 0 1 3
5.2 2.9 0.5 89 0 1 3
5.3 2.7 0.2 65 0 1 3
5.3 3.7 0.9 103 0 1 3
5.4 2.7 0 84 0 1 3
5.4 2.8 0.1 79 0 1 3
5.4 13.1 0 69 0 1 2
5.4 13.2 0 98 0 1 2
5.4 19.1 -0.2 80 0 1 1
5.5 7 0 109 0 1 1
5.5 7.5 0 96 0 1 1
5.5 8 0 104 0 1 1
5.5 8.5 0 91 0 1 1
5.5 9 0 101 0 1 1
5.5 9.5 0 83 0 1 1
5.5 12.8 -0.1 47 0 1 2
5.5 13.2 0 87 0 1 2
5.5 13.3 0 88 0 1 2
5.5 13.7 -0.1 106 0 1 1
5.5 14.3 -0.1 101 0 1 1
5.5 14.8 -0.2 99 0 1 1
5.5 15.4 -0.2 107 0 1 1
5.5 15.9 -0.2 89 0 1 1
5.5 16.5 -0.2 90 0 1 1
5.5 17 -0.2 96 0 1 1
5.5 17.6 -0.2 96 0 1 1
5.5 18.1 -0.2 93 0 1 1
5.5 18.7 -0.2 94 0 1 1
5.6 8.2 0 44 0 1 2
5.6 8.2 0.1 51 0 1 2
5.6 10 -0.1 97 0 1 1
5.6 10.5 -0.1 106 0 1 1
5.6 11 -0.1 104 0 1 1
5.6 11.5 -0.1 95 0 1 1
5.6 12 -0.1 98 0 1 1
5.6 12.6 -0.1 94 0 1 1
5.6 13.3 0.1 90 0 1 2
5.7 8.3 0.1 56 0 1 2
5.7 8.3 0.2 55 0 1 2
5.7 12.8 0 38 0 1 2
5.7 12.9 0.1 65 0 1 2
5.8 7.9 0.1 38 0 1 2
5.8 8.4 0 74 0 1 2
5.8 8.4 0.1 79 0 1 2
5.8 8.4 0.2 88 0 1 2
5.8 12.7 -0.1 38 0 1 2
5.8 12.7 0.1 88 0 1 2
5.8 13.1 0.1 88 0 1 2
5.9 7.9 0.2 38 0 1 2
5.9 8 0.2 65 0 1 2
5.9 8.4 0.2 88 0 1 2
5.9 12.7 0.1 89 0 1 2
5.9 12.8 0.1 99 0 1 2
6 7.5 0 105 0 1 1
6 7.8 0 39 0 1 2
6 12.6 0 31 0 1 2
6 12.6 0.1 47 0 1 2
6 13 0.2 101 0 1 2
6 14.8 -0.2 89 0 1 1
6 15.3 -0.2 108 0 1 1
6 15.9 -0.2 86 0 1 1
6 16.4 -0.2 98 0 1 1
6 17 -0.2 103 0 1 1
6 17.5 -0.2 100 0 1 1
6 18.1 -0.2 95 0 1 1
6 18.7 -0.2 97 0 1 1
6 18.9 -0.2 90 0 1 1
6.1 7.8 0.2 80 0 1 2
6.1 7.9 0.3 101 0 1 2
6.1 8.3 0.2 90 0 1 2
6.1 9 0 104 0 1 1
6.1 9.5 -0.1 88 0 1 1
6.1 10 -0.1 106 0 1 1
6.1 10.5 -0.1 102 0 1 1
6.1 11 -0.1 102 0 1 1
6.1 11.5 -0.1 91 0 1 1
6.1 12 -0.1 103 0 1 1
6.1 12.6 -0.1 58 0 1 1
6.1 12.6 0.1 105 0 1 2
6.2 7.7 0.1 33 0 1 2
6.2 7.8 0.2 99 0 1 2
6.2 8.1 0.3 88 0 1 2
6.2 12.6 -0.1 87 0 1 2
6.2 12.6 0.1 96 0 1 2
6.3 7.7 0.2 65 0 1 2
6.4 7.7 0 92 0 1 2
6.4 7.7 0.2 97 0 1 2
6.4 12.8 -0.1 89 0 1 2
6.4 12.8 0.1 101 0 1 2
6.4 12.9 0 95 0 1 2
6.5 3.4 0.1 119 0 1 1
6.5 7.7 0.1 102 0 1 2
6.5 7.8 0.2 100 0 1 2
6.5 15.3 -0.2 103 0 1 1
6.5 15.9 -0.2 90 0 1 1
6.5 16.4 -0.2 97 0 1 1
6.5 17 -0.2 101 0 1 1
6.5 17.5 -0.2 99 0 1 1
6.5 18.1 -0.2 90 0 1 1
6.5 18.6 -0.2 93 0 1 1
6.5 18.8 -0.2 91 0 1 1
6.6 7.5 0 100 0 1 1
6.6 8 0.2 108 0 1 2
6.6 10 -0.1 103 0 1 1
6.6 10.5 -0.1 99 0 1 1
6.6 11 -0.1 99 0 1 1
6.6 11.5 -0.1 96 0 1 1
6.6 12 -0.1 107 0 1 1
6.6 12.6 -0.1 95 0 1 1
6.6 13.1 -0.2 102 0 1 1
7 17 -0.2 101 0 1 1
7 17.5 -0.2 97 0 1 1
7 18.1 -0.2 95 0 1 1
7 18.6 -0.2 77 0 1 1
7.1 4 0.2 109 0 1 1
7.1 7.5 0 78 0 1 1
7.1 8 0 102 0 1 1
7.1 10 -0.1 99 0 1 1
7.1 10.5 -0.1 96 0 1 1
7.1 11 -0.1 103 0 1 1
7.1 11.5 -0.2 96 0 1 1
7.1 12 -0.2 103 0 1 1
7.1 12.6 -0.2 98 0 1 1
7.1 13.1 -0.2 102 0 1 1
7.1 13.7 -0.2 101 0 1 1
7.1 15.9 -0.2 91 0 1 1
7.1 16.4 -0.2 99 0 1 1
7.6 4 0.2 116 0 1 1
7.6 7.5 0 97 0 1 1
7.6 8 0 104 0 1 1
7.6 8.5 0 100 0 1 1
7.6 9 0 95 0 1 1
7.6 10 -0.1 86 0 1 1
7.6 10.5 -0.1 92 0 1 1
7.6 11 -0.1 105 0 1 1
7.6 11.5 -0.2 106 0 1 1
7.6 12 -0.2 104 0 1 1
7.6 12.6 -0.2 96 0 1 1
7.6 13.1 -0.2 101 0 1 1
7.6 13.7 -0.2 106 0 1 1
7.6 14.2 -0.2 103 0 1 1
7.6 14.8 -0.2 93 0 1 1
7.6 15.3 -0.2 96 0 1 1
7.6 15.9 -0.2 94 0 1 1
7.6 16.4 -0.2 96 0 1 1
7.6 16.9 -0.2 101 0 1 1
7.6 17.5 -0.2 105 0 1 1
7.6 18 -0.2 99 0 1 1
7.6 18.4 -0.2 96 0 1 1
8.1 5 0.2 107 0 1 1
8.1 7.5 0 94 0 1 1
8.1 8 0 100 0 1 1
8.1 8.5 0 101 0 1 1
8.1 9 -0.1 90 0 1 1
8.1 9.5 -0.1 96 0 1 1
8.1 10 -0.1 89 0 1 1
8.1 10.5 -0.1 93 0 1 1
8.1 11 -0.2 100 0 1 1
8.1 11.5 -0.2 107 0 1 1
8.1 12 -0.2 102 0 1 1
8.1 12.6 -0.2 102 0 1 1
8.1 13.1 -0.2 102 0 1 1
8.1 13.7 -0.2 103 0 1 1
8.1 14.2 -0.2 104 0 1 1
8.1 14.7 -0.2 94 0 1 1
8.1 15.3 -0.2 96 0 1 1
8.1 15.8 -0.2 92 0 1 1
8.1 16.4 -0.2 87 0 1 1
8.1 16.9 -0.2 93 0 1 1
8.1 17.5 -0.2 106 0 1 1
8.1 18 -0.2 101 0 1 1
8.1 18.2 -0.2 93 0 1 1
8.2 4.5 0.2 110 0 1 1
8.4 18 -0.2 93 0 1 1
8.6 9 -0.1 93 0 1 1
8.6 9.5 -0.1 105 0 1 1
8.6 10 -0.1 90 0 1 1
8.6 10.5 -0.1 94 0 1 1
8.6 11 -0.2 104 0 1 1
8.6 11.5 -0.2 114 0 1 1
8.6 12 -0.2 103 0 1 1
8.6 12.6 -0.2 104 0 1 1
8.6 13.1 -0.2 102 0 1 1
8.6 13.6 -0.2 106 0 1 1
8.6 14.2 -0.2 103 0 1 1
8.6 14.7 -0.2 86 0 1 1
8.6 15.3 -0.2 93 0 1 1
8.6 15.8 -0.2 95 0 1 1
8.6 16.4 -0.2 88 0 1 1
8.6 16.9 -0.2 93 0 1 1
8.6 17.5 -0.2 103 0 1 1
8.6 17.9 -0.2 89 0 1 1
8.7 4.5 0.2 107 0 1 1
8.7 5 0.2 103 0 1 1
8.7 5.5 0.2 107 0 1 1
8.7 7 0.1 98 0 1 1
8.7 7.5 0 104 0 1 1
8.7 8 0 107 0 1 1
8.7 8.5 0 98 0 1 1
9.1 10.5 -0.2 101 0 1 1
9.1 11 -0.2 107 0 1 1
9.1 11.5 -0.2 114 0 1 1
9.1 12 -0.2 102 0 1 1
9.1 12.6 -0.2 101 0 1 1
9.1 13.1 -0.2 100 0 1 1
9.1 13.6 -0.2 99 0 1 1
9.1 14.2 -0.2 105 0 1 1
9.1 14.7 -0.2 94 0 1 1
9.1 15.3 -0.2 93 0 1 1
9.1 15.8 -0.2 96 0 1 1
9.1 16.3 -0.2 92 0 1 1
9.1 16.9 -0.2 93 0 1 1
9.1 17.4 -0.2 102 0 1 1
9.1 17.6 -0.2 78 0 1 1
9.2 5 0.2 103 0 1 1
9.2 5.5 0.2 91 0 1 1
9.2 6 0.2 99 0 1 1
9.2 6.5 0.1 104 0 1 1
9.2 7 0.1 88 0 1 1
9.2 7.5 0.1 103 0 1 1
9.2 8 0 106 0 1 1
9.2 8.5 0 103 0 1 1
9.2 9 -0.1 92 0 1 1
9.2 9.5 -0.1 107 0 1 1
9.2 10 -0.1 86 0 1 1
9.5 17.4 -0.2 99 0 1 1
9.6 11.5 -0.3 113 0 1 1
9.6 12 -0.2 104 0 1 1
9.6 12.5 -0.2 105 0 1 1
9.6 13.1 -0.2 93 0 1 1
9.6 13.6 -0.2 101 0 1 1
9.7 5 0.3 102 0 1 1
9.7 5.5 0.2 96 0 1 1
9.7 6 0.2 106 0 1 1
9.7 6.5 0.1 105 0 1 1
9.7 7 0.1 111 0 1 1
9.7 7.5 0.1 105 0 1 1
9.7 8 0 102 0 1 1
9.7 8.5 0 107 0 1 1
9.7 9 -0.1 89 0 1 1
9.7 9.5 -0.1 100 0 1 1
9.7 10 -0.1 91 0 1 1
9.7 10.5 -0.2 109 0 1 1
9.7 11 -0.2 105 0 1 1
9.7 14.2 -0.2 102 0 1 1
9.7 14.7 -0.2 103 0 1 1
9.7 15.3 -0.2 94 0 1 1
9.7 15.8 -0.2 90 0 1 1
9.7 16.3 -0.2 93 0 1 1
9.7 16.9 -0.2 98 0 1 1
9.7 17.3 -0.2 95 0 1 1
10.2 7 0.1 110 0 1 1
10.2 7.5 0.1 105 0 1 1
10.2 8 0 96 0 1 1
10.2 8.5 0 108 0 1 1
10.2 9 -0.1 86 0 1 1
10.2 9.5 -0.1 98 0 1 1
10.2 10 -0.1 91 0 1 1
10.2 10.5 -0.2 111 0 1 1
10.2 11 -0.2 107 0 1 1
10.2 11.5 -0.3 110 0 1 1
10.2 12 -0.3 102 0 1 1
10.2 12.5 -0.3 102 0 1 1
10.2 13.1 -0.2 100 0 1 1
10.2 13.6 -0.2 105 0 1 1
10.2 14.2 -0.2 103 0 1 1
10.2 14.7 -0.2 106 0 1 1
10.2 15.2 -0.2 87 0 1 1
10.2 15.8 -0.2 98 0 1 1
10.2 16.3 -0.2 93 0 1 1
10.2 16.9 -0.2 109 0 1 1
10.2 17.1 -0.2 76 0 1 1
10.3 5.5 0.2 102 0 1 1
10.3 6 0.2 105 0 1 1
10.3 6.5 0.2 107 0 1 1
10.5 5.3 0.3 102 0 1 5
10.6 16.8 -0.2 97 0 1 1
10.7 8 0 85 0 1 1
10.7 8.5 0 110 0 1 1
10.7 9 -0.1 97 0 1 1
10.7 9.5 -0.1 99 0 1 1
10.7 10 -0.2 94 0 1 1
10.7 10.5 -0.2 106 0 1 1
10.7 11 -0.3 105 0 1 1
10.7 11.5 -0.3 107 0 1 1
10.7 12 -0.3 100 0 1 1
10.7 12.5 -0.3 103 0 1 1
10.7 13.1 -0.3 101 0 1 1
10.7 13.6 -0.3 102 0 1 1
10.7 14.1 -0.2 88 0 1 1
10.7 14.7 -0.2 108 0 1 1
10.7 15.2 -0.2 83 0 1 1
10.7 15.8 -0.2 94 0 1 1
10.7 16.3 -0.2 95 0 1 1
10.7 16.8 -0.2 91 0 1 1
10.8 5.5 0.3 104 0 1 1
10.8 6 0.2 108 0 1 1
10.8 6.5 0.2 109 0 1 1
10.8 7 0.1 112 0 1 1
10.8 7.5 0.1 106 0 1 1
11.1 16.6 -0.2 99 0 1 1
11.2 9 -0.1 115 0 1 1
11.2 9.5 -0.1 108 0 1 1
11.2 10 -0.2 99 0 1 1
11.2 10.5 -0.2 108 0 1 1
11.2 11 -0.3 108 0 1 1
11.2 11.5 -0.3 105 0 1 1
11.2 12 -0.3 104 0 1 1
11.2 12.5 -0.3 104 0 1 1
11.2 13.1 -0.3 106 0 1 1
11.2 13.6 -0.3 106 0 1 1
11.2 14.1 -0.2 96 0 1 1
11.2 14.7 -0.2 109 0 1 1
11.2 15.2 -0.2 88 0 1 1
11.2 15.7 -0.2 93 0 1 1
11.2 16.3 -0.2 96 0 1 1
11.2 16.5 -0.2 82 0 1 1
11.3 6 0.2 108 0 1 1
11.3 6.5 0.2 110 0 1 1
11.3 7 0.1 111 0 1 1
11.3 7.5 0.1 109 0 1 1
11.3 8 0 89 0 1 1
11.3 8.5 0 107 0 1 1
11.4 16.3 -0.2 83 0 1 1
11.7 9.5 -0.1 102 0 1 1
11.7 10 -0.2 103 0 1 1
11.7 10.5 -0.2 105 0 1 1
11.7 11 -0.3 107 0 1 1
11.7 11.5 -0.3 106 0 1 1
11.7 12 -0.3 105 0 1 1
11.7 12.5 -0.3 102 0 1 1
11.7 13.1 -0.3 103 0 1 1
11.7 13.6 -0.3 109 0 1 1
11.7 14.1 -0.3 95 0 1 1
11.7 14.7 -0.2 106 0 1 1
11.7 15.2 -0.2 112 0 1 1
11.7 15.7 -0.2 97 0 1 1
11.7 16 -0.2 83 0 1 1
11.8 6 0.3 107 0 1 1
11.8 6.5 0.2 113 0 1 1
11.8 7 0.2 111 0 1 1
11.8 7.5 0.1 108 0 1 1
11.8 8 0 81 0 1 1
11.8 8.5 0 100 0 1 1
11.8 9 -0.1 112 0 1 1
12.1 15.7 -0.2 76 0 1 1
12.2 11 -0.3 106 0 1 1
12.2 11.5 -0.3 97 0 1 1
12.2 12 -0.3 99 0 1 1
12.2 12.5 -0.3 101 0 1 1
12.2 13.1 -0.3 102 0 1 1
12.2 13.6 -0.3 108 0 1 1
12.2 14.1 -0.2 74 0 1 1
12.2 14.7 -0.2 107 0 1 1
12.3 8 0 90 0 1 1
12.3 8.5 0 103 0 1 1
12.3 9 -0.1 111 0 1 1
12.3 9.5 -0.1 110 0 1 1
12.3 10 -0.2 102 0 1 1
12.3 10.5 -0.2 99 0 1 1
12.3 15.2 -0.2 111 0 1 1
12.3 15.6 -0.2 100 0 1 1
12.4 6.5 0.2 113 0 1 1
12.4 7 0.1 115 0 1 1
12.4 7.5 0.1 110 0 1 1
12.7 15.2 -0.2 91 0 1 1
12.8 9.5 -0.1 105 0 1 1
12.8 10 -0.2 104 0 1 1
12.8 10.5 -0.2 107 0 1 1
12.8 11 -0.3 108 0 1 1
12.8 11.5 -0.3 99 0 1 1
12.8 12 -0.3 105 0 1 1
12.8 12.5 -0.3 104 0 1 1
12.8 13.1 -0.3 107 0 1 1
12.8 13.6 -0.2 109 0 1 1
12.8 14.2 -0.2 91 0 1 1
12.8 14.7 -0.2 92 0 1 1
12.8 15.2 -0.2 82 0 1 1
12.9 7 0.1 117 0 1 1
12.9 7.5 0.1 114 0 1 1
12.9 8 0 100 0 1 1
12.9 8.5 0 106 0 1 1
12.9 9 -0.1 104 0 1 1
13.3 11 -0.2 108 0 1 1
13.3 11.5 -0.3 99 0 1 1
13.3 12 -0.3 103 0 1 1
13.3 12.6 -0.3 101 0 1 1
13.3 13.1 -0.2 107 0 1 1
13.3 13.6 -0.2 113 0 1 1
13.3 14.2 -0.2 90 0 1 1
13.3 14.7 -0.2 96 0 1 1
13.4 8.5 0 107 0 1 1
13.4 9 -0.1 108 0 1 1
13.4 9.5 -0.1 108 0 1 1
13.4 10 -0.2 105 0 1 1
13.4 10.5 -0.2 108 0 1 1
13.5 7 0.1 118 0 1 1
13.5 7.5 0.1 115 0 1 1
13.5 8 0 106 0 1 1
13.8 13.6 -0.2 112 0 1 1
13.8 14.2 -0.2 92 0 1 1
13.8 14.3 -0.2 77 0 1 1
13.9 9.5 -0.1 107 0 1 1
13.9 10 -0.1 109 0 1 1
13.9 10.5 -0.2 109 0 1 1
13.9 11 -0.2 106 0 1 1
13.9 11.5 -0.3 86 0 1 1
13.9 12 -0.3 106 0 1 1
13.9 12.6 -0.2 102 0 1 1
13.9 13.1 -0.2 108 0 1 1
14 7.5 0.1 118 0 1 1
14 8 0 111 0 1 1
14 8.5 0 109 0 1 1
14 9 -0.1 112 0 1 1
14 14.2 -0.2 83 0 1 1
14.1 14.1 -0.2 85 0 1 1
14.4 10.5 -0.2 103 0 1 1
14.4 11 -0.2 107 0 1 1
14.4 11.5 -0.2 92 0 1 1
14.4 12 -0.2 109 0 1 1
14.4 12.6 -0.2 107 0 1 1
14.4 13.1 -0.2 110 0 1 1
14.4 13.7 -0.2 107 0 1 1
14.5 8.5 0 111 0 1 1
14.5 9 -0.1 108 0 1 1
14.5 9.5 -0.1 104 0 1 1
14.5 10 -0.1 109 0 1 1
14.6 7.5 0.1 118 0 1 1
14.6 8 0 115 0 1 1
14.9 11.5 -0.2 92 0 1 1
14.9 12 -0.2 105 0 1 1
14.9 12.6 -0.2 110 0 1 1
14.9 13.1 -0.2 78 0 1 1
15 9.5 -0.1 110 0 1 1
15 10 -0.1 110 0 1 1
15 10.5 -0.2 113 0 1 1
15 11 -0.2 105 0 1 1
15.1 8 0 119 0 1 1
15.1 8.5 0 116 0 1 1
15.1 9 -0.1 106 0 1 1
15.3 12.6 -0.2 96 0 1 1
15.5 10.5 -0.2 110 0 1 1
15.5 11 -0.2 102 0 1 1
15.5 11.5 -0.2 95 0 1 1
15.5 12 -0.2 103 0 1 1
15.5 12.4 -0.2 97 0 1 1
15.6 8.5 0 116 0 1 1
15.6 9 -0.1 104 0 1 1
15.6 9.5 -0.1 114 0 1 1
15.6 10 -0.1 108 0 1 1
15.7 8 0 126 0 1 1
15.8 12 -0.2 97 0 1 1
16 11.5 -0.2 98 0 1 1
16 11.7 -0.2 85 0 1 1
16.1 9.5 -0.1 113 0 1 1
16.1 10 -0.1 110 0 1 1
16.1 10.5 -0.1 114 0 1 1
16.1 11 -0.2 104 0 1 1
16.2 8.5 0 118 0 1 1
16.2 9 -0.1 97 0 1 1
16.2 11.5 -0.2 81 0 1 1
16.6 10.5 -0.1 117 0 1 1
16.6 11 -0.2 102 0 1 1
16.6 11.1 -0.2 107 0 1 1
16.7 9 -0.1 97 0 1 1
16.7 9.5 -0.1 118 0 1 1
16.7 10 -0.1 115 0 1 1
16.8 8.5 0 119 0 1 1
16.9 10.5 -0.1 92 0 1 1
17.1 10 -0.1 107 0 1 1
17.2 9.5 -0.1 114 0 1 1
17.2 9.9 -0.1 82 0 1 1
17.3 9 -0.1 95 0 1 1
17.4 9.5 -0.1 108 0 1 1
17.7 9 -0.1 88 0 1 1
