-20 -0.1 0.2 83 0 1 1
-20 0.5 0.1 87 0 1 1
-19.9 -1.8 0.2 79 0 1 1
-19.8 -2.3 0.2 84 0 1 1
-19.8 0.5 0.1 92 0 1 1
-19.8 1 0.1 95 0 1 1
-19.8 1.6 0.1 91 0 1 1
-19.8 2.2 0.1 78 0 1 1
-19.8 2.5 0.1 84 0 1 1
-19.8 2.7 0.1 76 0 1 1
-19.7 -4 0.2 69 0 1 1
-19.7 -3.9 0.2 74 0 1 1
-19.7 -3.5 0.2 76 0 1 1
-19.7 -2.9 0.2 78 0 1 1
-19.7 -2.3 0.2 86 0 1 1
-19.7 -1.8 0.2 81 0 1 1
-19.7 -1.2 0.2 77 0 1 1
-19.7 -0.7 0.2 82 0 1 1
-19.7 -0.1 0.1 90 0 1 1
-19.7 3.3 0.1 80 0 1 1
-19.7 3.9 0.1 81 0 1 1
-19.6 -4 0.2 77 0 1 1
-19.5 -4.6 0.2 75 0 1 1
-19.5 4.4 0 94 0 1 1
-19.3 -5.1 0.2 86 0 1 1
-19.3 3.8 0.1 94 0 1 1
-19.3 4.4 0 100 0 1 1
-19.2 -5.6 0.2 80 0 1 1
-19.2 -5.1 0.2 87 0 1 1
-19.2 -2.9 0.2 82 0 1 1
-19.2 -2.4 0.2 80 0 1 1
-19.2 -1.8 0.2 83 0 1 1
-19.2 -1.2 0.2 79 0 1 1
-19.2 -0.7 0.2 82 0 1 1
-19.2 -0.1 0.1 92 0 1 1
-19.2 0.4 0.1 88 0 1 1
-19.2 1 0.1 97 0 1 1
-19.2 1.6 0.1 96 0 1 1
-19.2 2.1 0.1 92 0 1 1
-19.2 2.7 0.1 84 0 1 1
-19.2 3.2 0.1 83 0 1 1
-19.2 4.9 0 76 0 1 1
-19.2 5.3 0 76 0 1 1
-19.2 5.4 0 75 0 1 1
-19.1 -4.6 0.2 82 0 1 1
-19.1 -4.1 0.2 88 0 1 1
-19.1 -3.5 0.2 76 0 1 1
-19.1 5.9 0 83 0 1 1
-19 -6.2 0.2 53 0 1 1
-18.9 6.4 0 84 0 1 1
-18.8 -6.7 0.2 80 0 1 1
-18.8 6.9 0 71 0 1 1
-18.7 -7.3 0.1 93 0 1 1
-18.7 -7.2 0.1 95 0 1 1
-18.7 1.5 0.1 96 0 1 1
-18.7 2.1 0.1 95 0 1 1
-18.7 2.6 0.1 83 0 1 1
-18.7 3.2 0.1 72 0 1 1
-18.7 3.8 0 93 0 1 1
-18.7 4.3 0 100 0 1 1
-18.7 4.8 0 83 0 1 1
-18.6 -6.7 0.2 87 0 1 1
-18.6 -6.2 0.2 49 0 1 1
-18.6 -5.6 0.2 89 0 1 1
-18.6 -5.1 0.2 97 0 1 1
-18.6 -4.6 0.2 77 0 1 1
-18.6 -4.1 0.2 78 0 1 1
-18.6 -3.5 0.2 71 0 1 1
-18.6 -3 0.2 86 0 1 1
-18.6 -2.4 0.2 81 0 1 1
-18.6 -1.8 0.2 72 0 1 1
-18.6 -1.3 0.2 83 0 1 1
-18.6 -0.7 0.1 82 0 1 1
-18.6 -0.2 0.1 92 0 1 1
-18.6 0.4 0.1 88 0 1 1
-18.6 1 0.1 97 0 1 1
-18.6 5.3 0 86 0 1 1
-18.6 5.8 0 89 0 1 1
-18.6 6.4 0 93 0 1 1
-18.6 6.9 0 71 0 1 1
-18.6 7.4 0 80 0 1 1
-18.5 -7.8 0.1 80 0 1 1
-18.5 -7.7 0.1 77 0 1 1
-18.5 7.4 0 81 0 1 1
-18.5 7.6 0 74 0 1 1
-18.4 7.9 0 71 0 1 1
-18.1 -8.5 0.1 75 0 1 1
-18.1 -8.3 0.1 83 0 1 1
-18.1 -7.8 0.1 76 0 1 1
-18.1 -7.3 0.2 74 0 1 1
-18.1 -6.7 0.2 89 0 1 1
-18.1 -6.2 0.2 47 0 1 1
-18.1 -5.7 0.2 89 0 1 1
-18.1 -5.1 0.2 94 0 1 1
-18.1 -4.6 0.2 70 0 1 1
-18.1 -4.1 0.2 78 0 1 1
-18.1 -3.5 0.2 76 0 1 1
-18.1 -3 0.2 58 0 1 1
-18.1 -2.4 0.2 80 0 1 1
-18.1 -1.9 0.2 85 0 1 1
-18.1 -1.3 0.2 65 0 1 1
-18.1 -0.7 0.1 87 0 1 1
-18.1 -0.2 0.1 88 0 1 1
-18.1 0.4 0.1 88 0 1 1
-18.1 0.9 0.1 98 0 1 1
-18.1 1.5 0.1 94 0 1 1
-18.1 2 0.1 96 0 1 1
-18.1 2.6 0.1 85 0 1 1
-18.1 3.2 0 88 0 1 1
-18.1 3.7 0 93 0 1 1
-18.1 4.3 0 94 0 1 1
-18.1 4.8 0 86 0 1 1
-18.1 5.3 0 81 0 1 1
-18.1 8.4 -0.1 76 0 1 1
-18 5.8 0 82 0 1 1
-18 6.3 0 91 0 1 1
-18 6.8 0 62 0 1 1
-18 7.3 0 80 0 1 1
-18 7.9 0 79 0 1 1
-17.9 -8.9 0.1 70 0 1 1
-17.9 8.4 -0.1 77 0 1 1
-17.9 8.7 -0.1 77 0 1 1
-17.8 8.9 -0.1 83 0 1 1
-17.6 -9.5 0.1 71 0 1 1
-17.6 -9.4 0.1 71 0 1 1
-17.6 -8.9 0.1 79 0 1 1
-17.6 -8.4 0.1 78 0 1 1
-17.6 -7.8 0.1 90 0 1 1
-17.6 -7.3 0.2 81 0 1 1
-17.6 -6.8 0.2 89 0 1 1
-17.6 -6.2 0.2 58 0 1 1
-17.6 -5.7 0.2 90 0 1 1
-17.6 9.4 -0.1 79 0 1 1
-17.5 -5.2 0.2 78 0 1 1
-17.5 -4.6 0.2 85 0 1 1
-17.5 -4.1 0.2 76 0 1 1
-17.5 -3.6 0.2 74 0 1 1
-17.5 -3 0.2 54 0 1 1
-17.5 -2.4 0.2 82 0 1 1
-17.5 -1.9 0.2 69 0 1 1
-17.5 -1.3 0.1 76 0 1 1
-17.5 -0.8 0.1 85 0 1 1
-17.5 -0.2 0.1 88 0 1 1
-17.5 0.3 0.1 90 0 1 1
-17.5 0.9 0.1 100 0 1 1
-17.5 1.4 0.1 96 0 1 1
-17.5 2 0.1 87 0 1 1
-17.5 2.6 0.1 87 0 1 1
-17.5 3.1 0 83 0 1 1
-17.5 3.7 0 89 0 1 1
-17.5 4.2 0 89 0 1 1
-17.5 4.7 0 90 0 1 1
-17.5 5.3 0 82 0 1 1
-17.5 5.8 0 91 0 1 1
-17.4 6.3 0 91 0 1 1
-17.4 6.8 0 57 0 1 1
-17.4 7.3 0 82 0 1 1
-17.4 7.8 -0.1 92 0 1 1
-17.4 8.4 -0.1 84 0 1 1
-17.4 8.9 -0.1 91 0 1 1
-17.3 -10 0.1 68 0 1 1
-17.3 9.4 -0.1 95 0 1 1
-17.3 9.9 -0.1 86 0 1 1
-17 -10.5 0.1 65 0 1 1
-17 -10 0.1 65 0 1 1
-17 -9.5 0.1 81 0 1 1
-17 -8.9 0.1 82 0 1 1
-17 -8.4 0.1 82 0 1 1
-17 -7.9 0.2 64 0 1 1
-17 -7.3 0.2 92 0 1 1
-17 -6.8 0.2 78 0 1 1
-17 -6.3 0.2 95 0 1 1
-17 -5.7 0.2 87 0 1 1
-17 -5.2 0.2 86 0 1 1
-17 -4.7 0.2 89 0 1 1
-17 -4.1 0.2 84 0 1 1
-17 -3.6 0.2 99 0 1 1
-17 -3 0.2 75 0 1 1
-17 -2.5 0.2 94 0 1 1
-17 -1.9 0.2 76 0 1 1
-17 -1.4 0.1 82 0 1 1
-17 -0.8 0.1 83 0 1 1
-17 -0.3 0.1 92 0 1 1
-17 0.3 0.1 94 0 1 1
-17 0.9 0.1 94 0 1 1
-17 1.4 0.1 94 0 1 1
-17 2 0.1 88 0 1 1
-17 10.4 -0.1 83 0 1 1
-16.9 2.5 0 88 0 1 1
-16.9 3.1 0 86 0 1 1
-16.9 3.6 0 90 0 1 1
-16.9 4.2 0 95 0 1 1
-16.9 4.7 0 94 0 1 1
-16.9 5.2 0 85 0 1 1
-16.9 5.7 0 94 0 1 1
-16.9 6.3 0 84 0 1 1
-16.9 6.8 0 63 0 1 1
-16.8 7.3 -0.1 80 0 1 1
-16.8 7.8 -0.1 84 0 1 1
-16.8 8.3 -0.1 80 0 1 1
-16.8 8.9 -0.1 94 0 1 1
-16.8 9.4 -0.1 89 0 1 1
-16.8 9.9 -0.1 89 0 1 1
-16.7 -11.2 0.1 61 0 1 1
-16.7 -11.1 0.1 62 0 1 1
-16.7 10.4 -0.1 92 0 1 1
-16.7 10.9 -0.1 88 0 1 1
-16.7 11 -0.1 85 0 1 1
-16.7 11.1 -0.1 77 0 1 1
-16.5 -11.4 0.1 60 0 1 1
-16.5 -11.1 0.1 60 0 1 1
-16.5 -10.6 0.1 49 0 1 1
-16.5 -10 0.1 79 0 1 1
-16.5 -9.5 0.1 73 0 1 1
-16.5 -9 0.2 81 0 1 1
-16.5 -8.4 0.2 79 0 1 1
-16.5 -7.9 0.2 88 0 1 1
-16.5 -7.4 0.2 92 0 1 1
-16.5 -6.8 0.2 80 0 1 1
-16.5 -6.3 0.2 99 0 1 1
-16.5 -5.8 0.2 83 0 1 1
-16.5 -5.2 0.2 95 0 1 1
-16.5 -4.7 0.2 84 0 1 1
-16.5 -4.2 0.2 80 0 1 1
-16.5 -3.6 0.2 79 0 1 1
-16.5 -3.1 0.2 72 0 1 1
-16.4 -2.5 0.2 64 0 1 1
-16.4 -1.9 0.1 76 0 1 1
-16.4 -1.4 0.1 89 0 1 1
-16.4 -0.8 0.1 86 0 1 1
-16.4 -0.3 0.1 89 0 1 1
-16.4 0.3 0.1 95 0 1 1
-16.4 0.8 0.1 86 0 1 1
-16.4 1.4 0.1 90 0 1 1
-16.4 1.9 0 90 0 1 1
-16.4 2.5 0 90 0 1 1
-16.4 3 0 101 0 1 1
-16.4 3.6 0 85 0 1 1
-16.4 4.1 0 97 0 1 1
-16.4 11.5 -0.1 75 0 1 1
-16.3 -11.7 0.1 69 0 1 1
-16.3 4.7 0 101 0 1 1
-16.3 5.2 0 89 0 1 1
-16.3 5.7 0 94 0 1 1
-16.3 6.2 0 89 0 1 1
-16.3 6.7 0 83 0 1 1
-16.3 7.3 -0.1 79 0 1 1
-16.3 7.8 -0.1 74 0 1 1
-16.2 8.3 -0.1 86 0 1 1
-16.2 8.8 -0.1 91 0 1 1
-16.2 9.4 -0.1 89 0 1 1
-16.2 9.9 -0.1 90 0 1 1
-16.2 10.4 -0.1 92 0 1 1
-16.2 10.9 -0.1 89 0 1 1
-16.2 11.5 -0.1 80 0 1 1
-16.2 11.7 -0.1 78 0 1 1
-15.9 -12.1 0.1 79 0 1 1
-15.9 -11.7 0.1 74 0 1 1
-15.9 -11.1 0.1 67 0 1 1
-15.9 -10.6 0.2 55 0 1 1
-15.9 -10.1 0.2 71 0 1 1
-15.9 -9.5 0.2 78 0 1 1
-15.9 -9 0.2 76 0 1 1
-15.9 -8.5 0.2 90 0 1 1
-15.9 -7.9 0.2 58 0 1 1
-15.9 -7.4 0.2 76 0 1 1
-15.9 -6.9 0.2 87 0 1 1
-15.9 -6.3 0.2 91 0 1 1
-15.9 -5.8 0.2 77 0 1 1
-15.9 -5.2 0.2 94 0 1 1
-15.9 -4.7 0.2 91 0 1 1
-15.9 -4.2 0.2 78 0 1 1
-15.9 -3.6 0.2 82 0 1 1
-15.9 -3.1 0.2 73 0 1 1
-15.9 -2.5 0.2 66 0 1 1
-15.9 -2 0.1 82 0 1 1
-15.9 -1.4 0.1 77 0 1 1
-15.9 -0.9 0.1 86 0 1 1
-15.9 -0.3 0.1 96 0 1 1
-15.9 12 -0.1 77 0 1 1
-15.8 -12.2 0.1 76 0 1 1
-15.8 0.2 0.1 96 0 1 1
-15.8 0.8 0.1 96 0 1 1
-15.8 1.3 0.1 91 0 1 1
-15.8 1.9 0 89 0 1 1
-15.8 2.4 0 88 0 1 1
-15.8 3 0 93 0 1 1
-15.8 3.5 0 83 0 1 1
-15.8 4.1 0 97 0 1 1
-15.8 4.6 0 89 0 1 1
-15.8 5.1 0 89 0 1 1
-15.7 5.7 0 92 0 1 1
-15.7 6.2 0 95 0 1 1
-15.7 6.7 -0.1 77 0 1 1
-15.7 7.2 -0.1 78 0 1 1
-15.7 7.8 -0.1 75 0 1 1
-15.7 8.3 -0.1 84 0 1 1
-15.7 8.8 -0.1 90 0 1 1
-15.7 9.4 -0.1 86 0 1 1
-15.6 9.9 -0.1 91 0 1 1
-15.6 10.4 -0.1 89 0 1 1
-15.6 10.9 -0.1 92 0 1 1
-15.6 11.5 -0.1 80 0 1 1
-15.6 12 -0.1 81 0 1 1
-15.6 12.4 -0.1 76 0 1 1
-15.5 12.5 -0.1 74 0 1 1
-15.4 -9.6 0.2 87 0 1 1
-15.4 -9 0.2 73 0 1 1
-15.4 -8.5 0.2 81 0 1 1
-15.4 -8 0.2 80 0 1 1
-15.4 -7.4 0.2 92 0 1 1
-15.4 -6.9 0.2 89 0 1 1
-15.4 -6.4 0.2 101 0 1 1
-15.4 -5.8 0.2 87 0 1 1
-15.4 -5.3 0.2 95 0 1 1
-15.4 -4.7 0.2 88 0 1 1
-15.4 -4.2 0.2 84 0 1 1
-15.4 -3.6 0.2 80 0 1 1
-15.4 -3.1 0.2 75 0 1 1
-15.4 -2.6 0.1 81 0 1 1
-15.3 -12.3 0.2 78 0 1 1
-15.3 -11.7 0.2 77 0 1 1
-15.3 -11.2 0.2 69 0 1 1
-15.3 -10.7 0.2 72 0 1 1
-15.3 -10.1 0.2 86 0 1 1
-15.3 -2 0.1 71 0 1 1
-15.3 -1.5 0.1 86 0 1 1
-15.3 -0.9 0.1 84 0 1 1
-15.3 -0.4 0.1 95 0 1 1
-15.3 0.2 0.1 98 0 1 1
-15.3 0.7 0.1 98 0 1 1
-15.3 1.3 0 92 0 1 1
-15.2 1.8 0 88 0 1 1
-15.2 2.4 0 87 0 1 1
-15.2 2.9 0 107 0 1 1
-15.2 3.5 0 83 0 1 1
-15.2 4 0 97 0 1 1
-15.2 4.6 0 92 0 1 1
-15.2 5.1 0 86 0 1 1
-15.2 5.6 -0.1 94 0 1 1
-15.2 6.2 -0.1 95 0 1 1
-15.1 6.7 -0.1 88 0 1 1
-15.1 7.2 -0.1 71 0 1 1
-15.1 7.8 -0.1 77 0 1 1
-15.1 8.3 -0.1 82 0 1 1
-15.1 8.8 -0.1 89 0 1 1
-15.1 9.4 -0.1 84 0 1 1
-15.1 9.9 -0.1 91 0 1 1
-15.1 10.4 -0.1 90 0 1 1
-15.1 10.9 -0.1 89 0 1 1
-15.1 11.5 -0.1 78 0 1 1
-15.1 12 -0.1 81 0 1 1
-14.9 -5.3 0.2 84 0 1 1
-14.9 -4.8 0.2 88 0 1 1
-14.9 -4.2 0.2 75 0 1 1
-14.9 -3.7 0.2 55 0 1 1
-14.8 -11.2 0.2 61 0 1 1
-14.8 -10.7 0.2 57 0 1 1
-14.8 -10.2 0.2 71 0 1 1
-14.8 -9.6 0.2 73 0 1 1
-14.8 -9.1 0.2 68 0 1 1
-14.8 -8.5 0.2 76 0 1 1
-14.8 -8 0.2 86 0 1 1
-14.8 -7.5 0.2 82 0 1 1
-14.8 -6.9 0.2 92 0 1 1
-14.8 -6.4 0.2 64 0 1 1
-14.8 -5.8 0.2 73 0 1 1
-14.8 -3.1 0.2 77 0 1 1
-14.8 -2.6 0.1 73 0 1 1
-14.8 -2 0.1 61 0 1 1
-14.8 -1.5 0.1 85 0 1 1
-14.8 -0.9 0.1 90 0 1 1
-14.7 -0.4 0.1 84 0 1 1
-14.7 0.2 0.1 99 0 1 1
-14.7 0.7 0.1 92 0 1 1
-14.7 1.2 0 94 0 1 1
-14.7 1.8 0 97 0 1 1
-14.7 2.3 0 87 0 1 1
-14.6 2.9 0 80 0 1 1
-14.6 3.4 0 77 0 1 1
-14.6 4 0 99 0 1 1
-14.6 4.5 0 94 0 1 1
-14.6 5.1 -0.1 74 0 1 1
-14.6 5.6 -0.1 90 0 1 1
-14.6 6.1 -0.1 95 0 1 1
-14.6 6.7 -0.1 99 0 1 1
-14.6 7.2 -0.1 77 0 1 1
-14.6 7.7 -0.1 78 0 1 1
-14.6 8.3 -0.1 72 0 1 1
-14.5 8.8 -0.1 83 0 1 1
-14.5 9.3 -0.1 89 0 1 1
-14.5 9.9 -0.1 88 0 1 1
-14.5 10.4 -0.1 91 0 1 1
-14.5 11 -0.1 80 0 1 1
-14.3 -9.1 0.2 97 0 1 1
-14.3 -8.6 0.2 75 0 1 1
-14.3 -8 0.2 84 0 1 1
-14.3 -7.5 0.2 94 0 1 1
-14.3 -7 0.2 85 0 1 1
-14.3 -6.4 0.2 99 0 1 1
-14.3 -5.9 0.2 77 0 1 1
-14.3 -5.3 0.2 90 0 1 1
-14.3 -4.8 0.2 88 0 1 1
-14.3 -4.2 0.2 80 0 1 1
-14.3 -3.7 0.2 53 0 1 1
-14.3 -3.1 0.1 85 0 1 1
-14.3 -2.6 0.1 77 0 1 1
-14.3 -2.1 0.1 74 0 1 1
-14.2 -10.7 0.2 70 0 1 1
-14.2 -10.2 0.2 63 0 1 1
-14.2 -9.7 0.2 75 0 1 1
-14.2 -1.5 0.1 89 0 1 1
-14.2 -1 0.1 90 0 1 1
-14.2 -0.4 0.1 86 0 1 1
-14.2 0.1 0.1 93 0 1 1
-14.2 0.7 0 92 0 1 1
-14.1 1.2 0 95 0 1 1
-14.1 1.8 0 97 0 1 1
-14.1 2.3 0 91 0 1 1
-14.1 2.8 0 94 0 1 1
-14.1 3.4 0 84 0 1 1
-14 3.9 0 98 0 1 1
-14 4.5 -0.1 93 0 1 1
-14 5 -0.1 68 0 1 1
-14 5.6 -0.1 87 0 1 1
-14 6.1 -0.1 92 0 1 1
-14 6.6 -0.1 98 0 1 1
-14 7.2 -0.1 85 0 1 1
-14 7.7 -0.1 84 0 1 1
-14 8.3 -0.1 81 0 1 1
-14 8.8 -0.1 89 0 1 1
-14 9.3 -0.1 89 0 1 1
-14 9.9 -0.1 90 0 1 1
-13.8 -6.4 0.2 100 0 1 1
-13.8 -5.9 0.2 80 0 1 1
-13.8 -5.3 0.2 70 0 1 1
-13.8 -4.8 0.2 78 0 1 1
-13.8 -4.3 0.2 77 0 1 1
-13.8 -3.7 0.2 69 0 1 1
-13.8 -3.2 0.1 79 0 1 1
-13.7 -9.7 0.2 71 0 1 1
-13.7 -9.2 0.2 75 0 1 1
-13.7 -8.6 0.2 81 0 1 1
-13.7 -8.1 0.2 82 0 1 1
-13.7 -7.5 0.2 89 0 1 1
-13.7 -7 0.2 96 0 1 1
-13.7 -2.6 0.1 78 0 1 1
-13.7 -2.1 0.1 87 0 1 1
-13.7 -1.5 0.1 85 0 1 1
-13.7 -1 0.1 73 0 1 1
-13.6 -0.5 0.1 95 0 1 1
-13.6 0.1 0.1 88 0 1 1
-13.6 0.6 0 91 0 1 1
-13.6 1.2 0 93 0 1 1
-13.5 1.7 0 87 0 1 1
-13.5 2.3 0 87 0 1 1
-13.5 2.8 0 74 0 1 1
-13.5 3.3 0 82 0 1 1
-13.4 3.9 -0.1 91 0 1 1
-13.4 4.4 -0.1 96 0 1 1
-13.4 5 -0.1 64 0 1 1
-13.4 5.5 -0.1 85 0 1 1
-13.4 6.1 -0.1 93 0 1 1
-13.4 6.6 -0.1 90 0 1 1
-13.4 7.2 -0.1 84 0 1 1
-13.4 7.7 -0.1 85 0 1 1
-13.4 8.2 -0.1 79 0 1 1
-13.4 8.8 -0.1 89 0 1 1
-13.4 9.3 -0.1 84 0 1 1
-13.3 -4.8 0.2 90 0 1 1
-13.3 -4.3 0.2 83 0 1 1
-13.2 -8.7 0.2 81 0 1 1
-13.2 -8.1 0.2 88 0 1 1
-13.2 -7.6 0.2 84 0 1 1
-13.2 -7 0.2 77 0 1 1
-13.2 -6.5 0.2 93 0 1 1
-13.2 -5.9 0.2 73 0 1 1
-13.2 -5.4 0.2 85 0 1 1
-13.2 -3.7 0.2 82 0 1 1
-13.2 -3.2 0.1 79 0 1 1
-13.2 -2.7 0.1 77 0 1 1
-13.2 -2.1 0.1 69 0 1 1
-13.1 -9.2 0.2 66 0 1 1
-13.1 -1 0.1 55 0 1 1
-13.1 -0.5 0.1 72 0 1 1
-13.1 0 0 88 0 1 1
-13 0.6 0 90 0 1 1
-13 1.1 0 89 0 1 1
-13 1.7 0 88 0 1 1
-12.9 2.2 0 90 0 1 1
-12.9 2.8 0 62 0 1 1
-12.9 4.4 -0.1 97 0 1 1
-12.9 4.9 -0.1 76 0 1 1
-12.9 5.5 -0.1 83 0 1 1
-12.9 6 -0.1 85 0 1 1
-12.9 6.6 -0.1 83 0 1 1
-12.9 7.1 -0.1 81 0 1 1
-12.9 7.7 -0.1 85 0 1 1
-12.9 8.2 -0.1 78 0 1 1
-12.9 8.8 -0.1 85 0 1 1
-12.7 -7 0.2 84 0 1 1
-12.7 -6.5 0.2 90 0 1 1
-12.7 -5.9 0.2 86 0 1 1
-12.7 -5.4 0.2 100 0 1 1
-12.7 -4.9 0.2 82 0 1 1
-12.7 -4.3 0.2 86 0 1 1
-12.7 -3.8 0.1 77 0 1 1
-12.7 -3.2 0.1 76 0 1 1
-12.6 -8.1 0.2 79 0 1 1
-12.6 -7.6 0.2 85 0 1 1
-12.6 -2.7 0.1 74 0 1 1
-12.6 -2.1 0.1 79 0 1 1
-12.6 -1.1 0.1 84 0 1 1
-12.5 -0.5 0.1 93 0 1 1
-12.5 0 0 89 0 1 1
-12.5 0.6 0 95 0 1 1
-12.4 1.1 0 87 0 1 1
-12.4 1.6 0 84 0 1 1
-12.4 2.2 0 89 0 1 1
-12.3 2.7 0 77 0 1 1
-12.3 4.3 -0.1 92 0 1 1
-12.3 4.9 -0.1 81 0 1 1
-12.3 5.4 -0.1 81 0 1 1
-12.3 6 -0.1 91 0 1 1
-12.3 6.6 -0.1 97 0 1 1
-12.3 7.1 -0.1 88 0 1 1
-12.3 7.7 -0.1 84 0 1 1
-12.3 8.2 -0.1 87 0 1 1
-12.2 -5.4 0.2 80 0 1 1
-12.2 -4.9 0.2 72 0 1 1
-12.2 -4.3 0.2 73 0 1 1
-12.2 -3.8 0.1 81 0 1 1
-12.1 -7.1 0.2 99 0 1 1
-12.1 -6.5 0.2 97 0 1 1
-12.1 -6 0.2 86 0 1 1
-12.1 -3.2 0.1 76 0 1 1
-12.1 -2.7 0.1 86 0 1 1
-12.1 -2.2 0.1 78 0 1 1
-12 -0.6 0 101 0 1 1
-11.9 0 0 95 0 1 1
-11.9 0.5 0 93 0 1 1
-11.9 1.1 0 87 0 1 1
-11.8 1.6 0 92 0 1 1
-11.8 2.1 0 96 0 1 1
-11.7 4.3 -0.1 93 0 1 1
-11.7 4.9 -0.1 83 0 1 1
-11.7 5.4 -0.1 82 0 1 1
-11.7 6 -0.1 83 0 1 1
-11.7 6.5 -0.1 99 0 1 1
-11.7 7.1 -0.1 82 0 1 1
-11.7 7.6 -0.1 91 0 1 1
-11.6 -6.5 0.2 88 0 1 1
-11.6 -5.9 0.2 93 0 1 1
-11.6 -5.4 0.2 95 0 1 1
-11.6 -4.8 0.1 89 0 1 1
-11.6 -4.3 0.1 86 0 1 1
-11.6 -3.7 0.1 65 0 1 1
-11.6 -3.2 0.1 79 0 1 1
-11.6 -2.7 0.1 66 0 1 1
-11.5 -2.1 0.1 81 0 1 1
-11.4 -0.5 0 50 0 1 1
-11.4 0 0 96 0 1 1
-11.4 0.6 0 91 0 1 1
-11.3 1.1 0 90 0 1 1
-11.3 1.6 0 91 0 1 1
-11.3 2.2 -0.1 95 0 1 1
-11.2 4.3 -0.1 96 0 1 1
-11.2 4.9 -0.1 88 0 1 1
-11.2 5.4 -0.1 82 0 1 1
-11.2 6 -0.1 89 0 1 1
-11.2 6.5 -0.1 91 0 1 1
-11.2 7.1 -0.1 93 0 1 1
-11.2 7.7 -0.1 94 0 1 1
-11.1 -5.3 0.1 94 0 1 1
-11.1 -4.8 0.1 72 0 1 1
-11.1 -4.2 0.1 96 0 1 1
-11.1 -3.7 0.1 72 0 1 1
-11 -5.9 0.1 93 0 1 1
-11 -3.1 0.1 89 0 1 1
-11 -2.6 0.1 50 0 1 1
-11 -2.1 0 91 0 1 1
-10.9 -0.5 0 83 0 1 1
-10.9 2.5 0.2 93 0 1 2
-10.9 3.4 0.2 99 0 1 2
-10.8 -1 0.4 116 0 1 2
-10.8 0.1 0 96 0 1 1
-10.8 0.6 0 97 0 1 1
-10.8 1.1 -0.1 90 0 1 1
-10.8 1.7 -0.1 89 0 1 1
-10.8 2.4 0.1 88 0 1 2
-10.8 2.5 0.3 74 0 1 2
-10.8 2.6 0.3 100 0 1 2
-10.8 2.7 0.3 96 0 1 2
-10.8 2.8 0.3 82 0 1 2
-10.8 3.2 0.3 90 0 1 2
-10.8 3.6 0.1 94 0 1 2
-10.8 3.6 0.2 94 0 1 2
-10.7 -1.1 0.4 129 0 1 2
-10.7 -1 0.4 90 0 1 2
-10.7 -0.9 0.3 79 0 1 2
-10.7 2.2 -0.1 91 0 1 1
-10.7 2.8 0.3 80 0 1 2
-10.7 3.1 0.3 90 0 1 2
-10.7 3.2 0.3 91 0 1 2
-10.7 3.4 0.2 93 0 1 2
-10.7 5.5 -0.1 78 0 1 1
-10.7 6 -0.1 92 0 1 1
-10.7 6.6 -0.1 96 0 1 1
-10.7 7.1 -0.1 84 0 1 1
-10.6 -1.3 0.5 91 0 1 2
-10.6 -1.2 0.5 92 0 1 2
-10.6 -1 0.3 92 0 1 2
-10.6 -0.9 0.1 78 0 1 2
-10.6 -0.9 0.3 83 0 1 2
-10.6 2.2 0 84 0 1 2
-10.6 2.7 0.3 101 0 1 2
-10.6 2.8 0.3 109 0 1 2
-10.6 3.5 0.1 100 0 1 2
-10.6 3.6 0 92 0 1 2
-10.6 3.8 -0.1 82 0 1 1
-10.6 4.4 -0.1 85 0 1 1
-10.6 4.9 -0.1 88 0 1 1
-10.5 -5.8 0.1 85 0 1 1
-10.5 -5.3 0.1 76 0 1 1
-10.5 -4.7 0.1 97 0 1 1
-10.5 -4.2 0.1 76 0 1 1
-10.5 -3.6 0.1 66 0 1 1
-10.5 -3.1 0 96 0 1 1
-10.5 2.6 0.3 80 0 1 2
-10.5 3.5 0 113 0 1 2
-10.4 -2.6 0 74 0 1 1
-10.4 -1.4 0.5 91 0 1 2
-10.4 -1.2 0.4 110 0 1 2
-10.4 -1.1 0.3 81 0 1 2
-10.4 -1 0 77 0 1 1
-10.4 2.2 -0.1 84 0 1 2
-10.4 3 0.1 104 0 1 2
-10.4 3.6 -0.1 94 0 1 2
-10.3 -2.1 0.1 83 0 1 2
-10.3 -1.5 0.5 90 0 1 2
-10.3 -0.4 0 94 0 1 1
-10.3 0.1 0 92 0 1 1
-10.3 2.3 -0.1 89 0 1 2
-10.3 2.5 0.1 99 0 1 2
-10.2 -1.9 0.2 85 0 1 2
-10.2 -1.8 0.3 80 0 1 2
-10.2 -1.7 0.4 71 0 1 2
-10.2 -1.5 0.5 144 0 1 2
-10.2 1.2 -0.1 99 0 1 1
-10.2 1.7 -0.1 82 0 1 1
-10.2 2.2 -0.1 90 0 1 2
-10.2 2.3 -0.1 86 0 1 1
-10.2 2.4 0 96 0 1 2
-10.2 2.6 0 102 0 1 2
-10.2 2.8 -0.1 108 0 1 2
-10.2 2.9 -0.1 86 0 1 2
-10.2 3.4 -0.1 95 0 1 2
-10.1 -1.9 0.2 89 0 1 2
-10.1 3.3 -0.1 82 0 1 1
-10.1 3.9 -0.2 94 0 1 1
-10.1 4.4 -0.2 95 0 1 1
-10.1 5 -0.1 91 0 1 1
-10.1 5.5 -0.1 84 0 1 1
-10.1 6.1 -0.1 94 0 1 1
-10.1 6.6 -0.1 96 0 1 1
-10 -5.2 0.1 94 0 1 1
-10 -4.7 0.1 83 0 1 1
-10 -4.1 0 89 0 1 1
-10 -3.6 0 86 0 1 1
-10 -1.8 0.3 100 0 1 2
-10 -1.7 0.3 145 0 1 2
-10 -1.5 0.4 135 0 1 2
-10 -1.4 0.4 147 0 1 2
-9.9 -3 0 52 0 1 1
-9.9 -2.5 0 76 0 1 1
-9.9 -2 0 71 0 1 1
-9.9 -1.4 0.1 95 0 1 2
-9.8 -1.7 0 92 0 1 2
-9.8 -1.4 0 81 0 1 1
-9.8 -0.9 0 80 0 1 1
-9.8 -0.4 -0.1 93 0 1 1
-9.8 0.2 -0.1 84 0 1 1
-9.8 7.2 0.5 82 0 1 3
-9.8 7.5 0.6 75 0 1 3
-9.7 1.2 -0.1 85 0 1 1
-9.7 1.8 -0.1 93 0 1 1
-9.7 6.7 0.4 68 0 1 3
-9.6 2.3 -0.1 91 0 1 1
-9.6 2.9 -0.1 110 0 1 1
-9.6 3.4 -0.2 80 0 1 1
-9.6 3.9 -0.2 85 0 1 1
-9.6 4.5 -0.2 97 0 1 1
-9.6 5 -0.2 89 0 1 1
-9.6 5.5 -0.2 89 0 1 1
-9.6 6.1 -0.2 93 0 1 1
-9.6 6.6 -0.1 71 0 1 1
-9.6 6.8 0.5 85 0 1 3
-9.5 6.5 0.3 86 0 1 3
-9.4 -5.2 0.1 88 0 1 1
-9.4 -4.6 0 83 0 1 1
-9.4 -4.1 0 93 0 1 1
-9.4 -3.5 0 61 0 1 1
-9.4 -3 0 88 0 1 1
-9.4 1.1 0.1 87 0 1 2
-9.4 7.2 0.6 80 0 1 3
-9.3 -2.5 0 84 0 1 1
-9.3 -1.9 0 80 0 1 1
-9.3 -1.4 -0.1 78 0 1 1
-9.3 -0.9 -0.1 82 0 1 1
-9.3 1.2 0 89 0 1 2
-9.3 6.4 0.2 50 0 1 3
-9.2 -0.3 -0.1 90 0 1 1
-9.2 0.2 -0.1 93 0 1 1
-9.2 0.5 0.2 97 0 1 2
-9.2 0.9 0.2 91 0 1 2
-9.2 1.3 -0.1 83 0 1 1
-9.2 7.7 0.7 72 0 1 3
-9.1 0.3 0 78 0 1 2
-9.1 0.4 0.2 96 0 1 2
-9.1 0.6 0.2 95 0 1 2
-9.1 0.7 0.2 94 0 1 2
-9.1 1.8 -0.1 85 0 1 1
-9.1 2.4 -0.2 77 0 1 1
-9.1 2.9 -0.2 115 0 1 1
-9.1 5.6 -0.2 89 0 1 1
-9.1 6.1 -0.2 94 0 1 1
-9 0.3 0.1 93 0 1 2
-9 3.4 -0.2 79 0 1 1
-9 4 -0.2 84 0 1 1
-9 4.5 -0.2 100 0 1 1
-9 5 -0.2 96 0 1 1
-8.9 -4.6 0 81 0 1 1
-8.9 -4 0 73 0 1 1
-8.9 0.3 -0.1 56 0 1 2
-8.9 0.3 0.1 79 0 1 2
-8.9 6.5 -0.1 66 0 1 3
-8.8 -3.5 0 59 0 1 1
-8.8 -2.9 0 70 0 1 1
-8.8 -2.4 -0.1 80 0 1 1
-8.8 -1.9 -0.1 81 0 1 1
-8.8 0.4 0 71 0 1 2
-8.8 0.4 0.1 91 0 1 2
-8.8 6.8 0.6 70 0 1 3
-8.7 -1.3 -0.1 72 0 1 1
-8.7 -0.8 -0.1 108 0 1 1
-8.7 -0.3 -0.1 93 0 1 1
-8.7 0.3 -0.1 88 0 1 1
-8.7 0.6 0 75 0 1 2
-8.7 0.6 0.1 93 0 1 2
-8.7 6.9 0.7 68 0 1 3
-8.7 7 0.7 80 0 1 3
-8.7 7.9 0.9 77 0 1 3
-8.6 0.7 0 73 0 1 2
-8.6 0.8 -0.1 62 0 1 1
-8.6 1.3 -0.2 94 0 1 1
-8.6 1.9 -0.2 48 0 1 1
-8.6 2.4 -0.2 71 0 1 1
-8.6 6.7 0.5 63 0 1 3
-8.5 2.9 -0.2 108 0 1 1
-8.5 3.5 -0.2 77 0 1 1
-8.5 4 -0.2 75 0 1 1
-8.5 4.6 -0.2 98 0 1 1
-8.5 5.1 -0.2 99 0 1 1
-8.5 5.6 -0.2 95 0 1 1
-8.5 6.1 -0.2 86 0 1 1
-8.4 6.5 0.3 42 0 1 3
-8.4 7.4 0.9 80 0 1 3
-8.3 -4.5 0 76 0 1 1
-8.3 -4 0 82 0 1 1
-8.3 -3.4 -0.1 62 0 1 1
-8.3 -2.9 -0.1 76 0 1 1
-8.3 6.5 0.4 81 0 1 3
-8.2 -2.4 -0.1 77 0 1 1
-8.2 -1.8 -0.1 80 0 1 1
-8.2 -1.3 -0.1 81 0 1 1
-8.2 -0.8 -0.1 76 0 1 1
-8.2 6.5 -0.2 54 0 1 3
-8.2 8 1 79 0 1 3
-8.1 -0.2 -0.1 86 0 1 1
-8.1 0.3 -0.1 92 0 1 1
-8.1 0.9 -0.2 87 0 1 1
-8.1 1.4 -0.2 91 0 1 1
-8.1 8 1 77 0 1 3
-8 1.9 -0.2 89 0 1 1
-8 2.5 -0.2 85 0 1 1
-8 3 -0.2 96 0 1 1
-8 3.5 -0.2 85 0 1 1
-8 4.6 -0.2 95 0 1 1
-8 5.1 -0.2 103 0 1 1
-8 5.6 -0.2 95 0 1 1
-8 6.2 -0.2 88 0 1 1
-7.9 -4.8 0.8 76 0 1 3
-7.9 4.1 -0.2 75 0 1 1
-7.9 6.9 0.8 56 0 1 3
-7.9 7.6 1 83 0 1 3
-7.8 -4.7 0.8 91 0 1 3
-7.8 -4.5 0.8 85 0 1 3
-7.8 -4.4 0.7 88 0 1 3
-7.8 -3.9 -0.1 81 0 1 1
-7.7 -4.5 0.8 93 0 1 3
-7.7 -4.3 0.5 89 0 1 3
-7.7 -3.4 -0.1 65 0 1 1
-7.7 -2.8 -0.1 72 0 1 1
-7.7 -2.3 -0.1 67 0 1 1
-7.7 -1.8 -0.1 78 0 1 1
-7.7 7 0.6 83 0 1 3
-7.7 7.1 1 80 0 1 3
-7.7 7.7 1 106 0 1 3
-7.6 -5 0.9 84 0 1 3
-7.6 -4.2 0.3 85 0 1 3
-7.6 -4.1 0.3 82 0 1 3
-7.6 -1.2 -0.1 91 0 1 1
-7.6 -0.7 -0.1 80 0 1 1
-7.6 -0.2 -0.2 87 0 1 1
-7.6 0.4 -0.2 84 0 1 1
-7.6 6.9 -0.2 58 0 1 3
-7.6 7.1 1 78 0 1 3
-7.6 7.2 1 92 0 1 3
-7.5 -4.8 0.9 73 0 1 3
-7.5 -4.1 0.2 80 0 1 3
-7.5 0.9 -0.2 96 0 1 1
-7.5 1.4 -0.2 73 0 1 1
-7.5 2 -0.2 92 0 1 1
-7.5 2.5 -0.2 93 0 1 1
-7.5 5.7 -0.2 92 0 1 1
-7.5 6.2 -0.2 78 0 1 1
-7.5 6.7 -0.2 99 0 1 1
-7.5 7.1 0.3 65 0 1 3
-7.4 -4.7 0.9 86 0 1 3
-7.4 3 -0.2 100 0 1 1
-7.4 3.6 -0.3 89 0 1 1
-7.4 4.1 -0.3 78 0 1 1
-7.4 4.6 -0.3 94 0 1 1
-7.4 5.2 -0.2 103 0 1 1
-7.3 -4.1 0.2 79 0 1 3
-7.2 -4.7 0.9 75 0 1 3
-7.2 -4.6 0.9 83 0 1 3
-7.2 -3.9 -0.1 94 0 1 1
-7.2 -3.3 -0.1 87 0 1 1
-7.2 -2.8 -0.1 67 0 1 1
-7.2 7.2 -0.1 67 0 1 3
-7.1 -5.7 1.1 47 0 1 3
-7.1 -4.8 1 92 0 1 3
-7.1 -2.3 -0.1 87 0 1 1
-7.1 -1.7 -0.1 81 0 1 1
-7.1 -1.2 -0.2 76 0 1 1
-7.1 -0.7 -0.2 81 0 1 1
-7 0.4 -0.2 89 0 1 1
-7 0.9 -0.2 88 0 1 1
-7 1.5 -0.2 87 0 1 1
-7 2 -0.2 91 0 1 1
-7 6.2 -0.2 84 0 1 1
-7 6.8 -0.2 96 0 1 1
-6.9 -4.8 1 74 0 1 3
-6.9 2.6 -0.3 66 0 1 1
-6.9 3.1 -0.3 102 0 1 1
-6.9 3.6 -0.3 90 0 1 1
-6.9 4.2 -0.3 73 0 1 1
-6.9 4.7 -0.3 95 0 1 1
-6.9 5.2 -0.3 101 0 1 1
-6.9 5.7 -0.2 94 0 1 1
-6.8 -0.2 0 88 0 1 2
-6.7 -4.3 0.4 97 0 1 3
-6.7 -3.8 -0.1 80 0 1 1
-6.7 -0.4 -0.1 78 0 1 2
-6.7 -0.3 0 79 0 1 2
-6.7 -0.1 0 91 0 1 2
-6.7 0.2 0 86 0 1 2
-6.7 0.3 0 90 0 1 2
-6.6 -5 1.2 71 0 1 3
-6.6 -4.9 1.1 94 0 1 3
-6.6 -4.8 1 67 0 1 3
-6.6 -3.3 -0.1 54 0 1 1
-6.6 -2.7 -0.1 92 0 1 1
-6.6 -2.2 -0.2 64 0 1 1
-6.6 -1.7 -0.2 77 0 1 1
-6.5 -1.1 -0.2 88 0 1 1
-6.5 -0.6 -0.2 82 0 1 1
-6.5 0.4 -0.1 90 0 1 2
-6.5 0.5 -0.2 92 0 1 1
-6.5 1 -0.2 93 0 1 1
-6.4 -0.3 0 78 0 1 2
-6.4 -0.2 0 95 0 1 2
-6.4 1.5 -0.3 88 0 1 1
-6.4 2.1 -0.3 93 0 1 1
-6.4 2.6 -0.3 93 0 1 1
-6.4 3.1 -0.3 99 0 1 1
-6.4 5.2 -0.3 102 0 1 1
-6.4 5.8 -0.3 101 0 1 1
-6.4 6.3 -0.2 75 0 1 1
-6.3 -5 1.1 62 0 1 3
-6.3 -0.4 -0.1 90 0 1 2
-6.3 -0.1 0 97 0 1 2
-6.3 0.1 0 89 0 1 2
-6.3 0.4 -0.1 93 0 1 2
-6.3 3.7 -0.3 89 0 1 1
-6.3 4.2 -0.3 72 0 1 1
-6.3 4.7 -0.3 90 0 1 1
-6.2 -6.2 1.4 81 0 1 3
-6.2 -4.3 0.3 82 0 1 3
-6.2 -0.1 -0.2 98 0 1 2
-6.2 -0.1 0 98 0 1 2
-6.2 0.2 0 105 0 1 2
-6.2 0.5 -0.2 89 0 1 2
-6.1 -5.7 1.3 77 0 1 3
-6.1 -5.1 1.3 81 0 1 3
-6.1 -4.3 0.4 83 0 1 3
-6.1 -3.8 -0.1 82 0 1 1
-6.1 -3.2 -0.2 63 0 1 1
-6.1 -2.7 -0.2 84 0 1 1
-6 -5.2 1.3 95 0 1 3
-6 -5.1 1.3 87 0 1 3
-6 -2.2 -0.2 68 0 1 1
-6 -1.6 -0.2 86 0 1 1
-6 -1.1 -0.2 97 0 1 1
-6 -0.6 -0.2 82 0 1 1
-6 0 -0.2 83 0 1 1
-6 0.3 -0.2 113 0 1 2
-5.9 -5.7 1.3 105 0 1 3
-5.9 0.5 -0.2 85 0 1 1
-5.9 1 -0.3 91 0 1 1
-5.9 1.6 -0.3 89 0 1 1
-5.9 2.1 -0.3 93 0 1 1
-5.9 5.8 -0.3 106 0 1 1
-5.8 -4.5 0.5 83 0 1 3
-5.8 0 0 120 0 1 3
-5.8 2.7 -0.3 102 0 1 1
-5.8 3.2 -0.3 82 0 1 1
-5.8 3.7 -0.3 90 0 1 1
-5.8 4.3 -0.3 85 0 1 1
-5.8 4.8 -0.3 100 0 1 1
-5.8 5.3 -0.3 103 0 1 1
-5.5 -3.7 -0.2 90 0 1 1
-5.5 -3.2 -0.2 62 0 1 1
-5.5 -2.7 -0.2 80 0 1 1
-5.5 -2.1 -0.2 60 0 1 1
-5.5 -1.6 -0.2 60 0 1 1
-5.4 -5 1.1 102 0 1 3
-5.4 -1 -0.2 89 0 1 1
-5.4 -0.5 -0.2 88 0 1 1
-5.4 0 -0.3 79 0 1 1
-5.4 0.6 -0.3 84 0 1 1
-5.4 1.1 -0.3 91 0 1 1
-5.3 1.6 -0.3 84 0 1 1
-5.3 2.2 -0.3 93 0 1 1
-5.3 2.7 -0.3 57 0 1 1
-5.3 3.2 -0.3 94 0 1 1
-5.3 3.8 -0.4 88 0 1 1
-5.3 4.8 -0.3 92 0 1 1
-5.3 5.3 -0.3 102 0 1 1
-5.2 4.3 -0.4 86 0 1 1
-5.1 -4.4 0.3 79 0 1 3
-5.1 -4.2 0.1 79 0 1 3
-5 -4.8 -0.1 80 0 1 1
-5 -4.5 -0.2 95 0 1 3
-5 -4.2 -0.2 86 0 1 1
-5 -3.7 -0.2 96 0 1 1
-5 -3.1 -0.2 68 0 1 1
-5 -2.6 -0.2 104 0 1 1
-4.9 -4.6 0 77 0 1 3
-4.9 -4.6 0.2 81 0 1 3
-4.9 -2.1 -0.2 69 0 1 1
-4.9 -1.5 -0.3 45 0 1 1
-4.9 -1 -0.3 94 0 1 1
-4.9 -0.5 -0.3 72 0 1 1
-4.9 0.1 -0.3 78 0 1 1
-4.8 -4.8 0.3 74 0 1 3
-4.8 -4.8 0.5 77 0 1 3
-4.8 -4.8 0.7 83 0 1 3
-4.8 -4.7 0.3 66 0 1 3
-4.8 -4.7 0.4 81 0 1 3
-4.8 -4.6 0.5 91 0 1 3
-4.8 0.6 -0.3 87 0 1 1
-4.8 1.1 -0.3 86 0 1 1
-4.8 1.7 -0.3 86 0 1 1
-4.8 2.2 -0.3 96 0 1 1
-4.8 2.6 -0.2 70 0 1 2
-4.8 2.8 -0.2 79 0 1 2
-4.7 2.9 -0.1 85 0 1 2
-4.7 3.8 -0.4 91 0 1 1
-4.7 4.4 -0.4 87 0 1 1
-4.6 2.5 -0.2 68 0 1 2
-4.6 2.8 -0.1 87 0 1 2
-4.5 2.4 -0.2 60 0 1 2
-4.4 -4.2 -0.2 90 0 1 1
-4.4 -3.6 -0.2 80 0 1 1
-4.4 -3.1 -0.2 87 0 1 1
-4.4 -2.6 -0.3 54 0 1 1
-4.4 -2 -0.3 79 0 1 1
-4.4 -1.5 -0.3 83 0 1 1
-4.4 2.3 -0.2 101 0 1 2
-4.4 2.4 -0.2 77 0 1 2
-4.4 2.4 -0.1 74 0 1 2
-4.4 2.5 -0.1 119 0 1 2
-4.4 3 -0.1 94 0 1 2
-4.3 -0.9 -0.3 90 0 1 1
-4.3 -0.4 -0.3 83 0 1 1
-4.3 0.1 -0.3 82 0 1 1
-4.3 0.7 -0.3 77 0 1 1
-4.3 1.2 -0.3 88 0 1 1
-4.3 1.7 -0.3 89 0 1 1
-4.3 2.3 -0.3 70 0 1 2
-4.3 2.4 -0.2 116 0 1 2
-4.3 2.5 -0.1 98 0 1 2
-4.3 3 -0.1 96 0 1 2
-4.2 2.3 -0.4 78 0 1 1
-4.2 2.3 -0.3 79 0 1 2
-4.2 2.6 -0.1 111 0 1 2
-4.2 3.1 -0.2 93 0 1 2
-4.2 3.1 -0.1 98 0 1 2
-4.2 3.2 -0.4 98 0 1 2
-4.2 3.3 -0.4 97 0 1 1
-4.2 3.9 -0.4 93 0 1 1
-4.1 2.4 -0.3 130 0 1 2
-4 2.7 -0.2 132 0 1 2
-4 2.7 -0.1 104 0 1 2
-4 2.9 -0.2 131 0 1 2
-3.9 -3.6 -0.3 90 0 1 1
-3.9 -3 -0.3 75 0 1 1
-3.9 2.6 -0.3 99 0 1 2
-3.9 2.7 -0.3 140 0 1 2
-3.9 2.9 -0.4 80 0 1 2
-3.9 2.9 -0.3 130 0 1 2
-3.9 2.9 -0.2 94 0 1 2
-3.8 -2.5 -0.3 65 0 1 1
-3.8 -2 -0.3 82 0 1 1
-3.8 -1.4 -0.3 85 0 1 1
-3.8 -0.9 -0.3 90 0 1 1
-3.8 -0.4 -0.3 80 0 1 1
-3.8 0.2 -0.3 78 0 1 1
-3.7 0.7 -0.4 80 0 1 1
-3.7 1.2 -0.4 91 0 1 1
-3.7 1.8 -0.4 85 0 1 1
-3.7 2.3 -0.4 98 0 1 1
-3.7 2.8 -0.4 80 0 1 1
-3.7 3.4 -0.4 104 0 1 1
