-19.4 20 0 95 0 1 1
-18.8 19.3 0 149 0 1 1
-18.8 20 0 98 0 1 1
-18.1 18.7 0 157 0 1 1
-18.1 19.3 0 149 0 1 1
-18.1 20 0 99 0 1 1
-17.5 18 0 161 0 1 1
-17.5 18.7 0 154 0 1 1
-17.5 19.3 0 157 0 1 1
-17.5 20 0 99 0 1 1
-16.8 16.7 -0.1 168 0 1 1
-16.8 17.4 0 158 0 1 1
-16.8 18 0 163 0 1 1
-16.8 18.7 0 162 0 1 1
-16.8 19.3 0 156 0 1 1
-16.8 20 0 97 0 1 1
-16.2 16.1 -0.1 165 0 1 1
-16.2 16.7 -0.1 166 0 1 1
-16.2 17.4 0 159 0 1 1
-16.2 18 0 164 0 1 1
-16.2 18.7 0 162 0 1 1
-16.2 19.3 0 155 0 1 1
-16.2 20 0 98 0 1 1
-15.5 15.4 -0.1 169 0 1 1
-15.5 16.1 -0.1 165 0 1 1
-15.5 16.7 -0.1 166 0 1 1
-15.5 17.4 -0.1 167 0 1 1
-15.5 18 -0.1 162 0 1 1
-15.5 18.7 0 168 0 1 1
-15.5 19.3 0 160 0 1 1
-15.5 20 0 101 0 1 1
-14.9 14.8 -0.2 175 0 1 1
-14.9 15.4 -0.1 172 0 1 1
-14.9 16.1 -0.1 168 0 1 1
-14.9 16.7 -0.1 170 0 1 1
-14.9 17.4 -0.1 164 0 1 1
-14.9 18 -0.1 166 0 1 1
-14.9 18.7 0 172 0 1 1
-14.9 19.3 0 162 0 1 1
-14.9 20 0 101 0 1 1
-14.3 14.1 -0.2 181 0 1 1
-14.3 14.8 -0.2 178 0 1 1
-14.3 15.4 -0.2 171 0 1 1
-14.3 16.1 -0.1 173 0 1 1
-14.2 16.7 -0.1 168 0 1 1
-14.2 17.4 -0.1 169 0 1 1
-14.2 18 -0.1 160 0 1 1
-14.2 18.7 0 171 0 1 1
-14.2 19.3 0 165 0 1 1
-14.2 20 0 101 0 1 1
-13.6 13.5 -0.3 172 0 1 1
-13.6 14.1 -0.3 181 0 1 1
-13.6 14.8 -0.2 182 0 1 1
-13.6 15.4 -0.2 171 0 1 1
-13.6 16.1 -0.1 172 0 1 1
-13.6 16.7 -0.1 169 0 1 1
-13.6 17.4 -0.1 169 0 1 1
-13.6 18 -0.1 163 0 1 1
-13.6 18.7 0 170 0 1 1
-13.6 19.3 0 172 0 1 1
-13.6 20 0 101 0 1 1
-13 12.9 -0.4 171 0 1 1
-13 13.5 -0.4 173 0 1 1
-13 14.1 -0.3 180 0 1 1
-13 14.8 -0.3 182 0 1 1
-13 15.4 -0.2 172 0 1 1
-13 16.1 -0.1 173 0 1 1
-13 16.7 -0.1 171 0 1 1
-13 17.4 -0.1 171 0 1 1
-13 18 -0.1 170 0 1 1
-13 18.7 0 168 0 1 1
-13 19.3 0 173 0 1 1
-13 20 0 105 0 1 1
-12.4 12.2 -0.5 177 0 1 1
-12.4 12.9 -0.4 175 0 1 1
-12.4 13.5 -0.4 174 0 1 1
-12.4 14.1 -0.3 179 0 1 1
-12.3 14.8 -0.3 176 0 1 1
-12.3 15.4 -0.2 181 0 1 1
-12.3 16.1 -0.2 172 0 1 1
-12.3 16.7 -0.1 171 0 1 1
-12.3 17.4 -0.1 170 0 1 1
-12.3 18 -0.1 170 0 1 1
-12.3 18.7 0 168 0 1 1
-12.3 19.3 0 169 0 1 1
-12.3 20 0 107 0 1 1
-11.7 11.6 -0.5 185 0 1 1
-11.7 12.2 -0.5 180 0 1 1
-11.7 12.9 -0.5 178 0 1 1
-11.7 13.5 -0.4 175 0 1 1
-11.7 14.1 -0.4 178 0 1 1
-11.7 14.8 -0.3 178 0 1 1
-11.7 15.4 -0.2 187 0 1 1
-11.7 16.1 -0.2 174 0 1 1
-11.7 16.7 -0.1 172 0 1 1
-11.7 17.4 -0.1 167 0 1 1
-11.7 18 -0.1 166 0 1 1
-11.7 18.7 0 171 0 1 1
-11.7 19.3 0 168 0 1 1
-11.1 10.9 -0.6 178 0 1 1
-11.1 11.6 -0.6 179 0 1 1
-11.1 12.2 -0.5 180 0 1 1
-11.1 12.9 -0.5 175 0 1 1
-11.1 13.5 -0.4 173 0 1 1
-11.1 14.1 -0.4 176 0 1 1
-11.1 14.8 -0.3 176 0 1 1
-11 15.4 -0.2 175 0 1 1
-11 16.1 -0.2 181 0 1 1
-11 16.7 -0.1 171 0 1 1
-11 17.4 -0.1 170 0 1 1
-11 18 -0.1 168 0 1 1
-11 18.7 0 169 0 1 1
-10.4 10.3 -0.6 176 0 1 1
-10.4 10.9 -0.6 179 0 1 1
-10.4 11.6 -0.6 178 0 1 1
-10.4 12.2 -0.5 185 0 1 1
-10.4 12.9 -0.5 175 0 1 1
-10.4 13.5 -0.4 173 0 1 1
-10.4 14.1 -0.4 181 0 1 1
-10.4 14.8 -0.3 181 0 1 1
-10.4 15.4 -0.2 178 0 1 1
-10.4 16.1 -0.2 185 0 1 1
-10.4 16.7 -0.1 175 0 1 1
-10.4 17.4 -0.1 170 0 1 1
-9.8 9.6 -0.5 172 0 1 1
-9.8 10.3 -0.6 175 0 1 1
-9.8 10.9 -0.6 174 0 1 1
-9.8 11.6 -0.6 178 0 1 1
-9.8 12.2 -0.5 185 0 1 1
-9.8 12.9 -0.5 180 0 1 1
-9.8 13.5 -0.4 177 0 1 1
-9.8 14.1 -0.4 179 0 1 1
-9.8 14.8 -0.3 178 0 1 1
-9.7 15.4 -0.2 179 0 1 1
-9.7 16.1 -0.2 179 0 1 1
-9.1 9 -0.5 181 0 1 1
-9.1 9.6 -0.5 178 0 1 1
-9.1 10.3 -0.5 172 0 1 1
-9.1 10.9 -0.5 176 0 1 1
-9.1 11.6 -0.5 176 0 1 1
-9.1 12.2 -0.5 182 0 1 1
-9.1 12.9 -0.5 184 0 1 1
-9.1 13.5 -0.4 176 0 1 1
-9.1 14.1 -0.4 178 0 1 1
-9.1 14.8 -0.3 178 0 1 1
-9.1 15.4 -0.2 174 0 1 1
-8.4 8.3 -0.4 179 0 1 1
-8.4 9 -0.5 185 0 1 1
-8.4 9.6 -0.5 175 0 1 1
-8.4 10.3 -0.5 174 0 1 1
-8.4 10.9 -0.5 176 0 1 1
-8.4 11.6 -0.5 176 0 1 1
-8.4 12.2 -0.5 182 0 1 1
-8.4 12.9 -0.4 185 0 1 1
-8.4 13.5 -0.4 175 0 1 1
-8.4 14.1 -0.3 180 0 1 1
-7.8 8.3 -0.4 176 0 1 1
-7.8 9 -0.4 184 0 1 1
-7.8 9.6 -0.4 175 0 1 1
-7.8 10.3 -0.5 177 0 1 1
-7.8 10.9 -0.5 173 0 1 1
-7.8 11.6 -0.5 178 0 1 1
-7.8 12.2 -0.4 181 0 1 1
-7.8 12.9 -0.4 186 0 1 1
-7.7 7.7 -0.3 181 0 1 1
-7.1 7.1 -0.2 181 0 1 1
-7.1 7.7 -0.3 178 0 1 1
-7.1 8.4 -0.3 178 0 1 1
-7.1 9 -0.3 175 0 1 1
-7.1 9.6 -0.4 180 0 1 1
-7.1 10.3 -0.4 171 0 1 1
-7.1 10.9 -0.4 170 0 1 1
-7.1 11.6 -0.4 145 0 1 1
-6.4 6.4 -0.1 180 0 1 1
-6.4 7.1 -0.2 173 0 1 1
-6.4 7.7 -0.2 173 0 1 1
-6.4 8.4 -0.2 179 0 1 1
-6.4 9 -0.2 173 0 1 1
-6.4 9.7 -0.3 180 0 1 1
-6.4 10.3 -0.3 165 0 1 1
-6.4 10.9 -0.3 68 0 1 1
-5.7 5.8 -0.1 189 0 1 1
-5.7 6.4 -0.1 180 0 1 1
-5.7 7.1 -0.1 177 0 1 1
-5.7 7.7 -0.1 176 0 1 1
-5.7 8.4 -0.1 176 0 1 1
-5.7 9 -0.1 169 0 1 1
-5.7 9.7 -0.2 144 0 1 1
-5.5 9.3 0.2 100 0 1 3
-5.5 9.3 0.3 171 0 1 3
-5.5 9.3 0.6 134 0 1 3
-5.5 9.3 0.9 164 0 1 3
-5.5 9.3 1.1 69 0 1 3
-5.5 9.3 1.2 53 0 1 3
-5.5 9.3 1.4 94 0 1 3
-5.5 9.5 1.6 138 0 1 3
-5.5 9.6 1.7 108 0 1 3
-5.4 9.1 0.8 60 0 1 3
-5.4 9.1 1.1 51 0 1 3
-5.3 8.9 1.4 80 0 1 3
-5.3 9 0.5 57 0 1 3
-5.3 9 0.8 56 0 1 3
-5.3 9.1 0.1 60 0 1 3
-5.3 9.1 0.2 133 0 1 3
-5.3 9.2 1.6 143 0 1 3
-5.3 9.4 1.7 129 0 1 3
-5.2 8.7 1.1 57 0 1 3
-5.2 8.8 1.1 56 0 1 3
-5.2 8.9 0.5 58 0 1 3
-5.2 18 -0.1 184 0 1 1
-5.2 18.7 -0.1 175 0 1 1
-5.2 19.3 -0.1 175 0 1 1
-5.2 20 -0.1 155 0 1 1
-5.1 5.2 -0.1 191 0 1 1
-5.1 5.8 0 190 0 1 1
-5.1 6.5 0 181 0 1 1
-5.1 7.1 0 179 0 1 1
-5.1 7.8 0 179 0 1 1
-5.1 8.4 0 172 0 1 1
-5.1 8.6 1.5 174 0 1 3
-5.1 8.8 0.2 61 0 1 3
-5.1 9 1.8 124 0 1 3
-5.1 9.1 0 168 0 1 1
-5 8.5 1.4 82 0 1 3
-5 8.6 0.2 64 0 1 3
-5 8.6 0.8 74 0 1 3
-5 8.6 1.4 107 0 1 3
-5 8.8 1.6 177 0 1 3
-5 9 1.8 147 0 1 3
-4.9 8.4 0.2 69 0 1 3
-4.9 8.7 1.6 191 0 1 3
-4.9 8.9 1.7 201 0 1 3
-4.9 8.9 1.8 190 0 1 3
-4.8 8.3 1.3 186 0 1 3
-4.8 8.4 0.8 77 0 1 3
-4.7 8.2 0.2 69 0 1 3
-4.7 8.2 1.3 195 0 1 3
-4.7 8.8 1.7 202 0 1 3
-4.7 8.9 1.8 131 0 1 3
-4.6 8.1 0.2 95 0 1 3
-4.6 8.1 0.6 120 0 1 3
-4.6 8.1 0.7 92 0 1 3
-4.6 8.2 0.2 111 0 1 3
-4.6 8.9 1.7 202 0 1 3
-4.6 9 1.8 188 0 1 3
-4.6 20 -0.1 145 0 1 1
-4.5 4.5 -0.1 190 0 1 1
-4.5 8 0.6 146 0 1 3
-4.5 8 1 157 0 1 3
-4.5 8 1.1 159 0 1 3
-4.5 8.4 1.4 191 0 1 3
-4.5 9 1.8 184 0 1 3
-4.5 9.2 1.8 205 0 1 3
-4.5 15.4 -0.2 179 0 1 1
-4.5 16.1 -0.2 175 0 1 1
-4.5 16.7 -0.1 182 0 1 1
-4.5 17.4 -0.1 173 0 1 1
-4.5 18 -0.1 184 0 1 1
-4.5 18.7 -0.1 181 0 1 1
-4.5 19.3 -0.1 172 0 1 1
-4.4 5.2 0 189 0 1 1
-4.4 7.8 0.1 179 0 1 1
-4.4 7.9 1.1 166 0 1 3
-4.4 8 0.7 154 0 1 3
-4.4 8 1.1 193 0 1 3
-4.4 8.1 0.3 133 0 1 3
-4.4 8.4 0.1 173 0 1 1
-4.4 9.2 1.8 200 0 1 3
-4.3 7.9 0.7 157 0 1 3
-4.3 7.9 1.1 194 0 1 3
-4.3 8 0.3 152 0 1 3
-4.3 8.8 1.7 205 0 1 3
-4.2 7.8 1.1 194 0 1 3
-4.2 7.9 0.7 163 0 1 3
-4.2 9.2 1.7 205 0 1 3
-4.1 7.9 0.3 145 0 1 3
-4.1 8.3 1.4 190 0 1 3
-4.1 9.3 1.8 167 0 1 3
-4.1 9.5 1.8 197 0 1 3
-4 7.8 0.7 173 0 1 3
-4 7.8 0.9 180 0 1 3
-4 7.8 1.1 185 0 1 3
-4 8.2 1.4 201 0 1 3
-4 8.7 1.7 197 0 1 3
-4 9.9 1.7 199 0 1 3
-3.9 7.8 0.5 185 0 1 3
-3.9 7.8 0.8 178 0 1 3
-3.9 7.8 0.9 184 0 1 3
-3.9 7.8 1.1 187 0 1 3
-3.9 7.9 0.3 177 0 1 3
-3.9 8.3 1.4 199 0 1 3
-3.9 16.7 -0.2 177 0 1 1
-3.9 17.4 -0.1 179 0 1 1
-3.9 18 -0.1 180 0 1 1
-3.9 18.7 -0.1 182 0 1 1
-3.9 19.3 -0.1 172 0 1 1
-3.9 20 -0.1 131 0 1 1
-3.8 3.9 -0.1 191 0 1 1
-3.8 4.5 0 193 0 1 1
-3.8 7.2 0.2 182 0 1 1
-3.8 7.8 0.2 179 0 1 1
-3.8 9.5 1.7 200 0 1 3
-3.8 9.6 1.8 157 0 1 3
-3.8 13.5 -0.2 175 0 1 1
-3.8 14.2 -0.2 181 0 1 1
-3.8 14.8 -0.2 184 0 1 1
-3.8 15.4 -0.2 179 0 1 1
-3.8 16.1 -0.2 179 0 1 1
-3.7 8 0.5 188 0 1 3
-3.7 8 1.1 190 0 1 3
-3.7 8.1 0.3 187 0 1 3
-3.7 8.4 1.6 191 0 1 3
-3.7 9.6 1.7 198 0 1 3
-3.7 9.9 1.7 180 0 1 3
-3.6 8 1.3 190 0 1 3
-3.6 8.5 1.6 195 0 1 3
-3.6 9.8 1.7 173 0 1 3
-3.6 10.3 1.7 190 0 1 3
-3.5 9.8 1.7 195 0 1 3
-3.4 8.1 1.4 191 0 1 3
-3.4 8.2 0.8 190 0 1 3
-3.4 9.1 1.7 195 0 1 3
-3.4 10.2 1.7 179 0 1 3
-3.3 8.2 1.5 195 0 1 3
-3.3 10.1 1.7 161 0 1 3
-3.3 19.3 -0.1 177 0 1 1
-3.3 20 -0.1 115 0 1 1
-3.2 3.2 -0.1 191 0 1 1
-3.2 3.9 0 190 0 1 1
-3.2 8.3 1.6 192 0 1 3
-3.2 10.1 1.6 142 0 1 3
-3.2 14.8 -0.2 186 0 1 1
-3.2 15.4 -0.2 178 0 1 1
-3.2 16.1 -0.2 184 0 1 1
-3.2 16.7 -0.2 178 0 1 1
-3.2 17.4 -0.1 177 0 1 1
-3.2 18 -0.1 180 0 1 1
-3.2 18.7 -0.1 186 0 1 1
-3.1 3.8 0.5 168 0 1 2
-3.1 3.9 0.5 162 0 1 2
-3.1 3.9 0.6 191 0 1 2
-3.1 3.9 0.7 186 0 1 2
-3.1 4 0.7 188 0 1 2
-3.1 4.1 0.7 196 0 1 2
-3.1 4.2 0.7 185 0 1 2
-3.1 4.3 0.7 184 0 1 2
-3.1 4.4 0.7 188 0 1 2
-3.1 4.5 0 192 0 1 1
-3.1 4.6 0.7 186 0 1 2
-3.1 4.7 0.7 180 0 1 2
-3.1 4.8 0.7 176 0 1 2
-3.1 5.9 0.2 196 0 1 1
-3.1 6.5 0.2 189 0 1 1
-3.1 7.2 0.3 185 0 1 1
-3.1 7.8 0.3 178 0 1 1
-3.1 11 0.2 176 0 1 1
-3.1 11.7 0.1 173 0 1 1
-3.1 12.3 0 173 0 1 1
-3.1 12.9 -0.1 170 0 1 1
-3.1 13.5 -0.1 178 0 1 1
-3.1 14.2 -0.2 175 0 1 1
-3 3.8 0.4 194 0 1 2
-3 3.9 0.5 182 0 1 2
-3 3.9 0.7 191 0 1 2
-3 4 0.7 183 0 1 2
-3 4.1 0.7 199 0 1 2
-3 8.4 1 199 0 1 3
-3 8.5 0.4 197 0 1 3
-3 8.9 1.6 182 0 1 3
-2.9 3.9 0.4 187 0 1 2
-2.9 3.9 0.5 181 0 1 2
-2.9 4.1 0.7 196 0 1 2
-2.9 4.4 0.8 181 0 1 2
-2.9 4.6 0.7 183 0 1 2
-2.9 4.8 0.7 175 0 1 2
-2.9 8.5 1 190 0 1 3
-2.9 8.5 1.2 189 0 1 3
-2.9 8.5 1.5 199 0 1 3
-2.8 4 0.7 196 0 1 2
-2.8 8.5 1.5 200 0 1 3
-2.8 9.3 0.4 164 0 1 3
-2.8 9.4 0.4 149 0 1 3
-2.8 9.5 1.6 107 0 1 3
-2.7 3.9 0.4 150 0 1 2
-2.7 3.9 0.5 182 0 1 2
-2.7 4 0.6 188 0 1 2
-2.7 4 0.7 201 0 1 2
-2.7 4.1 0.5 192 0 1 2
-2.7 4.2 0.8 198 0 1 2
-2.7 4.4 0.8 190 0 1 2
-2.7 4.5 0.8 186 0 1 2
-2.7 4.7 0.4 151 0 1 2
-2.7 4.7 0.5 183 0 1 2
-2.7 4.7 0.6 166 0 1 2
-2.7 4.7 0.7 183 0 1 2
-2.7 4.8 0.8 184 0 1 2
-2.7 8.7 0.3 179 0 1 3
-2.7 8.8 0.4 183 0 1 3
-2.7 8.9 0.5 109 0 1 3
-2.7 9 0.4 115 0 1 3
-2.7 9.1 0.4 135 0 1 3
-2.7 9.1 0.5 131 0 1 3
-2.7 9.1 1.6 161 0 1 3
-2.7 9.2 0.3 168 0 1 3
-2.7 9.2 0.4 155 0 1 3
-2.7 9.2 0.5 130 0 1 3
-2.7 9.3 0.7 176 0 1 3
-2.7 9.4 1.6 174 0 1 3
-2.6 4.2 0.4 165 0 1 2
-2.6 4.3 0.4 180 0 1 2
-2.6 4.3 0.6 187 0 1 2
-2.6 4.3 0.7 194 0 1 2
-2.6 4.4 0.4 187 0 1 2
-2.6 4.4 0.6 187 0 1 2
-2.6 4.5 0.4 192 0 1 2
-2.6 4.6 0.5 147 0 1 2
-2.6 4.6 0.7 180 0 1 2
-2.6 8.7 0.5 153 0 1 3
-2.6 8.7 0.7 160 0 1 3
-2.6 8.7 0.8 187 0 1 3
-2.6 8.7 1 179 0 1 3
-2.6 8.7 1.2 193 0 1 3
-2.6 8.7 1.5 193 0 1 3
-2.6 8.9 0.7 154 0 1 3
-2.6 8.9 0.9 190 0 1 3
-2.6 9 1 189 0 1 3
-2.6 9 1.4 193 0 1 3
-2.6 9 1.5 171 0 1 3
-2.6 16.7 -0.2 180 0 1 1
-2.6 17.4 -0.1 178 0 1 1
-2.6 18 -0.1 177 0 1 1
-2.6 18.7 -0.1 184 0 1 1
-2.6 19.3 -0.1 178 0 1 1
-2.6 20 -0.1 101 0 1 1
-2.5 3.2 -0.1 194 0 1 1
-2.5 3.9 0 185 0 1 1
-2.5 4.5 0.1 189 0 1 1
-2.5 5.2 0.2 194 0 1 1
-2.5 5.9 0.2 195 0 1 1
-2.5 6.5 0.3 191 0 1 1
-2.5 8.7 1.2 165 0 1 3
-2.5 8.7 1.4 161 0 1 3
-2.5 8.7 1.5 141 0 1 3
-2.5 11.7 0.1 175 0 1 1
-2.5 12.3 0 174 0 1 1
-2.5 12.9 0 174 0 1 1
-2.5 13.5 -0.1 174 0 1 1
-2.5 14.2 -0.2 181 0 1 1
-2.5 14.8 -0.2 179 0 1 1
-2.5 15.4 -0.2 182 0 1 1
-2.5 16.1 -0.2 181 0 1 1
-2.4 7.2 0.3 185 0 1 1
-2.4 7.9 0.4 184 0 1 1
-2.4 8.5 0.4 183 0 1 1
-2.4 9.8 0.3 177 0 1 1
-2.4 10.4 0.3 180 0 1 1
-2.4 11 0.2 181 0 1 1
-2 7.4 0.4 124 0 1 2
-2 7.4 0.5 54 0 1 2
-2 7.4 0.6 161 0 1 2
-2 19.3 -0.1 182 0 1 1
-2 20 -0.1 169 0 1 1
-1.9 3.2 0 190 0 1 1
-1.9 3.9 0 195 0 1 1
-1.9 7.1 0.4 149 0 1 2
-1.9 7.1 0.7 165 0 1 2
-1.9 7.2 0.7 145 0 1 2
-1.9 7.2 0.8 175 0 1 2
-1.9 7.3 0.7 178 0 1 2
-1.9 14.8 -0.2 182 0 1 1
-1.9 15.4 -0.2 184 0 1 1
-1.9 16.1 -0.2 179 0 1 1
-1.9 16.7 -0.2 177 0 1 1
-1.9 17.4 -0.1 177 0 1 1
-1.9 18 -0.1 182 0 1 1
-1.9 18.7 -0.1 182 0 1 1
-1.8 4.6 0.1 186 0 1 1
-1.8 5.2 0.2 197 0 1 1
-1.8 5.9 0.3 199 0 1 1
-1.8 6.6 0.3 194 0 1 1
-1.8 6.9 0.4 186 0 1 2
-1.8 6.9 0.5 155 0 1 2
-1.8 7 0.4 189 0 1 2
-1.8 7 0.6 192 0 1 2
-1.8 7 0.7 178 0 1 2
-1.8 7 0.8 189 0 1 2
-1.8 9.8 0.4 180 0 1 1
-1.8 10.4 0.3 179 0 1 1
-1.8 11.1 0.3 176 0 1 1
-1.8 11.7 0.2 179 0 1 1
-1.8 12.3 0.1 175 0 1 1
-1.8 12.9 0 174 0 1 1
-1.8 13.5 -0.1 176 0 1 1
-1.8 14.2 -0.1 179 0 1 1
-1.7 6.9 0.4 190 0 1 2
-1.7 6.9 0.5 194 0 1 2
-1.7 7 0.6 190 0 1 2
-1.7 7 0.8 187 0 1 2
-1.7 7.3 0.7 183 0 1 2
-1.6 7 0.4 188 0 1 2
-1.6 7 0.5 190 0 1 2
-1.6 7 0.6 206 0 1 2
-1.6 7 0.7 196 0 1 2
-1.6 7.3 0.7 186 0 1 2
-1.6 7.5 0.7 187 0 1 2
-1.5 7 0.5 203 0 1 2
-1.5 7 0.6 201 0 1 2
-1.5 7.1 0.7 194 0 1 2
-1.5 7.2 0.7 190 0 1 2
-1.5 7.4 0.7 184 0 1 2
-1.4 7 0.6 197 0 1 2
-1.4 7.1 0.5 179 0 1 2
-1.4 7.1 0.6 196 0 1 2
-1.4 7.1 0.7 189 0 1 2
-1.4 7.2 0.5 181 0 1 2
-1.4 7.2 0.7 183 0 1 2
-1.4 7.3 0.5 180 0 1 2
-1.4 7.3 0.7 185 0 1 2
-1.4 7.4 0.7 182 0 1 2
-1.3 7.2 0.6 175 0 1 2
-1.3 7.2 0.7 183 0 1 2
-1.3 16.7 -0.2 178 0 1 1
-1.3 17.4 -0.2 177 0 1 1
-1.3 18 -0.1 179 0 1 1
-1.3 18.7 -0.1 179 0 1 1
-1.3 19.3 -0.1 185 0 1 1
-1.3 20 -0.1 168 0 1 1
-1.2 3.2 0 194 0 1 1
-1.2 3.9 0.1 193 0 1 1
-1.2 4.6 0.1 197 0 1 1
-1.2 5.2 0.2 196 0 1 1
-1.2 5.9 0.3 199 0 1 1
-1.2 6.6 0.4 193 0 1 1
-1.2 11.7 0.2 177 0 1 1
-1.2 12.3 0.1 179 0 1 1
-1.2 12.9 0 175 0 1 1
-1.2 13.5 -0.1 175 0 1 1
-1.2 14.2 -0.1 179 0 1 1
-1.2 14.8 -0.2 175 0 1 1
-1.2 15.4 -0.2 187 0 1 1
-1.2 16.1 -0.2 183 0 1 1
-1.1 7.2 0.4 191 0 1 1
-1.1 7.9 0.5 188 0 1 1
-1.1 8.5 0.5 189 0 1 1
-1.1 9.2 0.5 183 0 1 1
-1.1 9.8 0.4 177 0 1 1
-1.1 10.4 0.3 180 0 1 1
-1.1 11.1 0.3 182 0 1 1
-0.7 18.7 -0.1 178 0 1 1
-0.7 19.3 -0.1 186 0 1 1
-0.7 20 -0.1 169 0 1 1
-0.6 3.2 0 195 0 1 1
-0.6 3.9 0.1 191 0 1 1
-0.6 14.8 -0.2 179 0 1 1
-0.6 15.4 -0.2 183 0 1 1
-0.6 16.1 -0.2 181 0 1 1
-0.6 16.7 -0.2 180 0 1 1
-0.6 17.4 -0.2 178 0 1 1
-0.6 18 -0.1 178 0 1 1
-0.5 4.6 0.1 194 0 1 1
-0.5 5.2 0.2 195 0 1 1
-0.5 5.9 0.3 198 0 1 1
-0.5 6.6 0.4 194 0 1 1
-0.5 7.2 0.5 194 0 1 1
-0.5 7.9 0.5 191 0 1 1
-0.5 8.5 0.5 185 0 1 1
-0.5 9.2 0.5 182 0 1 1
-0.5 9.8 0.4 181 0 1 1
-0.5 11.1 0.3 180 0 1 1
-0.5 11.7 0.2 180 0 1 1
-0.5 13.6 -0.1 178 0 1 1
-0.5 14.2 -0.1 180 0 1 1
-0.4 5.8 0.4 60 0 1 2
-0.4 5.9 0.5 147 0 1 2
-0.4 6.1 0.7 167 0 1 2
-0.4 6.4 0.6 191 0 1 2
-0.3 5.6 0.3 66 0 1 2
-0.3 5.6 0.5 83 0 1 2
-0.3 5.7 0.7 153 0 1 2
-0.3 5.8 0.7 164 0 1 2
-0.3 6.4 0.6 192 0 1 2
-0.2 5.4 0.3 167 0 1 2
-0.2 5.4 0.4 147 0 1 2
-0.2 5.4 0.6 153 0 1 2
-0.2 5.5 0.3 84 0 1 2
0 5.4 0.3 175 0 1 2
-0.1 5.4 0.7 180 0 1 2
0 5.8 0.6 200 0 1 2
0 5.8 0.7 193 0 1 2
0 5.9 0.7 181 0 1 2
-0.1 6.3 0.6 188 0 1 2
0 6.4 0.6 190 0 1 2
0 6.5 0.6 190 0 1 2
0 16.1 -0.2 190 0 1 1
0 16.7 -0.2 182 0 1 1
0 17.4 -0.2 179 0 1 1
0 18 -0.1 172 0 1 1
0 18.7 -0.1 182 0 1 1
0 19.3 -0.1 178 0 1 1
0 20 -0.1 173 0 1 1
0.1 3.2 0 194 0 1 1
0.1 3.9 0.1 195 0 1 1
0.1 4.6 0.1 196 0 1 1
0.1 5.2 0.2 191 0 1 1
0.1 5.4 0.3 179 0 1 2
0.1 5.6 0.6 188 0 1 2
0.1 5.9 0.6 192 0 1 2
0.1 6.4 0.6 192 0 1 2
0.1 6.6 0.6 194 0 1 2
0.1 7.9 0.5 193 0 1 1
0.1 10.4 0.3 180 0 1 1
0.1 11.7 0.2 180 0 1 1
0.1 12.9 0 179 0 1 1
0.1 14.2 -0.1 180 0 1 1
0.1 15.4 -0.2 182 0 1 1
0.2 5.3 0.3 152 0 1 2
0.2 5.3 0.6 181 0 1 2
0.2 5.4 0.3 190 0 1 2
0.2 5.4 0.4 194 0 1 2
0.2 5.4 0.5 193 0 1 2
0.2 6.3 0.6 191 0 1 2
0.2 8.5 0.5 188 0 1 1
0.2 9.2 0.5 184 0 1 1
0.2 9.8 0.4 186 0 1 1
0.3 5.4 0.6 193 0 1 2
0.3 5.9 0.6 209 0 1 2
0.3 6.1 0.6 192 0 1 2
0.4 5.4 0.4 164 0 1 2
0.4 5.4 0.5 173 0 1 2
0.4 5.4 0.6 186 0 1 2
0.4 5.6 0.3 171 0 1 2
0.4 5.6 0.4 171 0 1 2
0.4 5.6 0.5 181 0 1 2
0.4 5.6 0.6 191 0 1 2
0.4 5.7 0.4 190 0 1 2
0.4 5.7 0.6 193 0 1 2
0.6 18 -0.1 177 0 1 1
0.6 18.7 -0.1 178 0 1 1
0.6 19.3 -0.1 180 0 1 1
0.6 20 -0.1 178 0 1 1
0.7 3.2 0 192 0 1 1
0.7 3.9 0 199 0 1 1
0.7 4.6 0.1 195 0 1 1
0.7 14.2 -0.1 134 0 1 1
0.7 14.8 -0.2 120 0 1 1
0.7 15.4 -0.2 138 0 1 1
0.7 16.1 -0.2 178 0 1 1
0.7 16.7 -0.2 182 0 1 1
0.7 17.4 -0.1 183 0 1 1
0.8 5.2 0.2 192 0 1 1
0.8 5.9 0.3 197 0 1 1
0.8 6.6 0.3 199 0 1 1
0.8 7.2 0.4 193 0 1 1
0.8 7.9 0.4 192 0 1 1
0.8 8.5 0.5 188 0 1 1
0.8 9.2 0.4 184 0 1 1
0.8 9.8 0.4 184 0 1 1
0.8 10.4 0.3 182 0 1 1
0.8 11.1 0.3 181 0 1 1
0.8 11.7 0.2 175 0 1 1
0.8 12.3 0.1 164 0 1 1
0.8 12.9 0 153 0 1 1
0.8 13.5 -0.1 141 0 1 1
1.3 15.4 -0.2 61 0 1 1
1.3 16.1 -0.2 68 0 1 1
1.3 16.7 -0.2 140 0 1 1
1.3 17.4 -0.1 170 0 1 1
1.3 18 -0.1 179 0 1 1
1.3 18.7 -0.1 182 0 1 1
1.3 19.3 -0.1 182 0 1 1
1.3 20 -0.1 105 0 1 1
1.4 3.2 -0.1 194 0 1 1
1.4 3.9 0 198 0 1 1
1.4 4.5 0.1 198 0 1 1
1.4 5.2 0.2 193 0 1 1
1.4 5.9 0.2 200 0 1 1
1.4 6.5 0.3 203 0 1 1
1.4 7.2 0.3 191 0 1 1
1.4 7.9 0.4 192 0 1 1
1.4 8.5 0.4 187 0 1 1
1.4 9.1 0.3 188 0 1 1
1.4 9.8 0.3 186 0 1 1
1.4 10.4 0.2 176 0 1 1
1.4 11 0.2 69 0 1 1
1.4 11.7 0.1 64 0 1 1
1.4 12.3 0 65 0 1 1
1.4 12.9 -0.1 65 0 1 1
1.4 13.5 -0.1 64 0 1 1
1.4 14.2 -0.2 59 0 1 1
1.4 14.8 -0.2 62 0 1 1
1.9 9 0.5 143 0 1 3
1.9 9.2 0.4 122 0 1 3
1.9 17.4 -0.1 153 0 1 1
1.9 18 -0.1 178 0 1 1
1.9 18.7 -0.1 180 0 1 1
1.9 19.3 -0.1 180 0 1 1
1.9 20 -0.1 115 0 1 1
2 3.2 -0.1 196 0 1 1
2 3.9 0 194 0 1 1
2 4.5 0 197 0 1 1
2 5.2 0.1 198 0 1 1
2 5.9 0.2 198 0 1 1
2 9 1 164 0 1 3
2 11.7 0 64 0 1 1
2 12.3 0 62 0 1 1
2 12.9 -0.1 66 0 1 1
2 13.5 -0.2 65 0 1 1
2 14.2 -0.2 62 0 1 1
2 14.8 -0.2 60 0 1 1
2 15.4 -0.2 61 0 1 1
2 16.1 -0.2 64 0 1 1
2 16.7 -0.2 65 0 1 1
2.1 6.5 0.2 202 0 1 1
2.1 7.2 0.3 196 0 1 1
2.1 7.8 0.3 190 0 1 1
2.1 8.5 0.3 190 0 1 1
2.1 9 1.3 125 0 1 3
2.1 9.1 1.3 69 0 1 3
2.1 9.3 1.2 115 0 1 3
2.1 10.4 0.2 79 0 1 1
2.1 11 0.1 63 0 1 1
2.2 3.6 0 115 0 1 2
2.2 3.7 0 106 0 1 2
2.2 9 1.6 135 0 1 3
2.2 9.1 1.5 56 0 1 3
2.2 9.2 1.5 60 0 1 3
2.2 9.4 1.4 63 0 1 3
2.3 3.5 0.1 94 0 1 2
2.3 3.5 0.2 169 0 1 2
2.3 3.7 0 94 0 1 2
2.3 3.8 0 155 0 1 2
2.3 9.2 1.9 60 0 1 3
2.3 9.3 1.8 69 0 1 3
2.3 9.4 1.8 65 0 1 3
2.4 3.3 0.2 158 0 1 2
2.4 3.7 0.2 156 0 1 2
2.4 3.8 0.2 142 0 1 2
2.4 3.9 0.1 165 0 1 2
2.4 9 2 156 0 1 3
2.4 9.4 2 62 0 1 3
2.4 9.4 2.2 67 0 1 3
2.5 3.3 0 161 0 1 2
2.5 3.3 0.1 178 0 1 2
2.5 3.3 0.2 185 0 1 2
2.5 3.4 -0.1 132 0 1 2
2.5 3.8 0.2 175 0 1 2
2.5 3.9 0.2 193 0 1 2
2.5 8.4 0.3 157 0 1 3
2.5 9 2.3 140 0 1 3
2.5 9 2.5 103 0 1 3
2.5 9.2 2.3 59 0 1 3
2.5 9.2 2.5 59 0 1 3
2.5 9.2 2.6 128 0 1 3
2.5 9.4 2.4 66 0 1 3
2.5 9.4 2.6 95 0 1 3
2.5 20 -0.1 130 0 1 1
2.6 3.2 -0.1 197 0 1 1
2.6 3.4 -0.1 199 0 1 2
2.6 3.4 0.1 182 0 1 2
2.6 3.4 0.2 185 0 1 2
2.6 3.6 0.2 177 0 1 2
2.6 3.8 0.2 191 0 1 2
2.6 3.9 0.2 193 0 1 2
2.6 4 0.2 194 0 1 2
2.6 9 2.6 164 0 1 3
2.6 10 2.1 58 0 1 3
2.6 14.2 -0.2 61 0 1 1
2.6 14.8 -0.2 60 0 1 1
2.6 15.4 -0.2 58 0 1 1
2.6 16.1 -0.2 60 0 1 1
2.6 16.7 -0.2 63 0 1 1
2.6 17.4 -0.1 167 0 1 1
2.6 18 -0.1 184 0 1 1
2.6 18.7 -0.1 178 0 1 1
2.6 19.3 -0.1 177 0 1 1
2.7 3.5 0.2 193 0 1 2
2.7 4 0.2 192 0 1 2
2.7 4.5 0 197 0 1 1
2.7 5.2 0 193 0 1 1
2.7 5.8 0.1 199 0 1 1
2.7 6.5 0.1 199 0 1 1
2.7 7.2 0.2 198 0 1 1
2.7 7.8 0.2 195 0 1 1
2.7 8.9 2.7 165 0 1 3
2.7 10 2.8 148 0 1 3
2.7 12.9 -0.2 63 0 1 1
2.7 13.5 -0.2 64 0 1 1
2.8 3.5 -0.1 194 0 1 2
2.8 3.5 0.2 201 0 1 2
2.8 3.6 0.3 200 0 1 2
2.8 3.9 0.2 197 0 1 2
2.8 8.4 1.3 162 0 1 3
2.8 9.8 2.8 156 0 1 3
2.9 3.6 0.2 199 0 1 2
2.9 3.7 0.1 190 0 1 2
2.9 3.7 0.3 193 0 1 2
2.9 3.8 0.2 191 0 1 2
2.9 8.6 2.2 170 0 1 3
2.9 8.8 2.8 152 0 1 3
2.9 9.6 2.9 91 0 1 3
2.9 10.5 2.9 87 0 1 3
3 3.7 -0.1 186 0 1 2
3 8.6 2.6 166 0 1 3
3 8.6 2.7 166 0 1 3
3 9.4 3 57 0 1 3
3 10.1 3.2 56 0 1 3
3 10.3 3.1 60 0 1 3
3.1 8.4 2 167 0 1 3
3.1 8.8 3.2 148 0 1 3
3.1 9.5 3.4 60 0 1 3
3.1 10.5 3.4 61 0 1 3
3.1 10.7 3.3 66 0 1 3
3.2 8.5 2.8 161 0 1 3
3.2 8.7 3.3 156 0 1 3
3.2 8.8 3.6 140 0 1 3
3.2 9.4 3.7 58 0 1 3
3.2 10.1 3.5 57 0 1 3
3.2 10.9 3.7 65 0 1 3
3.2 16.1 -0.2 61 0 1 1
3.2 16.7 -0.2 60 0 1 1
3.2 17.4 -0.1 186 0 1 1
3.2 18 -0.1 183 0 1 1
3.2 18.7 -0.1 177 0 1 1
3.2 19.3 -0.1 180 0 1 1
3.2 20 -0.1 145 0 1 1
3.3 3.2 -0.1 191 0 1 1
3.3 3.8 -0.1 196 0 1 1
3.3 4.5 -0.1 193 0 1 1
3.3 5.2 0 193 0 1 1
3.3 5.8 0 197 0 1 1
3.3 6.5 0 199 0 1 1
3.3 7.1 0.1 202 0 1 1
3.3 8.7 3.8 137 0 1 3
3.3 8.8 3.7 146 0 1 3
3.3 9.4 3.8 67 0 1 3
3.3 10 3.8 65 0 1 3
3.3 10.3 3.8 63 0 1 3
3.3 10.5 3.7 56 0 1 3
3.3 10.6 3.8 68 0 1 3
3.3 10.7 3.8 61 0 1 3
3.3 15.4 -0.2 58 0 1 1
3.4 7.9 1.1 158 0 1 3
3.4 8.7 3.7 163 0 1 3
3.4 8.7 3.8 149 0 1 3
3.4 9.3 3.8 55 0 1 3
3.5 8.3 2.8 160 0 1 3
3.5 8.4 3.3 170 0 1 3
3.5 8.6 3.8 108 0 1 3
3.5 9.5 3.9 55 0 1 3
3.5 9.8 3.9 56 0 1 3
3.6 7.8 1.7 176 0 1 3
3.6 8.3 3.3 169 0 1 3
3.6 8.5 3.8 180 0 1 3
3.6 8.8 3.9 159 0 1 3
3.7 7.8 1.7 171 0 1 3
3.7 8 2.6 157 0 1 3
3.7 8.2 2.9 166 0 1 3
3.7 8.4 3.8 198 0 1 3
3.7 8.7 3.9 190 0 1 3
3.8 8.2 3.4 186 0 1 3
3.8 9 3.9 172 0 1 3
3.8 18.7 -0.1 180 0 1 1
3.8 19.3 -0.1 178 0 1 1
3.8 20 -0.1 161 0 1 1
3.9 3.8 -0.1 189 0 1 1
3.9 4.5 -0.1 200 0 1 1
3.9 5.2 -0.1 194 0 1 1
3.9 5.8 -0.1 199 0 1 1
3.9 6.5 -0.1 196 0 1 1
3.9 7.2 0.3 155 0 1 3
3.9 7.8 2.3 207 0 1 3
3.9 7.8 2.4 188 0 1 3
3.9 7.9 2.7 200 0 1 3
3.9 8 3 198 0 1 3
3.9 17.4 -0.1 135 0 1 1
3.9 18 -0.1 184 0 1 1
4 7.7 2.3 163 0 1 3
4 7.8 2.3 198 0 1 3
4 9 4.1 182 0 1 3
4.2 7.2 1.2 154 0 1 3
4.3 9.1 4.2 190 0 1 3
4.4 9.3 4.2 181 0 1 3
4.5 7.1 1.8 175 0 1 3
4.5 20 -0.1 164 0 1 1
4.6 4.5 -0.2 192 0 1 1
4.6 5.1 -0.2 196 0 1 1
4.6 5.8 -0.2 194 0 1 1
4.6 6.4 -0.2 192 0 1 1
4.6 9.5 4.3 181 0 1 3
4.7 6.4 -0.1 167 0 1 3
4.7 6.5 0.4 157 0 1 3
4.8 8.8 4.1 197 0 1 3
4.9 8.2 3.9 203 0 1 3
4.9 8.5 3.9 200 0 1 3
4.9 8.6 3.9 195 0 1 3
4.9 9.5 4.4 159 0 1 3
5 6.3 0.3 168 0 1 3
5 6.4 0.8 179 0 1 3
5 6.5 1.3 170 0 1 3
5 8.8 4.2 195 0 1 3
5 9.1 4.2 195 0 1 3
5.1 9.4 4.3 202 0 1 3
5.1 9.4 4.5 132 0 1 3
5.1 10.3 4.5 193 0 1 3
5.2 5.1 -0.2 195 0 1 1
5.2 5.8 -0.2 191 0 1 1
5.2 7.4 2.1 199 0 1 3
5.2 9.5 4.6 184 0 1 3
5.2 10.2 4.6 196 0 1 3
5.3 7.8 3.1 212 0 1 3
5.3 8 3.6 206 0 1 3
5.3 9.4 4.5 200 0 1 3
5.3 9.5 4.6 128 0 1 3
5.4 9.3 4.4 199 0 1 3
5.4 9.4 4.5 195 0 1 3
5.5 9.3 4.5 167 0 1 3
5.6 7.6 2.6 212 0 1 3
5.6 7.7 2.9 215 0 1 3
5.6 9.2 4.3 183 0 1 3
5.6 9.3 4.4 135 0 1 3
5.7 6.8 1.6 207 0 1 3
5.7 8.9 4.2 151 0 1 3
5.8 5.8 -0.3 192 0 1 1
5.8 8.6 4.2 126 0 1 3
5.9 6.1 0.6 182 0 1 3
5.9 8.4 4.1 186 0 1 3
6 5.9 0 175 0 1 3
6 6.2 1.1 196 0 1 3
6 7.4 2.3 213 0 1 3
6 8 3.9 180 0 1 3
6 8.1 3.9 206 0 1 3
6 8.3 3.9 174 0 1 3
6.1 8 3.9 184 0 1 3
6.1 8.2 3.9 211 0 1 3
6.2 7.2 2 201 0 1 3
6.3 7.1 2 207 0 1 3
6.4 7.8 3.6 216 0 1 3
6.5 7.8 3.6 204 0 1 3
6.8 7.6 3.3 135 0 1 3
7.1 7.5 3.1 150 0 1 3
