2.5 -2.6 0.2 214 0 1 1
3.2 -3.3 0.4 223 0 1 1
3.2 -2.6 0.3 209 0 1 1
3.2 -2 0.2 202 0 1 1
3.2 -1.3 0.2 197 0 1 1
3.2 -0.7 0.1 190 0 1 1
3.2 -0.1 0 190 0 1 1
3.2 0.6 0 195 0 1 1
3.2 1.2 -0.1 198 0 1 1
3.2 1.9 -0.1 196 0 1 1
3.3 2.5 -0.1 194 0 1 1
3.3 3.2 -0.1 191 0 1 1
3.8 -3.9 0.5 225 0 1 1
3.8 -3.3 0.4 216 0 1 1
3.8 -2.6 0.4 203 0 1 1
3.8 -2 0.3 198 0 1 1
3.8 -1.3 0.2 191 0 1 1
3.8 -0.7 0.2 193 0 1 1
3.8 -0.1 0.1 189 0 1 1
3.9 0.6 0 194 0 1 1
3.9 1.2 0 195 0 1 1
3.9 1.9 -0.1 195 0 1 1
3.9 2.5 -0.1 191 0 1 1
3.9 3.2 -0.1 193 0 1 1
3.9 3.8 -0.1 189 0 1 1
4.5 -4.6 0.6 227 0 1 1
4.5 -3.9 0.5 219 0 1 1
4.5 -3.3 0.5 208 0 1 1
4.5 -2.6 0.4 202 0 1 1
4.5 -2 0.4 193 0 1 1
4.5 -1.3 0.3 190 0 1 1
4.5 -0.7 0.2 186 0 1 1
4.5 -0.1 0.1 188 0 1 1
4.5 0.6 0 196 0 1 1
4.5 1.2 0 198 0 1 1
4.5 1.9 -0.1 196 0 1 1
4.5 2.5 -0.1 196 0 1 1
4.5 3.2 -0.1 195 0 1 1
4.5 3.8 -0.2 193 0 1 1
4.6 4.5 -0.2 192 0 1 1
4.8 -0.6 0.3 84 0 1 2
4.9 -0.7 0.4 112 0 1 2
4.9 -0.6 0.3 144 0 1 2
5 -0.8 0.3 156 0 1 2
5 -0.6 0.6 162 0 1 2
5 -0.4 0.3 98 0 1 2
5 -0.3 0.3 153 0 1 2
5.1 -5.2 0.7 227 0 1 1
5.1 -4.6 0.7 221 0 1 1
5.1 -3.9 0.6 214 0 1 1
5.1 -3.3 0.5 205 0 1 1
5.1 -2.6 0.5 194 0 1 1
5.1 -2 0.4 191 0 1 1
5.1 -1.3 0.3 193 0 1 1
5.1 -0.2 0.2 174 0 1 2
5.1 -0.2 0.3 64 0 1 2
5.1 -0.2 0.4 189 0 1 2
5.1 -0.2 0.5 153 0 1 2
5.1 -0.1 0.2 191 0 1 1
5.1 0.6 0.1 196 0 1 1
5.1 1.2 0 197 0 1 1
5.2 -1 0.4 156 0 1 2
5.2 -1 0.6 179 0 1 2
5.2 -0.9 0.7 182 0 1 2
5.2 -0.5 0.6 191 0 1 2
5.2 -0.3 0.5 184 0 1 2
5.2 -0.2 0.3 137 0 1 2
5.2 -0.2 0.5 183 0 1 2
5.2 1.9 0 194 0 1 1
5.2 2.5 -0.1 190 0 1 1
5.2 3.2 -0.1 190 0 1 1
5.2 3.8 -0.2 193 0 1 1
5.2 4.5 -0.2 194 0 1 1
5.2 5.1 -0.2 194 0 1 1
5.3 -1.1 0.5 174 0 1 2
5.3 -0.4 0.5 170 0 1 2
5.3 -0.2 0.5 185 0 1 2
5.4 -1.1 0.7 195 0 1 2
5.4 -1 0.7 196 0 1 2
5.4 -0.3 0.5 140 0 1 2
5.5 -1.3 0.4 183 0 1 2
5.5 -1.2 0.6 193 0 1 2
5.5 -1.1 0.7 198 0 1 2
5.5 -0.4 0.5 191 0 1 2
5.6 -0.8 0.7 198 0 1 2
5.7 -1.3 0.4 195 0 1 2
5.7 -1.3 0.5 194 0 1 2
5.7 -0.5 0.6 187 0 1 2
5.8 -5.9 0.8 227 0 1 1
5.8 -5.2 0.8 220 0 1 1
5.8 -4.6 0.7 212 0 1 1
5.8 -3.9 0.7 209 0 1 1
5.8 -3.3 0.6 202 0 1 1
5.8 -2.6 0.5 198 0 1 1
5.8 -2 0.4 196 0 1 1
5.8 -1.3 0.4 195 0 1 2
5.8 -1.3 0.7 194 0 1 2
5.8 -1.2 0.7 205 0 1 2
5.8 -0.9 0.6 189 0 1 2
5.8 -0.6 0.5 192 0 1 2
5.8 -0.6 0.6 193 0 1 2
5.8 -0.1 0.2 193 0 1 1
5.8 0.6 0.1 191 0 1 1
5.8 1.2 0 198 0 1 1
5.8 1.9 0 195 0 1 1
5.8 2.5 -0.1 190 0 1 1
5.8 3.2 -0.1 190 0 1 1
5.8 3.8 -0.2 190 0 1 1
5.8 4.5 -0.2 189 0 1 1
5.8 5.1 -0.3 192 0 1 1
5.8 5.8 -0.3 192 0 1 1
6 -0.7 0.6 194 0 1 2
6.1 -4.1 0.9 141 0 1 2
6.1 -4 0.7 205 0 1 2
6.1 -4 0.8 55 0 1 2
6.1 -1.1 0.7 186 0 1 2
6.1 -0.8 0.6 190 0 1 2
6.2 -4 0.9 175 0 1 2
6.2 -0.9 0.6 191 0 1 2
6.2 2.4 -0.1 195 0 1 2
6.3 -4.5 0.7 210 0 1 2
6.3 -4.4 0.9 184 0 1 2
6.3 -4.4 1 190 0 1 2
6.3 -4.1 0.9 204 0 1 2
6.3 -3.9 0.9 195 0 1 2
6.3 2 0.1 183 0 1 2
6.3 2 0.2 175 0 1 2
6.3 2.1 0.1 53 0 1 2
6.3 2.1 0.2 111 0 1 2
6.3 2.1 0.3 127 0 1 2
6.3 2.2 0.3 159 0 1 2
6.3 2.4 0.1 53 0 1 2
6.3 2.4 0.2 51 0 1 2
6.3 2.4 0.3 153 0 1 2
6.4 -6.5 0.9 228 0 1 1
6.4 -5.9 0.9 220 0 1 1
6.4 -5.2 0.8 210 0 1 1
6.4 -4.6 0.8 210 0 1 1
6.4 -4.4 1 209 0 1 2
6.4 -4.1 1 213 0 1 2
6.4 -4 0.9 194 0 1 2
6.4 -3.3 0.6 203 0 1 1
6.4 -2.6 0.6 196 0 1 1
6.4 -2 0.5 194 0 1 1
6.4 -0.1 0.2 190 0 1 1
6.4 0.6 0.1 193 0 1 1
6.4 1.2 0.1 196 0 1 1
6.4 1.9 0 196 0 1 1
6.4 2 0.1 181 0 1 2
6.4 2 0.2 186 0 1 2
6.4 2 0.3 192 0 1 2
6.4 2.1 0.3 190 0 1 2
6.4 2.3 0.4 188 0 1 2
6.4 2.4 0.3 148 0 1 2
6.4 2.5 0.1 191 0 1 2
6.4 2.5 0.3 163 0 1 2
6.4 2.6 -0.1 187 0 1 2
6.4 3.2 -0.1 189 0 1 1
6.4 3.8 -0.2 188 0 1 1
6.4 4.5 -0.2 188 0 1 1
6.4 5.1 -0.3 174 0 1 1
6.4 5.8 -0.3 161 0 1 1
6.4 6.4 -0.4 175 0 1 1
6.5 -3.8 1 168 0 1 2
6.5 2 0.2 192 0 1 2
6.5 2 0.3 203 0 1 2
6.5 2.1 0.4 197 0 1 2
6.5 2.3 0.4 193 0 1 2
6.5 2.4 0.3 156 0 1 2
6.5 2.5 0.3 119 0 1 2
6.6 -4.4 1 219 0 1 2
6.6 -3.8 0.8 53 0 1 2
6.6 1.9 0 180 0 1 2
6.6 1.9 0.1 203 0 1 2
6.6 2 0.3 198 0 1 2
6.6 2.1 0.3 196 0 1 2
6.6 2.1 0.4 205 0 1 2
6.6 3.9 0 146 0 1 3
6.6 4 0 95 0 1 3
6.6 4.1 0.2 52 0 1 3
6.6 4.3 0.2 52 0 1 3
6.6 4.5 0.2 54 0 1 3
6.6 4.6 0.1 52 0 1 3
6.6 4.8 0.1 53 0 1 3
6.6 5 0.1 52 0 1 3
6.6 5.1 0 56 0 1 3
6.7 -3.8 1 189 0 1 2
6.7 2 0.2 207 0 1 2
6.7 2 0.3 208 0 1 2
6.7 3.8 0 153 0 1 3
6.7 4 0.5 136 0 1 3
6.7 5.1 0.6 58 0 1 3
6.8 -4.1 1.1 208 0 1 2
6.8 -3.8 1 184 0 1 2
6.8 -3.7 0.8 53 0 1 2
6.8 -3.7 1 176 0 1 2
6.8 1.9 0.1 206 0 1 2
6.8 2 0.2 207 0 1 2
6.8 2 0.3 203 0 1 2
6.8 4.1 1.1 154 0 1 3
6.8 4.3 1 60 0 1 3
6.8 4.5 1 65 0 1 3
6.8 4.7 0.9 55 0 1 3
6.8 4.8 0.7 55 0 1 3
6.8 5 0.6 57 0 1 3
6.8 5 0.7 57 0 1 3
6.8 5.2 0.6 61 0 1 3
6.8 5.6 0.2 63 0 1 3
6.8 5.6 0.4 58 0 1 3
6.8 5.8 0 54 0 1 3
6.8 6.2 -0.1 60 0 1 3
6.8 6.4 -0.4 60 0 1 3
6.9 -4.4 1.1 208 0 1 2
6.9 -4.3 1.1 211 0 1 2
6.9 -4.1 1.1 205 0 1 2
6.9 1.9 0.1 199 0 1 2
6.9 2 0.1 202 0 1 2
6.9 3.5 0.1 154 0 1 3
6.9 3.6 0.1 160 0 1 3
6.9 4.3 1.1 117 0 1 3
6.9 4.4 1.1 94 0 1 3
6.9 4.9 0.8 58 0 1 3
6.9 5 0.7 58 0 1 3
6.9 5.2 0.6 78 0 1 3
6.9 5.3 0.6 94 0 1 3
6.9 5.4 0.5 64 0 1 3
6.9 5.4 0.6 64 0 1 3
6.9 5.5 0.5 61 0 1 3
6.9 6.1 0 62 0 1 3
6.9 6.1 0.1 61 0 1 3
6.9 6.1 0.2 175 0 1 3
6.9 6.2 0 63 0 1 3
6.9 6.2 0.1 61 0 1 3
6.9 6.4 -0.3 63 0 1 3
7 -7.1 0.9 227 0 1 1
7 -6.5 0.9 222 0 1 1
7 -5.9 0.9 215 0 1 1
7 -5.2 0.9 211 0 1 1
7 -4.3 1.1 207 0 1 2
7 -3.7 0.9 53 0 1 2
7 -3.7 1 137 0 1 2
7 -3.3 0.7 201 0 1 1
7 -2.6 0.6 199 0 1 1
7 -2 0.5 195 0 1 1
7 -0.7 0.3 193 0 1 1
7 3.7 0.6 158 0 1 3
7 4 1.2 155 0 1 3
7 4.1 1.2 162 0 1 3
7 4.6 1.2 139 0 1 3
7 4.8 1 57 0 1 3
7 4.8 1.1 58 0 1 3
7 5.3 0.7 135 0 1 3
7 5.4 0.7 169 0 1 3
7 5.5 0.6 168 0 1 3
7 5.7 0.5 140 0 1 3
7 5.7 0.6 157 0 1 3
7 5.9 0.4 176 0 1 3
7 6.2 0.2 171 0 1 3
7 6.3 0.1 63 0 1 3
7 6.4 -0.1 65 0 1 3
7 6.6 -0.4 64 0 1 3
7 7 -0.5 186 0 1 1
7.1 -4 1.1 202 0 1 2
7.1 -3.7 0.9 54 0 1 2
7.1 -0.1 0.3 191 0 1 1
7.1 0.6 0.2 194 0 1 1
7.1 1.2 0.1 199 0 1 1
7.1 1.9 0 197 0 1 1
7.1 3.2 -0.1 190 0 1 1
7.1 3.8 1.2 153 0 1 3
7.1 3.8 1.3 159 0 1 3
7.1 5.2 0.9 159 0 1 3
7.1 5.6 0.6 97 0 1 3
7.1 6.3 0.1 175 0 1 3
7.1 6.4 0 66 0 1 3
7.1 6.6 -0.4 152 0 1 3
7.1 6.6 -0.3 158 0 1 3
7.1 6.6 -0.2 174 0 1 3
7.2 -3.7 0.8 57 0 1 2
7.2 -3.7 1 54 0 1 2
7.2 -3.7 1.1 188 0 1 2
7.2 3.2 0.1 149 0 1 3
7.2 3.7 1.4 160 0 1 3
7.2 4.3 1.3 158 0 1 3
7.2 4.7 1.4 140 0 1 3
7.2 4.9 1.2 81 0 1 3
7.2 5.1 1.1 174 0 1 3
7.2 6.4 0 160 0 1 3
7.2 6.6 -0.1 143 0 1 3
7.3 -4.2 1.1 205 0 1 2
7.3 -3.7 1 151 0 1 2
7.3 -3.7 1.1 196 0 1 2
7.3 3.2 0 190 0 1 3
7.3 3.3 0.4 185 0 1 3
7.3 3.3 0.7 183 0 1 3
7.3 3.4 0.7 165 0 1 3
7.3 3.6 1.5 203 0 1 3
7.3 3.7 1.3 153 0 1 3
7.3 4.2 1.4 157 0 1 3
7.3 6.6 0 151 0 1 3
7.4 -3.9 1.1 177 0 1 2
7.4 -3.8 1.1 196 0 1 2
7.4 -3.7 0.9 189 0 1 2
7.4 3.4 1 182 0 1 3
7.4 3.5 1.4 178 0 1 3
7.4 3.6 1.4 179 0 1 3
7.4 4.1 1.5 162 0 1 3
7.4 4.7 1.5 134 0 1 3
7.4 5.6 0.7 182 0 1 3
7.4 5.7 0.6 167 0 1 3
7.5 3.8 1.6 174 0 1 3
7.5 4.6 1.6 152 0 1 3
7.6 3.9 1.7 198 0 1 3
7.6 4.3 1.7 158 0 1 3
7.6 4.5 1.7 136 0 1 3
7.7 -7.8 0.9 228 0 1 1
7.7 -7.1 1 224 0 1 1
7.7 -6.5 0.9 217 0 1 1
7.7 -5.9 0.9 208 0 1 1
7.7 -5.2 0.9 209 0 1 1
7.7 -3.3 0.7 202 0 1 1
7.7 -2.6 0.6 194 0 1 1
7.7 -2 0.5 197 0 1 1
7.7 -1.3 0.4 194 0 1 1
7.7 -0.7 0.3 189 0 1 1
7.7 -0.1 0.3 193 0 1 1
7.7 0.6 0.2 191 0 1 1
7.7 1.2 0.1 201 0 1 1
7.7 1.9 0 197 0 1 1
7.7 4.1 1.8 161 0 1 3
7.7 4.2 1.8 153 0 1 3
7.7 7.7 -0.6 196 0 1 1
7.8 3.4 1.1 199 0 1 3
7.8 3.6 1.5 212 0 1 3
7.8 4.2 1.8 172 0 1 3
7.8 4.3 1.8 180 0 1 3
7.8 4.4 1.8 104 0 1 3
7.9 3.2 0.2 193 0 1 3
7.9 3.4 0.9 202 0 1 3
7.9 3.5 1.4 207 0 1 3
7.9 3.6 1.5 211 0 1 3
7.9 4.4 1.8 172 0 1 3
7.9 4.5 1.8 158 0 1 3
8 3.7 1.6 207 0 1 3
8 4.4 1.9 136 0 1 3
8 4.5 1.9 104 0 1 3
8.2 4.1 1.7 206 0 1 3
8.3 -8.4 0.9 231 0 1 1
8.3 -7.8 1 225 0 1 1
8.3 -7.1 1 218 0 1 1
8.3 -6.5 1 212 0 1 1
8.3 -5.9 0.9 208 0 1 1
8.3 -3.9 0.8 207 0 1 1
8.3 -3.3 0.7 197 0 1 1
8.3 -2.6 0.6 194 0 1 1
8.3 -2 0.5 192 0 1 1
8.3 -1.3 0.4 191 0 1 1
8.3 -0.7 0.4 193 0 1 1
8.3 -0.1 0.3 192 0 1 1
8.3 0.6 0.2 191 0 1 1
8.3 1.2 0.1 196 0 1 1
8.3 1.9 0 194 0 1 1
8.3 2.5 0 197 0 1 1
8.3 3.5 1.5 207 0 1 3
8.3 4.1 1.7 205 0 1 3
8.3 4.3 1.8 211 0 1 3
8.3 4.4 1.9 209 0 1 3
8.3 7.7 -0.6 195 0 1 1
8.3 8.3 -0.6 186 0 1 1
8.4 3.4 1.3 208 0 1 3
8.4 3.5 1.5 207 0 1 3
8.4 3.9 1.7 205 0 1 3
8.4 4.5 1.9 206 0 1 3
8.5 3.4 1.1 202 0 1 3
8.5 3.5 1.3 210 0 1 3
8.5 3.5 1.5 203 0 1 3
8.6 3.4 1.1 207 0 1 3
8.6 3.6 1.5 204 0 1 3
8.7 3.5 1.2 204 0 1 3
8.7 3.5 1.3 203 0 1 3
8.7 3.6 1.5 205 0 1 3
8.7 4.6 1.9 170 0 1 3
8.8 3.3 0.7 199 0 1 3
8.8 3.4 1 204 0 1 3
8.8 3.7 1.5 203 0 1 3
8.8 4.3 1.7 194 0 1 3
8.8 4.4 1.8 190 0 1 3
8.8 4.6 1.9 163 0 1 3
8.9 3.5 1 207 0 1 3
8.9 4.3 1.7 177 0 1 3
8.9 8.3 -0.6 184 0 1 1
8.9 9 -0.7 181 0 1 1
9 -9.1 0.9 231 0 1 1
9 -8.4 0.9 226 0 1 1
9 -7.8 0.9 220 0 1 1
9 -7.1 1 214 0 1 1
9 -6.5 0.9 209 0 1 1
9 -5.9 0.9 209 0 1 1
9 -3.9 0.8 207 0 1 1
9 -3.3 0.7 200 0 1 1
9 -2.6 0.6 191 0 1 1
9 -2 0.5 196 0 1 1
9 -1.3 0.4 191 0 1 1
9 -0.7 0.3 195 0 1 1
9 -0.1 0.3 190 0 1 1
9 0.6 0.2 194 0 1 1
9 1.2 0.1 196 0 1 1
9 1.9 0 196 0 1 1
9 2.5 0 198 0 1 1
9 3.5 1.1 206 0 1 3
9 3.6 1.3 209 0 1 3
9 3.7 1.5 205 0 1 3
9 4.2 1.7 171 0 1 3
9.1 3.2 0.3 198 0 1 3
9.1 3.2 0.5 199 0 1 3
9.1 3.2 0.6 199 0 1 3
9.1 3.3 0.7 203 0 1 3
9.1 3.3 0.8 203 0 1 3
9.1 3.3 0.9 204 0 1 3
9.1 4 1.6 195 0 1 3
9.1 4.1 1.6 118 0 1 3
9.2 3.2 0.2 197 0 1 3
9.2 3.2 0.3 199 0 1 3
9.2 3.2 0.4 201 0 1 3
9.2 3.2 0.5 204 0 1 3
9.2 3.3 0.6 206 0 1 3
9.2 3.3 0.8 206 0 1 3
9.2 3.3 0.9 204 0 1 3
9.3 3.1 0.1 199 0 1 3
9.3 3.2 0.3 196 0 1 3
9.3 3.2 0.4 192 0 1 3
9.3 3.3 0.6 192 0 1 3
9.3 3.5 1 206 0 1 3
9.3 3.6 1 200 0 1 3
9.3 3.7 1.2 114 0 1 3
9.3 3.7 1.4 179 0 1 3
9.3 3.8 1.4 134 0 1 3
9.3 3.8 1.5 178 0 1 3
9.3 3.9 1.5 147 0 1 3
9.3 4 1.5 203 0 1 3
9.4 3.9 1.5 188 0 1 3
9.5 9 -0.7 185 0 1 1
9.5 9.6 -0.7 184 0 1 1
9.6 -9.1 0.9 223 0 1 1
9.6 -8.4 0.9 216 0 1 1
9.6 -7.8 0.9 217 0 1 1
9.6 -7.1 0.9 209 0 1 1
9.6 -6.5 0.9 210 0 1 1
9.6 -5.9 0.9 204 0 1 1
9.6 -5.2 0.9 198 0 1 1
9.6 -4.6 0.8 200 0 1 1
9.6 -3.9 0.7 200 0 1 1
9.6 -3.3 0.7 187 0 1 1
9.6 -2.6 0.6 185 0 1 1
9.6 -2 0.5 191 0 1 1
9.6 -1.3 0.4 195 0 1 1
9.6 -0.7 0.3 194 0 1 1
9.6 -0.1 0.3 192 0 1 1
9.6 0.6 0.2 196 0 1 1
9.6 1.2 0.1 197 0 1 1
9.6 1.9 0 201 0 1 1
9.6 2.5 0 200 0 1 1
9.6 3.2 -0.1 194 0 1 1
9.8 -4.9 0.8 209 0 1 3
9.8 -4.7 0.9 202 0 1 3
9.8 -4.6 0.8 138 0 1 3
9.9 -5.8 1.1 67 0 1 3
9.9 -5.7 0.9 65 0 1 3
9.9 -5.7 1 60 0 1 3
9.9 -5.5 1 58 0 1 3
9.9 -5.5 1.1 62 0 1 3
9.9 -5.4 0.9 155 0 1 3
9.9 -5.2 1.1 51 0 1 3
9.9 -5.1 1 54 0 1 3
9.9 -5 0.9 184 0 1 3
9.9 -4.8 1.1 53 0 1 3
9.9 -4.7 0.9 157 0 1 3
9.9 -4.5 1 191 0 1 3
9.9 -4.4 0.9 197 0 1 3
10 -5.9 1.6 67 0 1 3
10 -5.5 1.6 56 0 1 3
10 -5.1 1.5 56 0 1 3
10 -4.8 1.6 52 0 1 3
10 -4.5 1.5 55 0 1 3
10.1 -6.1 1.4 77 0 1 3
10.1 -6.1 2.1 183 0 1 3
10.1 -5.9 0.9 82 0 1 3
10.1 -5.6 2.1 200 0 1 3
10.1 -5.2 2.1 207 0 1 3
10.1 -4.8 2 123 0 1 3
10.1 -4.5 2 111 0 1 3
10.1 -4.2 0.9 119 0 1 3
10.1 -3.9 0.7 58 0 1 3
10.1 -3.9 0.8 155 0 1 3
10.2 -6.2 1.4 81 0 1 3
10.2 -6.2 2.1 201 0 1 3
10.2 -4 0.9 151 0 1 3
10.2 -4 1.1 54 0 1 3
10.2 -3.8 0.8 180 0 1 3
10.2 -3.5 0.8 154 0 1 3
10.2 9.6 -0.7 189 0 1 1
10.2 10.3 -0.7 189 0 1 1
10.3 -9.7 0.8 226 0 1 1
10.3 -8.4 0.9 214 0 1 1
10.3 -7.8 0.9 214 0 1 1
10.3 -7.1 0.9 208 0 1 1
10.3 -6.5 0.9 204 0 1 1
10.3 -6.4 1.2 82 0 1 3
10.3 -6.3 2.1 71 0 1 3
10.3 -4.6 2.1 207 0 1 3
10.3 -4.2 2 184 0 1 3
10.3 -4 1.6 53 0 1 3
10.3 -3.7 0.8 181 0 1 3
10.3 -3.5 0.7 72 0 1 3
10.3 -3.4 0.7 54 0 1 3
10.3 -3.4 0.8 128 0 1 3
10.3 -3.3 0.6 129 0 1 1
10.3 -2.6 0.6 84 0 1 1
10.3 -2 0.5 190 0 1 1
10.3 -1.3 0.4 192 0 1 1
10.3 -0.7 0.3 194 0 1 1
10.3 -0.1 0.2 194 0 1 1
10.3 0.6 0.2 196 0 1 1
10.3 1.2 0.1 196 0 1 1
10.3 1.9 0 200 0 1 1
10.3 2.5 0 197 0 1 1
10.3 3.2 -0.1 193 0 1 1
10.4 -6.5 1.9 73 0 1 3
10.4 -5.8 2.1 210 0 1 3
10.4 -5.4 2.1 208 0 1 3
10.4 -4.4 2.1 205 0 1 3
10.4 -3.9 2.1 167 0 1 3
10.4 -3.8 1.1 54 0 1 3
10.4 -3.4 0.8 90 0 1 3
10.5 -6.6 1.3 74 0 1 3
10.5 -6.6 1.7 72 0 1 3
10.5 -3.8 1.7 54 0 1 3
10.5 -3.7 0.9 171 0 1 3
10.5 -3.6 1.3 54 0 1 3
10.5 -3.3 0.8 121 0 1 3
10.6 -6.7 1.2 79 0 1 3
10.6 -6.7 1.6 78 0 1 3
10.6 -6.6 0.9 189 0 1 3
10.6 -6.6 1.7 79 0 1 3
10.6 -6.3 2.1 216 0 1 3
10.6 -3.7 2.1 173 0 1 3
10.6 -3.6 1.9 56 0 1 3
10.6 -3.5 1.1 54 0 1 3
10.7 -6.4 2.1 208 0 1 3
10.7 -4.6 2.1 204 0 1 3
10.7 -3.5 2.1 176 0 1 3
10.7 -3.4 1.5 53 0 1 3
10.7 -3.3 0.9 96 0 1 3
10.8 -5.6 2.1 212 0 1 3
10.8 -3.4 1.9 54 0 1 3
10.8 -3.3 1.3 58 0 1 3
10.8 -3.2 1.7 58 0 1 3
10.8 9.6 -0.7 179 0 1 1
10.8 10.3 -0.7 187 0 1 1
10.8 10.9 -0.7 187 0 1 1
10.9 -8.4 0.8 214 0 1 1
10.9 -7.8 0.8 208 0 1 1
10.9 -7.1 0.8 204 0 1 1
10.9 -6 2.2 213 0 1 3
10.9 -3.3 0.6 77 0 1 1
10.9 -2.6 0.5 60 0 1 1
10.9 -2 0.4 170 0 1 1
10.9 -1.3 0.4 196 0 1 1
10.9 -0.7 0.3 195 0 1 1
10.9 -0.1 0.2 194 0 1 1
10.9 0.6 0.1 193 0 1 1
10.9 1.2 0.1 196 0 1 1
10.9 1.9 0 200 0 1 1
10.9 2.5 0 199 0 1 1
10.9 3.2 -0.1 194 0 1 1
11.1 -6.5 2.2 189 0 1 3
11.1 -4.5 2.1 209 0 1 3
11.1 -3.5 2.1 136 0 1 3
11.2 -5.5 2.2 207 0 1 3
11.2 -3.3 1.9 55 0 1 3
11.2 -3.2 1.7 56 0 1 3
11.3 -6.5 2.2 201 0 1 3
11.3 -5.9 2.2 209 0 1 3
11.3 -3.3 0.8 57 0 1 3
11.4 -6.5 2.2 205 0 1 3
11.4 1.1 0.2 85 0 1 2
11.4 1.1 0.3 179 0 1 2
11.4 1.1 0.4 157 0 1 2
11.4 1.2 0.2 81 0 1 2
11.4 1.3 0.1 52 0 1 2
11.4 1.3 0.2 53 0 1 2
11.4 1.3 0.4 184 0 1 2
11.4 1.4 0.1 53 0 1 2
11.4 1.4 0.2 132 0 1 2
11.5 -6.3 2.2 211 0 1 3
11.5 -3.4 2.1 118 0 1 3
11.5 0.9 0.3 151 0 1 2
11.5 1 0.1 136 0 1 2
11.5 1 0.4 210 0 1 2
11.5 1.2 0.4 204 0 1 2
11.5 1.4 0.2 153 0 1 2
11.5 1.4 0.4 105 0 1 2
11.5 1.5 0.1 57 0 1 2
11.5 3.8 -0.1 190 0 1 1
11.5 10.3 -0.7 186 0 1 1
11.5 10.9 -0.7 185 0 1 1
11.5 11.6 -0.7 193 0 1 1
11.6 -7.8 0.8 203 0 1 1
11.6 -6.3 2.2 137 0 1 3
11.6 -5.3 2.2 210 0 1 3
11.6 -4.4 2.2 203 0 1 3
11.6 -3.3 0.5 84 0 1 1
11.6 -3.3 1.9 57 0 1 3
11.6 -3.1 1.7 57 0 1 3
11.6 -2.6 0.5 144 0 1 1
11.6 -2 0.4 180 0 1 1
11.6 -1.3 0.3 195 0 1 1
11.6 -0.7 0.3 196 0 1 1
11.6 -0.1 0.2 194 0 1 1
11.6 0.6 0.1 196 0 1 1
11.6 1 0.3 214 0 1 2
11.6 1.1 0.4 203 0 1 2
11.6 1.4 0.2 165 0 1 2
11.6 1.4 0.4 154 0 1 2
11.6 1.5 0.1 188 0 1 2
11.6 1.5 0.2 146 0 1 2
11.6 1.5 0.3 58 0 1 2
11.6 1.9 0 203 0 1 1
11.6 2.5 0 201 0 1 1
11.6 3.2 -0.1 193 0 1 1
11.7 -5.7 2.2 205 0 1 3
11.7 -3.3 2 59 0 1 3
11.7 -3.2 0.8 55 0 1 3
11.7 -3.2 1.8 57 0 1 3
11.7 0.8 0.2 204 0 1 2
11.7 1.4 0.4 202 0 1 2
11.7 1.5 0.3 194 0 1 2
11.8 -6.2 2.3 144 0 1 3
11.8 -5.6 2.2 210 0 1 3
11.8 -4 2.2 201 0 1 3
11.8 -3.4 2.1 162 0 1 3
11.8 -3.2 0.8 56 0 1 3
11.8 -3.2 1.8 57 0 1 3
11.8 0.8 0.1 177 0 1 2
11.8 0.8 0.2 212 0 1 2
11.8 1.2 0.4 205 0 1 2
11.8 1.3 0.4 199 0 1 2
11.8 1.4 0.4 201 0 1 2
11.9 -6 2.3 192 0 1 3
11.9 -4.9 2.2 207 0 1 3
11.9 -3.3 2 56 0 1 3
11.9 0.9 0.3 211 0 1 2
11.9 1.3 0.3 202 0 1 2
12 -5.9 2.2 138 0 1 3
12 -5.2 2.2 204 0 1 3
12 -4 2.2 149 0 1 3
12 -3.4 2.2 82 0 1 3
12 -3.2 1.8 64 0 1 3
12 0.9 0.3 202 0 1 2
12 1.2 0.3 201 0 1 2
12.1 -4.5 2.2 199 0 1 3
12.1 -3.4 2 69 0 1 3
12.1 10.3 -0.6 186 0 1 1
12.1 10.9 -0.6 186 0 1 1
12.1 11.6 -0.6 189 0 1 1
12.1 12.2 -0.6 194 0 1 1
12.2 -7.8 0.7 201 0 1 1
12.2 -3.3 0.5 120 0 1 1
12.2 -3.3 0.9 58 0 1 3
12.2 -2.6 0.4 101 0 1 1
12.2 -2 0.4 181 0 1 1
12.2 -1.3 0.3 197 0 1 1
12.2 -0.7 0.2 197 0 1 1
12.2 -0.1 0.2 193 0 1 1
12.2 0.6 0.1 198 0 1 1
12.2 1.9 0 202 0 1 1
12.2 2.5 0 197 0 1 1
12.2 3.2 -0.1 191 0 1 1
12.2 3.8 -0.1 190 0 1 1
12.3 -3.3 1.9 104 0 1 3
12.5 -3.3 1.9 148 0 1 3
12.8 3.2 -0.1 194 0 1 1
12.8 3.8 -0.1 194 0 1 1
12.8 4.5 -0.1 195 0 1 1
12.8 10.9 -0.6 184 0 1 1
12.8 11.6 -0.5 188 0 1 1
12.8 12.2 -0.5 195 0 1 1
12.8 12.9 -0.5 187 0 1 1
12.9 -3.5 1 54 0 1 3
12.9 -3.4 1.7 55 0 1 3
12.9 -3.4 2 193 0 1 3
12.9 -3.3 0.4 99 0 1 1
12.9 -2.6 0.4 91 0 1 1
12.9 -2 0.3 195 0 1 1
12.9 -1.3 0.2 194 0 1 1
12.9 -0.7 0.2 196 0 1 1
12.9 -0.1 0.1 194 0 1 1
12.9 0.6 0.1 197 0 1 1
12.9 1.9 0 203 0 1 1
12.9 2.5 0 199 0 1 1
13.2 -3.5 0.7 61 0 1 3
13.2 -3.5 1.4 59 0 1 3
13.2 -3.5 1.7 63 0 1 3
13.2 -3.4 2 100 0 1 3
13.3 -3.5 0.8 58 0 1 3
13.4 10.9 -0.5 186 0 1 1
13.4 11.6 -0.5 185 0 1 1
13.4 12.2 -0.5 196 0 1 1
13.4 12.9 -0.4 190 0 1 1
13.4 13.5 -0.4 188 0 1 1
13.5 -3.3 0.4 175 0 1 1
13.5 -2.6 0.3 174 0 1 1
13.5 -2 0.2 194 0 1 1
13.5 -1.3 0.2 196 0 1 1
13.5 -0.7 0.1 195 0 1 1
13.5 -0.1 0.1 194 0 1 1
13.5 0.6 0 197 0 1 1
13.5 1.9 0 202 0 1 1
13.5 2.5 0 198 0 1 1
13.5 3.2 -0.1 196 0 1 1
13.5 3.8 -0.1 188 0 1 1
13.5 4.5 -0.1 194 0 1 1
14.1 -3.3 0.3 200 0 1 1
14.1 -2.6 0.2 198 0 1 1
14.1 -2 0.2 196 0 1 1
14.1 -1.3 0.1 196 0 1 1
14.1 -0.7 0.1 195 0 1 1
14.1 -0.1 0.1 197 0 1 1
14.1 0.6 0 196 0 1 1
14.1 1.9 0 200 0 1 1
14.1 2.5 0 196 0 1 1
14.1 3.2 -0.1 195 0 1 1
14.1 3.8 -0.1 196 0 1 1
14.1 4.5 -0.1 190 0 1 1
14.1 10.9 -0.4 185 0 1 1
14.1 11.6 -0.4 187 0 1 1
14.1 12.2 -0.4 189 0 1 1
14.1 12.9 -0.4 188 0 1 1
14.1 13.5 -0.3 186 0 1 1
14.1 14.1 -0.3 185 0 1 1
14.7 10.9 -0.3 186 0 1 1
14.7 11.6 -0.3 184 0 1 1
14.7 12.2 -0.3 190 0 1 1
14.7 12.9 -0.3 188 0 1 1
14.7 13.5 -0.3 188 0 1 1
14.8 -3.9 0.3 203 0 1 1
14.8 -3.3 0.2 204 0 1 1
14.8 -2.6 0.2 200 0 1 1
14.8 -2 0.1 196 0 1 1
14.8 -1.3 0.1 194 0 1 1
14.8 -0.7 0 194 0 1 1
14.8 -0.1 0 197 0 1 1
14.8 0.6 0 194 0 1 1
14.8 1.2 0 199 0 1 1
14.8 2.5 0 198 0 1 1
14.8 3.2 -0.1 196 0 1 1
14.8 3.8 -0.1 197 0 1 1
14.8 4.5 -0.1 193 0 1 1
14.8 5.1 -0.1 190 0 1 1
14.8 14.1 -0.2 181 0 1 1
14.8 14.8 -0.2 184 0 1 1
15.4 -3.9 0.2 204 0 1 1
15.4 -3.3 0.2 204 0 1 1
15.4 -2.6 0.1 199 0 1 1
15.4 -2 0.1 195 0 1 1
15.4 -1.3 0.1 196 0 1 1
15.4 -0.7 0 197 0 1 1
15.4 -0.1 0 195 0 1 1
15.4 0.6 0 196 0 1 1
15.4 1.2 0 201 0 1 1
15.4 1.9 0 203 0 1 1
15.4 2.5 0 200 0 1 1
15.4 3.2 -0.1 196 0 1 1
15.4 3.8 -0.1 195 0 1 1
15.4 4.5 -0.1 191 0 1 1
15.4 5.1 -0.1 189 0 1 1
15.4 11.6 -0.3 187 0 1 1
15.4 12.2 -0.3 185 0 1 1
15.4 12.9 -0.2 191 0 1 1
15.4 13.5 -0.2 182 0 1 1
15.4 14.1 -0.2 180 0 1 1
15.4 14.8 -0.2 186 0 1 1
15.4 15.4 -0.1 186 0 1 1
16.1 -3.9 0.1 204 0 1 1
16.1 -3.3 0.1 204 0 1 1
16.1 -2.6 0.1 200 0 1 1
16.1 -2 0 197 0 1 1
16.1 -1.3 0 198 0 1 1
16.1 -0.1 0 193 0 1 1
16.1 0.6 0 199 0 1 1
16.1 1.2 0 198 0 1 1
16.1 1.9 0 203 0 1 1
16.1 2.5 0 197 0 1 1
16.1 3.2 0 194 0 1 1
16.1 3.8 -0.1 196 0 1 1
16.1 4.5 -0.1 193 0 1 1
16.1 5.1 -0.1 193 0 1 1
16.1 5.8 -0.1 191 0 1 1
16.1 11.6 -0.2 186 0 1 1
16.1 12.2 -0.2 181 0 1 1
16.1 12.9 -0.2 186 0 1 1
16.1 13.5 -0.2 178 0 1 1
16.1 14.1 -0.1 182 0 1 1
16.1 14.8 -0.1 187 0 1 1
16.1 15.4 -0.1 186 0 1 1
16.1 16.1 -0.1 181 0 1 1
16.7 -3.9 0.1 204 0 1 1
16.7 -3.3 0 204 0 1 1
16.7 -2.6 0 200 0 1 1
16.7 -2 0 197 0 1 1
16.7 -1.3 0 196 0 1 1
16.7 -0.7 0 194 0 1 1
16.7 -0.1 0 198 0 1 1
16.7 0.6 0 197 0 1 1
16.7 1.2 0 193 0 1 1
16.7 1.9 0 202 0 1 1
16.7 2.5 0 200 0 1 1
16.7 3.2 0 196 0 1 1
16.7 3.8 -0.1 192 0 1 1
16.7 4.5 -0.1 191 0 1 1
16.7 5.1 -0.1 192 0 1 1
16.7 5.8 -0.1 194 0 1 1
16.7 12.2 -0.1 185 0 1 1
16.7 12.9 -0.1 185 0 1 1
16.7 13.5 -0.1 181 0 1 1
16.7 14.1 -0.1 181 0 1 1
16.7 14.8 -0.1 185 0 1 1
16.7 15.4 -0.1 182 0 1 1
16.7 16.1 -0.1 180 0 1 1
16.7 16.7 -0.1 181 0 1 1
17.4 -16.8 0 224 0 1 1
17.4 -4.6 0 203 0 1 1
17.4 -3.9 0 203 0 1 1
17.4 -3.3 0 201 0 1 1
17.4 -2.6 0 200 0 1 1
17.4 -2 0 193 0 1 1
17.4 -1.3 0 194 0 1 1
17.4 -0.7 0 193 0 1 1
17.4 -0.1 0 191 0 1 1
17.4 0.6 0 197 0 1 1
17.4 1.2 0 194 0 1 1
17.4 1.9 0 199 0 1 1
17.4 2.5 0 197 0 1 1
17.4 3.2 0 194 0 1 1
17.4 3.8 0 198 0 1 1
17.4 4.5 0 192 0 1 1
17.4 5.1 -0.1 191 0 1 1
17.4 5.8 -0.1 189 0 1 1
17.4 12.2 -0.1 180 0 1 1
17.4 12.9 -0.1 187 0 1 1
17.4 13.5 -0.1 183 0 1 1
17.4 14.1 -0.1 180 0 1 1
17.4 14.8 -0.1 182 0 1 1
17.4 15.4 -0.1 183 0 1 1
17.4 16.1 -0.1 179 0 1 1
17.4 16.7 -0.1 180 0 1 1
17.4 17.4 0 174 0 1 1
18 -17.5 0 221 0 1 1
18 -16.8 0 218 0 1 1
18 -16.2 0 221 0 1 1
18 -4.6 0 200 0 1 1
18 -3.9 0 201 0 1 1
18 -3.3 0 198 0 1 1
18 -2.6 0 203 0 1 1
18 -2 0 195 0 1 1
18 -1.3 0 195 0 1 1
18 -0.7 0 195 0 1 1
18 -0.1 0 195 0 1 1
18 0.6 0 194 0 1 1
18 1.2 0 192 0 1 1
18 1.9 0 199 0 1 1
18 2.5 0 198 0 1 1
18 3.2 0 194 0 1 1
18 3.8 0 192 0 1 1
18 4.5 0 193 0 1 1
18 5.1 -0.1 188 0 1 1
18 5.8 -0.1 189 0 1 1
18 6.4 -0.1 191 0 1 1
18 12.9 -0.1 176 0 1 1
18 13.5 -0.1 184 0 1 1
18 14.1 -0.1 181 0 1 1
18 14.8 -0.1 182 0 1 1
18 15.4 -0.1 184 0 1 1
18 16.1 -0.1 173 0 1 1
18 16.7 -0.1 179 0 1 1
18 17.4 0 171 0 1 1
18 18 0 169 0 1 1
18.7 -18.1 0 221 0 1 1
18.7 -17.5 0 221 0 1 1
18.7 -16.8 0 217 0 1 1
18.7 -16.2 0 217 0 1 1
18.7 -4.6 0 198 0 1 1
18.7 -3.9 0 199 0 1 1
18.7 -3.3 0 197 0 1 1
18.7 -2.6 0 199 0 1 1
18.7 -2 0 200 0 1 1
18.7 -1.3 0 197 0 1 1
18.7 -0.7 0 190 0 1 1
18.7 -0.1 0 191 0 1 1
18.7 0.6 0 194 0 1 1
18.7 1.2 0 194 0 1 1
18.7 1.9 0 192 0 1 1
18.7 2.5 0 198 0 1 1
18.7 3.2 0 197 0 1 1
18.7 3.8 0 194 0 1 1
18.7 4.5 0 188 0 1 1
18.7 5.1 0 188 0 1 1
18.7 5.8 0 185 0 1 1
18.7 6.4 0 189 0 1 1
18.7 12.9 -0.1 116 0 1 1
18.7 13.5 0 180 0 1 1
18.7 14.1 0 179 0 1 1
18.7 14.8 0 182 0 1 1
18.7 15.4 0 182 0 1 1
18.7 16.1 0 176 0 1 1
18.7 16.7 0 178 0 1 1
18.7 17.4 0 170 0 1 1
18.7 18 0 166 0 1 1
18.7 18.7 0 169 0 1 1
19.3 -18.8 0 218 0 1 1
19.3 -18.1 0 218 0 1 1
19.3 -17.5 0 217 0 1 1
19.3 -16.8 0 215 0 1 1
19.3 -16.2 0 211 0 1 1
19.3 -14.9 0 213 0 1 1
19.3 -4.6 0 195 0 1 1
19.3 -3.9 0 197 0 1 1
19.3 -3.3 0 197 0 1 1
19.3 -2.6 0 197 0 1 1
19.3 -2 0 201 0 1 1
19.3 -1.3 0 195 0 1 1
19.3 -0.7 0 197 0 1 1
19.3 -0.1 0 195 0 1 1
19.3 0.6 0 193 0 1 1
19.3 1.2 0 192 0 1 1
19.3 1.9 0 193 0 1 1
19.3 2.5 0 190 0 1 1
19.3 3.2 0 197 0 1 1
19.3 3.8 0 194 0 1 1
19.3 4.5 0 195 0 1 1
19.3 5.1 0 187 0 1 1
19.3 5.8 0 187 0 1 1
19.3 6.4 0 187 0 1 1
19.3 7 0 190 0 1 1
19.3 13.5 0 178 0 1 1
19.3 14.1 0 179 0 1 1
19.3 14.8 0 177 0 1 1
19.3 15.4 0 175 0 1 1
19.3 16.1 0 182 0 1 1
19.3 16.7 0 177 0 1 1
19.3 17.4 0 173 0 1 1
19.3 18 0 165 0 1 1
19.3 18.7 0 167 0 1 1
19.3 19.3 0 170 0 1 1
20 -19.4 0 150 0 1 1
20 -18.8 0 149 0 1 1
20 -18.1 0 155 0 1 1
20 -17.5 0 149 0 1 1
20 -16.8 0 147 0 1 1
20 -16.2 0 147 0 1 1
20 -15.5 0 148 0 1 1
20 -14.9 0 147 0 1 1
20 -14.2 0 144 0 1 1
20 -13.6 0 141 0 1 1
20 -13 0 141 0 1 1
20 -5.2 0 133 0 1 1
20 -4.6 0 133 0 1 1
20 -3.9 0 136 0 1 1
20 -3.3 0 134 0 1 1
20 -2.6 0 129 0 1 1
20 -2 0 132 0 1 1
20 -1.3 0 132 0 1 1
20 -0.7 0 129 0 1 1
20 -0.1 0 128 0 1 1
20 0.6 0 130 0 1 1
20 1.2 0 128 0 1 1
20 1.9 0 127 0 1 1
20 2.5 0 126 0 1 1
20 3.2 0 129 0 1 1
20 3.8 0 128 0 1 1
20 4.5 0 130 0 1 1
20 5.1 0 125 0 1 1
20 5.8 0 119 0 1 1
20 6.4 0 115 0 1 1
20 7 0 119 0 1 1
20 13.5 0 61 0 1 1
20 14.1 0 114 0 1 1
20 14.8 0 114 0 1 1
20 15.4 0 111 0 1 1
20 16.1 0 116 0 1 1
20 16.7 0 113 0 1 1
20 17.4 0 108 0 1 1
20 18 0 107 0 1 1
20 18.7 0 108 0 1 1
20 19.3 0 109 0 1 1
20 20 0 105 0 1 1
