-20 -20 0 97 0 1 1
-19.4 -20 0 103 0 1 1
-19.4 -19.4 0 153 0 1 1
-18.8 -19.4 0 158 0 1 1
-18.8 -18.8 0 161 0 1 1
-18.1 -18.8 0 160 0 1 1
-18.1 -18.1 0 161 0 1 1
-17.5 -18.1 0 170 0 1 1
-17.5 -17.5 0 161 0 1 1
-16.8 -17.5 -0.1 163 0 1 1
-10 -10.4 0.7 179 0 1 1
-9.6 -10.1 1.1 70 0 1 2
-9.6 -10 1 53 0 1 2
-9.5 -10 1.1 55 0 1 2
-8.8 -9.1 0.9 189 0 1 1
-6.5 -20 0 126 0 1 1
-5.9 -20 0 124 0 1 1
-5.9 -19.4 0 189 0 1 1
-5.9 -18.8 0 192 0 1 1
-5.9 -18.1 0 222 0 1 1
-5.6 -6.6 2.7 129 0 1 3
-5.6 -6.3 2.2 71 0 1 3
-5.6 -6.1 2 68 0 1 3
-5.6 -6 1.6 58 0 1 3
-5.6 -5.9 1.4 124 0 1 3
-5.5 -6.5 2.6 60 0 1 3
-5.5 -6.5 2.7 69 0 1 3
-5.5 -6.1 2.1 64 0 1 3
-5.5 -5.9 1.6 54 0 1 3
-5.4 -6.7 2.8 139 0 1 3
-5.4 -6 1.9 59 0 1 3
-5.4 -6 2.1 60 0 1 3
-5.4 -5.9 1.5 53 0 1 3
-5.2 -20 0 126 0 1 1
-5.2 -19.4 0 187 0 1 1
-5.2 -18.8 0 194 0 1 1
-5.2 -18.1 0 192 0 1 1
-5.2 -17.5 0 196 0 1 1
-5.2 -16.8 0.1 195 0 1 1
-5.2 -6.9 2.9 139 0 1 3
-5 -7 3 140 0 1 3
-4.9 -7.2 3.1 118 0 1 3
-4.9 -6.3 2.7 144 0 1 3
-4.9 -6.2 2.4 54 0 1 3
-4.8 -7.3 3.1 121 0 1 3
-4.8 -6 2.3 58 0 1 3
-4.8 -5.2 0.6 165 0 1 1
-4.7 -6.2 2.7 108 0 1 3
-4.6 -20 0 133 0 1 1
-4.6 -19.4 0 188 0 1 1
-4.6 -18.8 0 189 0 1 1
-4.6 -18.1 0 190 0 1 1
-4.6 -17.5 0 191 0 1 1
-4.6 -16.8 0 199 0 1 1
-4.6 -16.2 0.1 190 0 1 1
-4.6 -15.5 0.1 205 0 1 1
-4.6 -14.9 0.2 205 0 1 1
-4.6 -6.1 2.7 88 0 1 3
-4.2 -7.1 3.1 149 0 1 3
-4.2 -5.2 0.6 198 0 1 1
-4.2 -4.6 0.5 192 0 1 1
-4.1 -6.9 3.1 161 0 1 3
-4 -15.5 0.1 199 0 1 1
-4 -14.9 0.2 208 0 1 1
-4 -14.2 0.2 204 0 1 1
-4 -13.6 0.3 202 0 1 1
-4 -13 0.3 203 0 1 1
-4 -6.8 3.1 158 0 1 3
-3.9 -20 0 133 0 1 1
-3.9 -19.4 0 190 0 1 1
-3.9 -18.8 0 187 0 1 1
-3.9 -18.1 0 193 0 1 1
-3.9 -17.5 0 201 0 1 1
-3.9 -16.8 0 193 0 1 1
-3.9 -16.2 0.1 196 0 1 1
-3.9 -7 3 208 0 1 3
-3.9 -6.5 3 199 0 1 3
-3.7 -6.1 2.6 161 0 1 3
-3.7 -5.6 0.6 188 0 1 3
-3.6 -7.2 2.8 208 0 1 3
-3.6 -6.2 2.7 211 0 1 3
-3.6 -5.9 1.9 78 0 1 3
-3.5 -5.9 0.6 204 0 1 1
-3.5 -5.8 1.4 141 0 1 3
-3.5 -5.2 0.5 199 0 1 1
-3.5 -4.6 0.5 196 0 1 1
-3.5 -3.9 0.4 196 0 1 1
-3.4 -13 0.3 203 0 1 1
-3.4 -12.3 0.4 201 0 1 1
-3.4 -11.7 0.4 198 0 1 1
-3.4 -11 0.5 203 0 1 1
-3.4 -7.3 2.6 176 0 1 3
-3.4 -6.4 2.5 198 0 1 3
-3.3 -20 0 131 0 1 1
-3.3 -19.4 0 192 0 1 1
-3.3 -18.8 0 195 0 1 1
-3.3 -18.1 0 196 0 1 1
-3.3 -17.5 0 197 0 1 1
-3.3 -16.8 0 192 0 1 1
-3.3 -16.2 0 196 0 1 1
-3.3 -15.5 0.1 199 0 1 1
-3.3 -14.9 0.1 208 0 1 1
-3.3 -14.2 0.2 207 0 1 1
-3.3 -13.6 0.2 205 0 1 1
-3.3 -7.6 2.3 225 0 1 3
-3.1 -8.3 1.7 218 0 1 3
-3.1 -8 1.9 199 0 1 3
-3.1 -7.8 1.9 216 0 1 3
-3 -8.6 1.4 195 0 1 3
-3 -7 2.2 206 0 1 3
-3 -7 2.3 192 0 1 3
-3 -6.6 2.3 211 0 1 3
-2.9 -8.7 1.1 219 0 1 3
-2.9 -8.6 1.4 204 0 1 3
-2.9 -7.7 1.8 166 0 1 3
-2.9 -7.6 1.8 201 0 1 3
-2.9 -7.3 2 170 0 1 3
-2.9 -6.3 1.2 182 0 1 3
-2.8 -10.4 0.4 202 0 1 1
-2.8 -9.7 0.5 202 0 1 1
-2.8 -9.1 0.5 198 0 1 1
-2.8 -9.1 0.6 203 0 1 3
-2.8 -8.4 0.5 217 0 1 1
-2.8 -6.5 0.5 205 0 1 1
-2.8 -6.4 1.2 211 0 1 3
-2.8 -5.9 0.5 206 0 1 1
-2.8 -5.2 0.5 204 0 1 1
-2.8 -4.6 0.4 197 0 1 1
-2.8 -3.9 0.4 195 0 1 1
-2.8 -3.3 0.3 193 0 1 1
-2.7 -14.9 0.1 205 0 1 1
-2.7 -14.2 0.1 211 0 1 1
-2.7 -13.6 0.2 208 0 1 1
-2.7 -13 0.3 203 0 1 1
-2.7 -12.3 0.3 203 0 1 1
-2.7 -11.7 0.3 204 0 1 1
-2.7 -11 0.4 201 0 1 1
-2.6 -20 0 131 0 1 1
-2.6 -19.4 0 195 0 1 1
-2.6 -18.8 0 193 0 1 1
-2.6 -18.1 0 193 0 1 1
-2.6 -17.5 0 196 0 1 1
-2.6 -16.8 0 194 0 1 1
-2.6 -16.2 0 198 0 1 1
-2.6 -15.5 0.1 203 0 1 1
-2.6 -7.6 0.6 211 0 1 3
-2.6 -7.2 0.6 216 0 1 3
-2.6 -6.9 0.6 207 0 1 3
-2.6 -6.6 0.6 199 0 1 3
-2.3 -5.3 0.5 181 0 1 2
-2.3 -5.2 0.5 185 0 1 2
-2.3 -5.1 0.5 196 0 1 2
-2.1 -12.3 0.2 206 0 1 1
-2.1 -11.7 0.3 205 0 1 1
-2.1 -11 0.3 201 0 1 1
-2.1 -10.4 0.4 201 0 1 1
-2.1 -9.7 0.4 200 0 1 1
-2.1 -7.1 0.4 199 0 1 1
-2.1 -5.6 0.6 193 0 1 2
-2.1 -5.2 0.7 203 0 1 2
-2.1 -5.1 0.7 200 0 1 2
-2.1 -5 0.6 50 0 1 2
-2.1 -5 0.7 190 0 1 2
-2.1 -4.6 0.4 201 0 1 1
-2.1 -3.9 0.3 197 0 1 1
-2.1 -3.3 0.3 194 0 1 1
-2.1 -2.6 0.2 192 0 1 1
-2 -20 0 131 0 1 1
-2 -19.4 0 196 0 1 1
-2 -18.8 0 195 0 1 1
-2 -14.2 0.1 211 0 1 1
-2 -13.6 0.2 213 0 1 1
-2 -13 0.2 207 0 1 1
-2 -7.2 0.7 195 0 1 2
-2 -7.1 0.5 195 0 1 2
-2 -7.1 0.7 180 0 1 2
-2 -7 0.6 190 0 1 2
-2 -7 0.7 188 0 1 2
-2 -5.1 0.7 196 0 1 2
-2 -5 0.7 121 0 1 2
-2 -4.9 0.5 55 0 1 2
-2 -4.9 0.6 46 0 1 2
-1.9 -7.5 0.8 196 0 1 2
-1.9 -7.4 0.7 54 0 1 2
-1.9 -7.4 0.8 187 0 1 2
-1.9 -7.3 0.7 196 0 1 2
-1.9 -7 0.7 56 0 1 2
-1.9 -5.5 0.7 196 0 1 2
-1.9 -5.3 0.7 190 0 1 2
-1.9 -5 0.7 196 0 1 2
-1.9 -4.9 0.4 194 0 1 2
-1.9 -4.9 0.5 48 0 1 2
-1.9 -4.9 0.7 109 0 1 2
-1.8 -7.6 0.8 195 0 1 2
-1.8 -7.3 0.7 147 0 1 2
-1.8 -7 0.7 142 0 1 2
-1.8 -5.4 0.7 193 0 1 2
-1.8 -5 0.7 193 0 1 2
-1.8 -4.9 0.5 79 0 1 2
-1.8 -4.9 0.6 130 0 1 2
-1.7 -12.8 0.3 120 0 1 2
-1.7 -12.7 0.2 186 0 1 2
-1.7 -12.7 0.3 96 0 1 2
-1.7 -12.7 0.5 63 0 1 2
-1.7 -7.6 0.8 203 0 1 2
-1.7 -7.3 0.7 141 0 1 2
-1.7 -7 0.6 167 0 1 2
-1.7 -5.3 0.7 198 0 1 2
-1.7 -5.2 0.7 202 0 1 2
-1.7 -5.1 0.7 195 0 1 2
-1.7 -5 0.4 174 0 1 2
-1.7 -5 0.5 178 0 1 2
-1.7 -5 0.6 212 0 1 2
-1.7 -4.9 0.3 202 0 1 2
-1.7 -4.9 0.4 133 0 1 2
-1.7 -4.9 0.5 181 0 1 2
-1.6 -12.9 0.5 196 0 1 2
-1.6 -12.8 0.5 201 0 1 2
-1.6 -12.6 0.3 48 0 1 2
-1.6 -12.6 0.4 54 0 1 2
-1.6 -7.6 0.7 200 0 1 2
-1.6 -7.3 0.7 202 0 1 2
-1.6 -7.1 0.7 193 0 1 2
-1.6 -7 0.5 52 0 1 2
-1.6 -5.3 0.7 201 0 1 2
-1.6 -5.2 0.4 201 0 1 2
-1.6 -5.2 0.5 212 0 1 2
-1.6 -5.2 0.6 213 0 1 2
-1.6 -5.1 0.4 198 0 1 2
-1.6 -5.1 0.6 211 0 1 2
-1.6 -5 0.6 207 0 1 2
-1.5 -12.9 0.5 198 0 1 2
-1.5 -12.7 0.5 172 0 1 2
-1.5 -12.6 0.2 206 0 1 2
-1.5 -12.6 0.3 86 0 1 2
-1.5 -12.6 0.4 51 0 1 2
-1.5 -9.1 0.4 199 0 1 1
-1.5 -8.4 0.4 198 0 1 1
-1.5 -7.5 0.7 204 0 1 2
-1.5 -7.4 0.7 207 0 1 2
-1.5 -7.2 0.7 122 0 1 2
-1.5 -7.1 0.6 186 0 1 2
-1.5 -7 0.5 177 0 1 2
-1.5 -6.5 0.4 200 0 1 1
-1.5 -5.9 0.4 202 0 1 1
-1.5 -5.2 0.4 204 0 1 1
-1.5 -4.6 0.3 202 0 1 1
-1.5 -3.9 0.3 198 0 1 1
-1.5 -3.3 0.2 194 0 1 1
-1.4 -13 0.6 197 0 1 2
-1.4 -12.6 0.2 50 0 1 2
-1.4 -12.6 0.3 51 0 1 2
-1.4 -12.6 0.4 153 0 1 2
-1.4 -12.6 0.5 183 0 1 2
-1.4 -12.3 0.2 206 0 1 1
-1.4 -11.7 0.2 206 0 1 1
-1.4 -11 0.3 199 0 1 1
-1.4 -10.4 0.3 201 0 1 1
-1.4 -9.7 0.4 200 0 1 1
-1.4 -7.5 0.7 203 0 1 2
-1.4 -7.4 0.5 197 0 1 2
-1.4 -7.3 0.5 194 0 1 2
-1.4 -7.3 0.7 221 0 1 2
-1.4 -7.2 0.6 193 0 1 2
-1.4 -7.2 0.7 213 0 1 2
-1.3 -20 0 131 0 1 1
-1.3 -19.4 0 196 0 1 1
-1.3 -18.8 0 196 0 1 1
-1.3 -18.1 0 197 0 1 1
-1.3 -17.5 0 198 0 1 1
-1.3 -16.8 0 196 0 1 1
-1.3 -16.2 0 198 0 1 1
-1.3 -15.5 0 202 0 1 1
-1.3 -14.9 0 201 0 1 1
-1.3 -12.7 0.4 182 0 1 2
-1.3 -12.7 0.6 180 0 1 2
-1.3 -12.6 0.2 191 0 1 2
-1.3 -12.6 0.3 102 0 1 2
-1.3 -7.4 0.6 198 0 1 2
-1.3 -7.4 0.7 203 0 1 2
-1.2 -12.9 0.2 206 0 1 2
-1.2 -12.9 0.5 215 0 1 2
-1.2 -12.8 0.5 200 0 1 2
-1.2 -12.7 0.2 205 0 1 2
-1.2 -12.7 0.3 195 0 1 2
-1.2 -12.7 0.4 206 0 1 2
-1.2 -12.7 0.6 190 0 1 2
-1.2 -12.6 0.2 191 0 1 2
-1.2 -12.6 0.4 171 0 1 2
-0.8 -11 0.2 203 0 1 1
-0.8 -10.4 0.3 196 0 1 1
-0.8 -9.7 0.3 199 0 1 1
-0.8 -9.1 0.3 199 0 1 1
-0.8 -8.4 0.4 200 0 1 1
-0.8 -7.8 0.4 201 0 1 1
-0.8 -7.1 0.4 204 0 1 1
-0.8 -6.5 0.4 198 0 1 1
-0.8 -5.9 0.4 201 0 1 1
-0.8 -5.2 0.3 204 0 1 1
-0.8 -4.6 0.3 201 0 1 1
-0.8 -3.9 0.2 199 0 1 1
-0.8 -3.3 0.2 192 0 1 1
-0.7 -20 0 135 0 1 1
-0.7 -19.4 0 198 0 1 1
-0.7 -18.8 0 196 0 1 1
-0.7 -18.1 0 201 0 1 1
-0.7 -17.5 0 199 0 1 1
-0.7 -16.8 0 195 0 1 1
-0.7 -16.2 0 200 0 1 1
-0.7 -15.5 0 200 0 1 1
-0.7 -14.9 0 200 0 1 1
-0.7 -14.2 0 204 0 1 1
-0.7 -13.6 0.1 206 0 1 1
-0.7 -13 0.1 209 0 1 1
-0.7 -12.3 0.2 207 0 1 1
-0.7 -11.7 0.2 204 0 1 1
-0.1 -20 0 135 0 1 1
-0.1 -19.4 0 197 0 1 1
-0.1 -18.8 0 197 0 1 1
-0.1 -18.1 0 199 0 1 1
-0.1 -17.5 0 201 0 1 1
-0.1 -16.8 0 199 0 1 1
-0.1 -16.2 0 204 0 1 1
-0.1 -15.5 0 201 0 1 1
-0.1 -14.9 0 203 0 1 1
-0.1 -14.2 0 204 0 1 1
-0.1 -13.6 0 208 0 1 1
-0.1 -13 0.1 212 0 1 1
-0.1 -12.3 0.1 207 0 1 1
-0.1 -11.7 0.2 207 0 1 1
-0.1 -11 0.2 202 0 1 1
-0.1 -10.4 0.3 201 0 1 1
-0.1 -9.7 0.3 203 0 1 1
-0.1 -9.1 0.3 203 0 1 1
-0.1 -8.4 0.4 205 0 1 1
-0.1 -7.8 0.4 203 0 1 1
-0.1 -7.1 0.4 204 0 1 1
-0.1 -6.5 0.4 201 0 1 1
-0.1 -5.9 0.4 197 0 1 1
-0.1 -5.2 0.3 200 0 1 1
-0.1 -4.6 0.3 202 0 1 1
-0.1 -3.9 0.2 196 0 1 1
-0.1 -3.3 0.2 195 0 1 1
0.5 -9.1 0.3 200 0 1 1
0.5 -8.4 0.4 200 0 1 1
0.5 -7.8 0.4 197 0 1 1
0.5 -7.1 0.4 198 0 1 1
0.5 -6.5 0.4 192 0 1 1
0.5 -5.9 0.4 200 0 1 1
0.5 -5.2 0.3 197 0 1 1
0.5 -4.6 0.3 200 0 1 1
0.5 -3.9 0.2 197 0 1 1
0.5 -3.3 0.2 197 0 1 1
0.6 -20 0 141 0 1 1
0.6 -19.4 0 197 0 1 1
0.6 -18.8 0 198 0 1 1
0.6 -18.1 0 197 0 1 1
0.6 -17.5 0 196 0 1 1
0.6 -16.8 0 199 0 1 1
0.6 -16.2 0 200 0 1 1
0.6 -15.5 0 201 0 1 1
0.6 -14.9 0 206 0 1 1
0.6 -14.2 0 206 0 1 1
0.6 -13.6 0 205 0 1 1
0.6 -13 0.1 205 0 1 1
0.6 -12.3 0.1 210 0 1 1
0.6 -11.7 0.2 208 0 1 1
0.6 -11 0.2 204 0 1 1
0.6 -10.4 0.3 202 0 1 1
0.6 -9.7 0.3 204 0 1 1
0.7 -6.5 0.8 57 0 1 2
0.7 -6.4 0.5 168 0 1 2
0.7 -6.4 0.6 56 0 1 2
0.7 -6.4 0.8 138 0 1 2
0.7 -6.4 0.9 169 0 1 2
0.7 -6.3 0.5 56 0 1 2
0.7 -6.3 0.6 178 0 1 2
0.8 -6.6 0.6 57 0 1 2
0.8 -6.6 0.8 200 0 1 2
0.8 -6.2 0.5 59 0 1 2
0.8 -6.1 0.5 62 0 1 2
0.8 -6.1 0.9 135 0 1 2
0.8 -6 0.5 59 0 1 2
0.8 -6 0.6 56 0 1 2
0.8 -6 0.8 62 0 1 2
0.8 -5.9 0.6 55 0 1 2
0.9 -6.6 0.8 200 0 1 2
1 -6.3 0.8 206 0 1 2
1 -5.9 0.7 55 0 1 2
1 -5.8 0.5 55 0 1 2
1.1 -6.6 0.8 202 0 1 2
1.1 -5.9 0.9 192 0 1 2
1.2 -20 0 140 0 1 1
1.2 -19.4 0 198 0 1 1
1.2 -18.8 0 199 0 1 1
1.2 -18.1 0 200 0 1 1
1.2 -17.5 0 199 0 1 1
1.2 -16.8 0 202 0 1 1
1.2 -16.2 0 200 0 1 1
1.2 -15.5 0 201 0 1 1
1.2 -14.9 0 204 0 1 1
1.2 -14.2 0 205 0 1 1
1.2 -13.6 0 202 0 1 1
1.2 -13 0.1 204 0 1 1
1.2 -12.3 0.1 210 0 1 1
1.2 -11.7 0.2 207 0 1 1
1.2 -11 0.2 206 0 1 1
1.2 -10.4 0.3 201 0 1 1
1.2 -9.7 0.3 202 0 1 1
1.2 -6.2 0.8 195 0 1 2
1.2 -6.2 0.9 171 0 1 2
1.2 -5.9 0.9 179 0 1 2
1.2 -5.8 0.6 56 0 1 2
1.2 -5.2 0.3 196 0 1 1
1.2 -4.6 0.3 204 0 1 1
1.2 -3.9 0.3 201 0 1 1
1.2 -3.3 0.2 199 0 1 1
1.3 -6.5 0.8 196 0 1 2
1.3 -6.2 0.9 211 0 1 2
1.3 -5.8 0.4 99 0 1 2
1.3 -5.8 0.7 57 0 1 2
1.4 -5.8 0.6 53 0 1 2
1.5 -6.5 0.8 206 0 1 2
1.5 -5.8 0.4 180 0 1 2
1.5 -5.8 0.9 198 0 1 2
1.7 -6.4 0.8 207 0 1 2
1.7 -6.3 0.8 214 0 1 2
1.7 -6.1 0.8 215 0 1 2
1.7 -5.8 0.5 57 0 1 2
1.8 -6.4 0.8 201 0 1 2
1.8 -5.9 0.8 210 0 1 2
1.8 -5.8 0.6 171 0 1 2
1.9 -20 0 137 0 1 1
1.9 -19.4 0 196 0 1 1
1.9 -18.8 0 201 0 1 1
1.9 -18.1 0 204 0 1 1
1.9 -17.5 0 201 0 1 1
1.9 -16.8 0 200 0 1 1
1.9 -16.2 0 203 0 1 1
1.9 -15.5 0 202 0 1 1
1.9 -14.9 0 202 0 1 1
1.9 -14.2 0 209 0 1 1
1.9 -13.6 0.1 203 0 1 1
1.9 -13 0.1 206 0 1 1
1.9 -12.3 0.2 210 0 1 1
1.9 -11.7 0.2 154 0 1 1
1.9 -11 0.3 128 0 1 1
1.9 -10.4 0.3 92 0 1 1
1.9 -9.7 0.4 190 0 1 1
1.9 -9.1 0.4 188 0 1 1
1.9 -6.2 0.8 203 0 1 2
1.9 -5.8 0.4 71 0 1 2
1.9 -5.8 0.5 136 0 1 2
1.9 -5.8 0.6 173 0 1 2
1.9 -5.2 0.4 201 0 1 1
1.9 -4.6 0.3 207 0 1 1
1.9 -3.9 0.3 203 0 1 1
1.9 -3.3 0.2 203 0 1 1
2 -6.3 0.6 201 0 1 2
2 -6.3 0.7 195 0 1 2
2 -6.3 0.8 209 0 1 2
2 -6.2 0.8 204 0 1 2
2 -6.1 0.6 204 0 1 2
2 -6 0.6 201 0 1 2
2.5 -20 0 138 0 1 1
2.5 -19.4 0 203 0 1 1
2.5 -18.8 0 202 0 1 1
2.5 -18.1 0 198 0 1 1
2.5 -17.5 0 201 0 1 1
2.5 -16.8 0 198 0 1 1
2.5 -16.2 0 205 0 1 1
2.5 -15.5 0 202 0 1 1
2.5 -14.9 0 204 0 1 1
2.5 -14.2 0.1 207 0 1 1
2.5 -13.6 0.1 204 0 1 1
2.5 -13 0.1 203 0 1 1
2.5 -12.3 0.2 72 0 1 1
2.5 -11.7 0.3 59 0 1 1
2.5 -11 0.3 58 0 1 1
2.5 -10.4 0.4 60 0 1 1
2.5 -9.7 0.4 122 0 1 1
2.5 -9.1 0.4 198 0 1 1
2.5 -8.4 0.5 204 0 1 1
2.5 -7.1 0.5 197 0 1 1
2.5 -6.5 0.5 195 0 1 1
2.5 -5.9 0.5 197 0 1 1
2.5 -5.2 0.4 200 0 1 1
2.5 -4.6 0.4 204 0 1 1
2.5 -4.3 0.5 184 0 1 2
2.5 -4.3 0.7 152 0 1 2
2.5 -4 0.5 195 0 1 2
2.5 -3.9 0.3 208 0 1 1
2.5 -3.9 0.7 53 0 1 2
2.5 -3.3 0.3 210 0 1 1
2.5 -2.6 0.2 213 0 1 1
2.6 -4.3 0.7 185 0 1 2
2.6 -4.3 0.8 165 0 1 2
2.6 -4.3 0.9 194 0 1 2
2.6 -4.2 0.8 59 0 1 2
2.6 -4.2 0.9 116 0 1 2
2.6 -4.1 0.9 166 0 1 2
2.6 -4 0.9 58 0 1 2
2.6 -3.9 0.8 51 0 1 2
2.6 -3.9 0.9 129 0 1 2
2.6 -3.8 0.6 60 0 1 2
2.7 -4.3 0.9 194 0 1 2
2.7 -4.2 0.9 189 0 1 2
2.7 -4 0.9 128 0 1 2
2.7 -4 1 199 0 1 2
2.7 -3.8 0.5 165 0 1 2
2.7 -3.8 0.6 53 0 1 2
2.7 -3.8 0.8 150 0 1 2
2.8 -4.2 0.9 186 0 1 2
2.8 -4.2 1 184 0 1 2
2.8 -4.1 0.9 158 0 1 2
2.8 -4.1 1 208 0 1 2
2.8 -4 0.9 195 0 1 2
2.8 -4 1 228 0 1 2
2.8 -3.9 0.9 190 0 1 2
2.8 -3.8 0.5 147 0 1 2
2.8 -3.8 0.8 75 0 1 2
2.9 -4.2 0.9 146 0 1 2
2.9 -4 0.8 193 0 1 2
2.9 -4 0.9 155 0 1 2
2.9 -3.9 0.7 214 0 1 2
2.9 -3.9 0.8 219 0 1 2
2.9 -3.8 0.5 139 0 1 2
2.9 -3.8 0.7 174 0 1 2
3 -4.3 0.9 145 0 1 2
3 -4.2 0.8 157 0 1 2
3 -4.1 0.8 236 0 1 2
3 -4 0.8 234 0 1 2
3 -3.9 0.7 212 0 1 2
3.1 -4.2 0.8 187 0 1 2
3.1 -4 0.7 229 0 1 2
3.1 -3.9 0.6 208 0 1 2
3.1 -3.8 0.5 210 0 1 2
3.1 -3.8 0.6 186 0 1 2
3.1 -3.8 0.7 219 0 1 2
3.2 -20 0 138 0 1 1
3.2 -19.4 0 204 0 1 1
3.2 -18.8 0 204 0 1 1
3.2 -18.1 0 204 0 1 1
3.2 -17.5 0 203 0 1 1
3.2 -16.8 0 204 0 1 1
3.2 -16.2 0 208 0 1 1
3.2 -15.5 0 202 0 1 1
3.2 -14.9 0 203 0 1 1
3.2 -14.2 0.1 210 0 1 1
3.2 -13.6 0.1 208 0 1 1
3.2 -13 0.2 101 0 1 1
3.2 -12.3 0.2 61 0 1 1
3.2 -11.7 0.3 59 0 1 1
3.2 -11 0.4 56 0 1 1
3.2 -10.4 0.4 57 0 1 1
3.2 -9.7 0.5 61 0 1 1
3.2 -9.1 0.5 195 0 1 1
3.2 -8.4 0.5 200 0 1 1
3.2 -7.8 0.5 196 0 1 1
3.2 -7.1 0.5 199 0 1 1
3.2 -6.5 0.5 197 0 1 1
3.2 -5.9 0.5 196 0 1 1
3.2 -4.2 0.7 208 0 1 2
3.2 -4.1 0.7 217 0 1 2
3.2 -4 0.6 215 0 1 2
3.2 -3.9 0.4 215 0 1 1
3.2 -3.9 0.6 201 0 1 2
3.2 -3.3 0.4 223 0 1 1
3.8 -20 0 144 0 1 1
3.8 -19.4 0 203 0 1 1
3.8 -18.8 0 204 0 1 1
3.8 -18.1 0 205 0 1 1
3.8 -17.5 0 205 0 1 1
3.8 -16.8 0 207 0 1 1
3.8 -16.2 0 204 0 1 1
3.8 -15.5 0 203 0 1 1
3.8 -14.9 0.1 206 0 1 1
3.8 -14.2 0.1 204 0 1 1
3.8 -13.6 0.2 206 0 1 1
3.8 -13 0.2 84 0 1 1
3.8 -12.3 0.3 59 0 1 1
3.8 -11.7 0.4 59 0 1 1
3.8 -11 0.4 57 0 1 1
3.8 -10.4 0.5 57 0 1 1
3.8 -9.7 0.5 60 0 1 1
3.8 -9.1 0.6 112 0 1 1
3.8 -8.4 0.6 201 0 1 1
3.8 -7.8 0.6 201 0 1 1
3.8 -7.1 0.6 196 0 1 1
3.8 -6.5 0.6 200 0 1 1
3.8 -5.9 0.6 201 0 1 1
3.8 -5.2 0.6 210 0 1 1
3.8 -4.6 0.5 212 0 1 1
3.8 -3.9 0.5 225 0 1 1
4.5 -20 0 141 0 1 1
4.5 -19.4 0 206 0 1 1
4.5 -18.8 0 208 0 1 1
4.5 -18.1 0 202 0 1 1
4.5 -17.5 0 205 0 1 1
4.5 -16.8 0 203 0 1 1
4.5 -16.2 0 209 0 1 1
4.5 -15.5 0 207 0 1 1
4.5 -14.9 0.1 208 0 1 1
4.5 -14.2 0.2 209 0 1 1
4.5 -13.6 0.2 206 0 1 1
4.5 -13 0.3 60 0 1 1
4.5 -12.3 0.4 58 0 1 1
4.5 -11.9 0.7 62 0 1 3
4.5 -11.7 0.4 56 0 1 1
4.5 -11.6 2.4 71 0 1 3
4.5 -11.4 0.7 58 0 1 3
4.5 -11.4 2.3 66 0 1 3
4.5 -11.2 1.1 56 0 1 3
4.5 -11 0.5 56 0 1 1
4.5 -10.4 0.5 55 0 1 1
4.5 -9.7 0.6 60 0 1 1
4.5 -9.1 0.6 62 0 1 1
4.5 -8.4 0.7 201 0 1 1
4.5 -7.8 0.7 203 0 1 1
4.5 -7.1 0.7 205 0 1 1
4.5 -6.5 0.7 204 0 1 1
4.5 -5.9 0.7 209 0 1 1
4.5 -5.2 0.6 217 0 1 1
4.5 -4.6 0.6 228 0 1 1
4.7 -13.1 0.8 70 0 1 3
4.7 -13.1 2.3 61 0 1 3
4.7 -12.8 0.5 56 0 1 3
4.7 -12.2 0.5 59 0 1 3
4.8 -13.4 0.4 63 0 1 3
4.8 -13.4 1.8 54 0 1 3
4.8 -13.2 0.7 67 0 1 3
4.8 -10.9 0.8 54 0 1 3
5.1 -20 0 147 0 1 1
5.1 -19.4 0 210 0 1 1
5.1 -18.8 0 209 0 1 1
5.1 -18.1 0 205 0 1 1
5.1 -17.5 0 209 0 1 1
5.1 -16.8 0 206 0 1 1
5.1 -16.2 0 207 0 1 1
5.1 -15.5 0.1 206 0 1 1
5.1 -14.9 0.1 208 0 1 1
5.1 -14.2 0.2 210 0 1 1
5.1 -10.4 0.6 59 0 1 1
5.1 -9.7 0.7 61 0 1 1
5.1 -9.1 0.7 60 0 1 1
5.1 -8.4 0.7 199 0 1 1
5.1 -7.8 0.8 205 0 1 1
5.1 -7.1 0.8 206 0 1 1
5.1 -6.5 0.8 213 0 1 1
5.1 -5.9 0.7 219 0 1 1
5.1 -5.2 0.7 229 0 1 1
5.4 -10.3 0.7 54 0 1 3
5.5 -10.4 1.7 55 0 1 3
5.8 -20 0 145 0 1 1
5.8 -19.4 0 209 0 1 1
5.8 -18.8 0 210 0 1 1
5.8 -18.1 0 205 0 1 1
5.8 -17.5 0 210 0 1 1
5.8 -16.8 0 210 0 1 1
5.8 -16.2 0 205 0 1 1
5.8 -10.6 2.5 63 0 1 3
5.8 -9.7 0.7 60 0 1 1
5.8 -9.1 0.8 63 0 1 1
5.8 -8.4 0.8 171 0 1 1
5.8 -7.8 0.8 207 0 1 1
5.8 -7.1 0.8 213 0 1 1
5.8 -6.5 0.8 218 0 1 1
5.8 -5.9 0.8 230 0 1 1
6.2 -10.3 2.5 56 0 1 3
6.4 -20 0 144 0 1 1
6.4 -19.4 0 207 0 1 1
6.4 -18.8 0 211 0 1 1
6.4 -18.1 0 209 0 1 1
6.4 -10.4 2.7 79 0 1 3
6.4 -9.7 0.8 59 0 1 1
6.4 -9.1 0.8 62 0 1 1
6.4 -8.4 0.9 188 0 1 1
6.4 -7.8 0.9 215 0 1 1
6.4 -7.1 0.9 221 0 1 1
6.4 -6.5 0.9 231 0 1 1
6.6 -10.2 2.6 127 0 1 3
6.6 -9.8 1.2 56 0 1 3
7 -20 0 148 0 1 1
7 -19.4 0 60 0 1 1
7 -9.1 0.9 61 0 1 1
7 -8.4 0.9 171 0 1 1
7 -7.8 0.9 223 0 1 1
7 -7.1 0.9 229 0 1 1
7.1 -9.7 1.8 67 0 1 3
7.1 -9.6 1 54 0 1 3
7.7 -9.7 2.4 57 0 1 3
7.7 -9.1 0.9 62 0 1 1
7.7 -8.4 0.9 188 0 1 1
7.7 -7.8 0.9 230 0 1 1
8.3 -9.1 0.9 60 0 1 1
8.3 -8.4 0.9 232 0 1 1
9 -9.1 0.9 217 0 1 1
9.2 -9.4 2.2 67 0 1 3
