-19.4 -20 0 110 0 1 1
-18.8 -19.4 0 170 0 1 1
-18.1 -18.8 0 171 0 1 1
-17.5 -18.1 0 180 0 1 1
-9.4 -9.7 0.8 186 0 1 1
-8.8 -9.1 0.9 194 0 1 1
-6.5 -20 0 130 0 1 1
-5.9 -20 0 128 0 1 1
-5.9 -19.4 0 194 0 1 1
-5.9 -18.8 0 196 0 1 1
-5.9 -18.1 0 204 0 1 1
-5.7 -5.8 1 59 0 1 3
-5.7 -5.8 1.1 167 0 1 3
-5.6 -6.6 2.7 145 0 1 3
-5.6 -6.4 2.4 62 0 1 3
-5.6 -6.3 2.2 83 0 1 3
-5.6 -6.2 2.2 114 0 1 3
-5.6 -6.1 2 68 0 1 3
-5.6 -6 1.6 58 0 1 3
-5.6 -6 1.8 58 0 1 3
-5.6 -5.9 1.4 135 0 1 3
-5.6 -5.9 1.5 61 0 1 3
-5.6 -5.9 1.6 53 0 1 3
-5.6 -5.8 1 52 0 1 3
-5.5 -6.6 2.8 113 0 1 3
-5.5 -6.5 2.6 60 0 1 3
-5.5 -6.5 2.7 73 0 1 3
-5.5 -6.1 2.1 75 0 1 3
-5.5 -6 1.8 59 0 1 3
-5.5 -6 2 58 0 1 3
-5.5 -5.9 1.4 51 0 1 3
-5.5 -5.9 1.6 54 0 1 3
-5.4 -6.7 2.8 158 0 1 3
-5.4 -6 1.8 53 0 1 3
-5.4 -6 1.9 59 0 1 3
-5.4 -6 2 58 0 1 3
-5.4 -6 2.1 89 0 1 3
-5.4 -5.9 1.5 53 0 1 3
-5.4 -5.9 1.7 53 0 1 3
-5.3 -6.8 2.8 138 0 1 3
-5.3 -6.4 2.7 168 0 1 3
-5.3 -6.2 2.3 55 0 1 3
-5.2 -20 0 130 0 1 1
-5.2 -19.4 0 191 0 1 1
-5.2 -18.8 0 197 0 1 1
-5.2 -18.1 0 195 0 1 1
-5.2 -17.5 0 199 0 1 1
-5.2 -16.8 0.1 197 0 1 1
-5.2 -6.9 2.9 158 0 1 3
-5.2 -6.4 2.7 142 0 1 3
-5.2 -6.3 2.5 58 0 1 3
-5.2 -6.2 2.3 116 0 1 3
-5.2 -6.1 2.2 145 0 1 3
-5.1 -6.9 2.9 157 0 1 3
-5.1 -6.5 2.7 166 0 1 3
-5.1 -6 1.9 52 0 1 3
-5.1 -6 2.2 121 0 1 3
-5 -7 3 160 0 1 3
-5 -6.4 2.7 166 0 1 3
-4.9 -7.3 3.1 125 0 1 3
-4.9 -7.2 3.1 136 0 1 3
-4.9 -7.1 3 149 0 1 3
-4.9 -6.3 2.7 162 0 1 3
-4.9 -6.2 2.4 54 0 1 3
-4.9 -6.2 2.6 55 0 1 3
-4.9 -6.1 2.3 57 0 1 3
-4.8 -7.3 3.1 139 0 1 3
-4.8 -6.2 2.7 138 0 1 3
-4.8 -6.1 2.5 60 0 1 3
-4.8 -6 2.3 65 0 1 3
-4.8 -5.2 0.6 56 0 1 1
-4.7 -6.2 2.7 119 0 1 3
-4.7 -6.1 2.5 54 0 1 3
-4.6 -20 0 136 0 1 1
-4.6 -19.4 0 192 0 1 1
-4.6 -18.8 0 192 0 1 1
-4.6 -18.1 0 193 0 1 1
-4.6 -17.5 0 194 0 1 1
-4.6 -16.8 0 201 0 1 1
-4.6 -16.2 0.1 192 0 1 1
-4.6 -15.5 0.1 207 0 1 1
-4.6 -14.9 0.2 206 0 1 1
-4.6 -7.1 3.1 172 0 1 3
-4.6 -6.6 2.9 167 0 1 3
-4.6 -6.2 2.7 109 0 1 3
-4.6 -6.1 2.7 94 0 1 3
-4.5 -7.2 3.1 150 0 1 3
-4.5 -7.1 3.1 174 0 1 3
-4.5 -6.9 3 171 0 1 3
-4.5 -6.7 2.9 171 0 1 3
-4.5 -5.7 1 55 0 1 3
-4.4 -7 3.1 176 0 1 3
-4.4 -6.7 3 168 0 1 3
-4.3 -6.3 2.8 152 0 1 3
-4.2 -7 3.1 180 0 1 3
-4.2 -6 2.1 55 0 1 3
-4.2 -5.8 1.4 48 0 1 3
-4.2 -5.2 0.6 197 0 1 1
-4.2 -4.6 0.5 191 0 1 1
-4.1 -6.9 3.1 176 0 1 3
-4.1 -6.2 2.7 146 0 1 3
-4.1 -6.1 2.6 76 0 1 3
-4.1 -6 2.3 52 0 1 3
-4 -15.5 0.1 201 0 1 1
-4 -14.9 0.2 209 0 1 1
-4 -14.2 0.2 205 0 1 1
-4 -13.6 0.3 203 0 1 1
-4 -13 0.3 203 0 1 1
-4 -6.9 3 184 0 1 3
-4 -6.8 3.1 151 0 1 3
-3.9 -20 0 136 0 1 1
-3.9 -19.4 0 193 0 1 1
-3.9 -18.8 0 191 0 1 1
-3.9 -18.1 0 196 0 1 1
-3.9 -17.5 0 203 0 1 1
-3.9 -16.8 0 195 0 1 1
-3.9 -16.2 0.1 198 0 1 1
-3.9 -7 3 202 0 1 3
-3.9 -6.8 3 213 0 1 3
-3.9 -6.7 3 192 0 1 3
-3.9 -6.5 3 198 0 1 3
-3.8 -7.1 2.9 204 0 1 3
-3.8 -6.8 2.9 214 0 1 3
-3.7 -6.4 2.8 183 0 1 3
-3.7 -6.1 2.6 123 0 1 3
-3.7 -5.6 0.6 185 0 1 3
-3.6 -7.2 2.8 203 0 1 3
-3.6 -6.7 2.7 215 0 1 3
-3.6 -6.2 2.7 205 0 1 3
-3.6 -6.1 2.6 127 0 1 3
-3.6 -6 2.2 67 0 1 3
-3.6 -5.9 1.9 51 0 1 3
-3.6 -5.9 2 120 0 1 3
-3.6 -5.7 1 49 0 1 3
-3.6 -5.7 1.2 49 0 1 3
-3.5 -7.2 2.7 208 0 1 3
-3.5 -6.8 2.7 211 0 1 3
-3.5 -6.3 2.6 209 0 1 3
-3.5 -6.2 2.5 142 0 1 3
-3.5 -5.9 0.6 203 0 1 1
-3.5 -5.8 1.4 96 0 1 3
-3.5 -5.8 1.6 60 0 1 3
-3.5 -5.2 0.5 198 0 1 1
-3.5 -4.6 0.5 195 0 1 1
-3.5 -3.9 0.4 195 0 1 1
-3.4 -13 0.3 203 0 1 1
-3.4 -12.3 0.4 201 0 1 1
-3.4 -11.7 0.4 198 0 1 1
-3.4 -11 0.5 202 0 1 1
-3.4 -7.3 2.6 169 0 1 3
-3.4 -6.8 2.6 213 0 1 3
-3.4 -6.4 2.5 175 0 1 3
-3.4 -6.3 2.4 141 0 1 3
-3.3 -20 0 134 0 1 1
-3.3 -19.4 0 195 0 1 1
-3.3 -18.8 0 198 0 1 1
-3.3 -18.1 0 198 0 1 1
-3.3 -17.5 0 199 0 1 1
-3.3 -16.8 0 194 0 1 1
-3.3 -16.2 0 197 0 1 1
-3.3 -15.5 0.1 200 0 1 1
-3.3 -14.9 0.1 208 0 1 1
-3.3 -14.2 0.2 208 0 1 1
-3.3 -13.6 0.2 206 0 1 1
-3.3 -7.6 2.3 215 0 1 3
-3.3 -7.4 2.4 198 0 1 3
-3.3 -6.2 1.8 145 0 1 3
-3.3 -6 0.9 50 0 1 3
-3.2 -7.3 2.3 178 0 1 3
-3.2 -7.1 2.4 138 0 1 3
-3.2 -6.7 2.4 213 0 1 3
-3.2 -6.5 2.4 203 0 1 3
-3.2 -6.1 0.6 194 0 1 3
-3.2 -6 1.3 103 0 1 3
-3.1 -7.9 1.9 198 0 1 3
-3.1 -7.3 2.2 197 0 1 3
-3.1 -6.1 1.3 147 0 1 3
-3 -8.6 1.4 173 0 1 3
-3 -8.4 1.6 207 0 1 3
-3 -7.9 1.7 203 0 1 3
-3 -7.8 1.8 186 0 1 3
-3 -7.5 1.9 182 0 1 3
-3 -7.4 2 163 0 1 3
-3 -7 2.2 192 0 1 3
-3 -7 2.3 179 0 1 3
-3 -6.8 2.2 212 0 1 3
-3 -6.8 2.3 212 0 1 3
-3 -6.6 2.3 194 0 1 3
-2.9 -8.9 0.9 203 0 1 3
-2.9 -8.7 1.1 201 0 1 3
-2.9 -8.7 1.2 209 0 1 3
-2.9 -8.7 1.3 198 0 1 3
-2.9 -8.6 1.2 171 0 1 3
-2.9 -8.6 1.4 138 0 1 3
-2.9 -8.1 1.4 210 0 1 3
-2.9 -8.1 1.6 192 0 1 3
-2.9 -7.7 1.8 188 0 1 3
-2.9 -7.6 1.8 177 0 1 3
-2.9 -7.5 1.9 156 0 1 3
-2.9 -7.3 2 144 0 1 3
-2.9 -7.2 2.1 184 0 1 3
-2.9 -6.5 1.7 170 0 1 3
-2.9 -6.3 1.2 92 0 1 3
-2.8 -10.4 0.4 201 0 1 1
-2.8 -9.7 0.5 201 0 1 1
-2.8 -9.1 0.5 197 0 1 1
-2.8 -9.1 0.6 198 0 1 3
-2.8 -8.9 0.9 203 0 1 3
-2.8 -8.3 1.2 200 0 1 3
-2.8 -7.3 1.3 194 0 1 3
-2.8 -7.1 1.3 193 0 1 3
-2.8 -7 1.4 196 0 1 3
-2.8 -6.8 1.4 194 0 1 3
-2.8 -6.6 1.4 192 0 1 3
-2.8 -6.5 0.5 203 0 1 1
-2.8 -6.5 0.9 72 0 1 3
-2.8 -6.4 1.2 186 0 1 3
-2.8 -5.9 0.5 204 0 1 1
-2.8 -5.2 0.5 202 0 1 1
-2.8 -4.6 0.4 196 0 1 1
-2.8 -3.9 0.4 193 0 1 1
-2.8 -3.3 0.3 192 0 1 1
-2.7 -14.9 0.1 206 0 1 1
-2.7 -14.2 0.1 212 0 1 1
-2.7 -13.6 0.2 208 0 1 1
-2.7 -13 0.3 203 0 1 1
-2.7 -12.3 0.3 203 0 1 1
-2.7 -11.7 0.3 203 0 1 1
-2.7 -11 0.4 201 0 1 1
-2.7 -8.3 0.6 205 0 1 3
-2.7 -7.6 1.2 200 0 1 3
-2.7 -7.5 1.3 193 0 1 3
-2.7 -6.5 0.9 141 0 1 3
-2.6 -20 0 134 0 1 1
-2.6 -19.4 0 197 0 1 1
-2.6 -18.8 0 196 0 1 1
-2.6 -18.1 0 195 0 1 1
-2.6 -17.5 0 197 0 1 1
-2.6 -16.8 0 195 0 1 1
-2.6 -16.2 0 199 0 1 1
-2.6 -15.5 0.1 203 0 1 1
-2.6 -7.6 0.6 202 0 1 3
-2.6 -7.4 0.6 196 0 1 3
-2.6 -7.3 0.6 195 0 1 3
-2.6 -7.2 0.6 194 0 1 3
-2.6 -7.1 0.6 193 0 1 3
-2.6 -6.9 0.6 193 0 1 3
-2.6 -6.8 0.6 194 0 1 3
-2.6 -6.6 0.6 195 0 1 3
-2.3 -5.3 0.5 180 0 1 2
-2.3 -5.2 0.5 183 0 1 2
-2.3 -5.1 0.5 194 0 1 2
-2.1 -12.3 0.2 206 0 1 1
-2.1 -11.7 0.3 204 0 1 1
-2.1 -11 0.3 201 0 1 1
-2.1 -10.4 0.4 200 0 1 1
-2.1 -9.7 0.4 200 0 1 1
-2.1 -7.1 0.4 198 0 1 1
-2.1 -5.6 0.6 194 0 1 2
-2.1 -5.2 0.7 202 0 1 2
-2.1 -5.1 0.7 201 0 1 2
-2.1 -5 0.6 50 0 1 2
-2.1 -5 0.7 189 0 1 2
-2.1 -4.6 0.4 199 0 1 1
-2.1 -3.9 0.3 196 0 1 1
-2.1 -3.3 0.3 193 0 1 1
-2.1 -2.6 0.2 191 0 1 1
-2 -20 0 133 0 1 1
-2 -19.4 0 198 0 1 1
-2 -18.8 0 197 0 1 1
-2 -18.1 0 201 0 1 1
-2 -17.5 0 195 0 1 1
-2 -16.8 0 199 0 1 1
-2 -16.2 0 201 0 1 1
-2 -15.5 0 204 0 1 1
-2 -14.9 0.1 207 0 1 1
-2 -14.2 0.1 211 0 1 1
-2 -13.6 0.2 213 0 1 1
-2 -13 0.2 207 0 1 1
-2 -7.2 0.7 195 0 1 2
-2 -7.1 0.5 195 0 1 2
-2 -7.1 0.7 183 0 1 2
-2 -7 0.6 189 0 1 2
-2 -7 0.7 187 0 1 2
-2 -5.5 0.6 196 0 1 2
-2 -5.1 0.7 198 0 1 2
-2 -5 0.7 124 0 1 2
-2 -4.9 0.5 55 0 1 2
-2 -4.9 0.6 46 0 1 2
-1.9 -7.5 0.8 196 0 1 2
-1.9 -7.4 0.7 184 0 1 2
-1.9 -7.4 0.8 185 0 1 2
-1.9 -7.3 0.7 196 0 1 2
-1.9 -7.1 0.4 198 0 1 2
-1.9 -7 0.7 70 0 1 2
-1.9 -5.5 0.7 195 0 1 2
-1.9 -5.3 0.7 193 0 1 2
-1.9 -5 0.7 199 0 1 2
-1.9 -4.9 0.4 194 0 1 2
-1.9 -4.9 0.5 48 0 1 2
-1.9 -4.9 0.7 111 0 1 2
-1.8 -7.6 0.8 195 0 1 2
-1.8 -7.3 0.7 149 0 1 2
-1.8 -7 0.7 134 0 1 2
-1.8 -5.4 0.7 194 0 1 2
-1.8 -5 0.7 191 0 1 2
-1.8 -4.9 0.5 72 0 1 2
-1.8 -4.9 0.6 88 0 1 2
-1.7 -7.6 0.8 202 0 1 2
-1.7 -7.3 0.7 141 0 1 2
-1.7 -7 0.6 154 0 1 2
-1.7 -5.3 0.7 198 0 1 2
-1.7 -5.2 0.7 196 0 1 2
-1.7 -5.1 0.7 183 0 1 2
-1.7 -5 0.4 105 0 1 2
-1.7 -5 0.5 137 0 1 2
-1.7 -5 0.6 193 0 1 2
-1.7 -4.9 0.3 201 0 1 2
-1.7 -4.9 0.4 60 0 1 2
-1.7 -4.9 0.5 155 0 1 2
-1.6 -7.6 0.7 199 0 1 2
-1.6 -7.3 0.7 202 0 1 2
-1.6 -7.1 0.7 191 0 1 2
-1.6 -7 0.5 52 0 1 2
-1.6 -5.3 0.7 192 0 1 2
-1.6 -5.2 0.4 188 0 1 2
-1.6 -5.2 0.5 205 0 1 2
-1.6 -5.2 0.6 186 0 1 2
-1.6 -5.1 0.3 203 0 1 2
-1.6 -5.1 0.4 156 0 1 2
-1.6 -5.1 0.6 195 0 1 2
-1.6 -5 0.6 197 0 1 2
-1.5 -9.1 0.4 198 0 1 1
-1.5 -8.4 0.4 197 0 1 1
-1.5 -7.5 0.7 203 0 1 2
-1.5 -7.4 0.7 206 0 1 2
-1.5 -7.2 0.7 124 0 1 2
-1.5 -7.1 0.4 124 0 1 1
-1.5 -7.1 0.6 135 0 1 2
-1.5 -7 0.5 104 0 1 2
-1.5 -6.5 0.4 200 0 1 1
-1.5 -5.9 0.4 201 0 1 1
-1.5 -5.2 0.4 203 0 1 1
-1.5 -4.6 0.3 201 0 1 1
-1.5 -3.9 0.3 197 0 1 1
-1.5 -3.3 0.2 193 0 1 1
-1.4 -14.2 0.1 207 0 1 1
-1.4 -13.6 0.1 208 0 1 1
-1.4 -13 0.2 206 0 1 1
-1.4 -12.3 0.2 206 0 1 1
-1.4 -11.7 0.2 206 0 1 1
-1.4 -11 0.3 198 0 1 1
-1.4 -10.4 0.3 201 0 1 1
-1.4 -9.7 0.4 200 0 1 1
-1.4 -7.5 0.7 200 0 1 2
-1.4 -7.4 0.4 202 0 1 2
-1.4 -7.4 0.5 193 0 1 2
-1.4 -7.3 0.5 152 0 1 2
-1.4 -7.3 0.7 202 0 1 2
-1.4 -7.2 0.6 153 0 1 2
-1.4 -7.2 0.7 187 0 1 2
-1.3 -20 0 133 0 1 1
-1.3 -19.4 0 198 0 1 1
-1.3 -18.8 0 198 0 1 1
-1.3 -18.1 0 198 0 1 1
-1.3 -17.5 0 199 0 1 1
-1.3 -16.8 0 197 0 1 1
-1.3 -16.2 0 199 0 1 1
-1.3 -15.5 0 202 0 1 1
-1.3 -14.9 0 200 0 1 1
-1.3 -7.4 0.6 187 0 1 2
-1.3 -7.4 0.7 190 0 1 2
-0.8 -11 0.2 203 0 1 1
-0.8 -10.4 0.3 196 0 1 1
-0.8 -9.7 0.3 198 0 1 1
-0.8 -9.1 0.3 200 0 1 1
-0.8 -8.4 0.4 200 0 1 1
-0.8 -7.8 0.4 201 0 1 1
-0.8 -7.1 0.4 204 0 1 1
-0.8 -6.5 0.4 198 0 1 1
-0.8 -5.9 0.4 200 0 1 1
-0.8 -5.2 0.3 204 0 1 1
-0.8 -4.6 0.3 201 0 1 1
-0.8 -3.9 0.2 199 0 1 1
-0.8 -3.3 0.2 191 0 1 1
-0.7 -20 0 136 0 1 1
-0.7 -19.4 0 199 0 1 1
-0.7 -18.8 0 198 0 1 1
-0.7 -18.1 0 202 0 1 1
-0.7 -17.5 0 200 0 1 1
-0.7 -16.8 0 196 0 1 1
-0.7 -16.2 0 200 0 1 1
-0.7 -15.5 0 201 0 1 1
-0.7 -14.9 0 200 0 1 1
-0.7 -14.2 0 204 0 1 1
-0.7 -13.6 0.1 206 0 1 1
-0.7 -13 0.1 208 0 1 1
-0.7 -12.3 0.2 207 0 1 1
-0.7 -11.7 0.2 204 0 1 1
-0.1 -20 0 136 0 1 1
-0.1 -19.4 0 199 0 1 1
-0.1 -18.8 0 198 0 1 1
-0.1 -18.1 0 200 0 1 1
-0.1 -17.5 0 201 0 1 1
-0.1 -16.8 0 199 0 1 1
-0.1 -16.2 0 204 0 1 1
-0.1 -15.5 0 201 0 1 1
-0.1 -14.9 0 202 0 1 1
-0.1 -14.2 0 204 0 1 1
-0.1 -13.6 0 208 0 1 1
-0.1 -13 0.1 212 0 1 1
-0.1 -12.3 0.1 206 0 1 1
-0.1 -11.7 0.2 207 0 1 1
-0.1 -11 0.2 202 0 1 1
-0.1 -10.4 0.3 201 0 1 1
-0.1 -9.7 0.3 203 0 1 1
-0.1 -9.1 0.3 203 0 1 1
-0.1 -8.4 0.4 205 0 1 1
-0.1 -7.8 0.4 204 0 1 1
-0.1 -7.1 0.4 204 0 1 1
-0.1 -6.5 0.4 201 0 1 1
-0.1 -5.9 0.4 198 0 1 1
-0.1 -5.2 0.3 201 0 1 1
-0.1 -4.6 0.3 203 0 1 1
-0.1 -3.9 0.2 197 0 1 1
-0.1 -3.3 0.2 196 0 1 1
0.5 -9.1 0.3 200 0 1 1
0.5 -8.4 0.4 201 0 1 1
0.5 -7.8 0.4 199 0 1 1
0.5 -7.1 0.4 199 0 1 1
0.5 -6.5 0.4 194 0 1 1
0.5 -5.9 0.4 201 0 1 1
0.5 -5.2 0.3 199 0 1 1
0.5 -4.6 0.3 202 0 1 1
0.5 -3.9 0.2 200 0 1 1
0.5 -3.3 0.2 201 0 1 1
0.6 -20 0 142 0 1 1
0.6 -19.4 0 198 0 1 1
0.6 -18.8 0 198 0 1 1
0.6 -18.1 0 197 0 1 1
0.6 -17.5 0 197 0 1 1
0.6 -16.8 0 200 0 1 1
0.6 -16.2 0 201 0 1 1
0.6 -15.5 0 202 0 1 1
0.6 -14.9 0 207 0 1 1
0.6 -14.2 0 206 0 1 1
0.6 -13.6 0 205 0 1 1
0.6 -13 0.1 206 0 1 1
0.6 -12.3 0.1 210 0 1 1
0.6 -11.7 0.2 208 0 1 1
0.6 -11 0.2 204 0 1 1
0.6 -10.4 0.3 203 0 1 1
0.6 -9.7 0.3 205 0 1 1
1.2 -20 0 141 0 1 1
1.2 -19.4 0 199 0 1 1
1.2 -18.8 0 200 0 1 1
1.2 -18.1 0 200 0 1 1
1.2 -17.5 0 199 0 1 1
1.2 -16.8 0 202 0 1 1
1.2 -16.2 0 200 0 1 1
1.2 -15.5 0 202 0 1 1
1.2 -14.9 0 204 0 1 1
1.2 -14.2 0 205 0 1 1
1.2 -13.6 0 202 0 1 1
1.2 -13 0.1 205 0 1 1
1.2 -12.3 0.1 210 0 1 1
1.2 -11.7 0.2 208 0 1 1
1.2 -11 0.2 206 0 1 1
1.2 -10.4 0.3 202 0 1 1
1.2 -9.7 0.3 203 0 1 1
1.2 -9.1 0.4 203 0 1 1
1.2 -8.4 0.4 200 0 1 1
1.2 -7.8 0.4 199 0 1 1
1.2 -7.1 0.4 203 0 1 1
1.2 -6.5 0.4 199 0 1 1
1.2 -5.9 0.4 201 0 1 1
1.2 -5.2 0.3 201 0 1 1
1.2 -4.6 0.3 208 0 1 1
1.2 -3.9 0.3 207 0 1 1
1.2 -3.3 0.2 208 0 1 1
1.7 -4.4 0.9 57 0 1 2
1.7 -4.3 0.8 183 0 1 2
1.7 -4.3 1 58 0 1 2
1.7 -4.2 0.8 191 0 1 2
1.7 -4.2 0.9 51 0 1 2
1.7 -4.2 1 56 0 1 2
1.7 -4.1 0.8 204 0 1 2
1.7 -4.1 0.9 72 0 1 2
1.7 -4 1 53 0 1 2
1.7 -4 1.1 133 0 1 2
1.8 -4.8 0.9 55 0 1 2
1.8 -4.8 1 145 0 1 2
1.8 -4.8 1.1 197 0 1 2
1.8 -4.7 0.9 55 0 1 2
1.8 -4.7 1.1 160 0 1 2
1.8 -4.6 0.8 102 0 1 2
1.8 -4.6 1.1 132 0 1 2
1.8 -4.5 0.9 53 0 1 2
1.8 -4.5 1.1 163 0 1 2
1.8 -4.4 0.8 199 0 1 2
1.8 -4.4 1 59 0 1 2
1.8 -4.4 1.2 188 0 1 2
1.8 -4.3 1.1 70 0 1 2
1.8 -4.3 1.2 160 0 1 2
1.8 -4.2 1.1 153 0 1 2
1.8 -4.1 1.1 196 0 1 2
1.8 -4 0.8 177 0 1 2
1.8 -4 0.9 52 0 1 2
1.8 -4 1 50 0 1 2
1.8 -3.9 0.8 207 0 1 2
1.8 -3.9 1 47 0 1 2
1.8 -3.9 1.1 166 0 1 2
1.9 -20 0 138 0 1 1
1.9 -19.4 0 197 0 1 1
1.9 -18.8 0 202 0 1 1
1.9 -18.1 0 204 0 1 1
1.9 -17.5 0 201 0 1 1
1.9 -16.8 0 200 0 1 1
1.9 -16.2 0 203 0 1 1
1.9 -15.5 0 202 0 1 1
1.9 -14.9 0 203 0 1 1
1.9 -14.2 0 209 0 1 1
1.9 -13.6 0.1 204 0 1 1
1.9 -13 0.1 207 0 1 1
1.9 -12.3 0.2 211 0 1 1
1.9 -11.7 0.2 205 0 1 1
1.9 -11 0.3 204 0 1 1
1.9 -10.4 0.3 203 0 1 1
1.9 -9.7 0.4 197 0 1 1
1.9 -9.1 0.4 202 0 1 1
1.9 -8.4 0.4 209 0 1 1
1.9 -7.8 0.4 199 0 1 1
1.9 -7.1 0.4 195 0 1 1
1.9 -6.5 0.4 204 0 1 1
1.9 -5.9 0.4 202 0 1 1
1.9 -5.2 0.4 208 0 1 1
1.9 -4.8 0.8 193 0 1 2
1.9 -4.8 1.1 204 0 1 2
1.9 -4.7 1.1 205 0 1 2
1.9 -4.6 0.3 215 0 1 1
1.9 -4.6 1.1 204 0 1 2
1.9 -4.3 1.2 199 0 1 2
1.9 -3.9 0.3 215 0 1 1
1.9 -3.9 0.8 200 0 1 2
1.9 -3.9 0.9 54 0 1 2
1.9 -3.9 1 56 0 1 2
1.9 -3.9 1.1 55 0 1 2
1.9 -3.3 0.2 218 0 1 1
2 -4.6 1.1 210 0 1 2
2 -4.3 1.2 140 0 1 2
2 -4.2 1.2 193 0 1 2
2 -4.1 1.2 209 0 1 2
2 -3.9 0.8 203 0 1 2
2 -3.9 0.9 51 0 1 2
2 -3.9 1 53 0 1 2
2 -3.9 1.2 195 0 1 2
2.1 -4.7 1.1 206 0 1 2
2.1 -3.9 0.9 58 0 1 2
2.2 -4.7 1.2 212 0 1 2
2.2 -4.5 1.2 211 0 1 2
2.2 -4.2 1.2 200 0 1 2
2.2 -4 0.8 176 0 1 2
2.2 -4 1 86 0 1 2
2.2 -3.9 0.8 213 0 1 2
2.2 -3.9 0.9 199 0 1 2
2.2 -3.9 1.2 208 0 1 2
2.5 -20 0 138 0 1 1
2.5 -19.4 0 203 0 1 1
2.5 -18.8 0 203 0 1 1
2.5 -18.1 0 199 0 1 1
2.5 -17.5 0 201 0 1 1
2.5 -16.8 0 199 0 1 1
2.5 -16.2 0 206 0 1 1
2.5 -15.5 0 202 0 1 1
2.5 -14.9 0 205 0 1 1
2.5 -14.2 0.1 207 0 1 1
2.5 -13.6 0.1 205 0 1 1
2.5 -13 0.1 205 0 1 1
2.5 -12.3 0.2 212 0 1 1
2.5 -11.7 0.3 205 0 1 1
2.5 -11 0.3 204 0 1 1
2.5 -10.4 0.4 206 0 1 1
2.5 -9.7 0.4 189 0 1 1
2.5 -9.1 0.4 202 0 1 1
2.5 -8.4 0.5 207 0 1 1
2.5 -7.8 0.5 204 0 1 1
2.5 -7.1 0.5 203 0 1 1
2.5 -4.6 0.4 218 0 1 1
2.5 -3.9 0.3 223 0 1 1
2.5 -3.3 0.3 223 0 1 1
2.5 -2.6 0.2 214 0 1 1
3.2 -20 0 138 0 1 1
3.2 -19.4 0 204 0 1 1
3.2 -18.8 0 204 0 1 1
3.2 -18.1 0 205 0 1 1
3.2 -17.5 0 203 0 1 1
3.2 -16.8 0 204 0 1 1
3.2 -16.2 0 208 0 1 1
3.2 -15.5 0 202 0 1 1
3.2 -14.9 0 204 0 1 1
3.2 -14.2 0.1 210 0 1 1
3.2 -13.6 0.1 208 0 1 1
3.2 -13 0.2 204 0 1 1
3.2 -12.3 0.2 208 0 1 1
3.2 -11.7 0.3 205 0 1 1
3.2 -11 0.4 202 0 1 1
3.2 -10.4 0.4 147 0 1 1
3.2 -9.7 0.5 148 0 1 1
3.2 -9.1 0.5 174 0 1 1
3.2 -8.4 0.5 206 0 1 1
3.2 -5.2 0.5 218 0 1 1
3.2 -4.6 0.5 225 0 1 1
3.2 -3.9 0.4 226 0 1 1
3.2 -3.3 0.4 222 0 1 1
3.4 -10.9 1.4 66 0 1 3
3.4 -10.9 1.5 69 0 1 3
3.4 -10.8 1 67 0 1 3
3.4 -10.6 1.8 67 0 1 3
3.4 -10.4 1.8 66 0 1 3
3.4 -5.6 0.8 194 0 1 2
3.4 -5.6 0.9 202 0 1 2
3.5 -10.4 1 51 0 1 3
3.5 -10.2 1.2 58 0 1 3
3.5 -10.1 1.1 75 0 1 3
3.5 -5.7 1 211 0 1 2
3.5 -5.6 0.6 191 0 1 2
3.5 -5.6 1 208 0 1 2
3.5 -5.6 1.1 209 0 1 2
3.5 -5.5 1 124 0 1 2
3.6 -9.9 1 132 0 1 3
3.6 -9.8 0.6 52 0 1 3
3.6 -9.8 1 145 0 1 3
3.6 -5.8 1.1 212 0 1 2
3.6 -5.7 1.1 211 0 1 2
3.6 -5.5 1.1 190 0 1 2
3.7 -5.8 1.1 216 0 1 2
3.7 -5.4 1 148 0 1 2
3.8 -20 0 144 0 1 1
3.8 -19.4 0 203 0 1 1
3.8 -18.8 0 204 0 1 1
3.8 -18.1 0 205 0 1 1
3.8 -17.5 0 205 0 1 1
3.8 -16.8 0 207 0 1 1
3.8 -16.2 0 204 0 1 1
3.8 -15.5 0 203 0 1 1
3.8 -14.9 0.1 207 0 1 1
3.8 -14.2 0.1 205 0 1 1
3.8 -13.6 0.2 209 0 1 1
3.8 -13 0.2 211 0 1 1
3.8 -12.3 0.3 207 0 1 1
3.8 -11.1 1.8 59 0 1 3
3.8 -9.9 1.3 52 0 1 3
3.8 -9.1 0.6 190 0 1 1
3.8 -8.4 0.6 208 0 1 1
3.8 -7.8 0.6 210 0 1 1
3.8 -6.5 0.6 215 0 1 1
3.8 -5.8 1.1 221 0 1 2
3.8 -5.4 1.1 206 0 1 2
3.8 -5.2 0.6 227 0 1 1
3.8 -4.6 0.5 227 0 1 1
3.8 -3.9 0.5 225 0 1 1
3.9 -11.3 1.8 53 0 1 3
3.9 -10 1.9 61 0 1 3
3.9 -9.8 1.1 140 0 1 3
3.9 -9.6 1.1 163 0 1 3
3.9 -9.5 0.6 105 0 1 3
3.9 -5.7 1.2 221 0 1 2
3.9 -5.2 1.1 167 0 1 2
4 -10.5 1.9 55 0 1 3
4 -9.5 0.8 54 0 1 3
4 -5.7 1.2 226 0 1 2
4 -5.4 1.2 228 0 1 2
4 -5.2 1.2 208 0 1 2
4 -5.1 1.1 128 0 1 2
4.1 -9.5 1.2 124 0 1 3
4.1 -5.1 1.2 178 0 1 2
4.1 -5 1.2 170 0 1 2
4.2 -9.7 1.9 196 0 1 3
4.2 -9.5 1.2 196 0 1 3
4.2 -5.6 1.2 227 0 1 2
4.2 -5.3 1.2 227 0 1 2
4.2 -5.1 1.2 230 0 1 2
4.3 -5.4 1.2 220 0 1 2
4.3 -5.3 1.2 231 0 1 2
4.3 -5 1.2 216 0 1 2
4.3 -4.9 1 112 0 1 2
4.3 -4.9 1.2 136 0 1 2
4.4 -9.3 0.6 139 0 1 3
4.4 -4.8 1 74 0 1 2
4.5 -20 0 141 0 1 1
4.5 -19.4 0 206 0 1 1
4.5 -18.8 0 208 0 1 1
4.5 -18.1 0 202 0 1 1
4.5 -17.5 0 206 0 1 1
4.5 -16.8 0 204 0 1 1
4.5 -16.2 0 209 0 1 1
4.5 -15.5 0 207 0 1 1
4.5 -14.9 0.1 209 0 1 1
4.5 -14.2 0.2 210 0 1 1
4.5 -9.5 1.2 219 0 1 3
4.5 -9.1 0.6 206 0 1 1
4.5 -8.4 0.7 212 0 1 1
4.5 -7.8 0.7 215 0 1 1
4.5 -5.3 1.2 189 0 1 2
4.5 -5.1 1.1 155 0 1 2
4.5 -5.1 1.2 220 0 1 2
4.5 -5 1.1 108 0 1 2
4.5 -4.8 0.8 172 0 1 2
4.5 -4.8 0.9 226 0 1 2
4.5 -4.6 0.6 226 0 1 1
4.6 -9.6 1.9 182 0 1 3
4.6 -5.2 1.2 163 0 1 2
4.7 -9.2 1.1 225 0 1 3
4.7 -5.2 1.2 139 0 1 2
4.7 -5.1 1.1 206 0 1 2
4.7 -5 1.1 226 0 1 2
4.8 -9.5 1.4 55 0 1 3
4.8 -9.2 1 55 0 1 3
4.8 -9.1 0.6 215 0 1 3
4.9 -9.6 1.9 77 0 1 3
4.9 -9.2 1.1 162 0 1 3
5 -9.3 1.2 186 0 1 3
5.1 -20 0 147 0 1 1
5.1 -19.4 0 210 0 1 1
5.1 -18.8 0 209 0 1 1
5.1 -18.1 0 206 0 1 1
5.1 -17.5 0 209 0 1 1
5.1 -16.8 0 207 0 1 1
5.1 -16.2 0 207 0 1 1
5.1 -9.5 1.7 96 0 1 3
5.1 -9.1 0.7 216 0 1 1
5.1 -8.4 0.7 219 0 1 1
5.1 -5.2 0.7 227 0 1 1
5.4 -9.9 1.9 182 0 1 3
5.5 -9.8 1.7 145 0 1 3
5.6 -10.1 1.9 123 0 1 3
5.6 -9.9 1.7 168 0 1 3
5.8 -20 0 145 0 1 1
5.8 -19.4 0 209 0 1 1
5.8 -18.8 0 210 0 1 1
5.8 -18.1 0 206 0 1 1
5.8 -10.2 1.7 171 0 1 3
5.8 -9.7 0.7 218 0 1 1
5.8 -9.1 0.8 223 0 1 1
5.8 -8.4 0.8 224 0 1 1
5.8 -5.9 0.8 227 0 1 1
5.9 -10.3 1.7 162 0 1 3
5.9 -7.6 1.1 227 0 1 2
5.9 -7.6 1.2 84 0 1 2
5.9 -7.5 1.2 59 0 1 2
5.9 -7.4 1 60 0 1 2
5.9 -7.4 1.3 92 0 1 2
5.9 -7.2 1 178 0 1 2
5.9 -7.1 1.3 80 0 1 2
6 -7.6 1.1 167 0 1 2
6 -7.6 1.3 155 0 1 2
6 -7.1 1.3 86 0 1 2
6 -7 1 54 0 1 2
6.1 -10.6 1.4 86 0 1 3
6.2 -7.3 1.3 160 0 1 2
6.2 -7 1.3 85 0 1 2
6.2 -6.9 1 56 0 1 2
6.2 -6.9 1.2 57 0 1 2
6.3 -6.9 1.3 84 0 1 2
6.4 -20 0 48 0 1 1
6.4 -11 0.6 217 0 1 1
6.4 -10.4 0.7 221 0 1 1
6.4 -9.7 0.8 223 0 1 1
6.4 -9.1 0.8 227 0 1 1
6.4 -8.4 0.9 229 0 1 1
6.4 -7.4 1.3 139 0 1 2
6.4 -7.2 1.3 62 0 1 2
6.4 -7 1.4 101 0 1 2
6.4 -6.9 1.3 182 0 1 2
6.4 -6.8 1.1 56 0 1 2
6.4 -6.5 0.9 228 0 1 1
6.5 -7.5 1.3 127 0 1 2
6.5 -7.2 1.3 123 0 1 2
6.5 -6.9 1.2 59 0 1 2
6.5 -6.8 1 54 0 1 2
6.6 -7.5 1.3 120 0 1 2
6.7 -6.9 1.3 67 0 1 2
7 -12.3 0.5 101 0 1 1
7 -11.7 0.6 223 0 1 1
7 -11 0.7 223 0 1 1
7 -10.4 0.7 225 0 1 1
7 -9.7 0.8 228 0 1 1
7 -9.1 0.9 230 0 1 1
7.7 -13 0.4 218 0 1 1
7.7 -12.3 0.5 221 0 1 1
7.7 -11.7 0.6 225 0 1 1
7.7 -11 0.7 226 0 1 1
7.7 -10.4 0.8 229 0 1 1
8.3 -13 0.4 222 0 1 1
8.3 -12.3 0.5 226 0 1 1
8.3 -11.7 0.6 226 0 1 1
8.3 -11 0.7 228 0 1 1
9 -13 0.4 223 0 1 1
9 -12.3 0.5 229 0 1 1
9 -11.7 0.6 230 0 1 1
9.6 -12.3 0.5 233 0 1 1
10.3 -17.5 0 222 0 1 1
10.3 -16.8 0 222 0 1 1
10.9 -18.8 0 224 0 1 1
10.9 -18.1 0 224 0 1 1
10.9 -17.5 0 223 0 1 1
10.9 -16.8 0 222 0 1 1
11.6 -19.4 0 225 0 1 1
11.6 -18.8 0 226 0 1 1
11.6 -18.1 0 224 0 1 1
11.6 -16.8 0 223 0 1 1
12.2 -20 0 166 0 1 1
12.2 -19.4 0 226 0 1 1
12.2 -18.8 0 226 0 1 1
12.2 -18.1 0 226 0 1 1
12.9 -20 0 169 0 1 1
12.9 -19.4 0 228 0 1 1
12.9 -18.8 0 228 0 1 1
12.9 -18.1 0 227 0 1 1
12.9 -17.5 0 227 0 1 1
13.5 -20 0 170 0 1 1
13.5 -19.4 0 229 0 1 1
13.5 -18.8 0 227 0 1 1
13.5 -18.1 0 226 0 1 1
14.1 -20 0 170 0 1 1
14.1 -19.4 0 228 0 1 1
14.1 -18.8 0 228 0 1 1
14.1 -18.1 0 227 0 1 1
14.8 -20 0 174 0 1 1
14.8 -19.4 0 228 0 1 1
14.8 -18.8 0 229 0 1 1
15.4 -20 0 174 0 1 1
