2.8 -1.8 0.2 132 0 1 1
2.8 -1.1 0.2 127 0 1 1
2.8 -0.5 0.3 131 0 1 1
2.8 0.2 0.3 142 0 1 1
2.8 0.8 0.3 143 0 1 1
2.8 1.5 0.4 135 0 1 1
2.8 2.1 0.4 129 0 1 1
2.8 2.8 0.4 128 0 1 1
2.9 -3 0.1 120 0 1 1
2.9 -2.4 0.2 138 0 1 1
3.4 0.8 0.4 149 0 1 1
3.4 1.5 0.4 149 0 1 1
3.4 2.1 0.4 142 0 1 1
3.4 2.8 0.5 131 0 1 1
3.4 3.4 0.5 130 0 1 1
3.5 -3.7 0.1 126 0 1 1
3.5 -3 0.1 124 0 1 1
3.5 -2.4 0.2 123 0 1 1
3.5 -1.8 0.2 131 0 1 1
3.5 -1.1 0.3 126 0 1 1
3.5 -0.5 0.3 130 0 1 1
3.5 0.2 0.4 135 0 1 1
4.1 -2.4 0.2 126 0 1 1
4.1 -1.8 0.3 130 0 1 1
4.1 -1.1 0.3 129 0 1 1
4.1 -0.5 0.4 130 0 1 1
4.1 0.2 0.4 139 0 1 1
4.1 0.8 0.4 150 0 1 1
4.1 1.5 0.5 152 0 1 1
4.1 2.1 0.5 144 0 1 1
4.1 2.8 0.5 136 0 1 1
4.1 3.4 0.5 133 0 1 1
4.1 4.1 0.6 124 0 1 1
4.2 -4.3 0.1 105 0 1 1
4.2 -3.7 0.2 124 0 1 1
4.2 -3 0.2 121 0 1 1
4.4 -1.7 0.4 30 0 1 2
4.4 -1.5 0.4 54 0 1 2
4.4 0.8 0.5 30 0 1 2
4.4 1 0.5 44 0 1 2
4.5 -1.9 0.3 81 0 1 2
4.5 -1.9 0.4 37 0 1 2
4.5 -1.9 0.6 56 0 1 2
4.5 -1.7 0.6 45 0 1 2
4.5 -1.7 0.7 74 0 1 2
4.5 -1.6 0.6 71 0 1 2
4.5 -1.5 0.6 52 0 1 2
4.5 -1.4 0.5 43 0 1 2
4.5 0.6 0.5 35 0 1 2
4.5 0.7 0.8 83 0 1 2
4.5 0.8 0.8 76 0 1 2
4.5 0.8 0.9 122 0 1 2
4.5 0.9 0.7 44 0 1 2
4.5 0.9 0.9 127 0 1 2
4.5 1 0.8 89 0 1 2
4.5 1.1 0.7 44 0 1 2
4.6 -1.7 0.7 98 0 1 2
4.6 -1.4 0.6 78 0 1 2
4.6 -1.3 0.3 50 0 1 2
4.6 -1.3 0.6 23 0 1 2
4.6 0.8 0.9 117 0 1 2
4.6 1.1 0.8 74 0 1 2
4.6 1.2 0.7 26 0 1 2
4.7 -1.9 0.5 48 0 1 2
4.7 -1.8 0.7 105 0 1 2
4.7 -1.7 0.7 123 0 1 2
4.7 -1.3 0.6 120 0 1 2
4.7 -1.3 0.7 108 0 1 2
4.7 -1.2 0.4 49 0 1 2
4.7 -1.2 0.5 66 0 1 2
4.7 0.2 0.5 135 0 1 1
4.7 0.6 0.7 42 0 1 2
4.7 0.8 0.9 111 0 1 2
4.7 0.9 0.9 147 0 1 2
4.7 1.2 0.8 99 0 1 2
4.7 1.3 0.6 54 0 1 2
4.7 1.3 0.7 68 0 1 2
4.7 1.3 0.8 74 0 1 2
4.7 1.4 0.5 156 0 1 1
4.7 2.1 0.6 148 0 1 1
4.7 2.7 0.6 132 0 1 1
4.7 3.4 0.6 136 0 1 1
4.7 4 0.6 143 0 1 1
4.7 4.7 0.6 121 0 1 1
4.8 -5 0.2 66 0 1 1
4.8 -4.3 0.2 66 0 1 1
4.8 -3.7 0.2 88 0 1 1
4.8 -3 0.2 109 0 1 1
4.8 -2.4 0.3 129 0 1 1
4.8 -2 0.4 66 0 1 2
4.8 -2 0.6 114 0 1 2
4.8 -1.9 0.7 56 0 1 2
4.8 -1.8 0.7 67 0 1 2
4.8 -1.2 0.4 49 0 1 2
4.8 -1.2 0.7 121 0 1 2
4.8 -1.1 0.4 72 0 1 2
4.8 -0.5 0.4 132 0 1 1
4.8 0.5 0.5 39 0 1 2
4.8 0.6 0.7 34 0 1 2
4.8 0.7 0.9 131 0 1 2
4.8 1.3 0.8 91 0 1 2
4.8 1.3 0.9 148 0 1 2
4.8 1.4 0.6 122 0 1 2
4.9 -2 0.5 49 0 1 2
4.9 -2 0.6 54 0 1 2
4.9 -2 0.7 66 0 1 2
4.9 -1.9 0.7 72 0 1 2
4.9 -1.7 0.7 120 0 1 2
4.9 -1.6 0.7 142 0 1 2
4.9 -1.2 0.5 104 0 1 2
4.9 -1.2 0.6 101 0 1 2
4.9 -1.2 0.7 101 0 1 2
4.9 0.5 0.6 54 0 1 2
4.9 0.5 0.7 43 0 1 2
4.9 0.5 0.8 132 0 1 2
4.9 0.6 0.8 102 0 1 2
4.9 0.9 0.9 150 0 1 2
5 -2.1 0.4 48 0 1 2
5 -2.1 0.5 114 0 1 2
5 -2 0.5 96 0 1 2
5 -1.2 0.5 93 0 1 2
5 -1.2 0.6 104 0 1 2
5 0.4 0.5 136 0 1 2
5 0.5 0.6 64 0 1 2
5 0.5 0.7 115 0 1 2
5.1 -1.5 0.7 134 0 1 2
5.1 -1.2 0.5 98 0 1 2
5.1 -1.2 0.6 99 0 1 2
5.1 1 0.9 153 0 1 2
5.2 -5.3 1 40 0 1 3
5.2 3.9 0.8 84 0 1 2
5.2 4 0.7 67 0 1 2
5.2 4.1 0.7 67 0 1 2
5.3 -3.9 0.8 39 0 1 3
5.3 -1.2 0.5 116 0 1 2
5.3 3.8 0.8 65 0 1 2
5.3 3.9 0.8 100 0 1 2
5.3 4.2 0.7 69 0 1 2
5.4 -5.1 2 44 0 1 3
5.4 -3.3 0.6 39 0 1 3
5.4 -2.4 0.3 120 0 1 1
5.4 -1.1 0.4 127 0 1 1
5.4 -0.5 0.5 132 0 1 1
5.4 0.1 0.5 144 0 1 1
5.4 2.1 0.6 145 0 1 1
5.4 2.7 0.7 136 0 1 1
5.4 3.4 0.7 132 0 1 1
5.4 3.6 0.7 42 0 1 2
5.4 3.6 0.9 92 0 1 2
5.4 3.7 0.9 79 0 1 2
5.4 3.8 0.9 91 0 1 2
5.4 3.9 0.9 90 0 1 2
5.4 4 0.8 103 0 1 2
5.4 4.1 0.8 101 0 1 2
5.4 4.3 0.7 86 0 1 2
5.4 4.7 0.7 120 0 1 1
5.4 5.4 0.7 133 0 1 1
5.5 -4.9 2.1 82 0 1 3
5.5 -4.1 2 48 0 1 3
5.5 3.6 0.9 70 0 1 2
5.5 3.8 1 96 0 1 2
5.5 4 0.9 91 0 1 2
5.5 4.1 0.8 98 0 1 2
5.5 4.2 0.8 99 0 1 2
5.5 4.3 0.7 82 0 1 2
5.5 4.4 0.7 109 0 1 2
5.6 -3.9 2.1 43 0 1 3
5.6 -3.5 1.7 40 0 1 3
5.6 -2.8 0.4 42 0 1 3
5.6 3.5 0.7 79 0 1 2
5.6 3.6 0.8 88 0 1 2
5.6 3.6 0.9 111 0 1 2
5.6 3.6 1 134 0 1 2
5.6 3.7 1 138 0 1 2
5.6 3.8 1 151 0 1 2
5.6 3.9 1 144 0 1 2
5.6 4.1 0.9 89 0 1 2
5.6 4.2 0.8 81 0 1 2
5.6 4.4 0.8 128 0 1 2
5.7 -3.6 2.2 60 0 1 3
5.7 -3.4 1.9 40 0 1 3
5.7 -2.8 1.4 40 0 1 3
5.7 -2.7 1.7 38 0 1 3
5.7 -2.4 0.4 43 0 1 3
5.7 4 1 111 0 1 2
5.7 4.1 1 105 0 1 2
5.7 4.2 0.9 96 0 1 2
5.7 4.3 0.8 112 0 1 2
5.7 4.3 0.9 102 0 1 2
5.7 4.4 0.8 92 0 1 2
5.8 -3.1 2 44 0 1 3
5.8 -2.6 1.9 52 0 1 3
5.8 -2.2 0.5 40 0 1 3
5.8 3.7 0.9 129 0 1 2
5.8 3.8 0.9 109 0 1 2
5.8 3.8 1 148 0 1 2
5.8 4 1 156 0 1 2
5.8 4.2 1 106 0 1 2
5.9 -2.1 0.8 39 0 1 3
5.9 2.3 0.7 41 0 1 2
5.9 2.3 0.8 51 0 1 2
5.9 2.6 0.8 45 0 1 2
5.9 2.8 0.8 64 0 1 2
5.9 3.8 0.9 122 0 1 2
5.9 3.9 0.9 158 0 1 2
5.9 3.9 1 141 0 1 2
5.9 4 1 128 0 1 2
6 -3.1 2.2 89 0 1 3
6 -2.6 2.1 63 0 1 3
6 0.1 0.6 128 0 1 1
6 0.8 0.6 143 0 1 1
6 1.4 0.7 151 0 1 1
6 2.1 0.7 138 0 1 1
6 2.1 0.8 74 0 1 2
6 2.5 0.9 44 0 1 2
6 2.6 0.9 33 0 1 2
6 2.6 1 126 0 1 2
6 2.7 0.9 55 0 1 2
6 2.7 1 47 0 1 2
6 2.8 0.8 70 0 1 2
6 2.8 0.9 75 0 1 2
6 3.4 0.7 134 0 1 1
6 3.8 0.7 110 0 1 2
6 3.8 0.8 113 0 1 2
6 5.3 0.7 119 0 1 1
6 6 0.7 127 0 1 1
6.1 -2.2 1.8 45 0 1 3
6.1 -1.1 0.5 112 0 1 1
6.1 -0.5 0.5 124 0 1 1
6.1 2 0.7 61 0 1 2
6.1 2 0.8 76 0 1 2
6.1 2.3 0.9 118 0 1 2
6.1 2.4 1 117 0 1 2
6.1 2.6 1 142 0 1 2
6.1 2.6 1.1 114 0 1 2
6.1 2.8 0.9 78 0 1 2
6.1 2.8 1 124 0 1 2
6.2 -4.7 2.3 110 0 1 3
6.2 -2.5 2.3 107 0 1 3
6.2 -1.7 0.7 47 0 1 3
6.2 2.1 0.8 89 0 1 2
6.2 2.1 0.9 128 0 1 2
6.2 2.2 0.9 128 0 1 2
6.2 2.3 1 90 0 1 2
6.2 2.4 1 144 0 1 2
6.2 2.4 1.1 132 0 1 2
6.2 2.5 1.1 148 0 1 2
6.2 2.6 1.1 94 0 1 2
6.2 2.8 1 84 0 1 2
6.3 -3.4 2.4 110 0 1 3
6.3 -2.7 2.3 133 0 1 3
6.3 -2.1 2 58 0 1 3
6.3 -1.6 0.7 48 0 1 3
6.3 2.1 0.8 130 0 1 2
6.3 2.7 1.1 141 0 1 2
6.4 -3.3 2.4 109 0 1 3
6.4 -1.7 1.8 49 0 1 3
6.4 2.1 0.8 123 0 1 2
6.4 2.7 1.1 152 0 1 2
6.4 2.8 1.1 145 0 1 2
6.4 2.9 1 136 0 1 2
6.4 3 0.8 86 0 1 2
6.4 3 0.9 86 0 1 2
6.5 -1.6 1.8 44 0 1 3
6.6 -6.3 3.2 47 0 1 3
6.6 -2.1 2.4 82 0 1 3
6.6 -1.6 1.8 58 0 1 3
6.6 -1.4 0.9 75 0 1 3
6.6 3.4 0.8 142 0 1 1
6.6 4 0.8 141 0 1 1
6.7 -4.8 2.5 119 0 1 3
6.7 -1.7 2.1 71 0 1 3
6.7 -1.1 0.5 108 0 1 1
6.7 -0.5 0.6 111 0 1 1
6.7 0.1 0.6 123 0 1 1
6.7 0.8 0.7 133 0 1 1
6.7 1.4 0.7 141 0 1 1
6.7 2.1 0.7 141 0 1 1
6.7 5.3 0.7 120 0 1 1
6.7 6 0.7 126 0 1 1
6.7 6.7 0.7 130 0 1 1
6.8 -6.1 3.9 63 0 1 3
6.8 -1.6 2.2 87 0 1 3
6.9 -4.6 3.2 54 0 1 3
6.9 -1.7 2.5 110 0 1 3
7 -5.1 4 77 0 1 3
7 -3.1 2.5 90 0 1 3
7 -2.3 2.5 124 0 1 3
7.1 -6.9 3.3 51 0 1 3
7.1 -6.7 3.7 61 0 1 3
7.1 -3.6 3.3 55 0 1 3
7.1 -3 2.6 102 0 1 3
7.1 -2.9 2.6 113 0 1 3
7.2 -5.5 4.2 72 0 1 3
7.2 -4.1 4.1 66 0 1 3
7.2 -3.1 3.2 39 0 1 3
7.2 -3 3.2 45 0 1 3
7.3 -3.6 4 42 0 1 3
7.3 -3.1 3.9 48 0 1 3
7.3 -2.8 2.6 105 0 1 3
7.3 -2.7 2.8 51 0 1 3
7.3 -0.5 0.6 133 0 1 1
7.3 0.1 0.7 115 0 1 1
7.3 0.8 0.7 138 0 1 1
7.3 1.4 0.8 146 0 1 1
7.3 2.1 0.8 147 0 1 1
7.3 2.7 0.8 109 0 1 1
7.3 3.4 0.8 132 0 1 1
7.3 4 0.8 135 0 1 1
7.3 4.7 0.8 126 0 1 1
7.3 5.3 0.8 132 0 1 1
7.3 6 0.7 130 0 1 1
7.3 6.7 0.7 116 0 1 1
7.3 7.3 0.6 98 0 1 1
7.4 -7.3 3.6 67 0 1 3
7.4 -4.5 4.3 87 0 1 3
7.4 -2.8 3.4 45 0 1 3
7.4 -2.6 2.7 95 0 1 3
7.4 -1.7 2.2 106 0 1 3
7.4 -1.1 0.6 134 0 1 1
7.5 -3.6 4.3 59 0 1 3
7.5 -2.6 2.8 48 0 1 3
7.5 -2.5 3 42 0 1 3
7.5 -1.8 2.7 124 0 1 3
7.5 -1.5 1.1 99 0 1 3
7.6 -4.8 4.5 73 0 1 3
7.6 -3.1 4.2 50 0 1 3
7.6 -2.9 4.1 47 0 1 3
7.6 -2.4 2.7 112 0 1 3
7.6 -1.8 2.6 107 0 1 3
7.7 -3.9 4.5 72 0 1 3
7.7 -2.6 3.7 44 0 1 3
7.7 -2.3 2.7 115 0 1 3
7.8 -3 4.5 62 0 1 3
7.8 -2.9 4.4 61 0 1 3
7.8 -2.7 4.3 62 0 1 3
7.8 -2.4 2.8 72 0 1 3
7.8 -2.4 3.5 42 0 1 3
7.9 -2.5 4.2 57 0 1 3
7.9 -2.4 2.9 41 0 1 3
7.9 2.7 0.8 153 0 1 1
7.9 4 0.8 141 0 1 1
7.9 4.7 0.8 128 0 1 1
8 -1.1 0.6 137 0 1 1
8 -0.5 0.6 102 0 1 1
8 0.1 0.7 136 0 1 1
8 0.8 0.8 137 0 1 1
8 1.4 0.8 145 0 1 1
8 2.1 0.8 155 0 1 1
8 5.3 0.8 126 0 1 1
8 6 0.7 123 0 1 1
8 6.7 0.7 108 0 1 1
8 7.3 0.6 91 0 1 1
8 8 0.6 109 0 1 1
8.1 -2.3 4 63 0 1 3
8.1 -2.2 3.4 50 0 1 3
8.1 -2.1 2.9 99 0 1 3
8.1 -2 2.8 84 0 1 3
8.2 -2.2 2.9 73 0 1 3
8.2 -1.9 2.7 95 0 1 3
8.3 -1.8 2.6 75 0 1 3
8.4 -2.1 3 71 0 1 3
8.4 -2.1 3.7 59 0 1 3
8.4 -1.9 2.8 75 0 1 3
8.4 -1.6 1.3 67 0 1 3
8.4 -1.6 1.5 77 0 1 3
8.5 -2 3.1 46 0 1 3
8.6 -1.9 3.1 51 0 1 3
8.6 -1.6 1.6 65 0 1 3
8.6 0.1 0.7 129 0 1 1
8.6 0.8 0.8 140 0 1 1
8.6 1.4 0.8 153 0 1 1
8.6 2.1 0.9 160 0 1 1
8.6 2.7 0.9 158 0 1 1
8.6 3.4 0.9 153 0 1 1
8.6 4 0.9 149 0 1 1
8.6 4.7 0.8 132 0 1 1
8.6 5.3 0.8 119 0 1 1
8.6 6 0.7 123 0 1 1
8.6 6.7 0.7 101 0 1 1
8.6 7.3 0.6 104 0 1 1
8.7 -2 3.8 71 0 1 3
8.7 -1.9 3.2 40 0 1 3
8.7 -1.1 0.6 85 0 1 1
8.7 -0.5 0.7 111 0 1 1
8.7 8 0.6 105 0 1 1
8.7 8.7 0.5 99 0 1 1
8.8 -1.9 3.4 50 0 1 3
8.8 1 0.8 47 0 1 2
8.8 1.1 0.8 87 0 1 2
8.8 1.1 0.9 37 0 1 2
8.8 1.1 1 59 0 1 2
8.8 1.2 0.9 53 0 1 2
8.8 1.4 0.8 154 0 1 2
8.9 1 0.8 62 0 1 2
8.9 1.1 1 69 0 1 2
8.9 1.2 1.1 91 0 1 2
8.9 1.4 1 77 0 1 2
8.9 1.5 0.9 64 0 1 2
9 1 1 48 0 1 2
9 1 1.1 96 0 1 2
9 1.2 1.1 100 0 1 2
9 1.4 1.1 72 0 1 2
9 1.5 1 81 0 1 2
9.1 -1.8 3.5 74 0 1 3
9.1 -1.7 3.2 39 0 1 3
9.1 1 1 46 0 1 2
9.1 1 1.1 83 0 1 2
9.1 1.3 1.2 140 0 1 2
9.1 1.4 1.2 93 0 1 2
9.1 1.5 1.1 121 0 1 2
9.1 1.5 1.2 86 0 1 2
9.2 -1.7 3.4 47 0 1 3
9.2 -1.4 1.9 37 0 1 3
9.2 0.9 1 52 0 1 2
9.2 1 1.1 48 0 1 2
9.3 -1.7 3.5 75 0 1 3
9.3 -0.5 0.7 125 0 1 1
9.3 0.1 0.8 134 0 1 1
9.3 0.8 0.8 146 0 1 1
9.3 0.9 0.8 115 0 1 2
9.3 0.9 0.9 92 0 1 2
9.3 0.9 1.2 58 0 1 2
9.3 1 1.2 84 0 1 2
9.3 1.3 1.2 146 0 1 2
9.3 1.4 1.2 117 0 1 2
9.3 1.7 1.1 84 0 1 2
9.3 1.8 0.9 139 0 1 2
9.3 1.8 1 121 0 1 2
9.3 2.1 0.9 156 0 1 1
9.3 2.7 0.9 158 0 1 1
9.3 3.4 0.9 159 0 1 1
9.3 4 0.9 141 0 1 1
9.3 4.7 0.8 126 0 1 1
9.3 5.3 0.8 130 0 1 1
9.3 6 0.8 122 0 1 1
9.3 6.7 0.7 111 0 1 1
9.3 7.3 0.6 106 0 1 1
9.3 8 0.6 112 0 1 1
9.3 8.7 0.5 104 0 1 1
9.3 9.3 0.4 97 0 1 1
9.4 0.9 1 55 0 1 2
9.4 1.5 1.2 117 0 1 2
9.4 1.6 1.2 76 0 1 2
9.4 1.7 1.1 82 0 1 2
9.4 1.7 1.2 93 0 1 2
9.5 -1.6 3.5 81 0 1 3
9.5 1.4 1.2 117 0 1 2
9.7 -1.4 3.4 73 0 1 3
9.7 1.3 1.2 116 0 1 2
9.8 -1.1 2.1 63 0 1 3
9.9 -0.8 0.8 76 0 1 3
9.9 0.8 0.8 163 0 1 1
9.9 2.1 0.9 158 0 1 1
9.9 2.7 0.9 168 0 1 1
9.9 3.4 0.9 161 0 1 1
9.9 4 0.9 129 0 1 1
9.9 4.7 0.8 142 0 1 1
9.9 5.4 0.8 138 0 1 1
9.9 6 0.7 140 0 1 1
9.9 6.7 0.7 125 0 1 1
10 -0.5 0.7 129 0 1 1
10 0.2 0.8 149 0 1 1
10 7.3 0.6 126 0 1 1
10 8 0.5 113 0 1 1
10 8.7 0.5 111 0 1 1
10 9.3 0.4 119 0 1 1
10 10 0.3 109 0 1 1
10.6 -1.4 3.2 81 0 1 3
10.6 -0.5 0.7 130 0 1 1
10.6 0.2 0.8 144 0 1 1
10.6 0.8 0.8 153 0 1 1
10.6 2.1 0.9 161 0 1 1
10.6 2.8 0.9 166 0 1 1
10.6 3.4 0.9 148 0 1 1
10.6 4.1 0.9 142 0 1 1
10.6 4.7 0.8 149 0 1 1
10.6 5.4 0.8 154 0 1 1
10.6 6 0.7 143 0 1 1
10.6 6.7 0.7 142 0 1 1
10.6 7.4 0.6 136 0 1 1
10.6 8 0.5 123 0 1 1
10.7 -1.1 1.9 88 0 1 3
10.7 8.7 0.5 111 0 1 1
10.7 9.4 0.4 117 0 1 1
10.7 10 0.3 104 0 1 1
10.7 10.7 0.3 115 0 1 1
11.2 2.8 0.9 159 0 1 1
11.2 3.4 0.9 149 0 1 1
11.2 4.1 0.8 154 0 1 1
11.2 4.7 0.8 150 0 1 1
11.3 -0.5 0.7 140 0 1 1
11.3 0.2 0.8 148 0 1 1
11.3 0.8 0.8 161 0 1 1
11.3 5.4 0.8 150 0 1 1
11.3 6 0.7 112 0 1 1
11.3 6.7 0.6 148 0 1 1
11.3 7.4 0.6 133 0 1 1
11.3 8 0.5 132 0 1 1
11.3 8.7 0.4 116 0 1 1
11.3 9.4 0.4 110 0 1 1
11.3 10 0.3 115 0 1 1
11.4 10.7 0.2 122 0 1 1
11.4 11.4 0.2 127 0 1 1
11.5 -1.4 3 87 0 1 3
11.6 -1 1.6 92 0 1 3
11.7 -1.1 2 90 0 1 3
11.9 -0.9 1 73 0 1 3
11.9 -0.5 0.7 137 0 1 1
11.9 0.2 0.7 143 0 1 1
11.9 0.8 0.8 154 0 1 1
11.9 2.8 0.8 162 0 1 1
11.9 3.4 0.8 153 0 1 1
11.9 4.1 0.8 147 0 1 1
11.9 4.7 0.8 141 0 1 1
11.9 5.4 0.7 81 0 1 1
11.9 6.1 0.7 141 0 1 1
11.9 6.7 0.6 83 0 1 1
12 7.4 0.5 132 0 1 1
12 8 0.5 134 0 1 1
12 8.7 0.4 122 0 1 1
12 9.4 0.3 112 0 1 1
12 10 0.3 115 0 1 1
12 10.7 0.2 122 0 1 1
12 11.4 0.2 134 0 1 1
12 12 0.1 135 0 1 1
12.3 6.6 1 54 0 1 3
12.3 6.7 1 42 0 1 3
12.4 5 0.8 34 0 1 3
12.4 5.8 0.9 29 0 1 3
12.5 4.9 0.8 35 0 1 3
12.5 4.9 1 35 0 1 3
12.6 -0.4 0.6 135 0 1 1
12.6 0.2 0.7 144 0 1 1
12.6 0.9 0.7 153 0 1 1
12.6 2.8 0.8 152 0 1 1
12.6 3.4 0.8 133 0 1 1
12.6 4.1 0.7 142 0 1 1
12.6 4.8 0.7 83 0 1 1
12.6 5.9 1.9 44 0 1 3
12.6 6.4 2.3 74 0 1 3
12.6 6.5 2.1 36 0 1 3
12.6 6.6 2.1 42 0 1 3
12.6 7.4 0.5 148 0 1 1
12.6 8 0.4 141 0 1 1
12.6 8.7 0.4 137 0 1 1
12.7 5.1 2.2 135 0 1 3
12.7 5.5 2.4 110 0 1 3
12.7 6.6 2.3 59 0 1 3
12.7 9.4 0.3 117 0 1 1
12.7 10 0.2 113 0 1 1
12.7 10.7 0.2 119 0 1 1
12.7 11.4 0.1 128 0 1 1
12.7 12 0.1 134 0 1 1
12.7 12.7 0 132 0 1 1
12.8 5.8 2.6 99 0 1 3
12.8 5.9 2.6 92 0 1 3
12.8 6.9 1.7 49 0 1 3
13 5.8 2.6 133 0 1 3
13 6.8 2.3 71 0 1 3
13.1 5.7 2.7 126 0 1 3
13.1 7.6 0.8 57 0 1 3
13.2 2.8 0.7 163 0 1 1
13.2 3.5 0.7 155 0 1 1
13.2 4.1 0.7 106 0 1 1
13.2 4.7 1.6 40 0 1 3
13.3 -0.4 0.6 133 0 1 1
13.3 0.2 0.7 144 0 1 1
13.3 0.9 0.7 142 0 1 1
13.3 7.3 2 31 0 1 3
13.3 7.7 1.1 62 0 1 3
13.3 8.7 0.3 141 0 1 1
13.3 9.4 0.3 125 0 1 1
13.3 10.1 0.2 118 0 1 1
13.3 10.7 0.1 122 0 1 1
13.4 5.4 2.6 152 0 1 3
13.4 5.7 2.7 135 0 1 3
13.4 6.7 2.6 79 0 1 3
13.4 11.4 0.1 135 0 1 1
13.4 12.1 0.1 130 0 1 1
13.4 12.7 0 137 0 1 1
13.4 13.4 0 134 0 1 1
13.5 6.7 2.6 98 0 1 3
13.5 7.4 2.3 104 0 1 3
13.5 7.7 1.5 63 0 1 3
13.5 7.8 1 47 0 1 3
13.5 7.8 1.3 69 0 1 3
13.6 5.8 2.7 137 0 1 3
13.6 7.6 2.1 58 0 1 3
13.6 7.7 1.8 69 0 1 3
13.7 6.6 2.6 91 0 1 3
13.7 7.5 2.4 73 0 1 3
13.8 7.6 2.4 79 0 1 3
13.9 -0.4 0.6 138 0 1 1
13.9 0.9 0.6 138 0 1 1
13.9 2.8 0.7 166 0 1 1
13.9 3.5 0.7 161 0 1 1
13.9 4.1 0.6 145 0 1 1
13.9 4.4 2 33 0 1 3
13.9 5.9 2.7 154 0 1 3
13.9 6.7 2.6 94 0 1 3
14 4.2 0.9 36 0 1 3
14 4.7 2.5 100 0 1 3
14 4.9 2.6 118 0 1 3
14 5 2.6 104 0 1 3
14 5.7 2.7 158 0 1 3
14 7.6 2.5 86 0 1 3
14 10.1 0.2 118 0 1 1
14 10.7 0.1 127 0 1 1
14 11.4 0.1 134 0 1 1
14 12.1 0 132 0 1 1
14 12.7 0 135 0 1 1
14 13.4 0 134 0 1 1
14 14 0 133 0 1 1
14.1 4.4 2.4 76 0 1 3
14.1 4.6 2.5 100 0 1 3
14.1 7.6 2.6 76 0 1 3
14.2 4.2 1.4 56 0 1 3
14.2 4.3 2 46 0 1 3
14.2 4.4 2.4 75 0 1 3
14.2 5.3 2.7 164 0 1 3
14.2 5.9 2.7 125 0 1 3
14.2 7.6 2.6 88 0 1 3
14.3 4.2 2.1 34 0 1 3
14.3 4.3 2.2 54 0 1 3
14.3 4.3 2.3 62 0 1 3
14.3 5.8 2.7 155 0 1 3
14.3 7.6 2.6 97 0 1 3
14.4 4.2 2.1 66 0 1 3
14.4 4.2 2.2 63 0 1 3
14.5 4.2 2 69 0 1 3
14.5 5.6 2.7 120 0 1 3
14.6 -0.4 0.5 138 0 1 1
14.6 0.9 0.6 133 0 1 1
14.6 2.8 0.6 167 0 1 1
14.6 3.5 0.6 165 0 1 1
14.6 4 1.7 54 0 1 3
14.6 4.1 1.8 66 0 1 3
14.7 3.8 1 45 0 1 3
14.7 3.8 1.1 67 0 1 3
14.7 3.8 1.2 53 0 1 3
14.7 3.9 1.3 33 0 1 3
14.7 3.9 1.4 61 0 1 3
14.7 4 1.5 62 0 1 3
14.7 4 1.6 62 0 1 3
14.7 9.4 0.2 140 0 1 1
14.7 10.1 0.1 122 0 1 1
14.7 10.7 0.1 135 0 1 1
14.7 11.4 0 139 0 1 1
14.7 12.1 0 135 0 1 1
14.7 12.7 0 132 0 1 1
14.7 13.4 0 135 0 1 1
14.7 14 0 131 0 1 1
14.7 14.7 0 128 0 1 1
14.8 3.8 0.8 56 0 1 3
14.8 3.8 0.9 55 0 1 3
14.9 3.8 0.7 63 0 1 3
15.3 -1 0.4 141 0 1 1
15.3 0.9 0.5 127 0 1 1
15.3 9.4 0.1 143 0 1 1
15.3 10.1 0.1 126 0 1 1
15.3 10.7 0 132 0 1 1
15.3 11.4 0 144 0 1 1
15.3 12.1 0 135 0 1 1
15.4 12.7 0 139 0 1 1
15.4 13.4 0 129 0 1 1
15.4 14 0 129 0 1 1
15.4 14.7 0 128 0 1 1
15.4 15.4 0 111 0 1 1
15.9 0.9 0.4 148 0 1 1
16 -1 0.3 139 0 1 1
16 -0.4 0.4 153 0 1 1
16 9.4 0.1 147 0 1 1
16 10.1 0 132 0 1 1
16 10.8 0 136 0 1 1
16 11.4 0 133 0 1 1
16 12.1 0 136 0 1 1
16 12.7 0 123 0 1 1
16 13.4 0 128 0 1 1
16 14 0 119 0 1 1
16 14.7 0 118 0 1 1
16 15.4 0 115 0 1 1
16 16 0 122 0 1 1
16.6 -1 0.3 146 0 1 1
16.6 -0.4 0.3 153 0 1 1
16.6 0.9 0.4 148 0 1 1
16.7 10.1 0 129 0 1 1
16.7 10.8 0 132 0 1 1
16.7 11.4 0 129 0 1 1
16.7 12.1 0 126 0 1 1
16.7 12.7 0 118 0 1 1
16.7 13.4 0 117 0 1 1
16.7 14 0 115 0 1 1
16.7 14.7 0 121 0 1 1
16.7 15.4 0 113 0 1 1
16.7 16 0 117 0 1 1
16.7 16.7 0 117 0 1 1
17.3 -1 0.2 146 0 1 1
17.3 10.1 0 130 0 1 1
17.3 10.8 0 132 0 1 1
17.3 11.4 0 119 0 1 1
17.3 12.1 0 121 0 1 1
17.3 12.7 0 119 0 1 1
17.3 13.4 0 115 0 1 1
17.3 14 0 115 0 1 1
17.3 14.7 0 120 0 1 1
17.3 15.4 0 120 0 1 1
17.3 16 0 114 0 1 1
17.3 16.7 0 120 0 1 1
17.3 17.3 0 124 0 1 1
18 -1 0.2 144 0 1 1
18 -0.4 0.2 150 0 1 1
18 10.8 0 123 0 1 1
18 11.4 0 122 0 1 1
18 12.1 0 123 0 1 1
18 12.7 0 117 0 1 1
18 13.4 0 117 0 1 1
18 14 0 119 0 1 1
18 14.7 0 115 0 1 1
18 15.4 0 114 0 1 1
18 16 0 110 0 1 1
18 16.7 0 122 0 1 1
18 17.3 0 131 0 1 1
18 18 0 122 0 1 1
18.6 -1 0.1 141 0 1 1
18.6 -0.4 0.1 157 0 1 1
18.6 0.3 0.1 143 0 1 1
18.6 10.8 0 134 0 1 1
18.6 11.4 0 117 0 1 1
18.6 12.1 0 120 0 1 1
18.6 12.7 0 119 0 1 1
18.6 13.4 0 124 0 1 1
18.6 14 0 116 0 1 1
18.6 14.7 0 113 0 1 1
18.6 15.4 0 111 0 1 1
18.6 16 0 105 0 1 1
18.6 16.7 0 116 0 1 1
18.6 17.3 0 117 0 1 1
18.6 18 0 119 0 1 1
18.6 18.6 0 121 0 1 1
19.3 -1 0.1 144 0 1 1
19.3 0.9 0.1 146 0 1 1
19.3 11.4 0 119 0 1 1
19.3 12.1 0 121 0 1 1
19.3 12.7 0 119 0 1 1
19.3 13.4 0 120 0 1 1
19.3 14 0 131 0 1 1
19.3 14.7 0 132 0 1 1
19.3 15.4 0 134 0 1 1
19.3 16 0 108 0 1 1
19.3 16.7 0 117 0 1 1
19.3 17.3 0 120 0 1 1
19.3 18 0 115 0 1 1
19.3 18.6 0 122 0 1 1
19.3 19.3 0 135 0 1 1
19.9 -1 0 109 0 1 1
19.9 -0.4 0 134 0 1 1
19.9 0.3 0.1 149 0 1 1
19.9 0.9 0.1 92 0 1 1
20 12.1 0 87 0 1 1
20 12.7 0 87 0 1 1
20 13.4 0 89 0 1 1
20 14 0 92 0 1 1
20 14.7 0 91 0 1 1
20 15.4 0 88 0 1 1
20 16 0 84 0 1 1
20 16.7 0 86 0 1 1
20 17.3 0 82 0 1 1
20 18 0 85 0 1 1
20 18.6 0 86 0 1 1
20 19.3 0 87 0 1 1
20 20 0 86 0 1 1
