-19.4 -20 0 81 0 1 1
-18.7 -20 0 82 0 1 1
-18.7 -19.4 0 117 0 1 1
-18.1 -20 0 83 0 1 1
-18.1 -19.4 0 118 0 1 1
-18.1 -18.7 0 122 0 1 1
-17.4 -20 0 82 0 1 1
-17.4 -19.4 0 119 0 1 1
-17.4 -18.7 0 120 0 1 1
-17.4 -18.1 0 126 0 1 1
-16.8 -20 0 84 0 1 1
-16.8 -19.4 0 122 0 1 1
-16.8 -18.7 0 118 0 1 1
-16.8 -18.1 0 122 0 1 1
-16.8 -17.4 0 116 0 1 1
-16.1 -20 0 84 0 1 1
-16.1 -19.4 0 122 0 1 1
-16.1 -18.7 0 122 0 1 1
-16.1 -18.1 0 121 0 1 1
-16.1 -17.4 0 122 0 1 1
-16.1 -16.8 0 122 0 1 1
-15.5 -20 0 82 0 1 1
-15.5 -19.4 0 120 0 1 1
-15.5 -18.7 0 125 0 1 1
-15.5 -18.1 0 118 0 1 1
-15.5 -17.4 0 116 0 1 1
-15.5 -16.8 0 120 0 1 1
-15.5 -16.1 0 118 0 1 1
-14.8 -20 0 85 0 1 1
-14.8 -19.4 0 120 0 1 1
-14.8 -18.7 0 120 0 1 1
-14.8 -18.1 0 117 0 1 1
-14.8 -17.4 0 121 0 1 1
-14.8 -16.8 0 120 0 1 1
-14.8 -16.1 0 116 0 1 1
-14.8 -15.5 0.1 116 0 1 1
-14.2 -16.1 0 115 0 1 1
-14.2 -15.5 0.1 117 0 1 1
-14.2 -14.8 0.1 119 0 1 1
-14.1 -20 0 88 0 1 1
-14.1 -19.4 0 120 0 1 1
-14.1 -18.7 0 118 0 1 1
-14.1 -18.1 0 114 0 1 1
-14.1 -17.4 0 118 0 1 1
-14.1 -16.8 0 118 0 1 1
-13.5 -20 0 83 0 1 1
-13.5 -19.4 0 106 0 1 1
-13.5 -18.7 0 114 0 1 1
-13.5 -18.1 0 115 0 1 1
-13.5 -17.4 0 119 0 1 1
-13.5 -16.8 0 120 0 1 1
-13.5 -16.1 0 114 0 1 1
-13.5 -15.5 0.1 110 0 1 1
-13.5 -14.8 0.1 107 0 1 1
-13.5 -14.2 0.2 111 0 1 1
-12.8 -20 0 82 0 1 1
-12.8 -19.4 0 113 0 1 1
-12.8 -18.7 0 116 0 1 1
-12.8 -18.1 0 121 0 1 1
-12.8 -17.4 0 125 0 1 1
-12.8 -16.8 0 121 0 1 1
-12.8 -16.1 0 114 0 1 1
-12.8 -15.5 0.1 105 0 1 1
-12.8 -14.8 0.1 101 0 1 1
-12.8 -14.2 0.2 110 0 1 1
-12.8 -13.5 0.2 119 0 1 1
-12.2 -20 0 83 0 1 1
-12.2 -19.4 0 120 0 1 1
-12.2 -18.7 0 126 0 1 1
-12.2 -18.1 0 123 0 1 1
-12.2 -17.4 0 121 0 1 1
-12.2 -16.8 0 117 0 1 1
-12.2 -16.1 0 119 0 1 1
-12.2 -15.5 0.1 104 0 1 1
-12.2 -14.8 0.1 103 0 1 1
-12.2 -14.2 0.2 111 0 1 1
-12.2 -13.5 0.2 120 0 1 1
-12.2 -12.9 0.2 117 0 1 1
-12.2 -12.2 0.3 121 0 1 1
-11.5 -20 0 83 0 1 1
-11.5 -19.4 0 126 0 1 1
-11.5 -18.7 0 125 0 1 1
-11.5 -18.1 0 127 0 1 1
-11.5 -17.4 0 123 0 1 1
-11.5 -16.8 0 113 0 1 1
-11.5 -16.1 0 112 0 1 1
-11.5 -15.5 0.1 98 0 1 1
-11.5 -14.8 0.1 102 0 1 1
-11.5 -14.2 0.1 112 0 1 1
-11.5 -13.5 0.2 114 0 1 1
-11.5 -12.9 0.2 115 0 1 1
-11.5 -12.2 0.3 125 0 1 1
-11.5 -11.6 0.3 124 0 1 1
-10.9 -20 0 87 0 1 1
-10.9 -19.4 0 127 0 1 1
-10.9 -18.7 0 126 0 1 1
-10.9 -18.1 0 115 0 1 1
-10.9 -17.4 0 121 0 1 1
-10.9 -16.8 0 120 0 1 1
-10.9 -16.1 0 106 0 1 1
-10.9 -15.5 0.1 105 0 1 1
-10.9 -14.8 0.1 106 0 1 1
-10.9 -14.2 0.1 106 0 1 1
-10.9 -13.5 0.2 121 0 1 1
-10.9 -12.9 0.2 119 0 1 1
-10.9 -12.2 0.2 125 0 1 1
-10.9 -11.6 0.3 121 0 1 1
-10.9 -10.9 0.3 119 0 1 1
-10.2 -20 0 87 0 1 1
-10.2 -19.4 0 127 0 1 1
-10.2 -18.7 0 115 0 1 1
-10.2 -18.1 0 124 0 1 1
-10.2 -17.4 0 128 0 1 1
-10.2 -16.8 0 125 0 1 1
-10.2 -16.1 0 113 0 1 1
-10.2 -15.5 0 112 0 1 1
-10.2 -14.8 0.1 114 0 1 1
-10.2 -14.2 0.1 115 0 1 1
-10.2 -13.5 0.1 108 0 1 1
-10.2 -12.9 0.2 115 0 1 1
-10.2 -12.2 0.2 127 0 1 1
-10.2 -11.6 0.2 120 0 1 1
-10.2 -10.9 0.2 125 0 1 1
-10.2 -10.2 0.2 119 0 1 1
-9.6 -19.4 0 126 0 1 1
-9.6 -18.7 0 124 0 1 1
-9.6 -18.1 0 129 0 1 1
-9.6 -17.4 0 126 0 1 1
-9.6 -16.8 0 127 0 1 1
-9.6 -16.1 0 120 0 1 1
-9.6 -15.5 0 117 0 1 1
-9.6 -14.8 0 108 0 1 1
-9.6 -14.2 0.1 112 0 1 1
-9.6 -13.5 0.1 108 0 1 1
-9.6 -12.9 0.1 120 0 1 1
-9.6 -12.2 0.2 118 0 1 1
-9.6 -11.6 0.2 110 0 1 1
-9.6 -10.9 0.2 109 0 1 1
-9.6 -10.2 0.2 116 0 1 1
-9.6 -9.6 0.2 118 0 1 1
-8.9 -18.1 0 78 0 1 1
-8.9 -17.4 0 126 0 1 1
-8.9 -16.8 0 127 0 1 1
-8.9 -16.1 0 112 0 1 1
-8.9 -15.5 0 113 0 1 1
-8.9 -14.8 0 114 0 1 1
-8.9 -14.2 0.1 118 0 1 1
-8.9 -13.5 0.1 117 0 1 1
-8.9 -12.9 0.1 105 0 1 1
-8.9 -12.2 0.1 111 0 1 1
-8.9 -11.5 0.1 117 0 1 1
-8.9 -10.9 0.2 131 0 1 1
-8.9 -10.2 0.2 87 0 1 1
-8.9 -9.6 0.2 103 0 1 1
-8.9 -8.9 0.2 119 0 1 1
-8.3 -12.9 0.1 98 0 1 1
-8.3 -12.2 0.1 115 0 1 1
-8.3 -11.5 0.1 126 0 1 1
-8.3 -10.9 0.1 68 0 1 1
-8.3 -10.2 0.1 99 0 1 1
-8.3 -9.6 0.1 118 0 1 1
-8.2 -16.1 0 121 0 1 1
-8.2 -15.5 0 125 0 1 1
-8.2 -14.8 0 121 0 1 1
-8.2 -14.2 0 116 0 1 1
-8.2 -13.5 0 97 0 1 1
-8.2 -8.9 0.1 104 0 1 1
-8.2 -8.3 0.1 113 0 1 1
-7.6 -14.8 0 122 0 1 1
-7.6 -14.2 0 101 0 1 1
-7.6 -13.5 0 100 0 1 1
-7.6 -12.8 0 101 0 1 1
-7.6 -12.2 0.1 110 0 1 1
-7.6 -11.5 0.1 95 0 1 1
-7.6 -10.9 0.1 101 0 1 1
-7.6 -10.2 0.1 104 0 1 1
-7.6 -9.6 0.1 117 0 1 1
-7.6 -8.9 0.1 107 0 1 1
-7.6 -8.3 0.1 109 0 1 1
-7.6 -7.6 0.2 119 0 1 1
-6.9 -13.5 0 129 0 1 1
-6.9 -12.8 0 118 0 1 1
-6.9 -12.2 0 127 0 1 1
-6.9 -11.5 0 99 0 1 1
-6.9 -10.9 0 103 0 1 1
-6.9 -10.2 0 102 0 1 1
-6.9 -9.6 0.1 115 0 1 1
-6.9 -8.9 0.1 114 0 1 1
-6.9 -8.3 0.1 115 0 1 1
-6.9 -7.6 0.1 103 0 1 1
-6.9 -7 0.2 98 0 1 1
-6.3 -12.2 0 43 0 1 1
-6.3 -11.5 0 115 0 1 1
-6.3 -10.9 0 103 0 1 1
-6.3 -10.2 0 105 0 1 1
-6.3 -9.6 0 112 0 1 1
-6.3 -8.9 0.1 113 0 1 1
-6.3 -8.3 0.1 114 0 1 1
-6.2 -7.6 0.1 110 0 1 1
-6.2 -7 0.2 99 0 1 1
-6.2 -6.3 0.2 105 0 1 1
-5.6 -10.2 0 128 0 1 1
-5.6 -9.6 0 123 0 1 1
-5.6 -8.9 0 126 0 1 1
-5.6 -8.3 0.1 133 0 1 1
-5.6 -7.6 0.1 129 0 1 1
-5.6 -7 0.2 127 0 1 1
-5.6 -6.3 0.2 110 0 1 1
-5.5 -5.7 0.3 109 0 1 1
-5 -8.9 0 114 0 1 1
-4.9 -8.3 0.1 101 0 1 1
-4.9 -7.6 0.1 142 0 1 1
-4.9 -7 0.2 113 0 1 1
-4.9 -6.3 0.2 101 0 1 1
-4.9 -5.7 0.3 100 0 1 1
-4.9 -5 0.4 104 0 1 1
-4.3 -7.6 0.1 114 0 1 1
-4.3 -7 0.2 118 0 1 1
-4.3 -6.3 0.2 121 0 1 1
-4.2 -5.7 0.3 113 0 1 1
-4.2 -5 0.4 111 0 1 1
-4.2 -4.4 0.4 117 0 1 1
-3.7 -7.1 0.4 41 0 1 3
-3.7 -7.1 0.6 61 0 1 3
-3.7 -7.1 0.8 49 0 1 3
-3.7 -7.1 0.9 115 0 1 3
-3.7 -7 0.2 118 0 1 3
-3.6 -7 0.2 149 0 1 1
-3.6 -6.3 0.2 94 0 1 1
-3.6 -4.4 0.4 127 0 1 1
-3.6 -3.7 0.4 127 0 1 1
-3.5 -7.3 1.3 78 0 1 3
-3.5 -7 0.7 37 0 1 3
-3.5 -7 0.8 46 0 1 3
-3.4 -7.6 1.8 75 0 1 3
-3.4 -7.5 1.8 74 0 1 3
-3.4 -7.4 1.7 89 0 1 3
-3.3 -7.5 1.8 70 0 1 3
-3.3 -6.9 0.2 125 0 1 3
-3.3 -6.9 0.3 35 0 1 3
-3.3 -6.9 0.6 42 0 1 3
-3.3 -6.9 0.7 62 0 1 3
-3.2 -7.5 1.8 57 0 1 3
-3.2 -7.5 1.9 70 0 1 3
-3.2 -7.4 1.8 103 0 1 3
-3.2 -4 0.4 107 0 1 2
-3.1 -7.4 1.9 105 0 1 3
-3.1 -6.9 0.6 62 0 1 3
-3.1 -4 0.5 82 0 1 2
-3.1 -4 0.6 115 0 1 2
-3.1 -3.9 0.4 54 0 1 2
-3 -7.5 2 103 0 1 3
-3 -7.4 1.9 112 0 1 3
-3 -6.8 0.5 51 0 1 3
-3 -6.8 0.7 58 0 1 3
-3 -4 0.7 116 0 1 2
-3 -3.9 0.6 77 0 1 2
-2.9 -6.7 0.3 48 0 1 3
-2.9 -6.3 0.2 108 0 1 1
-2.9 -5.7 0.3 106 0 1 1
-2.9 -4 0.7 105 0 1 2
-2.9 -3.8 0.5 45 0 1 2
-2.9 -3.7 0.4 129 0 1 1
-2.9 -3.1 0.4 122 0 1 1
-2.8 -7.5 2 95 0 1 3
-2.8 -6.9 1 82 0 1 3
-2.8 -6.7 0.2 91 0 1 3
-2.8 -6.7 0.6 54 0 1 3
-2.8 -4.1 0.7 132 0 1 2
-2.8 -3.9 0.7 104 0 1 2
-2.8 -3.7 0.6 72 0 1 2
-2.7 -7.2 1.8 75 0 1 3
-2.7 -7 1.4 84 0 1 3
-2.7 -4.3 0.7 132 0 1 2
-2.7 -4.1 0.7 144 0 1 2
-2.7 -4 0.7 125 0 1 2
-2.7 -3.8 0.7 99 0 1 2
-2.6 -7.6 2.1 77 0 1 3
-2.6 -6.8 0.9 79 0 1 3
-2.6 -6.7 0.7 59 0 1 3
-2.6 -3.8 0.5 123 0 1 2
-2.6 -3.8 0.7 112 0 1 2
-2.5 -7.2 1.9 89 0 1 3
-2.5 -3.8 0.6 135 0 1 2
-2.4 -7.3 2 102 0 1 3
-2.4 -6.7 0.5 73 0 1 3
-2.4 -4.3 0.7 106 0 1 2
-2.4 -4.2 0.7 129 0 1 2
-2.4 -4.1 0.6 151 0 1 2
-2.4 -3.9 0.5 144 0 1 2
-2.4 -3.9 0.6 122 0 1 2
-2.4 -3.8 0.4 128 0 1 2
-2.4 -3.7 0.4 129 0 1 2
-2.3 -7.6 2.2 94 0 1 3
-2.3 -7.4 2.1 103 0 1 3
-2.3 -6.7 0.9 70 0 1 3
-2.3 -6.6 0.2 87 0 1 3
-2.3 -6.6 0.4 89 0 1 3
-2.3 -6.3 0.2 112 0 1 1
-2.3 -5.7 0.2 112 0 1 1
-2.3 -5 0.3 109 0 1 1
-2.3 -4.4 0.3 118 0 1 1
-2.3 -4.3 0.3 133 0 1 2
-2.3 -4.3 0.4 125 0 1 2
-2.3 -4.3 0.6 122 0 1 2
-2.3 -4.2 0.4 133 0 1 2
-2.3 -4.2 0.7 139 0 1 2
-2.3 -4.1 0.4 141 0 1 2
-2.3 -4.1 0.5 172 0 1 2
-2.3 -4.1 0.6 152 0 1 2
-2.3 -4 0.3 146 0 1 2
-2.3 -4 0.6 101 0 1 2
-2.3 -3.7 0.3 137 0 1 1
-2.3 -3.1 0.4 120 0 1 1
-2.3 -2.4 0.4 120 0 1 1
-2.2 -6.6 0.6 66 0 1 3
-2 -7.4 2.1 104 0 1 3
-2 -7 1.8 96 0 1 3
-2 -6.9 1.5 84 0 1 3
-1.9 -7.1 1.9 117 0 1 3
-1.9 -7.1 2 131 0 1 3
-1.9 -6.7 1.2 74 0 1 3
-1.9 -6.6 0.8 76 0 1 3
-1.9 -6.5 0.5 76 0 1 3
-1.8 -7.5 2.2 111 0 1 3
-1.8 -7.2 2 127 0 1 3
-1.8 -7.2 2.1 129 0 1 3
-1.8 -6.9 1.6 122 0 1 3
-1.8 -6.6 0.7 99 0 1 3
-1.8 -6.5 0.4 76 0 1 3
-1.7 -7.2 2.1 131 0 1 3
-1.7 -7.1 2 135 0 1 3
-1.7 -6.6 0.7 142 0 1 3
-1.7 -6.4 0.2 119 0 1 3
-1.7 -6.3 0.1 117 0 1 1
-1.6 -7.2 2 142 0 1 3
-1.6 -6.8 1.1 128 0 1 3
-1.6 -6.5 0.2 131 0 1 3
-1.6 -5.7 0.2 116 0 1 1
-1.6 -5 0.2 121 0 1 1
-1.6 -4.4 0.3 164 0 1 1
-1.6 -3.7 0.3 157 0 1 1
-1.6 -3 0.3 95 0 1 1
-1.5 -7.3 2.1 111 0 1 3
-1.5 -7.2 2.1 117 0 1 3
-1.5 -6.9 1.1 101 0 1 3
-1.5 -6.5 0.2 125 0 1 3
-1.4 -7.3 2.1 118 0 1 3
-1.2 -7.4 2.2 95 0 1 3
-1.2 -7.2 2 122 0 1 3
-1.2 -6.6 0.5 107 0 1 3
-1.1 -7.9 2.2 90 0 1 3
-1.1 -7.2 2.1 135 0 1 3
-1.1 -7 1.7 105 0 1 3
-1.1 -6.7 0.8 80 0 1 3
-1 -8.5 2.2 86 0 1 3
-1 -6.9 0.1 129 0 1 1
-1 -6.6 0.2 118 0 1 3
-1 -6.3 0.1 121 0 1 1
-1 -5.6 0.1 131 0 1 1
-1 -5 0.2 132 0 1 1
-1 -4.3 0.2 109 0 1 1
-1 -3.7 0.2 144 0 1 1
-1 -3 0.2 122 0 1 1
-0.9 -7.2 2 154 0 1 3
-0.9 -7.1 2 135 0 1 3
-0.8 -7.1 2 127 0 1 3
-0.8 -6.7 0.8 91 0 1 3
-0.7 -9.1 2.1 87 0 1 3
-0.7 -7.6 2 145 0 1 3
-0.7 -7.1 1.9 138 0 1 3
-0.7 -7 1.7 96 0 1 3
-0.7 -6.8 1 85 0 1 3
-0.6 -8.1 2 151 0 1 3
-0.6 -6.9 1.6 106 0 1 3
-0.6 -6.8 1.3 118 0 1 3
-0.6 -6.7 0.5 99 0 1 3
-0.6 -6.7 0.8 79 0 1 3
-0.5 -8.8 2 149 0 1 3
-0.5 -8.5 2 136 0 1 3
-0.5 -6.9 1.2 146 0 1 3
-0.5 -6.8 0.9 149 0 1 3
-0.5 -6.8 1.1 120 0 1 3
-0.4 -7.6 0 134 0 1 1
-0.4 -7.4 1.9 139 0 1 3
-0.4 -6.9 0 124 0 1 1
-0.4 -6.7 0.4 113 0 1 3
-0.4 -6.7 0.5 87 0 1 3
-0.4 -6.7 0.6 139 0 1 3
-0.4 -6.7 0.8 129 0 1 3
-0.4 -6.6 0.2 117 0 1 3
-0.4 -6.3 0.1 124 0 1 1
-0.3 -9.1 1.9 94 0 1 3
-0.3 -6.8 0.5 135 0 1 3
-0.3 -5.6 0.1 146 0 1 1
-0.3 -5 0.1 144 0 1 1
-0.3 -4.3 0.1 143 0 1 1
-0.3 -3.7 0.2 127 0 1 1
-0.3 -3 0.2 129 0 1 1
-0.2 -8.8 1.9 116 0 1 3
-0.2 -7.8 1.8 144 0 1 3
-0.2 -7.4 1.2 159 0 1 3
0 -8.5 1.8 117 0 1 3
0 -8.3 1.8 145 0 1 3
-0.1 -8.2 1.8 143 0 1 3
-0.1 -8 1.8 147 0 1 3
0 -7.8 1.1 150 0 1 3
0 -7.3 0.2 135 0 1 3
0 -7.3 0.5 144 0 1 3
-0.1 -7.2 0.3 137 0 1 3
0.1 -8.5 1.6 149 0 1 3
0.1 -8.4 1.7 114 0 1 3
0.1 -8.3 1.7 148 0 1 3
0.1 -7.9 1 138 0 1 3
0.2 -8.4 1.5 131 0 1 3
0.2 -8.3 1.5 154 0 1 3
0.2 -8.3 1.6 95 0 1 3
0.2 -8.1 1 124 0 1 3
0.3 -8.4 1.5 124 0 1 3
0.3 -8.2 0 131 0 1 1
0.3 -7.9 0.3 123 0 1 3
0.3 -7.9 0.4 133 0 1 3
0.3 -7.8 0.4 135 0 1 3
0.3 -7.6 0 132 0 1 1
0.3 -6.9 0 130 0 1 1
0.3 -6.3 0 135 0 1 1
0.3 -5.6 0 154 0 1 1
0.3 -5 0.1 129 0 1 1
0.3 -4.3 0.1 153 0 1 1
0.3 -3.7 0.1 149 0 1 1
0.3 -3 0.2 135 0 1 1
0.4 -8.5 1.4 121 0 1 3
0.4 -8.4 1.4 144 0 1 3
0.4 -8.3 1.4 170 0 1 3
0.4 -8 0.2 107 0 1 3
0.4 -8 0.3 122 0 1 3
0.5 -8.6 1.3 127 0 1 3
0.5 -8.5 1.3 106 0 1 3
0.5 -8.3 1.2 95 0 1 3
0.5 -8.3 1.3 160 0 1 3
0.5 -8.2 0.7 122 0 1 3
0.5 -8.1 0.4 136 0 1 3
0.6 -8.4 0.9 123 0 1 3
0.6 -8.3 0.9 121 0 1 3
0.6 -8.2 0.6 118 0 1 3
0.7 -8.5 0.6 127 0 1 3
0.9 -11.5 0 127 0 1 1
0.9 -10.9 0 124 0 1 1
0.9 -10.2 0 150 0 1 1
0.9 -9.5 0 112 0 1 1
0.9 -8.9 0 124 0 1 1
0.9 -8.2 0 131 0 1 1
0.9 -7.6 0 128 0 1 1
0.9 -6.9 0 140 0 1 1
0.9 -6.3 0 135 0 1 1
0.9 -5.6 0 142 0 1 1
0.9 -5 0 143 0 1 1
0.9 -4.3 0.1 136 0 1 1
0.9 -3.7 0.1 141 0 1 1
0.9 -3 0.1 144 0 1 1
1.6 -20 0 74 0 1 1
1.6 -19.4 0 53 0 1 1
1.6 -18.7 0 49 0 1 1
1.6 -18.1 0 44 0 1 1
1.6 -17.4 0 47 0 1 1
1.6 -16.8 0 50 0 1 1
1.6 -16.1 0 68 0 1 1
1.6 -15.5 0 93 0 1 1
1.6 -14.8 0 120 0 1 1
1.6 -14.1 0 123 0 1 1
1.6 -13.5 0 141 0 1 1
1.6 -12.8 0 124 0 1 1
1.6 -12.2 0 136 0 1 1
1.6 -11.5 0 138 0 1 1
1.6 -10.8 0 153 0 1 1
1.6 -10.2 0 153 0 1 1
1.6 -9.5 0 148 0 1 1
1.6 -8.9 0 128 0 1 1
1.6 -8.2 0 138 0 1 1
1.6 -7.6 0 141 0 1 1
1.6 -6.9 0 133 0 1 1
1.6 -6.3 0 133 0 1 1
1.6 -5.6 0 140 0 1 1
1.6 -5 0 129 0 1 1
1.6 -4.3 0 137 0 1 1
1.6 -3.7 0.1 143 0 1 1
1.6 -3 0.1 149 0 1 1
2 -11.4 0 121 0 1 2
2 -11.3 0.1 138 0 1 2
2 -11.2 0.2 77 0 1 2
2 -11 0.1 79 0 1 2
2.1 -11.1 0.2 99 0 1 2
2.1 -10.9 0.1 102 0 1 2
2.2 -20 0 70 0 1 1
2.2 -19.4 0 52 0 1 1
2.2 -18.7 0 49 0 1 1
2.2 -18.1 0 44 0 1 1
2.2 -17.4 0 44 0 1 1
2.2 -16.8 0 43 0 1 1
2.2 -16.1 0 42 0 1 1
2.2 -15.5 0 69 0 1 1
2.2 -14.8 0 131 0 1 1
2.2 -14.1 0 132 0 1 1
2.2 -13.5 0 109 0 1 1
2.2 -12.8 0 137 0 1 1
2.2 -11.7 0.1 100 0 1 2
2.2 -11.1 0.3 107 0 1 2
2.2 -10.8 0.1 143 0 1 1
2.2 -10.2 0.1 128 0 1 1
2.2 -9.5 0.1 122 0 1 1
2.2 -8.9 0.1 130 0 1 1
2.2 -8.2 0 134 0 1 1
2.2 -7.6 0 139 0 1 1
2.2 -6.9 0 134 0 1 1
2.2 -6.3 0 128 0 1 1
2.2 -5.6 0 135 0 1 1
2.2 -5 0 140 0 1 1
2.2 -4.3 0 142 0 1 1
2.2 -3.7 0.1 139 0 1 1
2.2 -3 0.1 126 0 1 1
2.3 -11.3 0.3 88 0 1 2
2.3 -11.1 0.3 101 0 1 2
2.3 -11 0.2 113 0 1 2
2.4 -11.2 0.4 125 0 1 2
2.4 -10.9 0.1 118 0 1 2
2.5 -11.2 0.4 121 0 1 2
2.5 -11 0.2 120 0 1 2
2.5 -7.2 0.1 81 0 1 2
2.6 -11.4 0.4 156 0 1 2
2.6 -11.2 0.4 133 0 1 2
2.6 -11.1 0.3 130 0 1 2
2.6 -11.1 0.4 140 0 1 2
2.6 -11 0.1 131 0 1 2
2.6 -11 0.3 125 0 1 2
2.6 -7.5 0.1 106 0 1 2
2.6 -7.2 0.2 49 0 1 2
2.6 -7 0.1 47 0 1 2
2.6 -7 0.2 84 0 1 2
2.6 -7 0.3 88 0 1 2
2.6 -7 0.4 114 0 1 2
2.6 -6.9 0.3 54 0 1 2
2.6 -6.9 0.4 105 0 1 2
2.6 -6.8 0.1 54 0 1 2
2.6 -6.8 0.2 48 0 1 2
2.6 -6.8 0.3 64 0 1 2
2.7 -11.5 0.4 148 0 1 2
2.7 -11.2 0.3 151 0 1 2
2.7 -11.1 0.3 146 0 1 2
2.7 -11 0.3 138 0 1 2
2.7 -7.5 0.1 93 0 1 2
2.7 -7.3 0.2 52 0 1 2
2.7 -7 0.4 101 0 1 2
2.7 -6.9 0.4 122 0 1 2
2.7 -6.8 0.3 49 0 1 2
2.7 -6.8 0.4 72 0 1 2
2.8 -11.5 0.3 148 0 1 2
2.8 -11.3 0.3 147 0 1 2
2.8 -11.2 0.3 131 0 1 2
2.8 -11.1 0.2 139 0 1 2
2.8 -11 0.1 143 0 1 2
2.8 -11 0.2 154 0 1 2
2.8 -7.3 0.3 120 0 1 2
2.8 -7.2 0.4 132 0 1 2
2.8 -7.1 0.4 121 0 1 2
2.8 -7 0.4 99 0 1 2
2.8 -6.8 0.4 92 0 1 2
2.8 -6.7 0.3 60 0 1 2
2.9 -20 0 67 0 1 1
2.9 -19.4 0 52 0 1 1
2.9 -18.7 0 48 0 1 1
2.9 -18.1 0 42 0 1 1
2.9 -17.4 0 44 0 1 1
2.9 -16.8 0 44 0 1 1
2.9 -16.1 0 43 0 1 1
2.9 -15.4 0 58 0 1 1
2.9 -14.8 0 119 0 1 1
2.9 -14.1 0 127 0 1 1
2.9 -10.8 0.1 141 0 1 1
2.9 -10.2 0.1 152 0 1 1
2.9 -9.5 0.1 119 0 1 1
2.9 -8.9 0.1 138 0 1 1
2.9 -8.2 0.1 137 0 1 1
2.9 -7 0.4 126 0 1 2
2.9 -6.3 0 136 0 1 1
2.9 -5.6 0 141 0 1 1
2.9 -5 0 132 0 1 1
2.9 -4.3 0.1 131 0 1 1
2.9 -3.7 0.1 135 0 1 1
2.9 -3 0.1 129 0 1 1
3 -6.9 0.4 133 0 1 2
3 -6.8 0.4 140 0 1 2
3 -6.7 0.3 124 0 1 2
3 -6.7 0.4 138 0 1 2
3 -6.6 0.1 127 0 1 2
3 -6.6 0.2 107 0 1 2
3.1 -6.9 0.4 135 0 1 2
3.1 -6.7 0.3 120 0 1 2
3.2 -17.6 0 43 0 1 3
3.2 -15.4 0.2 54 0 1 3
3.2 -14.6 0.3 54 0 1 3
3.2 -14.4 0.4 53 0 1 3
3.2 -14.3 0.5 49 0 1 3
3.2 -7 0.3 143 0 1 2
3.2 -6.9 0.3 141 0 1 2
3.2 -6.8 0.3 135 0 1 2
3.2 -6.7 0.1 109 0 1 2
3.2 -6.7 0.3 147 0 1 2
3.3 -17.8 0.3 55 0 1 3
3.3 -17.7 0.1 44 0 1 3
3.3 -17.7 0.2 42 0 1 3
3.3 -15.8 0.7 53 0 1 3
3.3 -15 0.9 53 0 1 3
3.3 -14.9 1 58 0 1 3
3.3 -14.3 1.1 46 0 1 3
3.3 -14.2 0.3 52 0 1 3
3.3 -14.2 0.8 41 0 1 3
3.3 -14.1 0.4 45 0 1 3
3.3 -6.9 0.2 144 0 1 2
3.4 -17.9 0.5 65 0 1 3
3.4 -17.2 0.8 41 0 1 3
3.4 -16.5 0.8 37 0 1 3
3.4 -14.9 1.6 49 0 1 3
3.4 -14.4 1.7 50 0 1 3
3.4 -14.3 1.4 41 0 1 3
3.4 -14.2 1.1 38 0 1 3
3.4 -14 0.7 38 0 1 3
3.5 -18 0.8 62 0 1 3
3.5 -18 1.2 58 0 1 3
3.5 -17.4 1.1 49 0 1 3
3.5 -16.2 1.6 36 0 1 3
3.5 -15.5 1.5 53 0 1 3
3.5 -15.5 1.9 56 0 1 3
3.5 -14.9 2 65 0 1 3
3.5 -14.8 0 86 0 1 1
3.5 -14.3 1.7 53 0 1 3
3.5 -14.2 1.4 38 0 1 3
3.5 -14.1 0.1 111 0 1 1
3.5 -13.9 0.3 51 0 1 3
3.5 -13.5 0.1 112 0 1 1
3.5 -12.8 0.1 129 0 1 1
3.5 -12.1 0.1 145 0 1 1
3.5 -11.5 0.1 149 0 1 1
3.5 -10.8 0.1 142 0 1 1
3.5 -10.2 0.1 145 0 1 1
3.5 -9.5 0.1 152 0 1 1
3.5 -8.9 0.1 129 0 1 1
3.5 -6.9 0.1 133 0 1 1
3.5 -6.3 0.1 131 0 1 1
3.5 -5.6 0.1 132 0 1 1
3.5 -5 0.1 132 0 1 1
3.5 -4.3 0.1 127 0 1 1
3.5 -3.7 0.1 135 0 1 1
3.6 -20 0 67 0 1 1
3.6 -19.4 0 48 0 1 1
3.6 -17.5 1.4 55 0 1 3
3.6 -16.9 1.7 54 0 1 3
3.6 -16.5 2 44 0 1 3
3.6 -15.8 1.8 43 0 1 3
3.6 -15.5 1.9 56 0 1 3
3.6 -15.4 2.3 63 0 1 3
3.6 -14.4 1.9 81 0 1 3
3.6 -14.2 1.7 67 0 1 3
3.7 -17.5 2 55 0 1 3
3.7 -17 2.3 54 0 1 3
3.7 -16.1 2.2 51 0 1 3
3.7 -16 2.4 44 0 1 3
3.7 -15.8 2.3 50 0 1 3
3.7 -15.7 2.5 69 0 1 3
3.7 -15.5 2.3 55 0 1 3
3.7 -15.5 2.4 76 0 1 3
3.7 -14.9 2.1 79 0 1 3
3.7 -14.3 1.8 103 0 1 3
3.8 -17.8 2.2 59 0 1 3
3.8 -16.6 2.5 43 0 1 3
3.8 -16.1 2.5 42 0 1 3
3.8 -16 2.7 71 0 1 3
3.8 -15.9 2.6 60 0 1 3
3.8 -14.4 2 98 0 1 3
3.8 -13.8 1 30 0 1 3
3.9 -17.4 3 51 0 1 3
3.9 -17.1 2.8 53 0 1 3
3.9 -16.8 3.1 56 0 1 3
3.9 -16.6 2.8 52 0 1 3
3.9 -16.1 2.7 74 0 1 3
3.9 -13.8 1.3 66 0 1 3
3.9 -13.7 0.6 30 0 1 3
3.9 -4.9 0.2 98 0 1 2
3.9 -4.7 0.1 39 0 1 2
3.9 -4.6 0.2 34 0 1 2
4 -17.7 3.2 52 0 1 3
4 -17.5 3.3 66 0 1 3
4 -17.4 3.4 66 0 1 3
4 -17.2 3.1 50 0 1 3
4 -15 2.4 87 0 1 3
4 -4.9 0.3 126 0 1 2
4 -4.8 0.4 128 0 1 2
4 -4.7 0.3 69 0 1 2
4 -4.7 0.4 56 0 1 2
4 -4.6 0.3 99 0 1 2
4.1 -17.5 3.3 50 0 1 3
4.1 -17.4 3.5 68 0 1 3
4.1 -15.2 2.5 91 0 1 3
4.1 -14.5 2.2 104 0 1 3
4.1 -4.8 0.5 106 0 1 2
4.1 -4.6 0.4 133 0 1 2
4.1 -4.5 0.3 127 0 1 2
4.2 -12.8 0.1 150 0 1 1
4.2 -12.1 0.2 150 0 1 1
4.2 -11.5 0.2 146 0 1 1
4.2 -10.8 0.2 155 0 1 1
4.2 -10.2 0.2 150 0 1 1
4.2 -9.5 0.2 142 0 1 1
4.2 -8.8 0.2 133 0 1 1
4.2 -8.2 0.2 138 0 1 1
4.2 -7.5 0.1 134 0 1 1
4.2 -6.9 0.1 133 0 1 1
4.2 -6.2 0.1 130 0 1 1
4.2 -5.6 0.1 134 0 1 1
4.2 -5 0.4 135 0 1 2
4.2 -4.8 0.5 138 0 1 2
4.2 -4.7 0.4 128 0 1 2
4.2 -4.7 0.5 129 0 1 2
4.2 -4.5 0.3 140 0 1 2
4.2 -4.4 0.2 139 0 1 2
4.2 -4.4 0.3 130 0 1 2
4.2 -4.3 0.1 118 0 1 2
4.2 -4.3 0.2 131 0 1 2
4.3 -14.5 2.4 101 0 1 3
4.3 -13.5 1 53 0 1 3
4.3 -13.2 0.2 40 0 1 3
4.3 -5 0.4 130 0 1 2
4.3 -4.7 0.4 161 0 1 2
4.3 -4.6 0.3 156 0 1 2
4.3 -4.3 0.2 131 0 1 2
4.4 -15.5 2.9 81 0 1 3
4.4 -15.4 2.8 83 0 1 3
4.4 -5.1 0.4 142 0 1 2
4.4 -5 0.4 133 0 1 2
4.4 -5 0.5 130 0 1 2
4.4 -4.9 0.5 122 0 1 2
4.4 -4.8 0.4 151 0 1 2
4.4 -4.8 0.5 161 0 1 2
4.4 -4.6 0.3 147 0 1 2
4.4 -4.5 0.2 153 0 1 2
4.4 -4.5 0.3 141 0 1 2
4.5 -16.1 3.2 68 0 1 3
4.5 -5.1 0.4 132 0 1 2
4.5 -4.8 0.4 159 0 1 2
4.5 -4.8 0.5 155 0 1 2
4.5 -4.7 0.4 148 0 1 2
4.5 -4.6 0.3 153 0 1 2
4.6 -14.7 2.7 116 0 1 3
4.6 -4.8 0.4 143 0 1 2
4.6 -4.7 0.3 148 0 1 2
4.6 -4.6 0.3 154 0 1 2
4.7 -16.2 3.4 66 0 1 3
4.7 -16.2 3.5 69 0 1 3
4.7 -13 0.6 74 0 1 3
4.7 -4.8 0.3 139 0 1 2
4.8 -16.3 3.6 80 0 1 3
4.8 -13.9 1.7 119 0 1 3
4.8 -12.8 0.2 64 0 1 1
4.8 -12.1 0.2 136 0 1 1
4.8 -11.5 0.2 146 0 1 1
4.8 -10.8 0.2 146 0 1 1
4.8 -10.1 0.2 140 0 1 1
4.8 -9.5 0.2 131 0 1 1
4.8 -8.8 0.2 147 0 1 1
4.8 -8.2 0.2 136 0 1 1
4.8 -7.5 0.2 114 0 1 1
4.8 -7.4 0.2 133 0 1 2
4.8 -6.9 0.2 133 0 1 1
4.8 -6.2 0.1 136 0 1 1
4.9 -14.8 3 100 0 1 3
4.9 -14 1.8 113 0 1 3
4.9 -7.8 0.2 129 0 1 2
4.9 -7.8 0.3 60 0 1 2
4.9 -7.8 0.4 47 0 1 2
4.9 -7.7 0.2 123 0 1 2
4.9 -7.6 0.3 37 0 1 2
4.9 -7.4 0.2 40 0 1 2
5 -14.2 2.3 118 0 1 3
5 -7.8 0.4 106 0 1 2
5 -7.7 0.4 47 0 1 2
5 -7.7 0.5 68 0 1 2
5 -7.4 0.3 44 0 1 2
5 -7.4 0.4 47 0 1 2
5.1 -14.8 3.2 102 0 1 3
5.1 -13.5 1.3 103 0 1 3
5.1 -13.2 0.9 116 0 1 3
5.1 -12.6 0.2 138 0 1 3
5.1 -7.8 0.4 124 0 1 2
5.1 -7.8 0.5 114 0 1 2
5.1 -7.6 0.5 60 0 1 2
5.1 -7.6 0.6 61 0 1 2
5.1 -7.4 0.5 64 0 1 2
5.1 -7.3 0.4 63 0 1 2
5.2 -14.3 2.5 130 0 1 3
5.2 -7.8 0.5 110 0 1 2
5.2 -7.6 0.6 125 0 1 2
5.2 -7.5 0.6 71 0 1 2
5.2 -7.4 0.5 92 0 1 2
5.2 -7.4 0.6 103 0 1 2
5.2 -7.3 0.5 117 0 1 2
5.3 -14.8 3.3 120 0 1 3
5.3 -7 0.2 62 0 1 2
5.4 -15.1 3.6 105 0 1 3
5.4 -14.9 3.5 114 0 1 3
5.4 -12.6 0.2 124 0 1 3
5.4 -7.9 0.6 107 0 1 2
5.4 -7.5 0.6 141 0 1 2
5.4 -7.4 0.6 138 0 1 2
5.4 -7.1 0.4 129 0 1 2
5.4 -7.1 0.5 113 0 1 2
5.4 -7 0.3 76 0 1 2
5.5 -15.3 3.8 88 0 1 3
5.5 -14.9 3.5 128 0 1 3
5.5 -14.4 2.8 124 0 1 3
5.5 -12.1 0.2 133 0 1 1
5.5 -11.5 0.2 126 0 1 1
5.5 -10.8 0.2 136 0 1 1
5.5 -10.1 0.2 135 0 1 1
5.5 -9.5 0.2 137 0 1 1
5.5 -8.8 0.2 134 0 1 1
5.5 -7.3 0.6 126 0 1 2
5.5 -7.2 0.5 106 0 1 2
5.5 -7.2 0.6 123 0 1 2
5.5 -7.1 0.3 117 0 1 2
5.5 -7.1 0.4 145 0 1 2
5.5 -7.1 0.5 128 0 1 2
5.5 -6.9 0.2 136 0 1 1
5.5 -6.2 0.2 137 0 1 1
5.5 -5.6 0.2 135 0 1 1
5.6 -15.1 3.7 134 0 1 3
5.6 -14.9 3.5 141 0 1 3
5.6 -14.6 3.1 128 0 1 3
5.6 -12.8 0.5 137 0 1 3
5.6 -12.6 0.3 129 0 1 3
5.6 -7.5 0.6 130 0 1 2
5.6 -7.4 0.6 135 0 1 2
5.7 -7.5 0.6 135 0 1 2
5.7 -7.2 0.4 127 0 1 2
5.8 -12.8 0.6 128 0 1 3
5.8 -7.5 0.6 150 0 1 2
5.8 -7.4 0.6 147 0 1 2
5.8 -7.3 0.5 147 0 1 2
5.9 -14.7 3.3 142 0 1 3
5.9 -7.3 0.2 129 0 1 2
5.9 -7.3 0.3 131 0 1 2
6 -13.6 1.7 126 0 1 3
6 -13.3 1.3 131 0 1 3
6 -13 0.9 127 0 1 3
6.1 -14.1 2.5 137 0 1 3
6.1 -13.8 2 137 0 1 3
6.1 -13.8 2.1 147 0 1 3
6.1 -13 0.7 135 0 1 3
6.1 -13 0.9 146 0 1 3
6.1 -12.8 0.2 123 0 1 1
6.1 -12.1 0.2 132 0 1 1
6.1 -11.4 0.3 130 0 1 1
6.1 -10.8 0.3 132 0 1 1
6.1 -10.1 0.3 129 0 1 1
6.1 -9.5 0.3 135 0 1 1
6.1 -7.5 0.2 141 0 1 1
6.1 -6.9 0.2 137 0 1 1
6.1 -6.2 0.2 133 0 1 1
6.2 -14.5 3.1 161 0 1 3
6.2 -14.3 2.8 165 0 1 3
6.2 -14.1 2.4 152 0 1 3
6.3 -15.6 3.7 147 0 1 3
6.3 -15.4 3.6 156 0 1 3
6.3 -14.6 3.1 150 0 1 3
6.3 -14.5 3.1 155 0 1 3
6.3 -13.5 1.6 131 0 1 3
6.3 -13.2 1.3 136 0 1 3
6.4 -14.2 2.7 132 0 1 3
6.4 -13.6 1.8 122 0 1 3
6.5 -14.5 3.1 146 0 1 3
6.5 -14.1 2.5 127 0 1 3
6.5 -13.8 2.1 131 0 1 3
6.6 -14.4 3 137 0 1 3
6.7 -14.3 2.8 137 0 1 3
6.7 -13.6 1.9 149 0 1 3
6.7 -13.5 1.7 157 0 1 3
6.7 -13.4 1.6 155 0 1 3
6.8 -14.2 2.7 137 0 1 3
6.8 -13.9 2.3 154 0 1 3
6.8 -12.8 0.2 123 0 1 1
6.8 -12.1 0.3 137 0 1 1
6.8 -11.4 0.3 141 0 1 1
6.8 -10.8 0.3 119 0 1 1
6.8 -10.1 0.3 142 0 1 1
6.8 -9.5 0.3 143 0 1 1
6.8 -8.2 0.3 150 0 1 1
6.8 -7.5 0.2 141 0 1 1
6.8 -6.9 0.2 134 0 1 1
7 -15.9 3.6 98 0 1 3
7 -15.5 3.5 141 0 1 3
7 -14.5 2.9 161 0 1 3
7 -14.4 2.8 164 0 1 3
7.2 -15.4 3.3 148 0 1 3
7.3 -14.5 2.9 160 0 1 3
7.5 -13.4 0.2 136 0 1 1
7.5 -12.8 0.3 126 0 1 1
7.5 -12.1 0.3 133 0 1 1
7.5 -11.4 0.3 136 0 1 1
7.5 -10.8 0.3 147 0 1 1
7.5 -10.1 0.3 143 0 1 1
7.5 -9.5 0.3 150 0 1 1
7.5 -8.8 0.3 143 0 1 1
7.5 -8.2 0.3 146 0 1 1
7.5 -7.5 0.3 126 0 1 1
7.6 -15.2 3.1 142 0 1 3
7.7 -16.1 3.5 138 0 1 3
7.7 -16 3.5 114 0 1 3
7.7 -15.1 3 146 0 1 3
7.9 -14.9 2.9 137 0 1 3
8 -14.7 2.7 163 0 1 3
8 -14.6 2.5 173 0 1 3
8 -14.3 2.1 154 0 1 3
8 -14.1 1.8 161 0 1 3
8 -14 1.7 172 0 1 3
8 -13.9 1.6 153 0 1 3
8 -13.8 0.8 140 0 1 3
8.1 -13.4 0.2 127 0 1 1
8.1 -12.8 0.3 128 0 1 1
8.1 -12.1 0.3 133 0 1 1
8.1 -11.4 0.3 136 0 1 1
8.1 -10.8 0.3 141 0 1 1
8.1 -10.1 0.3 146 0 1 1
8.1 -9.5 0.3 140 0 1 1
8.1 -8.8 0.3 148 0 1 1
8.2 -14.9 2.8 152 0 1 3
8.2 -14.8 2.7 141 0 1 3
8.3 -16.2 3.4 110 0 1 3
8.4 -16.1 3.4 97 0 1 3
8.6 -16 3.2 138 0 1 3
8.8 -15.8 3.1 131 0 1 3
8.8 -13.4 0.2 131 0 1 1
8.8 -12.8 0.3 130 0 1 1
8.8 -12.1 0.3 137 0 1 1
8.8 -11.4 0.3 141 0 1 1
8.8 -10.8 0.3 149 0 1 1
8.8 -10.1 0.3 150 0 1 1
8.8 -9.5 0.3 141 0 1 1
9 -15.8 3 94 0 1 3
9 -15.6 2.9 137 0 1 3
9.1 -15.5 2.9 101 0 1 3
9.2 -15.3 2.8 110 0 1 3
9.2 -15.2 2.6 137 0 1 3
9.2 -15.2 2.7 101 0 1 3
9.2 -15.1 2.4 119 0 1 3
9.2 -14.9 2.3 117 0 1 3
9.3 -14.8 2 146 0 1 3
9.3 -14.7 1.8 129 0 1 3
9.3 -14.6 1.7 156 0 1 3
9.3 -14.5 1.5 139 0 1 3
9.4 -14.6 1.5 143 0 1 3
9.4 -14.5 1.4 144 0 1 3
9.4 -14.4 1.1 142 0 1 3
9.4 -14.3 0.8 112 0 1 3
9.4 -14.1 0.2 112 0 1 1
9.4 -13.4 0.2 134 0 1 1
9.4 -12.8 0.3 142 0 1 1
9.4 -12.1 0.3 142 0 1 1
9.4 -11.4 0.3 145 0 1 1
9.4 -10.8 0.3 147 0 1 1
9.4 -10.1 0.3 145 0 1 1
9.5 -14.5 1.2 120 0 1 3
9.5 -14.4 1 80 0 1 3
9.5 -14.3 0.4 120 0 1 3
9.5 -14.2 0.3 129 0 1 3
9.6 -14.4 0.6 111 0 1 3
9.6 -14.4 0.7 93 0 1 3
9.6 -14.3 0.4 128 0 1 3
10.1 -14.7 0.2 133 0 1 1
10.1 -14.1 0.2 132 0 1 1
10.1 -13.4 0.2 142 0 1 1
10.1 -12.8 0.3 142 0 1 1
10.1 -12.1 0.3 146 0 1 1
10.1 -11.4 0.3 147 0 1 1
10.1 -10.8 0.3 147 0 1 1
10.7 -14.8 0.2 144 0 1 1
10.7 -14.1 0.2 147 0 1 1
10.7 -13.4 0.2 127 0 1 1
10.7 -12.8 0.2 153 0 1 1
10.7 -12.1 0.3 151 0 1 1
10.7 -11.4 0.3 142 0 1 1
10.8 -16.1 0.1 127 0 1 1
10.8 -15.4 0.1 115 0 1 1
11.4 -16.7 0 129 0 1 1
11.4 -16.1 0.1 130 0 1 1
11.4 -15.4 0.1 132 0 1 1
11.4 -14.8 0.1 144 0 1 1
11.4 -14.1 0.2 146 0 1 1
11.4 -13.4 0.2 140 0 1 1
11.4 -12.8 0.2 149 0 1 1
11.4 -12.1 0.2 146 0 1 1
12.1 -17.4 0 129 0 1 1
12.1 -16.8 0 130 0 1 1
12.1 -16.1 0.1 131 0 1 1
12.1 -15.4 0.1 134 0 1 1
12.1 -14.8 0.1 140 0 1 1
12.1 -14.1 0.1 146 0 1 1
12.1 -13.4 0.2 143 0 1 1
12.1 -12.8 0.2 149 0 1 1
12.7 -18.7 0 129 0 1 1
12.7 -18.1 0 126 0 1 1
12.7 -17.4 0 129 0 1 1
12.7 -16.8 0 127 0 1 1
12.7 -16.1 0 130 0 1 1
12.7 -15.4 0.1 115 0 1 1
12.7 -14.8 0.1 93 0 1 1
12.7 -14.1 0.1 127 0 1 1
12.7 -13.4 0.1 142 0 1 1
13.4 -19.4 0 121 0 1 1
13.4 -18.7 0 134 0 1 1
13.4 -18.1 0 129 0 1 1
13.4 -17.4 0 101 0 1 1
13.4 -16.8 0 92 0 1 1
13.4 -16.1 0 102 0 1 1
13.4 -15.4 0 95 0 1 1
13.4 -14.8 0.1 112 0 1 1
13.4 -14.1 0.1 127 0 1 1
14 -20 0 87 0 1 1
14 -19.4 0 137 0 1 1
14 -18.7 0 130 0 1 1
14 -18.1 0 136 0 1 1
14 -17.4 0 90 0 1 1
14 -16.8 0 89 0 1 1
14 -16.1 0 102 0 1 1
14 -15.4 0 92 0 1 1
14 -14.8 0 119 0 1 1
14.7 -20 0 87 0 1 1
14.7 -19.4 0 146 0 1 1
14.7 -18.7 0 144 0 1 1
14.7 -18.1 0 102 0 1 1
14.7 -17.4 0 97 0 1 1
14.7 -16.8 0 100 0 1 1
14.7 -16.1 0 106 0 1 1
14.7 -15.4 0 109 0 1 1
15.4 -20 0 89 0 1 1
15.4 -19.4 0 140 0 1 1
15.4 -18.7 0 134 0 1 1
15.4 -18.1 0 108 0 1 1
15.4 -17.4 0 96 0 1 1
15.4 -16.8 0 101 0 1 1
15.4 -16.1 0 104 0 1 1
16 -20 0 82 0 1 1
16 -19.4 0 96 0 1 1
16 -18.7 0 109 0 1 1
16 -18.1 0 103 0 1 1
16 -17.4 0 107 0 1 1
16 -16.8 0 103 0 1 1
16.7 -20 0 84 0 1 1
16.7 -19.4 0 116 0 1 1
16.7 -18.7 0 118 0 1 1
16.7 -18.1 0 119 0 1 1
16.7 -17.4 0 116 0 1 1
17.3 -20 0 85 0 1 1
17.3 -19.4 0 113 0 1 1
17.3 -18.7 0 119 0 1 1
17.3 -18.1 0 117 0 1 1
18 -20 0 100 0 1 1
18 -19.4 0 150 0 1 1
18 -18.7 0 160 0 1 1
18.6 -20 0 105 0 1 1
18.6 -19.4 0 136 0 1 1
19.3 -20 0 88 0 1 1
