2.8 -1.8 0.2 132 0 1 1
2.8 -1.1 0.2 127 0 1 1
2.8 -0.5 0.3 131 0 1 1
2.8 0.2 0.3 142 0 1 1
2.8 0.8 0.3 143 0 1 1
2.8 1.5 0.4 135 0 1 1
2.8 2.1 0.4 129 0 1 1
2.8 2.8 0.4 128 0 1 1
2.9 -3 0.1 120 0 1 1
2.9 -2.4 0.2 138 0 1 1
3.4 0.8 0.4 149 0 1 1
3.4 1.5 0.4 149 0 1 1
3.4 2.1 0.4 142 0 1 1
3.4 2.8 0.5 131 0 1 1
3.4 3.4 0.5 130 0 1 1
3.5 -3.7 0.1 126 0 1 1
3.5 -3 0.1 124 0 1 1
3.5 -2.4 0.2 123 0 1 1
3.5 -1.8 0.2 131 0 1 1
3.5 -1.1 0.3 126 0 1 1
3.5 -0.5 0.3 130 0 1 1
3.5 0.2 0.4 135 0 1 1
4.1 -2.4 0.2 126 0 1 1
4.1 -1.8 0.3 130 0 1 1
4.1 -1.1 0.3 129 0 1 1
4.1 -0.5 0.4 130 0 1 1
4.1 0.2 0.4 139 0 1 1
4.1 0.8 0.4 150 0 1 1
4.1 1.5 0.5 152 0 1 1
4.1 2.1 0.5 144 0 1 1
4.1 2.8 0.5 136 0 1 1
4.1 3.4 0.5 133 0 1 1
4.1 4.1 0.6 124 0 1 1
4.2 -4.3 0.1 110 0 1 1
4.2 -3.7 0.2 126 0 1 1
4.2 -3 0.2 121 0 1 1
4.4 2.4 0.6 101 0 1 2
4.4 2.4 0.7 38 0 1 2
4.5 2 0.6 34 0 1 2
4.5 2 0.7 51 0 1 2
4.5 2 0.8 30 0 1 2
4.5 2.2 0.8 40 0 1 2
4.5 2.3 0.9 75 0 1 2
4.5 2.4 1 72 0 1 2
4.5 2.5 0.7 35 0 1 2
4.6 1.9 0.5 124 0 1 2
4.6 1.9 0.6 44 0 1 2
4.6 1.9 0.7 47 0 1 2
4.6 1.9 0.8 75 0 1 2
4.6 1.9 0.9 60 0 1 2
4.6 2 0.8 41 0 1 2
4.6 2 0.9 100 0 1 2
4.6 2.1 1 110 0 1 2
4.6 2.2 1 125 0 1 2
4.6 2.3 1 128 0 1 2
4.6 2.4 1.1 112 0 1 2
4.6 2.5 0.9 48 0 1 2
4.6 2.7 0.8 131 0 1 2
4.7 -4 0.2 119 0 1 2
4.7 -3.5 0.2 47 0 1 2
4.7 0.2 0.5 135 0 1 1
4.7 0.8 0.5 151 0 1 1
4.7 1.4 0.5 156 0 1 1
4.7 2.1 1 129 0 1 2
4.7 2.2 1 154 0 1 2
4.7 2.5 1 88 0 1 2
4.7 2.6 1 102 0 1 2
4.7 2.7 0.6 132 0 1 1
4.7 2.7 0.7 126 0 1 2
4.7 3.4 0.6 136 0 1 1
4.7 4 0.6 143 0 1 1
4.7 4.7 0.6 121 0 1 1
4.8 -5 0.2 116 0 1 1
4.8 -4.3 0.2 109 0 1 1
4.8 -4 0.3 76 0 1 2
4.8 -3.9 0.5 47 0 1 2
4.8 -3.8 0.4 71 0 1 2
4.8 -3.8 0.5 74 0 1 2
4.8 -3.7 0.4 91 0 1 2
4.8 -3.6 0.3 94 0 1 2
4.8 -3.6 0.4 96 0 1 2
4.8 -3.5 0.3 85 0 1 2
4.8 -3.4 0.2 122 0 1 2
4.8 -3 0.2 114 0 1 1
4.8 -2.4 0.3 129 0 1 1
4.8 -1.8 0.3 128 0 1 1
4.8 -1.1 0.4 132 0 1 1
4.8 -0.5 0.4 132 0 1 1
4.8 2.1 1 148 0 1 2
4.8 2.5 1 111 0 1 2
4.9 -4.1 0.3 97 0 1 2
4.9 -3.9 0.5 67 0 1 2
4.9 -3.8 0.5 93 0 1 2
4.9 -3.7 0.5 117 0 1 2
4.9 -3.6 0.4 106 0 1 2
4.9 1.9 0.9 114 0 1 2
4.9 2.2 1 161 0 1 2
5 -4 0.4 99 0 1 2
5 -4 0.5 105 0 1 2
5 -4 0.6 106 0 1 2
5 -3.9 0.6 102 0 1 2
5 -3.8 0.5 96 0 1 2
5 -3.8 0.6 101 0 1 2
5 -3.6 0.4 123 0 1 2
5 -3.5 0.3 130 0 1 2
5 -3.4 0.2 100 0 1 2
5 1.9 0.7 87 0 1 2
5 1.9 0.8 85 0 1 2
5 2 0.8 130 0 1 2
5 2 0.9 122 0 1 2
5 2.5 1 137 0 1 2
5.1 -3.8 0.6 120 0 1 2
5.1 -3.7 0.6 119 0 1 2
5.1 -3.6 0.5 115 0 1 2
5.1 -3.5 0.4 113 0 1 2
5.1 -3.3 0.2 95 0 1 2
5.1 1.9 0.6 142 0 1 2
5.1 1.9 0.7 129 0 1 2
5.1 2 0.8 76 0 1 2
5.1 2.1 1 140 0 1 2
5.1 2.4 1.1 141 0 1 2
5.1 2.5 1.1 140 0 1 2
5.2 -4 0.5 91 0 1 2
5.2 -3.9 0.6 114 0 1 2
5.2 -3.7 0.6 119 0 1 2
5.2 -3.6 0.5 116 0 1 2
5.2 -3.5 0.4 115 0 1 2
5.2 -3.5 0.5 122 0 1 2
5.2 -3.4 0.3 126 0 1 2
5.2 -3.3 0.3 107 0 1 2
5.3 -3.9 0.5 107 0 1 2
5.3 -3.8 0.6 129 0 1 2
5.3 -3.7 0.6 123 0 1 2
5.3 -3.6 0.5 134 0 1 2
5.3 -3.6 0.6 123 0 1 2
5.3 -3.4 0.4 120 0 1 2
5.3 -3.3 0.3 110 0 1 2
5.4 -3.8 0.5 130 0 1 2
5.4 -3.6 0.5 124 0 1 2
5.4 -3.5 0.5 125 0 1 2
5.4 -3.4 0.4 121 0 1 2
5.4 -3.3 0.3 122 0 1 2
5.4 -2.4 0.3 121 0 1 1
5.4 -1.8 0.4 124 0 1 1
5.4 -1.1 0.4 127 0 1 1
5.4 -0.5 0.5 132 0 1 1
5.4 0.1 0.5 144 0 1 1
5.4 0.8 0.6 145 0 1 1
5.4 1.4 0.6 150 0 1 1
5.4 3.4 0.7 132 0 1 1
5.4 4 0.7 132 0 1 1
5.4 4.7 0.7 120 0 1 1
5.4 5.4 0.7 133 0 1 1
5.5 -5.6 0.2 125 0 1 1
5.5 -5 0.2 107 0 1 1
5.5 -3.3 0.3 128 0 1 2
5.5 -3.1 0.3 120 0 1 1
5.8 5 0.7 113 0 1 2
5.8 5.1 0.8 42 0 1 2
5.8 5.1 0.9 45 0 1 2
5.8 5.3 0.8 36 0 1 2
5.8 5.4 0.7 118 0 1 2
5.9 5.1 1 89 0 1 2
5.9 5.2 1 61 0 1 2
5.9 5.2 1.1 91 0 1 2
5.9 5.3 1 43 0 1 2
5.9 5.4 0.7 84 0 1 2
5.9 5.5 0.7 85 0 1 2
6 0.1 0.6 128 0 1 1
6 0.8 0.6 143 0 1 1
6 1.4 0.7 151 0 1 1
6 2.1 0.7 149 0 1 1
6 3.4 0.7 134 0 1 1
6 4 0.7 119 0 1 1
6 4.7 0.7 133 0 1 1
6 4.9 1 60 0 1 2
6 5 1.1 82 0 1 2
6 5.2 1.1 111 0 1 2
6 5.4 0.9 77 0 1 2
6 5.4 1 95 0 1 2
6 5.5 0.7 89 0 1 2
6 5.5 0.9 101 0 1 2
6 6 0.7 127 0 1 1
6.1 -6.2 0.2 123 0 1 1
6.1 -5.6 0.2 129 0 1 1
6.1 -5 0.2 117 0 1 1
6.1 -3.7 0.3 123 0 1 1
6.1 -3.1 0.3 130 0 1 1
6.1 -2.4 0.4 121 0 1 1
6.1 -1.8 0.4 116 0 1 1
6.1 -1.1 0.5 112 0 1 1
6.1 -0.5 0.5 124 0 1 1
6.1 4.7 0.8 75 0 1 2
6.1 4.8 0.9 41 0 1 2
6.1 4.8 1 101 0 1 2
6.1 4.9 1 51 0 1 2
6.1 4.9 1.1 118 0 1 2
6.1 5 1.1 110 0 1 2
6.1 5.2 1.1 87 0 1 2
6.1 5.3 1.1 108 0 1 2
6.1 5.4 1.1 108 0 1 2
6.2 4.8 0.9 54 0 1 2
6.2 4.8 1 84 0 1 2
6.2 4.8 1.1 56 0 1 2
6.2 5 1.1 144 0 1 2
6.3 4.8 0.8 94 0 1 2
6.3 4.8 1 77 0 1 2
6.3 4.8 1.1 115 0 1 2
6.3 4.9 1.1 116 0 1 2
6.3 5 1.1 144 0 1 2
6.3 5.1 1.1 142 0 1 2
6.4 4.9 1 111 0 1 2
6.4 5.1 1.1 144 0 1 2
6.5 5.1 1.1 138 0 1 2
6.6 2.7 0.8 139 0 1 1
6.6 3.4 0.8 142 0 1 1
6.6 4 0.8 141 0 1 1
6.6 4.7 0.7 122 0 1 1
6.6 4.9 0.8 94 0 1 2
6.6 4.9 0.9 108 0 1 2
6.7 -2.4 0.4 114 0 1 1
6.7 -1.8 0.5 109 0 1 1
6.7 -1.1 0.5 108 0 1 1
6.7 -0.5 0.6 111 0 1 1
6.7 0.1 0.6 123 0 1 1
6.7 0.8 0.7 133 0 1 1
6.7 1.4 0.7 141 0 1 1
6.7 2.1 0.7 141 0 1 1
6.7 6.7 0.7 130 0 1 1
6.8 -6.9 0.2 124 0 1 1
6.8 -6.2 0.2 126 0 1 1
6.8 -5.6 0.2 122 0 1 1
6.8 -5 0.3 124 0 1 1
6.8 -4.3 0.3 112 0 1 1
6.8 -3.7 0.3 123 0 1 1
6.8 -3.1 0.4 122 0 1 1
7.3 -0.5 0.6 133 0 1 1
7.3 0.1 0.7 115 0 1 1
7.3 0.8 0.7 138 0 1 1
7.3 1.4 0.8 130 0 1 1
7.3 2.1 0.8 126 0 1 1
7.3 2.7 0.8 126 0 1 1
7.3 3.4 0.8 125 0 1 1
7.3 4 0.8 123 0 1 1
7.3 4.2 1 40 0 1 3
7.3 4.5 0.9 40 0 1 3
7.3 4.7 0.8 124 0 1 1
7.3 5.3 0.8 132 0 1 1
7.3 7.3 0.6 98 0 1 1
7.4 -5.6 0.3 124 0 1 1
7.4 -5 0.3 121 0 1 1
7.4 -4.3 0.3 117 0 1 1
7.4 -3.7 0.4 125 0 1 1
7.4 -3 0.4 126 0 1 1
7.4 -2.4 0.4 119 0 1 1
7.4 -1.8 0.5 109 0 1 1
7.4 -1.1 0.6 134 0 1 1
7.4 4.1 1.2 41 0 1 3
7.4 4.2 1.5 39 0 1 3
7.4 4.3 1.3 38 0 1 3
7.4 4.3 1.5 41 0 1 3
7.5 -7.5 0.3 115 0 1 1
7.5 -6.9 0.3 115 0 1 1
7.5 -6.2 0.3 121 0 1 1
7.5 4.1 1.8 61 0 1 3
7.5 4.3 1.8 56 0 1 3
7.5 4.4 1.8 60 0 1 3
7.6 3.6 1 47 0 1 3
7.6 3.7 1.1 55 0 1 3
7.6 4.2 1.9 75 0 1 3
7.6 4.8 1.2 33 0 1 3
7.6 4.9 0.8 33 0 1 3
7.7 3.7 1.7 44 0 1 3
7.7 4.3 1.9 67 0 1 3
7.7 4.8 1.5 76 0 1 3
7.8 3.7 2.1 54 0 1 3
7.8 4.3 2.1 72 0 1 3
7.8 5.3 1.2 63 0 1 3
7.9 2.7 0.8 65 0 1 1
7.9 3.8 2.2 87 0 1 3
8 -2.4 0.5 126 0 1 1
8 -1.8 0.5 141 0 1 1
8 -1.1 0.6 137 0 1 1
8 -0.5 0.6 102 0 1 1
8 0.1 0.7 136 0 1 1
8 0.8 0.8 131 0 1 1
8 1.4 0.8 85 0 1 1
8 2.1 0.8 60 0 1 1
8 3.2 1.5 48 0 1 3
8 3.3 1.9 49 0 1 3
8 3.3 2 47 0 1 3
8 4.3 2.3 80 0 1 3
8 5.8 0.8 65 0 1 3
8 6 0.7 123 0 1 1
8 7.3 0.6 91 0 1 1
8 8 0.6 109 0 1 1
8.1 -8.2 0.3 99 0 1 1
8.1 -7.5 0.3 116 0 1 1
8.1 -6.9 0.3 104 0 1 1
8.1 -6.2 0.3 125 0 1 1
8.1 -5.6 0.3 123 0 1 1
8.1 -4.9 0.3 125 0 1 1
8.1 -4.3 0.3 122 0 1 1
8.1 -3.7 0.4 131 0 1 1
8.1 -3 0.4 136 0 1 1
8.1 3.3 2.3 58 0 1 3
8.1 3.3 2.4 59 0 1 3
8.2 3 1.9 34 0 1 3
8.2 3.1 2.3 44 0 1 3
8.2 3.8 2.4 93 0 1 3
8.3 2.7 1.7 26 0 1 3
8.3 3.1 2.5 49 0 1 3
8.3 3.7 2.6 98 0 1 3
8.3 4.4 2.5 89 0 1 3
8.4 2.8 2.2 43 0 1 3
8.4 2.8 2.5 33 0 1 3
8.4 2.9 2.4 40 0 1 3
8.4 3 2.6 74 0 1 3
8.4 5.1 1.8 84 0 1 3
8.4 5.8 1.2 84 0 1 3
8.5 -1.7 0.7 44 0 1 2
8.5 -1.6 0.8 113 0 1 2
8.5 -1.5 0.8 97 0 1 2
8.5 -1.4 0.7 44 0 1 2
8.5 2.5 2 34 0 1 3
8.5 2.8 2.7 67 0 1 3
8.5 2.9 2.7 86 0 1 3
8.5 4.4 2.8 92 0 1 3
8.5 5.1 2 80 0 1 3
8.5 5.6 1.5 75 0 1 3
8.6 -1.9 0.8 93 0 1 2
8.6 -1.7 0.8 69 0 1 2
8.6 -1.7 0.9 102 0 1 2
8.6 -1.4 0.8 130 0 1 2
8.6 0.1 0.7 129 0 1 1
8.6 0.8 0.8 134 0 1 1
8.6 1.4 0.8 105 0 1 1
8.6 2.2 1.8 47 0 1 3
8.6 2.5 2.5 37 0 1 3
8.6 3.7 2.8 93 0 1 3
8.6 6.4 0.8 109 0 1 3
8.7 -4.9 0.3 123 0 1 1
8.7 -4.3 0.4 119 0 1 1
8.7 -3.7 0.4 125 0 1 1
8.7 -3 0.5 128 0 1 1
8.7 -2.4 0.5 118 0 1 1
8.7 -1.9 0.7 47 0 1 2
8.7 -1.8 0.9 106 0 1 2
8.7 -1.7 0.9 106 0 1 2
8.7 -1.3 0.7 25 0 1 2
8.7 -1.3 0.8 103 0 1 2
8.7 -1.2 0.7 72 0 1 2
8.7 -1.1 0.6 85 0 1 1
8.7 -0.5 0.7 111 0 1 1
8.7 2.5 2.8 44 0 1 3
8.7 3.6 2.9 91 0 1 3
8.7 4.9 2.4 86 0 1 3
8.7 8 0.6 105 0 1 1
8.7 8.1 0.8 69 0 1 2
8.7 8.7 0.5 99 0 1 1
8.8 -8.8 0.3 129 0 1 1
8.8 -8.2 0.3 135 0 1 1
8.8 -7.5 0.3 116 0 1 1
8.8 -6.9 0.3 110 0 1 1
8.8 -6.2 0.3 127 0 1 1
8.8 -5.6 0.3 124 0 1 1
8.8 -1.7 0.9 131 0 1 2
8.8 -1.2 0.8 92 0 1 2
8.8 -1.2 0.9 122 0 1 2
8.8 1.7 1.2 41 0 1 3
8.8 1.7 1.5 50 0 1 3
8.8 2.1 2.3 45 0 1 3
8.8 2.4 3 73 0 1 3
8.8 4.4 3 93 0 1 3
8.8 7.7 0.8 46 0 1 2
8.8 7.8 0.8 46 0 1 2
8.8 7.8 0.9 37 0 1 2
8.8 7.8 1 54 0 1 2
8.8 7.9 0.9 54 0 1 2
8.8 8.1 0.8 108 0 1 2
8.9 -2 0.6 51 0 1 2
8.9 -2 0.7 53 0 1 2
8.9 -2 0.8 124 0 1 2
8.9 -1.9 0.8 119 0 1 2
8.9 -1.9 0.9 123 0 1 2
8.9 -1.8 0.9 105 0 1 2
8.9 -1.6 0.9 147 0 1 2
8.9 -1.2 0.8 88 0 1 2
8.9 2.1 2.8 48 0 1 3
8.9 4.9 2.6 90 0 1 3
8.9 7.7 0.8 53 0 1 2
8.9 7.8 1 84 0 1 2
8.9 7.9 1.1 88 0 1 2
8.9 8.1 1 74 0 1 2
8.9 8.2 0.9 100 0 1 2
9 -2.1 0.6 92 0 1 2
9 -2 0.7 118 0 1 2
9 -1.7 0.9 83 0 1 2
9 -1.2 0.6 121 0 1 2
9 1.3 1 47 0 1 3
9 1.7 2 51 0 1 3
9 2 3.1 47 0 1 3
9 3.1 3.2 84 0 1 3
9 4.4 3.2 83 0 1 3
9 6.4 1.2 79 0 1 3
9 7.7 1 49 0 1 2
9 7.7 1.1 60 0 1 2
9 7.9 1.1 108 0 1 2
9 8.1 1.1 66 0 1 2
9 8.2 1 91 0 1 2
9.1 -2.1 0.5 92 0 1 2
9.1 -1.5 0.9 140 0 1 2
9.1 -1.2 0.7 64 0 1 2
9.1 1.2 1 51 0 1 3
9.1 1.2 1.2 44 0 1 3
9.1 1.9 3 44 0 1 3
9.1 4.5 3.3 80 0 1 3
9.1 6.1 1.5 95 0 1 3
9.1 7.7 1 45 0 1 2
9.1 7.7 1.1 72 0 1 2
9.1 8 1.2 106 0 1 2
9.1 8.1 1.2 74 0 1 2
9.1 8.2 1.1 93 0 1 2
9.1 8.5 0.8 72 0 1 2
9.2 1.2 1.3 50 0 1 3
9.2 1.4 2.2 50 0 1 3
9.2 1.8 3.2 36 0 1 3
9.2 1.9 3.3 62 0 1 3
9.2 1.9 3.4 81 0 1 3
9.2 3.2 3.4 85 0 1 3
9.2 4.4 3.5 86 0 1 3
9.2 4.9 2.8 86 0 1 3
9.2 5.9 1.9 88 0 1 3
9.2 7.6 1 50 0 1 2
9.2 7.6 1.1 47 0 1 2
9.2 8.5 0.8 73 0 1 2
9.3 -1.1 0.6 142 0 1 1
9.3 -0.5 0.7 125 0 1 1
9.3 0.1 0.8 134 0 1 1
9.3 0.8 0.8 141 0 1 1
9.3 1.1 1.3 42 0 1 3
9.3 1.4 2.3 60 0 1 3
9.3 1.6 3.1 47 0 1 3
9.3 1.7 3.3 51 0 1 3
9.3 1.8 3.3 58 0 1 3
9.3 1.8 3.4 67 0 1 3
9.3 4.5 3.5 94 0 1 3
9.3 4.8 3.1 86 0 1 3
9.3 7.5 0.8 52 0 1 2
9.3 7.6 0.8 141 0 1 2
9.3 7.6 0.9 63 0 1 2
9.3 7.6 1.2 119 0 1 2
9.3 7.7 1.2 119 0 1 2
9.3 8 1.2 102 0 1 2
9.3 8.4 1.1 74 0 1 2
9.3 8.5 0.9 83 0 1 2
9.3 8.5 1 78 0 1 2
9.3 8.7 0.5 104 0 1 1
9.3 9.3 0.4 97 0 1 1
9.4 -9.5 0.3 123 0 1 1
9.4 -8.8 0.3 125 0 1 1
9.4 -8.2 0.3 122 0 1 1
9.4 -7.5 0.3 125 0 1 1
9.4 -6.9 0.3 102 0 1 1
9.4 -6.2 0.3 111 0 1 1
9.4 -5.6 0.3 106 0 1 1
9.4 -4.9 0.3 118 0 1 1
9.4 -4.3 0.4 121 0 1 1
9.4 -3.7 0.4 136 0 1 1
9.4 -3 0.5 127 0 1 1
9.4 -2.4 0.5 125 0 1 1
9.4 1.3 2.3 39 0 1 3
9.4 1.6 3.2 57 0 1 3
9.4 1.7 3.4 57 0 1 3
9.4 3.1 3.6 85 0 1 3
9.4 4.3 3.6 86 0 1 3
9.4 4.5 3.5 92 0 1 3
9.4 5.7 2.2 88 0 1 3
9.4 6.3 1.5 83 0 1 3
9.4 7.6 0.9 58 0 1 2
9.4 7.6 1 100 0 1 2
9.4 7.7 1.2 111 0 1 2
9.4 8.3 1.2 81 0 1 2
9.4 8.4 1.1 96 0 1 2
9.4 8.4 1.2 104 0 1 2
9.5 1.5 3.3 67 0 1 3
9.5 1.6 3.3 64 0 1 3
9.5 4.2 3.7 86 0 1 3
9.5 4.4 3.6 92 0 1 3
9.5 6 2 91 0 1 3
9.5 6.1 1.8 94 0 1 3
9.5 7.6 0.8 68 0 1 2
9.5 7.6 0.9 103 0 1 2
9.5 7.7 1.1 97 0 1 2
9.5 8.1 1.2 107 0 1 2
9.6 1.1 1.8 58 0 1 3
9.6 4.8 3.4 75 0 1 3
9.6 5.4 2.6 88 0 1 3
9.6 5.5 2.5 84 0 1 3
9.6 7.7 0.8 120 0 1 2
9.6 7.8 1 92 0 1 2
9.6 8.1 1.2 120 0 1 2
9.7 1 1.3 49 0 1 3
9.7 1.4 3.2 40 0 1 3
9.7 5.3 2.9 78 0 1 3
9.7 5.8 2.3 89 0 1 3
9.7 6.3 1.8 80 0 1 3
9.7 7.8 0.8 98 0 1 2
9.7 7.9 1.1 113 0 1 2
9.7 8 1.2 109 0 1 2
9.8 1.3 2.7 50 0 1 3
9.8 5.2 3.2 85 0 1 3
9.8 5.5 2.8 83 0 1 3
9.8 6.2 1.9 76 0 1 3
9.9 0.8 0.8 161 0 1 1
9.9 0.9 1 48 0 1 3
9.9 1.3 3.1 55 0 1 3
9.9 6.1 2.1 85 0 1 3
10 -4.3 0.4 134 0 1 1
10 -3.7 0.4 139 0 1 1
10 -3 0.5 127 0 1 1
10 -2.4 0.5 126 0 1 1
10 -1.1 0.6 129 0 1 1
10 -0.5 0.7 129 0 1 1
10 0.2 0.8 149 0 1 1
10 0.9 1.4 64 0 1 3
10 1 1.8 70 0 1 3
10 1.1 2.2 72 0 1 3
10 1.2 2.7 59 0 1 3
10 5.9 2.4 72 0 1 3
10 9.3 0.4 119 0 1 1
10 10 0.3 109 0 1 1
10.1 -10.1 0.3 135 0 1 1
10.1 -9.5 0.3 122 0 1 1
10.1 -8.8 0.3 101 0 1 1
10.1 -8.2 0.3 108 0 1 1
10.1 -7.5 0.3 123 0 1 1
10.1 -6.9 0.3 149 0 1 1
10.1 -6.2 0.3 118 0 1 1
10.1 -5.6 0.3 115 0 1 1
10.1 -4.9 0.3 115 0 1 1
10.1 5.6 2.8 81 0 1 3
10.3 0.8 1.1 58 0 1 3
10.4 1.3 3 71 0 1 3
10.6 -1.1 0.6 128 0 1 1
10.6 -0.5 0.7 130 0 1 1
10.6 0.2 0.8 144 0 1 1
10.6 1.2 2.5 73 0 1 3
10.6 8 0.5 123 0 1 1
10.7 -10.8 0.3 128 0 1 1
10.7 -10.1 0.3 133 0 1 1
10.7 -9.5 0.3 94 0 1 1
10.7 -8.8 0.3 108 0 1 1
10.7 -8.2 0.3 121 0 1 1
10.7 -7.5 0.3 135 0 1 1
10.7 -6.9 0.3 142 0 1 1
10.7 -6.2 0.3 122 0 1 1
10.7 -5.6 0.3 106 0 1 1
10.7 -4.9 0.3 114 0 1 1
10.7 -4.3 0.4 133 0 1 1
10.7 -3.7 0.4 142 0 1 1
10.7 -3 0.5 134 0 1 1
10.7 -2.4 0.5 121 0 1 1
10.7 10 0.3 104 0 1 1
10.7 10.7 0.3 115 0 1 1
11.3 -3 0.5 142 0 1 1
11.3 -1.1 0.6 137 0 1 1
11.3 -0.5 0.7 140 0 1 1
11.3 0.2 0.8 148 0 1 1
11.3 0.8 0.8 66 0 1 1
11.3 8.7 0.4 116 0 1 1
11.3 10 0.3 115 0 1 1
11.4 -11.4 0.3 134 0 1 1
11.4 -10.8 0.3 129 0 1 1
11.4 -10.1 0.3 126 0 1 1
11.4 -9.5 0.3 111 0 1 1
11.4 -8.8 0.3 118 0 1 1
11.4 -8.2 0.2 124 0 1 1
11.4 -7.5 0.2 131 0 1 1
11.4 -6.9 0.2 140 0 1 1
11.4 -6.2 0.3 80 0 1 1
11.4 -5.6 0.3 62 0 1 1
11.4 -4.9 0.3 70 0 1 1
11.4 -4.3 0.4 104 0 1 1
11.4 -3.7 0.4 126 0 1 1
11.4 10.7 0.2 122 0 1 1
11.4 11.4 0.2 127 0 1 1
11.5 1.4 3 74 0 1 3
11.6 -4.7 0.5 35 0 1 3
11.7 -4.6 0.8 40 0 1 3
11.7 -4.6 1 39 0 1 3
11.7 -4.5 0.6 42 0 1 3
11.7 1.2 2.1 70 0 1 3
11.8 -4.9 0.5 43 0 1 3
11.8 -4.9 1 33 0 1 3
11.8 -4.7 1.5 46 0 1 3
11.8 -4.6 1.3 46 0 1 3
11.9 -4.7 2.1 48 0 1 3
11.9 -0.5 0.7 137 0 1 1
11.9 0.2 0.7 143 0 1 1
11.9 0.8 0.8 154 0 1 1
12 -10.8 0.2 127 0 1 1
12 -10.1 0.2 128 0 1 1
12 -9.5 0.2 122 0 1 1
12 -8.8 0.2 118 0 1 1
12 -6.2 0.2 65 0 1 1
12 -5.6 0.3 55 0 1 1
12 -5.1 1 39 0 1 3
12 -4.9 1.5 36 0 1 3
12 -4.5 1.8 41 0 1 3
12 -3.7 0.4 68 0 1 1
12 -3.7 0.5 47 0 1 3
12 -3 0.4 130 0 1 1
12 -2.4 0.5 117 0 1 1
12 -1.7 0.5 131 0 1 1
12 -1.1 0.6 136 0 1 1
12 9.4 0.3 143 0 1 1
12 10.7 0.2 122 0 1 1
12 11.4 0.2 134 0 1 1
12 12 0.1 135 0 1 1
12.1 -12.1 0.2 133 0 1 1
12.1 -11.5 0.2 131 0 1 1
12.1 -8.2 0.2 129 0 1 1
12.1 -7.5 0.2 136 0 1 1
12.1 -6.9 0.2 133 0 1 1
12.1 -4.6 2.6 37 0 1 3
12.1 1.5 3 70 0 1 3
12.2 -5.5 0.5 49 0 1 3
12.2 -5.3 1 40 0 1 3
12.2 -4.8 2.7 40 0 1 3
12.2 1.4 2.6 69 0 1 3
12.3 -4.6 3.1 114 0 1 3
12.3 -3.8 1.7 51 0 1 3
12.3 -2.9 0.4 125 0 1 3
12.3 1 1.1 62 0 1 3
12.4 -4.7 3.2 68 0 1 3
12.4 -2.2 0.7 42 0 1 3
12.5 -4.8 3.3 90 0 1 3
12.5 -4 3 67 0 1 3
12.5 -3.2 1.7 47 0 1 3
12.5 -2.4 1 38 0 1 3
12.5 -2.2 1.3 40 0 1 3
12.6 -6.3 0.3 45 0 1 3
12.6 -5.1 2.7 53 0 1 3
12.6 -3 1.5 40 0 1 3
12.6 -2.2 1.9 54 0 1 3
12.6 -1.7 0.5 127 0 1 1
12.6 -1.1 0.6 131 0 1 1
12.6 -0.4 0.6 135 0 1 1
12.6 0.2 0.7 144 0 1 1
12.6 0.9 0.7 153 0 1 1
12.7 -12.8 0.2 138 0 1 1
12.7 -12.1 0.2 131 0 1 1
12.7 -11.5 0.2 127 0 1 1
12.7 -10.8 0.2 126 0 1 1
12.7 -10.1 0.2 128 0 1 1
12.7 -9.5 0.2 109 0 1 1
12.7 -8.8 0.2 128 0 1 1
12.7 -8.2 0.2 136 0 1 1
12.7 -7.5 0.2 128 0 1 1
12.7 -6.9 0.2 70 0 1 1
12.7 -6.4 0.5 43 0 1 3
12.7 -6.3 0.9 52 0 1 3
12.7 -6.1 0.9 48 0 1 3
12.7 -4.8 3.3 157 0 1 3
12.7 -3.5 2.9 82 0 1 3
12.7 -2.8 1.5 37 0 1 3
12.7 -2.3 2 88 0 1 3
12.7 -2.1 1.3 39 0 1 3
12.7 -2 0.7 44 0 1 3
12.7 11.4 0.1 128 0 1 1
12.7 12 0.1 134 0 1 1
12.7 12.7 0 132 0 1 1
12.8 -6.3 1.1 40 0 1 3
12.8 -5.8 1.6 40 0 1 3
12.8 -5.7 1.7 35 0 1 3
12.8 -5.1 3.3 64 0 1 3
12.8 -4.9 3.4 109 0 1 3
12.8 -2.6 2.4 88 0 1 3
12.8 -2.4 2.2 106 0 1 3
12.8 -2.3 2.1 111 0 1 3
12.8 -2.2 2 111 0 1 3
12.8 -2.1 1.9 81 0 1 3
12.9 -6.3 1.7 27 0 1 3
12.9 -4.2 3.2 147 0 1 3
12.9 -3.2 2.9 48 0 1 3
12.9 -2.6 2.5 89 0 1 3
12.9 -2.5 2.3 100 0 1 3
12.9 -2.4 2.2 103 0 1 3
12.9 -2 1.9 115 0 1 3
13 -3.1 2.9 80 0 1 3
13 -3 2.9 41 0 1 3
13 -2.8 2.7 86 0 1 3
13 -2.5 2.4 102 0 1 3
13 -2.2 2.1 145 0 1 3
13 -1.8 0.6 50 0 1 3
13.1 -6.7 0.7 42 0 1 3
13.1 -6.2 2.4 41 0 1 3
13.1 -6 2.5 41 0 1 3
13.1 -5.2 3.5 93 0 1 3
13.1 -5 3.6 105 0 1 3
13.1 -2.8 2.9 62 0 1 3
13.1 -2.6 2.6 86 0 1 3
13.1 -2.6 2.7 75 0 1 3
13.1 -1.7 0.7 59 0 1 3
13.2 -6.8 0.3 59 0 1 3
13.2 -6.6 1.3 41 0 1 3
13.2 -5.7 3.2 59 0 1 3
13.2 -5.6 3.3 61 0 1 3
13.2 -5.4 3.4 83 0 1 3
13.2 -5.3 3.5 96 0 1 3
13.2 -2.7 2.9 132 0 1 3
13.2 -1.8 1.8 59 0 1 3
13.3 -6.8 0.5 49 0 1 3
13.3 -6.1 3 79 0 1 3
13.3 -5.9 3.1 55 0 1 3
13.3 -5.7 3.3 68 0 1 3
13.3 -5.5 3.4 88 0 1 3
13.3 -2 2.1 131 0 1 3
13.3 -1.8 2 126 0 1 3
13.3 -1.6 1.3 38 0 1 3
13.3 -1.5 0.6 51 0 1 3
13.3 -1.1 0.5 123 0 1 1
13.3 -0.4 0.6 133 0 1 1
13.3 0.2 0.7 144 0 1 1
13.3 0.9 0.7 142 0 1 1
13.3 10.1 0.2 118 0 1 1
13.4 -13.4 0.1 136 0 1 1
13.4 -12.8 0.1 140 0 1 1
13.4 -12.1 0.2 131 0 1 1
13.4 -11.5 0.2 126 0 1 1
13.4 -10.8 0.2 128 0 1 1
13.4 -10.2 0.2 127 0 1 1
13.4 -9.5 0.2 125 0 1 1
13.4 -8.8 0.2 128 0 1 1
13.4 -8.2 0.2 138 0 1 1
13.4 -7.5 0.2 103 0 1 1
13.4 -5.9 3.2 85 0 1 3
13.4 -5.7 3.4 80 0 1 3
13.4 -3.6 3.2 162 0 1 3
13.4 12.1 0.1 130 0 1 1
13.4 12.7 0 137 0 1 1
13.4 13.4 0 134 0 1 1
13.5 -7 0.9 40 0 1 3
13.5 -1.5 1.8 55 0 1 3
13.5 -1.4 0.5 100 0 1 3
13.6 -6.9 1.3 47 0 1 3
13.6 -5.4 3.6 96 0 1 3
13.6 -4.4 3.6 142 0 1 3
13.6 -2.5 2.7 98 0 1 3
13.6 -1.6 1.9 80 0 1 3
13.6 -1.4 1.2 77 0 1 3
13.7 -7.3 0.2 49 0 1 3
13.7 -7.2 0.7 43 0 1 3
13.7 -3.2 3.2 167 0 1 3
13.7 -2.6 3 139 0 1 3
13.7 -1.6 2 81 0 1 3
13.7 -1.2 0.6 64 0 1 3
13.8 -5.8 3.5 80 0 1 3
13.9 -7.3 0.5 46 0 1 3
13.9 -7.3 0.9 40 0 1 3
13.9 -7 1.5 48 0 1 3
13.9 -6.8 2.2 49 0 1 3
13.9 -6.5 3 52 0 1 3
13.9 -1.5 1.8 100 0 1 3
13.9 -1.5 1.9 112 0 1 3
13.9 -1.1 0.5 82 0 1 3
13.9 -0.4 0.6 138 0 1 1
13.9 0.9 0.6 138 0 1 1
14 -14.1 0.1 120 0 1 1
14 -13.5 0.1 123 0 1 1
14 -12.8 0.1 126 0 1 1
14 -12.1 0.1 130 0 1 1
14 -11.5 0.1 129 0 1 1
14 -10.8 0.1 127 0 1 1
14 -10.2 0.1 126 0 1 1
14 -9.5 0.1 129 0 1 1
14 -8.9 0.1 140 0 1 1
14 -8.2 0.1 137 0 1 1
14 -7.5 0.1 128 0 1 1
14 -6.3 3.2 71 0 1 3
14 -6.1 3.4 82 0 1 3
14 -1.3 1.2 104 0 1 3
14 -1.1 0.5 129 0 1 1
14 10.7 0.1 127 0 1 1
14 12.1 0 105 0 1 1
14 12.7 0 135 0 1 1
14 13.4 0 134 0 1 1
14 14 0 133 0 1 1
14.1 -7.5 0.7 50 0 1 3
14.1 -6.7 2.8 49 0 1 3
14.1 -3.8 3.5 131 0 1 3
14.1 -3 3.2 152 0 1 3
14.1 -2.4 2.6 80 0 1 3
14.1 -1.6 1.9 82 0 1 3
14.2 -5.9 3.6 78 0 1 3
14.2 -2.6 3.2 92 0 1 3
14.2 -1.4 1.8 81 0 1 3
14.2 -1.2 1.1 89 0 1 3
14.3 -7.6 0.2 43 0 1 3
14.3 -7.6 0.6 48 0 1 3
14.3 -7.6 0.9 44 0 1 3
14.3 -1.3 1.1 93 0 1 3
14.4 -6.2 3.5 85 0 1 3
14.4 -1.5 1.8 97 0 1 3
14.5 -7.7 0.8 43 0 1 3
14.5 -3.6 3.6 148 0 1 3
14.5 -3 3.4 116 0 1 3
14.5 -1.5 1.9 102 0 1 3
14.6 -7.7 1.1 41 0 1 3
14.6 -7 3 68 0 1 3
14.6 -6.8 3.2 72 0 1 3
14.6 -1.1 0.4 135 0 1 1
14.6 -0.4 0.5 138 0 1 1
14.6 0.9 0.6 133 0 1 1
14.7 -14.8 0 106 0 1 1
14.7 -14.1 0 119 0 1 1
14.7 -13.5 0.1 123 0 1 1
14.7 -12.8 0.1 122 0 1 1
14.7 -12.1 0.1 133 0 1 1
14.7 -11.5 0.1 130 0 1 1
14.7 -10.8 0.1 123 0 1 1
14.7 -10.2 0.1 123 0 1 1
14.7 -9.5 0.1 129 0 1 1
14.7 -8.9 0.1 133 0 1 1
14.7 -8.2 0.1 138 0 1 1
14.7 -7.1 2.9 63 0 1 3
14.7 -7 3.1 71 0 1 3
14.7 -6.8 3.2 73 0 1 3
14.7 11.4 0 139 0 1 1
14.7 12.7 0 132 0 1 1
14.7 14 0 131 0 1 1
14.7 14.7 0 128 0 1 1
14.8 -7.9 0.4 115 0 1 3
14.8 -7.9 0.8 49 0 1 3
14.8 -7.8 1 65 0 1 3
14.8 -7.8 1.3 56 0 1 3
14.8 -7.5 2 65 0 1 3
14.9 -7.3 2.7 62 0 1 3
14.9 -3.4 3.6 93 0 1 3
15.3 -12.8 0 128 0 1 1
15.3 -12.2 0 142 0 1 1
15.3 -11.5 0.1 131 0 1 1
15.3 -10.8 0.1 125 0 1 1
15.3 -10.2 0.1 126 0 1 1
15.3 -9.5 0.1 131 0 1 1
15.3 -8.9 0.1 140 0 1 1
15.3 -1 0.4 141 0 1 1
15.3 0.9 0.5 127 0 1 1
15.3 11.4 0 144 0 1 1
15.3 12.1 0 135 0 1 1
15.4 -15.5 0 102 0 1 1
15.4 -14.8 0 87 0 1 1
15.4 -14.1 0 121 0 1 1
15.4 -13.5 0 128 0 1 1
15.4 14.7 0 128 0 1 1
15.4 15.4 0 111 0 1 1
15.9 0.9 0.4 148 0 1 1
16 -15.5 0 104 0 1 1
16 -14.8 0 87 0 1 1
16 -14.1 0 114 0 1 1
16 -13.5 0 128 0 1 1
16 -12.8 0 137 0 1 1
16 -12.2 0 143 0 1 1
16 -11.5 0 119 0 1 1
16 -10.8 0 125 0 1 1
16 -10.2 0 126 0 1 1
16 -9.5 0 145 0 1 1
16 -8.9 0 144 0 1 1
16 -1 0.3 139 0 1 1
16 -0.4 0.4 153 0 1 1
16 12.1 0 136 0 1 1
16 12.7 0 123 0 1 1
16 15.4 0 115 0 1 1
16 16 0 122 0 1 1
16.6 -1 0.3 146 0 1 1
16.6 -0.4 0.3 153 0 1 1
16.6 0.9 0.4 148 0 1 1
16.7 -16.1 0 110 0 1 1
16.7 -15.5 0 106 0 1 1
16.7 -14.8 0 107 0 1 1
16.7 -14.1 0 122 0 1 1
16.7 -13.5 0 130 0 1 1
16.7 -12.8 0 131 0 1 1
16.7 -12.2 0 126 0 1 1
16.7 -11.5 0 122 0 1 1
16.7 -10.9 0 126 0 1 1
16.7 -10.2 0 128 0 1 1
16.7 -9.5 0 134 0 1 1
16.7 12.7 0 118 0 1 1
16.7 16 0 117 0 1 1
16.7 16.7 0 117 0 1 1
17.3 -16.8 0 99 0 1 1
17.3 -16.1 0 108 0 1 1
17.3 -15.5 0 108 0 1 1
17.3 -14.8 0 117 0 1 1
17.3 -14.1 0 129 0 1 1
17.3 -13.5 0 132 0 1 1
17.3 -12.8 0 132 0 1 1
17.3 -12.2 0 132 0 1 1
17.3 -11.5 0 137 0 1 1
17.3 -10.9 0 131 0 1 1
17.3 -10.2 0 137 0 1 1
17.3 -9.6 0 151 0 1 1
17.3 -1 0.2 146 0 1 1
17.3 12.7 0 119 0 1 1
17.3 13.4 0 115 0 1 1
17.3 16 0 114 0 1 1
17.3 16.7 0 120 0 1 1
17.3 17.3 0 124 0 1 1
18 -17.4 0 118 0 1 1
18 -16.8 0 102 0 1 1
18 -16.1 0 112 0 1 1
18 -15.5 0 126 0 1 1
18 -14.8 0 125 0 1 1
18 -14.1 0 130 0 1 1
18 -13.5 0 140 0 1 1
18 -12.8 0 145 0 1 1
18 -12.2 0 145 0 1 1
18 -11.5 0 149 0 1 1
18 -10.9 0 144 0 1 1
18 -10.2 0 143 0 1 1
18 -1 0.2 144 0 1 1
18 -0.4 0.2 150 0 1 1
18 13.4 0 117 0 1 1
18 14 0 119 0 1 1
18 16.7 0 122 0 1 1
18 17.3 0 131 0 1 1
18 18 0 122 0 1 1
18.6 -18.1 0 128 0 1 1
18.6 -17.4 0 132 0 1 1
18.6 -16.8 0 119 0 1 1
18.6 -16.1 0 117 0 1 1
18.6 -15.5 0 121 0 1 1
18.6 -14.8 0 122 0 1 1
18.6 -14.1 0 135 0 1 1
18.6 -13.5 0 142 0 1 1
18.6 -12.8 0 151 0 1 1
18.6 -12.2 0 152 0 1 1
18.6 -11.5 0 143 0 1 1
18.6 -10.9 0 142 0 1 1
18.6 -10.2 0 147 0 1 1
18.6 -1 0.1 141 0 1 1
18.6 -0.4 0.1 157 0 1 1
18.6 0.3 0.1 143 0 1 1
18.6 14 0 116 0 1 1
18.6 14.7 0 113 0 1 1
18.6 17.3 0 117 0 1 1
18.6 18 0 119 0 1 1
18.6 18.6 0 121 0 1 1
19.3 -18.7 0 138 0 1 1
19.3 -18.1 0 137 0 1 1
19.3 -17.4 0 149 0 1 1
19.3 -16.8 0 90 0 1 1
19.3 -16.1 0 128 0 1 1
19.3 -15.5 0 127 0 1 1
19.3 -14.8 0 130 0 1 1
19.3 -14.1 0 144 0 1 1
19.3 -13.5 0 153 0 1 1
19.3 -12.8 0 150 0 1 1
19.3 -12.2 0 143 0 1 1
19.3 -11.5 0 145 0 1 1
19.3 -10.9 0 148 0 1 1
19.3 -1 0.1 144 0 1 1
19.3 0.9 0.1 146 0 1 1
19.3 14 0 131 0 1 1
19.3 14.7 0 132 0 1 1
19.3 15.4 0 134 0 1 1
19.3 18 0 115 0 1 1
19.3 18.6 0 122 0 1 1
19.3 19.3 0 135 0 1 1
19.9 -1 0 109 0 1 1
19.9 -0.4 0 134 0 1 1
19.9 0.3 0.1 149 0 1 1
19.9 0.9 0.1 92 0 1 1
20 -19.4 0 89 0 1 1
20 -18.7 0 91 0 1 1
20 -18.1 0 92 0 1 1
20 -17.4 0 96 0 1 1
20 -16.8 0 82 0 1 1
20 -16.1 0 90 0 1 1
20 -15.5 0 89 0 1 1
20 -14.8 0 96 0 1 1
20 -14.1 0 95 0 1 1
20 -13.5 0 93 0 1 1
20 -12.8 0 89 0 1 1
20 -12.2 0 90 0 1 1
20 -11.5 0 89 0 1 1
20 -10.9 0 91 0 1 1
20 14.7 0 91 0 1 1
20 15.4 0 88 0 1 1
20 16 0 84 0 1 1
20 18.6 0 86 0 1 1
20 19.3 0 87 0 1 1
