-19.4 19.3 0 84 0 1 1
-19.4 20 0 76 0 1 1
-18.7 18.6 0 93 0 1 1
-18.7 19.3 0 96 0 1 1
-18.7 20 0 77 0 1 1
-18.1 18 0 111 0 1 1
-18.1 18.6 0 111 0 1 1
-18.1 19.3 0 111 0 1 1
-18.1 20 0 78 0 1 1
-17.4 17.3 0 103 0 1 1
-17.4 18 0 117 0 1 1
-17.4 18.6 0 106 0 1 1
-17.4 19.3 0 114 0 1 1
-17.4 20 0 83 0 1 1
-16.8 16.7 0 97 0 1 1
-16.8 17.3 0 111 0 1 1
-16.8 18 0 112 0 1 1
-16.8 18.6 0 117 0 1 1
-16.8 19.3 0 129 0 1 1
-16.8 20 0 86 0 1 1
-16.1 16 0 99 0 1 1
-16.1 16.7 0 101 0 1 1
-16.1 17.3 0 108 0 1 1
-16.1 18 0 127 0 1 1
-16.1 18.6 0 124 0 1 1
-16.1 19.3 0 121 0 1 1
-16.1 20 0 83 0 1 1
-15.5 15.4 0 120 0 1 1
-15.5 16 0 92 0 1 1
-15.5 16.7 0 111 0 1 1
-15.5 17.3 0 115 0 1 1
-15.5 18 0 137 0 1 1
-15.5 18.6 0 131 0 1 1
-15.5 19.3 0 131 0 1 1
-15.5 20 0 84 0 1 1
-14.8 14.7 0 122 0 1 1
-14.8 15.4 0 127 0 1 1
-14.8 16 0 104 0 1 1
-14.8 16.7 0 115 0 1 1
-14.8 17.3 0 143 0 1 1
-14.8 18 0 131 0 1 1
-14.8 18.6 0 136 0 1 1
-14.8 19.3 0 133 0 1 1
-14.8 20 0 89 0 1 1
-14.1 14 0 129 0 1 1
-14.1 14.7 0 127 0 1 1
-14.1 15.4 0 118 0 1 1
-14.1 16 0 115 0 1 1
-14.1 16.7 0 123 0 1 1
-14.1 17.3 0 126 0 1 1
-14.1 18 0 133 0 1 1
-14.1 18.6 0 137 0 1 1
-14.1 19.3 0 135 0 1 1
-14.1 20 0 88 0 1 1
-13.5 13.4 0 130 0 1 1
-13.5 14 0 133 0 1 1
-13.5 14.7 0 132 0 1 1
-13.5 15.4 0 121 0 1 1
-13.5 16 0 116 0 1 1
-13.5 16.7 0 119 0 1 1
-13.5 17.3 0 125 0 1 1
-13.5 18 0 132 0 1 1
-13.5 18.6 0 134 0 1 1
-13.5 19.3 0 125 0 1 1
-13.5 20 0 86 0 1 1
-12.8 12.7 0 121 0 1 1
-12.8 13.4 0 129 0 1 1
-12.8 14 0 134 0 1 1
-12.8 14.7 0 132 0 1 1
-12.8 15.4 0 117 0 1 1
-12.8 16 0 121 0 1 1
-12.8 16.7 0 127 0 1 1
-12.8 17.3 0 125 0 1 1
-12.8 18 0 127 0 1 1
-12.8 18.6 0 124 0 1 1
-12.8 19.3 0 125 0 1 1
-12.8 20 0 88 0 1 1
-12.2 12.1 0 131 0 1 1
-12.2 12.7 0 129 0 1 1
-12.2 13.4 0 128 0 1 1
-12.2 14 0 128 0 1 1
-12.2 14.7 0 127 0 1 1
-12.2 15.4 0 123 0 1 1
-12.2 16 0 119 0 1 1
-12.2 16.7 0 124 0 1 1
-12.2 17.3 0 125 0 1 1
-12.2 18 0 129 0 1 1
-12.2 18.6 0 126 0 1 1
-12.2 19.3 0 126 0 1 1
-12.2 20 0 84 0 1 1
-11.5 11.4 0 132 0 1 1
-11.5 12.1 0 127 0 1 1
-11.5 12.7 0 134 0 1 1
-11.5 13.4 0 125 0 1 1
-11.5 14 0 120 0 1 1
-11.5 14.7 0 120 0 1 1
-11.5 15.4 0 116 0 1 1
-11.5 16 0 108 0 1 1
-11.5 16.7 0 123 0 1 1
-11.5 17.3 0 126 0 1 1
-11.5 18 0 124 0 1 1
-11.5 18.6 0 127 0 1 1
-11.5 19.3 0 125 0 1 1
-11.5 20 0 85 0 1 1
-10.9 10.8 0 121 0 1 1
-10.9 11.4 0 122 0 1 1
-10.9 12.1 0 121 0 1 1
-10.9 12.7 0 121 0 1 1
-10.9 13.4 0 119 0 1 1
-10.9 14 0 115 0 1 1
-10.9 14.7 0 124 0 1 1
-10.9 15.4 0 117 0 1 1
-10.9 16 0 115 0 1 1
-10.9 16.7 0 127 0 1 1
-10.9 17.3 0 123 0 1 1
-10.9 18 0 122 0 1 1
-10.9 18.6 0 125 0 1 1
-10.9 19.3 0 123 0 1 1
-10.9 20 0 82 0 1 1
-10.2 10.1 0 120 0 1 1
-10.2 10.8 0 120 0 1 1
-10.2 11.4 0 117 0 1 1
-10.2 12.1 0 116 0 1 1
-10.2 12.7 0 113 0 1 1
-10.2 13.4 0 119 0 1 1
-10.2 14 0 119 0 1 1
-10.2 14.7 0 122 0 1 1
-10.2 15.4 0 100 0 1 1
-10.2 16 0 110 0 1 1
-10.2 16.7 0 125 0 1 1
-10.2 17.3 0 120 0 1 1
-10.2 18 0 125 0 1 1
-10.2 18.6 0 123 0 1 1
-10.2 19.3 0 115 0 1 1
-10.2 20 0 80 0 1 1
-9.6 9.5 0 130 0 1 1
-9.6 10.1 0 120 0 1 1
-9.6 10.8 0 122 0 1 1
-9.6 11.4 0 112 0 1 1
-9.6 12.1 0 106 0 1 1
-9.6 12.7 0 114 0 1 1
-9.6 13.4 0 112 0 1 1
-9.6 14 0 108 0 1 1
-9.6 14.7 0 94 0 1 1
-9.6 15.4 0 82 0 1 1
-9.6 16 0 90 0 1 1
-9.6 16.7 0 120 0 1 1
-9.6 17.3 0 119 0 1 1
-9.6 18 0 118 0 1 1
-9.6 18.6 0 114 0 1 1
-9.6 19.3 0 116 0 1 1
-8.9 8.8 0 134 0 1 1
-8.9 9.5 0 117 0 1 1
-8.9 10.1 0 121 0 1 1
-8.9 10.8 0 117 0 1 1
-8.9 11.4 0 108 0 1 1
-8.9 12.1 0 110 0 1 1
-8.9 12.7 0 113 0 1 1
-8.9 13.4 0 105 0 1 1
-8.9 14.1 0 91 0 1 1
-8.9 14.7 0 71 0 1 1
-8.9 15.4 0 53 0 1 1
-8.9 16 0 61 0 1 1
-8.9 16.7 0 77 0 1 1
-8.9 17.3 0 104 0 1 1
-8.9 18 0 111 0 1 1
-8.3 8.1 0 116 0 1 1
-8.3 8.8 0 115 0 1 1
-8.3 9.5 0 121 0 1 1
-8.3 10.1 0 115 0 1 1
-8.3 10.8 0 113 0 1 1
-8.3 11.4 0 102 0 1 1
-8.3 12.1 0 115 0 1 1
-8.3 12.7 0 110 0 1 1
-8.3 13.4 0 76 0 1 1
-8.3 14.1 0 53 0 1 1
-8.3 14.7 0 43 0 1 1
-8.3 15.4 0 42 0 1 1
-8.3 16 0 46 0 1 1
-8.3 16.7 0 50 0 1 1
-7.6 7.5 0 115 0 1 1
-7.6 8.2 0 113 0 1 1
-7.6 10.1 0 120 0 1 1
-7.6 10.8 0 117 0 1 1
-7.6 11.4 0.1 104 0 1 1
-7.6 12.1 0.1 112 0 1 1
-7.6 12.7 0.1 86 0 1 1
-7.6 13.4 0 51 0 1 1
-7.6 14.1 0 44 0 1 1
-7.6 14.7 0 54 0 1 1
-7.1 14.4 0.1 51 0 1 3
-7.1 14.5 0.4 60 0 1 3
-7 9.5 0.1 118 0 1 1
-7 10.1 0.1 122 0 1 1
-7 10.8 0.1 114 0 1 1
-7 11.4 0.1 109 0 1 1
-7 12.1 0.1 104 0 1 1
-7 12.7 0.1 74 0 1 1
-7 13.4 0.1 47 0 1 1
-7 14.1 0.1 55 0 1 1
-7 14.2 0.2 49 0 1 3
-7 14.3 0.5 55 0 1 3
-7 14.4 0.9 67 0 1 3
-6.9 6.8 0 123 0 1 1
-6.9 7.5 0 122 0 1 1
-6.9 14.1 0.1 44 0 1 3
-6.9 14.2 0.8 47 0 1 3
-6.9 14.4 1.2 62 0 1 3
-6.8 14.3 1.5 49 0 1 3
-6.7 14.5 1.6 60 0 1 3
-6.6 14.7 1.8 62 0 1 3
-6.4 13.9 0.7 56 0 1 3
-6.4 14.8 2 68 0 1 3
-6.3 6.2 0 123 0 1 1
-6.3 6.8 0 121 0 1 1
-6.3 6.9 0.1 110 0 1 2
-6.3 6.9 0.2 50 0 1 2
-6.3 8.8 0.1 122 0 1 1
-6.3 9.5 0.1 116 0 1 1
-6.3 10.1 0.1 127 0 1 1
-6.3 10.8 0.1 111 0 1 1
-6.3 11.4 0.1 114 0 1 1
-6.3 12.1 0.1 106 0 1 1
-6.3 12.8 0.1 93 0 1 1
-6.3 13.4 0.1 52 0 1 1
-6.3 13.9 0.6 49 0 1 3
-6.3 14 1.3 45 0 1 3
-6.2 7 0.3 109 0 1 2
-6.2 14.1 1.8 47 0 1 3
-6.1 6.8 0 90 0 1 2
-6.1 6.8 0.2 50 0 1 2
-6.1 6.9 0.3 55 0 1 2
-6.1 7.1 0.4 113 0 1 2
-6.1 7.1 0.5 125 0 1 2
-6.1 14.3 1.9 52 0 1 3
-6.1 15 2.3 67 0 1 3
-6 6.8 0.3 47 0 1 2
-6 6.8 0.4 53 0 1 2
-6 7.1 0.5 126 0 1 2
-5.9 6.7 0 45 0 1 2
-5.9 6.8 0.2 51 0 1 2
-5.9 6.8 0.4 49 0 1 2
-5.9 14.4 2.2 63 0 1 3
-5.9 15.2 2.6 65 0 1 3
-5.8 6.7 0.1 65 0 1 2
-5.8 6.7 0.2 71 0 1 2
-5.8 6.8 0.4 55 0 1 2
-5.8 6.8 0.5 89 0 1 2
-5.8 7.2 0.5 144 0 1 2
-5.8 7.3 0.5 129 0 1 2
-5.8 13.7 1.2 48 0 1 3
-5.7 6.7 0.2 105 0 1 2
-5.7 6.8 0.3 142 0 1 2
-5.7 6.8 0.4 125 0 1 2
-5.7 7.4 0.5 125 0 1 2
-5.7 7.5 0.4 121 0 1 2
-5.7 8.2 0.1 120 0 1 1
-5.7 8.8 0.1 132 0 1 1
-5.7 9.5 0.1 131 0 1 1
-5.7 10.1 0.2 116 0 1 1
-5.7 10.8 0.2 118 0 1 1
-5.7 11.4 0.2 112 0 1 1
-5.7 12.1 0.2 108 0 1 1
-5.7 12.8 0.2 76 0 1 1
-5.7 13.4 0.2 45 0 1 1
-5.7 13.8 1.6 50 0 1 3
-5.7 13.8 1.7 49 0 1 3
-5.7 13.9 2.1 49 0 1 3
-5.7 14.4 2.3 58 0 1 3
-5.6 5.5 0 125 0 1 1
-5.6 6.2 0 124 0 1 1
-5.6 6.8 0.1 90 0 1 2
-5.6 6.8 0.3 73 0 1 2
-5.6 7.2 0.5 123 0 1 2
-5.6 13.9 2.2 50 0 1 3
-5.6 15.4 2.9 70 0 1 3
-5.5 6.9 0.3 123 0 1 2
-5.5 7 0.4 107 0 1 2
-5.5 7.2 0.5 116 0 1 2
-5.4 7 0.1 151 0 1 2
-5.4 7 0.3 132 0 1 2
-5.4 7 0.4 124 0 1 2
-5.4 7.2 0.1 97 0 1 2
-5.4 7.2 0.3 144 0 1 2
-5.4 7.2 0.4 158 0 1 2
-5.4 7.4 0.1 130 0 1 2
-5.4 7.4 0.4 137 0 1 2
-5.4 13.6 1.6 38 0 1 3
-5.4 13.7 2.1 46 0 1 3
-5.4 13.8 2.3 53 0 1 3
-5.4 14.6 2.7 58 0 1 3
-5.4 15.5 3.1 62 0 1 3
-5.3 14.5 2.7 58 0 1 3
-5.2 13.7 2.4 51 0 1 3
-5.2 15.7 3.4 65 0 1 3
-5.2 15.8 3.4 57 0 1 3
-5.1 13.4 1.3 29 0 1 3
-5.1 13.6 2 43 0 1 3
-5.1 13.6 2.2 42 0 1 3
-5.1 13.7 2.5 50 0 1 3
-5 4.9 0 118 0 1 1
-5 5.5 0 115 0 1 1
-5 6.2 0 118 0 1 1
-5 6.8 0.1 124 0 1 1
-5 7.5 0.1 129 0 1 1
-5 8.2 0.1 119 0 1 1
-5 8.8 0.2 120 0 1 1
-5 9.5 0.2 117 0 1 1
-5 10.1 0.2 121 0 1 1
-5 10.8 0.2 117 0 1 1
-5 11.4 0.2 113 0 1 1
-5 12.1 0.2 110 0 1 1
-5 12.8 0.2 86 0 1 1
-5 13.6 2.3 35 0 1 3
-5 15.7 3.6 60 0 1 3
-4.9 13.7 2.6 51 0 1 3
-4.8 13.3 1.7 36 0 1 3
-4.8 15.6 3.7 68 0 1 3
-4.7 14.3 3.1 51 0 1 3
-4.6 13.4 2.3 38 0 1 3
-4.5 13.4 2.6 46 0 1 3
-4.5 14.4 3.3 51 0 1 3
-4.4 7.5 0.1 129 0 1 1
-4.4 8.2 0.2 122 0 1 1
-4.4 8.8 0.2 121 0 1 1
-4.4 9.5 0.2 123 0 1 1
-4.4 10.1 0.2 119 0 1 1
-4.4 10.8 0.3 115 0 1 1
-4.4 11.4 0.3 112 0 1 1
-4.4 12.1 0.3 116 0 1 1
-4.4 12.8 0.3 108 0 1 1
-4.4 13.1 1.5 48 0 1 3
-4.4 14.4 3.4 49 0 1 3
-4.3 4.2 0 121 0 1 1
-4.3 4.9 0 124 0 1 1
-4.3 5.5 0 112 0 1 1
-4.3 6.2 0.1 119 0 1 1
-4.3 6.8 0.1 118 0 1 1
-4.3 13.1 2 46 0 1 3
-4.3 13.4 2.9 49 0 1 3
-4.2 14.4 3.5 75 0 1 3
-4.1 13.2 2.6 50 0 1 3
-4 12.7 0.8 44 0 1 3
-4 15.8 3.7 120 0 1 3
-3.9 12.7 1.1 52 0 1 3
-3.9 13.2 2.9 47 0 1 3
-3.8 12.8 1.7 49 0 1 3
-3.8 13.1 2.8 44 0 1 3
-3.7 4.2 0.1 121 0 1 1
-3.7 4.9 0 121 0 1 1
-3.7 5.5 0.1 115 0 1 1
-3.7 6.2 0.1 114 0 1 1
-3.7 6.8 0.1 122 0 1 1
-3.7 7.5 0.2 123 0 1 1
-3.7 8.2 0.2 116 0 1 1
-3.7 8.8 0.2 106 0 1 1
-3.7 9.5 0.3 111 0 1 1
-3.7 10.1 0.3 120 0 1 1
-3.7 10.8 0.3 112 0 1 1
-3.7 11.5 0.3 119 0 1 1
-3.7 12.1 0.3 113 0 1 1
-3.7 13.1 3.3 59 0 1 3
-3.7 13.2 3.3 78 0 1 3
-3.7 13.2 3.4 93 0 1 3
-3.6 3.5 0.1 124 0 1 1
-3.6 13 3.1 61 0 1 3
-3.6 13.1 3.2 92 0 1 3
-3.5 12.4 0.5 51 0 1 3
-3.5 12.7 1.9 57 0 1 3
-3.5 13 3 61 0 1 3
-3.5 13.2 3.3 122 0 1 3
-3.4 12.4 0.5 61 0 1 3
-3.4 12.4 0.8 45 0 1 3
-3.4 13 3.2 79 0 1 3
-3.4 13.1 3.3 105 0 1 3
-3.4 14.6 3.5 138 0 1 3
-3.3 12.4 0.9 72 0 1 3
-3.3 12.7 2 97 0 1 3
-3.3 13 3.1 90 0 1 3
-3.3 13.1 3.3 105 0 1 3
-3.2 13 3.2 101 0 1 3
-3.1 7.5 0.2 122 0 1 1
-3.1 8.2 0.2 93 0 1 1
-3.1 8.8 0.3 100 0 1 1
-3.1 9.5 0.3 102 0 1 1
-3.1 10.1 0.3 113 0 1 1
-3.1 10.8 0.3 123 0 1 1
-3.1 11.5 0.4 114 0 1 1
-3.1 12.1 0.4 125 0 1 1
-3.1 12.4 0.9 61 0 1 3
-3.1 12.7 2 67 0 1 3
-3.1 16 3.6 137 0 1 3
-3 2.9 0.1 116 0 1 1
-3 3.5 0.1 119 0 1 1
-3 4.2 0.1 120 0 1 1
-3 4.9 0.1 117 0 1 1
-3 5.5 0.1 118 0 1 1
-3 6.2 0.1 121 0 1 1
-3 6.8 0.2 123 0 1 1
-2.9 13 3.1 89 0 1 3
-2.8 12.6 1.4 107 0 1 3
-2.8 12.9 2.6 95 0 1 3
-2.8 14.7 3.4 141 0 1 3
-2.7 12.5 1 71 0 1 3
-2.6 13.1 3 121 0 1 3
-2.5 12.9 2.5 118 0 1 3
-2.5 16.1 3.6 123 0 1 3
-2.4 4.2 0.1 120 0 1 1
-2.4 4.9 0.1 121 0 1 1
-2.4 5.5 0.1 118 0 1 1
-2.4 6.2 0.2 124 0 1 1
-2.4 6.8 0.2 119 0 1 1
-2.4 7.5 0.2 124 0 1 1
-2.4 8.2 0.3 86 0 1 1
-2.4 8.8 0.3 94 0 1 1
-2.4 9.5 0.3 92 0 1 1
-2.4 10.1 0.3 103 0 1 1
-2.4 10.8 0.4 110 0 1 1
-2.4 11.5 0.4 119 0 1 1
-2.4 12.1 0.4 124 0 1 1
-2.4 12.7 0.6 67 0 1 3
-2.4 12.7 1.5 124 0 1 3
-2.4 12.8 2 137 0 1 3
-2.4 14.7 3.4 131 0 1 3
-2.3 2.9 0.1 107 0 1 1
-2.3 3.5 0.1 116 0 1 1
-2.3 12.6 1 107 0 1 3
-2.2 13.3 2.9 151 0 1 3
-2.1 14.4 3.4 137 0 1 3
-2.1 14.5 3.4 138 0 1 3
-2 12.8 0.7 122 0 1 3
-2 14.4 3.4 128 0 1 3
-2 16.1 3.5 134 0 1 3
-1.9 13.4 2.3 109 0 1 3
-1.8 6.8 0.2 133 0 1 1
-1.8 7.5 0.3 125 0 1 1
-1.8 8.2 0.3 86 0 1 1
-1.8 8.8 0.3 103 0 1 1
-1.8 9.5 0.4 100 0 1 1
-1.8 10.1 0.4 111 0 1 1
-1.8 10.8 0.4 109 0 1 1
-1.8 11.5 0.4 114 0 1 1
-1.8 12.1 0.4 125 0 1 1
-1.8 12.8 0.4 120 0 1 1
-1.7 2.9 0.1 119 0 1 1
-1.7 3.5 0.1 116 0 1 1
-1.7 4.2 0.1 122 0 1 1
-1.7 4.9 0.1 131 0 1 1
-1.7 5.5 0.2 125 0 1 1
-1.7 6.2 0.2 123 0 1 1
-1.5 16.2 3.5 115 0 1 3
-1.2 14.1 2.9 118 0 1 3
-1.1 2.9 0.2 122 0 1 1
-1.1 3.5 0.2 121 0 1 1
-1.1 4.2 0.2 127 0 1 1
-1.1 4.8 0.2 121 0 1 1
-1.1 5.5 0.2 114 0 1 1
-1.1 6.2 0.2 118 0 1 1
-1.1 6.8 0.3 133 0 1 1
-1.1 7.5 0.3 78 0 1 1
-1.1 8.2 0.3 93 0 1 1
-1.1 8.8 0.4 102 0 1 1
-1.1 9.5 0.4 102 0 1 1
-1.1 10.1 0.4 111 0 1 1
-1.1 10.8 0.4 122 0 1 1
-1.1 11.5 0.4 119 0 1 1
-1.1 12.1 0.4 127 0 1 1
-1.1 12.8 0.4 130 0 1 1
-1.1 16.2 3.5 94 0 1 3
-0.9 16 3.5 89 0 1 3
-0.8 10 0.5 50 0 1 2
-0.8 10.1 0.5 56 0 1 2
-0.8 10.1 0.6 79 0 1 2
-0.8 10.2 0.4 114 0 1 2
-0.8 10.2 0.6 88 0 1 2
-0.8 10.3 0.6 107 0 1 2
-0.8 14 1.8 133 0 1 3
-0.7 9.7 0.4 110 0 1 2
-0.7 9.8 0.4 113 0 1 2
-0.7 9.8 0.5 57 0 1 2
-0.7 10 0.5 63 0 1 2
-0.7 10.3 0.6 87 0 1 2
-0.7 10.4 0.6 87 0 1 2
-0.7 10.4 0.7 76 0 1 2
-0.6 9.7 0.5 45 0 1 2
-0.6 9.8 0.5 67 0 1 2
-0.6 10 0.6 88 0 1 2
-0.6 10.1 0.6 84 0 1 2
-0.6 10.2 0.6 89 0 1 2
-0.6 10.2 0.7 65 0 1 2
-0.6 10.4 0.7 118 0 1 2
-0.6 14.5 2.8 132 0 1 3
-0.6 15.8 3.4 83 0 1 3
-0.5 5.5 0.3 129 0 1 1
-0.5 6.2 0.3 122 0 1 1
-0.5 6.8 0.3 130 0 1 1
-0.5 7.5 0.4 76 0 1 1
-0.5 8.1 0.4 104 0 1 1
-0.5 8.8 0.4 105 0 1 1
-0.5 9.5 0.4 111 0 1 1
-0.5 9.8 0.6 104 0 1 2
-0.5 10 0.6 85 0 1 2
-0.5 10.1 0.7 74 0 1 2
-0.5 10.2 0.7 72 0 1 2
-0.5 10.3 0.8 98 0 1 2
-0.5 10.4 0.7 101 0 1 2
-0.5 14.4 2.4 136 0 1 3
-0.5 14.8 2.9 128 0 1 3
-0.5 15.7 3.4 90 0 1 3
-0.4 2.9 0.2 121 0 1 1
-0.4 3.5 0.2 129 0 1 1
-0.4 4.2 0.2 121 0 1 1
-0.4 4.8 0.2 123 0 1 1
-0.4 9.8 0.6 97 0 1 2
-0.4 9.9 0.7 72 0 1 2
-0.4 10 0.7 75 0 1 2
-0.4 10.2 0.8 76 0 1 2
-0.4 10.3 0.8 76 0 1 2
-0.4 14.6 2.6 133 0 1 3
-0.4 16.3 3.1 98 0 1 3
-0.3 9.7 0.6 74 0 1 2
-0.3 9.8 0.6 88 0 1 2
-0.3 9.8 0.7 84 0 1 2
-0.3 9.9 0.8 108 0 1 2
-0.3 10.1 0.8 68 0 1 2
-0.3 10.2 0.8 87 0 1 2
-0.3 15.6 2.2 151 0 1 3
-0.3 17.1 2.7 146 0 1 3
-0.2 9.8 0.7 113 0 1 2
-0.2 9.9 0.8 93 0 1 2
-0.2 10 0.8 112 0 1 2
-0.2 10.1 0.8 105 0 1 2
0 9.8 0.5 121 0 1 2
-0.1 9.8 0.7 129 0 1 2
0 9.9 0.7 102 0 1 2
0 9.9 0.8 149 0 1 2
-0.1 10 0.8 145 0 1 2
0 10.2 0.8 154 0 1 2
-0.1 14.2 0.6 137 0 1 3
0 14.3 0.7 156 0 1 3
0.1 9.9 0.5 134 0 1 2
0.1 9.9 0.6 135 0 1 2
0.1 15.7 0.5 93 0 1 3
0.2 2.8 0.2 132 0 1 1
0.2 3.5 0.2 131 0 1 1
0.2 4.2 0.3 136 0 1 1
0.2 4.8 0.3 131 0 1 1
0.2 5.5 0.3 128 0 1 1
0.2 6.1 0.3 129 0 1 1
0.2 6.8 0.4 126 0 1 1
0.2 7.5 0.4 86 0 1 1
0.2 8.1 0.4 104 0 1 1
0.2 8.8 0.4 109 0 1 1
0.2 9.5 0.5 115 0 1 1
0.2 10.1 0.5 122 0 1 1
0.2 10.8 0.5 119 0 1 1
0.2 11.5 0.5 128 0 1 1
0.2 12.1 0.5 135 0 1 1
0.2 12.8 0.4 142 0 1 1
0.2 13.4 0.4 148 0 1 1
0.2 14.1 0.4 144 0 1 1
0.2 14.7 0.4 136 0 1 1
0.2 15.4 0.3 134 0 1 1
0.2 16 0.3 133 0 1 1
0.2 16.7 0.2 130 0 1 1
0.2 17.3 0.5 95 0 1 3
0.3 17.2 0.3 112 0 1 3
0.8 4.1 0.3 133 0 1 1
0.8 4.8 0.3 133 0 1 1
0.8 5.5 0.4 137 0 1 1
0.8 6.1 0.4 129 0 1 1
0.8 6.8 0.4 131 0 1 1
0.8 7.5 0.4 105 0 1 1
0.8 8.1 0.5 116 0 1 1
0.8 8.8 0.5 113 0 1 1
0.8 9.4 0.5 119 0 1 1
0.8 10.1 0.5 126 0 1 1
0.8 10.8 0.5 134 0 1 1
0.8 11.4 0.5 138 0 1 1
0.8 12.1 0.5 151 0 1 1
0.8 12.8 0.4 155 0 1 1
0.8 13.4 0.4 144 0 1 1
0.8 14.1 0.4 140 0 1 1
0.8 14.7 0.3 135 0 1 1
0.9 2.8 0.3 123 0 1 1
0.9 3.5 0.3 129 0 1 1
0.9 15.4 0.3 136 0 1 1
0.9 16 0.3 133 0 1 1
0.9 17.3 0.2 141 0 1 1
0.9 18.6 0.1 127 0 1 1
0.9 20 0 84 0 1 1
1.5 2.8 0.3 136 0 1 1
1.5 3.5 0.3 127 0 1 1
1.5 4.1 0.4 136 0 1 1
1.5 4.8 0.4 143 0 1 1
1.5 5.4 0.4 140 0 1 1
1.5 6.1 0.4 128 0 1 1
1.5 6.8 0.5 133 0 1 1
1.5 7.4 0.5 107 0 1 1
1.5 8.1 0.5 117 0 1 1
1.5 8.8 0.5 122 0 1 1
1.5 9.4 0.5 127 0 1 1
1.5 10.1 0.5 137 0 1 1
1.5 10.8 0.5 138 0 1 1
1.5 11.4 0.5 145 0 1 1
1.5 12.1 0.4 153 0 1 1
1.5 12.8 0.4 152 0 1 1
1.5 13.4 0.4 136 0 1 1
1.5 14.1 0.4 138 0 1 1
1.5 14.7 0.3 134 0 1 1
1.5 15.4 0.3 133 0 1 1
1.5 16 0.2 131 0 1 1
1.5 16.7 0.2 128 0 1 1
1.5 17.3 0.2 130 0 1 1
1.6 18 0.1 124 0 1 1
1.6 18.6 0.1 121 0 1 1
1.6 19.3 0 133 0 1 1
1.6 20 0 126 0 1 1
1.8 13.5 0.5 69 0 1 3
1.8 13.6 0.5 110 0 1 3
1.9 13.5 0.5 100 0 1 3
1.9 13.6 0.5 122 0 1 3
1.9 13.6 0.6 59 0 1 3
1.9 13.6 0.7 45 0 1 3
1.9 13.6 0.9 62 0 1 3
1.9 13.6 1 57 0 1 3
1.9 13.7 0.6 59 0 1 3
2 13.2 0.4 107 0 1 3
2 13.3 0.7 48 0 1 3
2 13.4 0.7 53 0 1 3
2 13.4 0.9 44 0 1 3
2 13.4 1.1 46 0 1 3
2 13.6 1 67 0 1 3
2 13.6 1.1 67 0 1 3
2 14 0.4 46 0 1 3
2 14.1 0.4 48 0 1 3
2.1 2.8 0.4 135 0 1 1
2.1 3.5 0.4 139 0 1 1
2.1 4.1 0.4 155 0 1 1
2.1 4.8 0.4 156 0 1 1
2.1 5.4 0.5 138 0 1 1
2.1 6.1 0.5 125 0 1 1
2.1 6.8 0.5 130 0 1 1
2.1 7.4 0.5 128 0 1 1
2.1 8.1 0.5 127 0 1 1
2.1 8.8 0.5 132 0 1 1
2.1 9.4 0.5 133 0 1 1
2.1 10.1 0.5 145 0 1 1
2.1 10.8 0.5 147 0 1 1
2.1 11.4 0.5 146 0 1 1
2.1 12.1 0.4 152 0 1 1
2.1 12.8 0.4 137 0 1 1
2.1 13.1 0.6 49 0 1 3
2.1 13.2 0.9 49 0 1 3
2.1 13.2 1 50 0 1 3
2.1 13.3 1.2 49 0 1 3
2.1 13.4 1.1 52 0 1 3
2.1 13.6 1.2 64 0 1 3
2.2 12.9 0.6 29 0 1 3
2.2 13 0.9 28 0 1 3
2.2 13.1 1 37 0 1 3
2.2 13.1 1.2 45 0 1 3
2.2 13.2 1.2 49 0 1 3
2.2 13.4 1.2 55 0 1 3
2.2 13.4 1.3 55 0 1 3
2.2 13.6 1.2 63 0 1 3
2.2 16.7 0.2 132 0 1 1
2.2 17.3 0.1 122 0 1 1
2.2 18 0.1 123 0 1 1
2.2 18.6 0.1 129 0 1 1
2.2 19.3 0 134 0 1 1
2.2 20 0 106 0 1 1
2.3 7.4 0.6 48 0 1 2
2.3 7.4 0.7 46 0 1 2
2.3 7.4 0.8 53 0 1 2
2.3 7.5 0.7 42 0 1 2
2.3 7.5 0.8 66 0 1 2
2.3 7.6 0.8 52 0 1 2
2.3 7.6 0.9 62 0 1 2
2.3 7.9 0.6 94 0 1 2
2.3 7.9 0.7 72 0 1 2
2.3 7.9 0.8 99 0 1 2
2.3 12.9 1 36 0 1 3
2.3 13 1.1 45 0 1 3
2.3 13.1 1.2 41 0 1 3
2.3 13.1 1.3 48 0 1 3
2.3 13.7 1.3 62 0 1 3
2.4 7.3 0.6 45 0 1 2
2.4 7.4 0.8 35 0 1 2
2.4 7.4 0.9 109 0 1 2
2.4 7.5 0.9 123 0 1 2
2.4 7.6 0.9 76 0 1 2
2.4 7.8 0.9 134 0 1 2
2.4 7.9 0.9 144 0 1 2
2.4 12.5 0.4 58 0 1 3
2.4 12.6 0.7 43 0 1 3
2.4 12.6 0.8 53 0 1 3
2.4 12.7 0.6 35 0 1 3
2.4 12.8 1 49 0 1 3
2.4 12.8 1.1 48 0 1 3
2.4 12.9 1.2 38 0 1 3
2.4 12.9 1.3 49 0 1 3
2.4 12.9 1.4 50 0 1 3
2.4 13.4 1.4 54 0 1 3
2.4 13.7 1.4 65 0 1 3
2.5 7.3 0.7 106 0 1 2
2.5 7.4 0.8 88 0 1 2
2.5 7.4 0.9 129 0 1 2
2.5 7.5 0.9 124 0 1 2
2.5 7.6 0.9 114 0 1 2
2.5 7.7 0.9 128 0 1 2
2.5 7.8 0.9 130 0 1 2
2.5 12.4 0.5 44 0 1 3
2.5 12.4 0.6 44 0 1 3
2.5 12.4 0.7 42 0 1 3
2.5 12.6 1 49 0 1 3
2.5 12.7 1.4 44 0 1 3
2.5 12.7 1.5 49 0 1 3
2.5 12.8 1.3 50 0 1 3
2.5 13.2 1.5 52 0 1 3
2.5 13.7 1.5 63 0 1 3
2.6 7.2 0.6 59 0 1 2
2.6 7.2 0.7 89 0 1 2
2.6 7.5 0.9 137 0 1 2
2.6 7.6 0.9 144 0 1 2
2.6 12.4 0.7 47 0 1 3
2.6 12.4 0.8 38 0 1 3
2.6 12.5 1.1 49 0 1 3
2.6 12.6 1.5 43 0 1 3
2.6 12.6 1.6 84 0 1 3
2.6 12.7 1.6 43 0 1 3
2.6 13.2 1.6 54 0 1 3
2.6 13.7 1.6 57 0 1 3
2.7 7.3 0.7 130 0 1 2
2.7 7.4 0.9 124 0 1 2
2.7 7.5 0.9 140 0 1 2
2.7 12.4 1.1 37 0 1 3
2.7 12.5 1.5 84 0 1 3
2.7 12.6 1.5 50 0 1 3
2.7 12.6 1.6 105 0 1 3
2.7 13.1 1.7 105 0 1 3
2.7 13.6 1.7 68 0 1 3
2.8 2.8 0.4 137 0 1 1
2.8 3.4 0.4 137 0 1 1
2.8 4.1 0.5 149 0 1 1
2.8 4.7 0.5 130 0 1 1
2.8 5.4 0.5 125 0 1 1
2.8 6.1 0.5 115 0 1 1
2.8 6.7 0.5 123 0 1 1
2.8 7.2 0.6 93 0 1 2
2.8 7.4 0.8 113 0 1 2
2.8 10.1 0.5 139 0 1 1
2.8 10.7 0.5 147 0 1 1
2.8 11.4 0.5 152 0 1 1
2.8 12.1 0.4 141 0 1 1
2.8 12.3 0.5 35 0 1 3
2.8 12.3 0.8 45 0 1 3
2.8 12.4 0.9 55 0 1 3
2.8 12.4 1.3 45 0 1 3
2.8 12.5 1.5 81 0 1 3
2.9 7.2 0.6 137 0 1 2
2.9 7.3 0.6 141 0 1 2
2.9 7.4 0.7 117 0 1 2
2.9 7.4 0.8 131 0 1 2
2.9 12.3 0.4 141 0 1 3
2.9 12.3 0.7 43 0 1 3
2.9 12.3 0.8 51 0 1 3
2.9 12.3 1 79 0 1 3
2.9 12.4 1.1 69 0 1 3
2.9 12.4 1.3 69 0 1 3
2.9 12.5 1.5 99 0 1 3
2.9 13 1.6 136 0 1 3
3 7.2 0.6 129 0 1 2
3 7.3 0.7 137 0 1 2
3 7.4 0.7 128 0 1 2
3 12.2 0.7 46 0 1 3
3 12.3 1 93 0 1 3
3 12.4 1.1 67 0 1 3
3 12.4 1.3 100 0 1 3
3 12.5 1.5 99 0 1 3
3 13.5 1.7 95 0 1 3
3 13.6 1.7 96 0 1 3
3.1 12.2 0.6 68 0 1 3
3.1 12.3 0.9 57 0 1 3
3.1 12.4 1.2 49 0 1 3
3.1 12.4 1.3 102 0 1 3
3.1 12.4 1.4 94 0 1 3
3.1 12.9 1.6 132 0 1 3
3.2 12.6 1.5 134 0 1 3
3.2 12.9 1.6 122 0 1 3
3.3 12.2 0.4 56 0 1 3
3.3 12.3 0.8 63 0 1 3
3.3 12.4 1.3 67 0 1 3
3.3 12.5 1.4 106 0 1 3
3.3 12.5 1.5 132 0 1 3
3.3 12.7 1.6 136 0 1 3
3.3 12.8 1.6 134 0 1 3
3.3 13.4 1.7 146 0 1 3
3.3 13.5 1.7 94 0 1 3
3.3 13.6 1.7 104 0 1 3
3.4 3.4 0.5 139 0 1 1
3.4 4.1 0.5 132 0 1 1
3.4 4.7 0.5 126 0 1 1
3.4 5.4 0.5 129 0 1 1
3.4 6.1 0.6 129 0 1 1
3.4 6.7 0.6 134 0 1 1
3.4 7.4 0.6 130 0 1 1
3.4 8.1 0.6 137 0 1 1
3.4 11.4 0.4 144 0 1 1
3.4 12.4 1.2 76 0 1 3
3.4 12.5 1.4 105 0 1 3
3.5 12.1 0.4 128 0 1 1
3.5 12.3 1 81 0 1 3
3.5 12.4 1.3 90 0 1 3
3.5 12.5 1.4 77 0 1 3
3.5 13.3 1.7 123 0 1 3
3.5 13.4 1.7 124 0 1 3
3.6 12.2 0.5 61 0 1 3
3.6 12.4 1.1 80 0 1 3
3.6 12.4 1.2 82 0 1 3
3.6 12.5 1.4 95 0 1 3
3.6 13.2 1.7 111 0 1 3
3.7 12.2 0.5 100 0 1 3
3.7 12.3 0.5 104 0 1 3
3.7 12.3 0.9 85 0 1 3
3.7 12.4 1.2 79 0 1 3
3.7 12.5 1.3 102 0 1 3
3.7 12.5 1.4 124 0 1 3
3.7 13.1 1.6 115 0 1 3
3.8 12.3 0.7 111 0 1 3
3.8 12.4 1 142 0 1 3
3.8 12.5 1.3 114 0 1 3
3.8 12.5 1.4 119 0 1 3
3.8 13.2 1.6 130 0 1 3
3.9 12.3 0.7 140 0 1 3
3.9 12.5 0.5 106 0 1 3
3.9 12.5 0.9 135 0 1 3
3.9 12.6 1.3 137 0 1 3
3.9 12.7 1.5 128 0 1 3
3.9 12.8 1.5 141 0 1 3
3.9 13 1.6 98 0 1 3
3.9 13.1 1.6 92 0 1 3
4 12.5 0.6 118 0 1 3
4 12.6 0.4 73 0 1 3
4 12.7 0.4 76 0 1 3
4 12.7 1.2 139 0 1 3
4 12.8 1.6 109 0 1 3
4 12.9 1.6 94 0 1 3
4.1 4.1 0.6 134 0 1 1
4.1 4.7 0.6 133 0 1 1
4.1 5.4 0.6 151 0 1 1
4.1 6 0.6 146 0 1 1
4.1 6.7 0.6 147 0 1 1
4.1 7.4 0.6 131 0 1 1
4.1 8 0.6 138 0 1 1
4.1 8.7 0.6 140 0 1 1
4.1 9.4 0.5 129 0 1 1
4.1 10.1 0.5 120 0 1 1
4.1 10.7 0.5 133 0 1 1
4.1 11.4 0.4 131 0 1 1
4.1 12.1 0.4 128 0 1 1
4.1 12.7 0.3 134 0 1 1
4.1 12.7 0.9 136 0 1 3
4.1 12.8 1.1 133 0 1 3
4.1 12.9 1.4 142 0 1 3
4.1 13 1.5 153 0 1 3
4.2 12.7 0.6 96 0 1 3
4.2 12.9 1 129 0 1 3
4.2 13.1 1.4 108 0 1 3
4.3 12.9 0.6 111 0 1 3
4.3 13.2 1.4 76 0 1 3
4.4 13.1 0.3 106 0 1 3
4.4 13.1 0.4 119 0 1 3
4.4 13.1 0.5 122 0 1 3
4.4 13.2 1 112 0 1 3
4.5 13.1 0.6 99 0 1 3
4.7 4.7 0.6 131 0 1 1
4.7 5.4 0.6 142 0 1 1
4.7 6 0.6 143 0 1 1
4.7 6.7 0.6 137 0 1 1
4.7 7.4 0.6 139 0 1 1
4.7 8 0.6 142 0 1 1
4.7 8.7 0.6 126 0 1 1
4.7 9.4 0.5 102 0 1 1
4.7 10 0.5 127 0 1 1
4.7 10.7 0.5 136 0 1 1
4.8 11.4 0.4 117 0 1 1
4.8 12.1 0.4 128 0 1 1
4.8 12.7 0.3 134 0 1 1
4.8 13.4 0.3 123 0 1 1
4.8 14 0.2 126 0 1 1
5.4 5.4 0.7 143 0 1 1
5.4 6 0.6 126 0 1 1
5.4 6.7 0.6 144 0 1 1
5.4 7.3 0.6 137 0 1 1
5.4 8 0.6 126 0 1 1
5.4 8.7 0.6 117 0 1 1
5.4 9.4 0.5 111 0 1 1
5.4 10 0.5 129 0 1 1
5.4 10.7 0.4 127 0 1 1
5.4 11.4 0.4 135 0 1 1
5.4 12 0.3 134 0 1 1
5.4 12.7 0.3 136 0 1 1
5.5 13.4 0.2 130 0 1 1
5.5 14 0.2 126 0 1 1
5.5 14.7 0.1 129 0 1 1
5.5 15.4 0.1 131 0 1 1
5.5 16 0.1 124 0 1 1
6 6 0.7 138 0 1 1
6 6.7 0.6 139 0 1 1
6 7.3 0.6 127 0 1 1
6 8 0.6 109 0 1 1
6 8.7 0.5 116 0 1 1
6 9.4 0.5 136 0 1 1
6.1 10 0.5 135 0 1 1
6.1 10.7 0.4 126 0 1 1
6.1 11.4 0.4 133 0 1 1
6.1 12 0.3 130 0 1 1
6.1 12.7 0.3 131 0 1 1
6.1 13.4 0.2 126 0 1 1
6.1 14 0.2 123 0 1 1
6.1 14.7 0.1 127 0 1 1
6.2 15.4 0.1 129 0 1 1
6.2 16 0 126 0 1 1
6.2 16.7 0 123 0 1 1
6.2 17.3 0 124 0 1 1
6.2 18 0 130 0 1 1
6.7 6.7 0.7 141 0 1 1
6.7 7.3 0.6 127 0 1 1
6.7 8 0.6 126 0 1 1
6.7 8.7 0.5 111 0 1 1
6.7 9.3 0.5 129 0 1 1
6.7 10 0.4 122 0 1 1
6.7 10.7 0.4 120 0 1 1
6.7 11.4 0.3 117 0 1 1
6.8 12 0.3 128 0 1 1
6.8 12.7 0.2 132 0 1 1
6.8 13.4 0.2 124 0 1 1
6.8 14 0.1 119 0 1 1
6.8 14.7 0.1 127 0 1 1
6.8 15.4 0 128 0 1 1
6.8 16 0 118 0 1 1
6.8 16.7 0 123 0 1 1
6.8 17.3 0 129 0 1 1
6.8 18 0 130 0 1 1
6.8 18.6 0 132 0 1 1
6.8 19.3 0 132 0 1 1
6.8 20 0 89 0 1 1
7.3 7.3 0.6 108 0 1 1
7.3 8 0.6 97 0 1 1
7.3 15.4 0 71 0 1 2
7.4 8.7 0.5 118 0 1 1
7.4 9.3 0.5 102 0 1 1
7.4 10 0.4 95 0 1 1
7.4 10.7 0.4 114 0 1 1
7.4 11.4 0.3 126 0 1 1
7.4 12 0.3 136 0 1 1
7.4 12.7 0.2 132 0 1 1
7.4 13.4 0.1 122 0 1 1
7.4 15.3 0.1 51 0 1 2
7.4 15.4 0.1 94 0 1 2
7.4 15.6 0.1 118 0 1 2
7.5 14 0.1 120 0 1 1
7.5 14.7 0 127 0 1 1
7.5 15.2 0.2 111 0 1 2
7.5 15.3 0.2 68 0 1 2
7.5 15.5 0.2 98 0 1 2
7.5 15.7 0.1 111 0 1 2
7.5 16 0 115 0 1 1
7.5 16.7 0 114 0 1 1
7.5 17.3 0 125 0 1 1
7.5 18 0 128 0 1 1
7.5 18.6 0 137 0 1 1
7.5 19.3 0 151 0 1 1
7.5 20 0 87 0 1 1
7.6 15.1 0.2 45 0 1 2
7.6 15.2 0.2 59 0 1 2
7.6 15.2 0.3 66 0 1 2
7.6 15.3 0.3 72 0 1 2
7.6 15.4 0.2 99 0 1 2
7.6 15.5 0.2 97 0 1 2
7.6 15.8 0.1 107 0 1 2
7.7 14.9 0.1 34 0 1 2
7.7 15 0.3 53 0 1 2
7.7 15.2 0.3 73 0 1 2
7.7 15.4 0.3 83 0 1 2
7.7 15.7 0.2 87 0 1 2
7.7 15.8 0.2 104 0 1 2
7.8 14.9 0.1 61 0 1 2
7.8 15 0.3 77 0 1 2
7.8 15.2 0.4 105 0 1 2
7.8 15.3 0.4 80 0 1 2
7.8 15.5 0.3 84 0 1 2
7.8 15.6 0.3 84 0 1 2
7.8 15.7 0.3 117 0 1 2
7.9 15 0.3 146 0 1 2
7.9 15.1 0.4 152 0 1 2
7.9 15.2 0.4 141 0 1 2
7.9 15.3 0.4 130 0 1 2
7.9 15.4 0.4 76 0 1 2
7.9 15.5 0.4 83 0 1 2
7.9 15.7 0.3 90 0 1 2
8 8 0.6 118 0 1 1
8 8.7 0.5 120 0 1 1
8 9.3 0.4 89 0 1 1
8 10 0.4 109 0 1 1
8 14.9 0.1 114 0 1 2
8 15 0.2 138 0 1 2
8.1 10.7 0.3 112 0 1 1
8.1 11.4 0.3 123 0 1 1
8.1 12 0.2 124 0 1 1
8.1 12.7 0.2 123 0 1 1
8.1 13.4 0.1 121 0 1 1
8.1 14 0.1 119 0 1 1
8.1 14.7 0 118 0 1 1
8.1 15.2 0.3 148 0 1 2
8.1 15.2 0.4 149 0 1 2
8.1 15.4 0.4 154 0 1 2
8.1 17.3 0 118 0 1 1
8.1 18 0 127 0 1 1
8.1 18.6 0 142 0 1 1
8.1 19.3 0 123 0 1 1
8.1 20 0 84 0 1 1
8.2 15.3 0.2 136 0 1 2
8.2 15.4 0.3 158 0 1 2
8.3 15.3 0.1 144 0 1 2
8.7 8.7 0.5 120 0 1 1
8.7 9.3 0.4 87 0 1 1
8.7 10 0.4 112 0 1 1
8.7 10.7 0.3 114 0 1 1
8.7 11.4 0.3 120 0 1 1
8.7 12 0.2 127 0 1 1
8.8 12.7 0.1 123 0 1 1
8.8 13.4 0.1 124 0 1 1
8.8 14 0 123 0 1 1
8.8 14.7 0 121 0 1 1
8.8 15.4 0 124 0 1 1
8.8 16 0 121 0 1 1
8.8 18.6 0 122 0 1 1
8.8 19.3 0 115 0 1 1
8.8 20 0 83 0 1 1
9.3 9.3 0.4 108 0 1 1
9.4 10 0.4 116 0 1 1
9.4 10.7 0.3 122 0 1 1
9.4 11.4 0.2 115 0 1 1
9.4 12 0.2 124 0 1 1
9.4 12.7 0.1 130 0 1 1
9.4 13.4 0.1 126 0 1 1
9.4 14 0 137 0 1 1
9.4 14.7 0 140 0 1 1
9.5 15.4 0 151 0 1 1
9.5 16 0 148 0 1 1
9.5 16.7 0 126 0 1 1
9.5 17.3 0 115 0 1 1
9.5 19.3 0 122 0 1 1
9.5 20 0 90 0 1 1
10 10 0.3 123 0 1 1
10 10.7 0.3 131 0 1 1
10 11.4 0.2 119 0 1 1
10.1 12 0.2 122 0 1 1
10.1 12.7 0.1 128 0 1 1
10.1 13.4 0.1 131 0 1 1
10.1 14 0 140 0 1 1
10.1 14.7 0 143 0 1 1
10.1 15.4 0 142 0 1 1
10.1 16 0 133 0 1 1
10.1 16.7 0 125 0 1 1
10.1 17.3 0 157 0 1 1
10.1 18 0 155 0 1 1
10.1 18.6 0 149 0 1 1
10.1 20 0 88 0 1 1
10.7 10.7 0.3 127 0 1 1
10.7 11.4 0.2 121 0 1 1
10.7 12 0.1 134 0 1 1
10.7 12.7 0.1 134 0 1 1
10.7 13.4 0.1 134 0 1 1
10.8 14 0 135 0 1 1
10.8 14.7 0 125 0 1 1
10.8 15.4 0 133 0 1 1
10.8 16 0 138 0 1 1
10.8 16.7 0 156 0 1 1
10.8 17.3 0 154 0 1 1
10.8 18 0 148 0 1 1
10.8 18.6 0 147 0 1 1
10.8 19.3 0 147 0 1 1
10.8 20 0 92 0 1 1
11.4 11.4 0.2 142 0 1 1
11.4 12 0.1 146 0 1 1
11.4 12.7 0.1 148 0 1 1
11.4 13.4 0 139 0 1 1
11.4 14 0 135 0 1 1
11.4 14.7 0 129 0 1 1
11.4 15.4 0 138 0 1 1
11.4 16 0 144 0 1 1
11.4 16.7 0 148 0 1 1
11.4 17.3 0 142 0 1 1
11.4 18 0 140 0 1 1
11.4 18.6 0 134 0 1 1
11.4 19.3 0 142 0 1 1
11.4 20 0 94 0 1 1
12 12 0.1 149 0 1 1
12.1 12.7 0.1 148 0 1 1
12.1 13.4 0 140 0 1 1
12.1 14 0 134 0 1 1
12.1 14.7 0 135 0 1 1
12.1 15.4 0 139 0 1 1
12.1 16 0 133 0 1 1
12.1 16.7 0 128 0 1 1
12.1 17.3 0 133 0 1 1
12.1 18 0 136 0 1 1
12.1 18.6 0 140 0 1 1
12.1 19.3 0 146 0 1 1
12.1 20 0 100 0 1 1
12.7 12.7 0 146 0 1 1
12.7 13.4 0 147 0 1 1
12.7 14 0 147 0 1 1
12.7 14.7 0 137 0 1 1
12.7 15.4 0 137 0 1 1
12.7 16 0 138 0 1 1
12.7 16.7 0 139 0 1 1
12.7 17.3 0 137 0 1 1
12.7 18 0 143 0 1 1
12.7 18.6 0 144 0 1 1
12.7 19.3 0 144 0 1 1
12.7 20 0 94 0 1 1
13.4 13.4 0 149 0 1 1
13.4 14 0 148 0 1 1
13.4 14.7 0 144 0 1 1
13.4 15.4 0 133 0 1 1
13.4 16 0 138 0 1 1
13.4 16.7 0 139 0 1 1
13.4 17.3 0 137 0 1 1
13.4 18 0 142 0 1 1
13.4 18.6 0 140 0 1 1
13.4 19.3 0 142 0 1 1
13.4 20 0 94 0 1 1
14 14 0 147 0 1 1
14 14.7 0 145 0 1 1
14 15.4 0 140 0 1 1
14 16 0 142 0 1 1
14 16.7 0 147 0 1 1
14 17.3 0 131 0 1 1
14 18 0 139 0 1 1
14 18.6 0 138 0 1 1
14 19.3 0 141 0 1 1
14 20 0 93 0 1 1
14.7 14.7 0 142 0 1 1
14.7 15.4 0 139 0 1 1
14.7 16 0 134 0 1 1
14.7 16.7 0 140 0 1 1
14.7 17.3 0 125 0 1 1
14.7 18 0 136 0 1 1
14.7 18.6 0 137 0 1 1
14.7 19.3 0 141 0 1 1
14.7 20 0 89 0 1 1
15.4 15.4 0 124 0 1 1
15.4 16 0 136 0 1 1
15.4 16.7 0 132 0 1 1
15.4 17.3 0 126 0 1 1
15.4 18 0 146 0 1 1
15.4 18.6 0 135 0 1 1
15.4 19.3 0 140 0 1 1
15.4 20 0 93 0 1 1
16 16 0 135 0 1 1
16 16.7 0 133 0 1 1
16 17.3 0 129 0 1 1
16 18 0 138 0 1 1
16 18.6 0 140 0 1 1
16 19.3 0 141 0 1 1
16 20 0 95 0 1 1
16.7 16.7 0 131 0 1 1
16.7 17.3 0 140 0 1 1
16.7 18 0 135 0 1 1
16.7 18.6 0 141 0 1 1
16.7 19.3 0 143 0 1 1
16.7 20 0 93 0 1 1
17.3 17.3 0 140 0 1 1
17.3 18 0 144 0 1 1
17.3 18.6 0 140 0 1 1
17.3 19.3 0 146 0 1 1
17.3 20 0 91 0 1 1
18 18 0 137 0 1 1
18 18.6 0 139 0 1 1
18 19.3 0 142 0 1 1
18 20 0 92 0 1 1
18.6 18.6 0 135 0 1 1
18.6 19.3 0 142 0 1 1
18.6 20 0 95 0 1 1
19.3 19.3 0 151 0 1 1
19.3 20 0 98 0 1 1
20 20 0 91 0 1 1
