-20 -20 0 81 0 1 1
-19.4 -20 0 81 0 1 1
-19.4 -19.4 0 118 0 1 1
-18.7 -20 0 82 0 1 1
-18.7 -19.4 0 117 0 1 1
-18.7 -18.7 0 119 0 1 1
-18.1 -20 0 83 0 1 1
-18.1 -19.4 0 118 0 1 1
-18.1 -18.7 0 122 0 1 1
-18.1 -18.1 0 128 0 1 1
-17.4 -19.4 0 119 0 1 1
-17.4 -18.7 0 120 0 1 1
-17.4 -18.1 0 126 0 1 1
-17.4 -17.4 0 115 0 1 1
-16.8 -18.7 0 118 0 1 1
-16.8 -18.1 0 122 0 1 1
-16.8 -17.4 0 116 0 1 1
-16.8 -16.8 0 121 0 1 1
-16.1 -18.1 0 121 0 1 1
-16.1 -17.4 0 122 0 1 1
-16.1 -16.8 0 122 0 1 1
-16.1 -16.1 0 118 0 1 1
-15.5 -17.4 0 116 0 1 1
-15.5 -16.8 0 120 0 1 1
-15.5 -16.1 0 118 0 1 1
-15.5 -15.5 0 118 0 1 1
-14.8 -16.8 0 101 0 1 1
-14.8 -16.1 0 116 0 1 1
-14.8 -15.5 0.1 116 0 1 1
-14.2 -15.5 0.1 117 0 1 1
-14.2 -14.8 0.1 119 0 1 1
-14.2 -14.2 0.1 114 0 1 1
-13.5 -14.8 0.1 107 0 1 1
-13.5 -14.2 0.2 111 0 1 1
-13.5 -13.5 0.2 114 0 1 1
-12.8 -14.2 0.2 110 0 1 1
-12.8 -13.5 0.2 119 0 1 1
-12.8 -12.9 0.2 121 0 1 1
-12.2 -13.5 0.2 120 0 1 1
-12.2 -12.9 0.2 117 0 1 1
-12.2 -12.2 0.3 121 0 1 1
-11.5 -12.9 0.2 115 0 1 1
-11.5 -12.2 0.3 125 0 1 1
-11.5 -11.6 0.3 124 0 1 1
-10.9 -11.6 0.3 119 0 1 1
-10.9 -10.9 0.3 119 0 1 1
-10.2 -10.9 0.2 120 0 1 1
-10.2 -10.2 0.2 118 0 1 1
-9.6 -10.2 0.2 105 0 1 1
-9.6 -9.6 0.2 115 0 1 1
-8.9 -9.6 0.2 86 0 1 1
-8.9 -8.9 0.2 118 0 1 1
-8.2 -8.9 0.1 94 0 1 1
-8.2 -8.3 0.1 113 0 1 1
-7.9 -8.7 0.4 64 0 1 3
-7.7 -8.9 1.2 47 0 1 3
-7.7 -8.6 0.7 53 0 1 3
-7.6 -8.3 0.1 109 0 1 1
-7.6 -7.6 0.2 119 0 1 1
-7.5 -9.1 2 64 0 1 3
-7.5 -8.9 1.4 39 0 1 3
-7.5 -8.6 0.9 63 0 1 3
-7.4 -9.1 2 67 0 1 3
-7.4 -8.8 1.5 52 0 1 3
-7.2 -9 2.1 69 0 1 3
-6.9 -7.6 0.1 103 0 1 1
-6.9 -7 0.2 98 0 1 1
-6.8 -8.2 0.5 54 0 1 3
-6.7 -8.1 0.3 67 0 1 3
-6.6 -8.8 2.2 69 0 1 3
-6.6 -8.5 1.5 50 0 1 3
-6.6 -8.1 0.8 53 0 1 3
-6.4 -8.7 2.1 66 0 1 3
-6.2 -7.6 0.1 110 0 1 1
-6.2 -7 0.2 99 0 1 1
-6.2 -6.3 0.2 105 0 1 1
-6 -8.6 2.4 95 0 1 3
-5.8 -8.5 2.3 116 0 1 3
-5.7 -8.7 2.5 119 0 1 3
-5.6 -8.7 2.4 120 0 1 3
-5.6 -8.4 2.2 122 0 1 3
-5.6 -8 1.4 122 0 1 3
-5.6 -7.6 0.4 59 0 1 3
-5.6 -7.6 0.6 55 0 1 3
-5.6 -7 0.2 127 0 1 1
-5.6 -6.3 0.2 110 0 1 1
-5.5 -11.1 3.1 109 0 1 3
-5.5 -8.8 2.6 104 0 1 3
-5.5 -5.7 0.3 109 0 1 1
-5.4 -8.6 2.3 156 0 1 3
-5.3 -9.1 2.7 117 0 1 3
-5.3 -8.8 2.5 122 0 1 3
-5.3 -7.8 0.4 100 0 1 3
-5.2 -9.4 2.8 98 0 1 3
-5.2 -9.1 2.7 123 0 1 3
-5.2 -8.8 2.5 134 0 1 3
-5.2 -7.7 0.2 97 0 1 3
-5.1 -9.9 3 81 0 1 3
-5 -10.5 3.1 97 0 1 3
-4.9 -9.8 3 121 0 1 3
-4.9 -7.9 0.2 111 0 1 3
-4.9 -7.6 0.1 144 0 1 1
-4.9 -7 0.2 113 0 1 1
-4.9 -6.3 0.2 101 0 1 1
-4.9 -5.7 0.3 100 0 1 1
-4.9 -5 0.4 104 0 1 1
-4.8 -10.4 3.1 87 0 1 3
-4.5 -10.3 3.1 122 0 1 3
-4.5 -9.1 2.3 130 0 1 3
-4.3 -9.9 2.9 118 0 1 3
-4.3 -9.6 2.7 124 0 1 3
-4.3 -9.3 2.5 129 0 1 3
-4.3 -8.3 0.3 111 0 1 3
-4.3 -7.6 0.1 122 0 1 1
-4.3 -7 0.2 118 0 1 1
-4.3 -6.3 0.2 121 0 1 1
-4.2 -9 1.7 138 0 1 3
-4.2 -8.6 0.9 136 0 1 3
-4.2 -5.7 0.3 113 0 1 1
-4.2 -5 0.4 111 0 1 1
-4.2 -4.4 0.4 117 0 1 1
-3.9 -10.4 3 120 0 1 3
-3.9 -8.4 0.1 108 0 1 3
-3.8 -8.7 0.7 133 0 1 3
-3.7 -10.9 3.1 115 0 1 3
-3.6 -8.7 0.3 111 0 1 3
-3.6 -8.3 0.1 116 0 1 1
-3.6 -7.6 0.1 138 0 1 1
-3.6 -7 0.2 149 0 1 1
-3.6 -6.3 0.2 94 0 1 1
-3.6 -5.7 0.3 112 0 1 1
-3.6 -5 0.3 112 0 1 1
-3.6 -4.4 0.4 127 0 1 1
-3.6 -3.7 0.4 127 0 1 1
-3.4 -10.5 2.9 147 0 1 3
-3.4 -10.2 2.7 154 0 1 3
-3.3 -9.9 2.5 145 0 1 3
-3.2 -10.6 2.9 149 0 1 3
-3.2 -10.4 2.8 150 0 1 3
-3.2 -10.1 2.6 149 0 1 3
-3.2 -9.1 0.7 126 0 1 3
-3.1 -11 3 120 0 1 3
-3.1 -10.6 2.8 159 0 1 3
-3.1 -10.4 2.7 152 0 1 3
-3.1 -9.7 1.8 138 0 1 3
-3.1 -9 0.1 118 0 1 3
-3 -11.1 3 130 0 1 3
-3 -10.8 2.9 133 0 1 3
-3 -8.9 0 134 0 1 1
-3 -8.3 0 144 0 1 1
-3 -7.6 0.1 131 0 1 1
-3 -7 0.1 129 0 1 1
-2.9 -11.4 3.1 126 0 1 3
-2.9 -10 1.9 137 0 1 3
-2.9 -6.3 0.2 108 0 1 1
-2.9 -5.7 0.3 106 0 1 1
-2.9 -5 0.3 111 0 1 1
-2.9 -4.4 0.3 124 0 1 1
-2.9 -3.7 0.4 129 0 1 1
-2.9 -3.1 0.4 122 0 1 1
-2.8 -9.6 1.1 121 0 1 3
-2.6 -10.2 1 137 0 1 3
-2.6 -9.5 0.5 126 0 1 3
-2.5 -11.5 2.9 141 0 1 3
-2.5 -11.2 2.8 156 0 1 3
-2.5 -10.4 1.1 123 0 1 3
-2.5 -9.6 0.2 155 0 1 3
-2.4 -9.7 0.2 151 0 1 3
-2.3 -9.6 0 139 0 1 1
-2.3 -8.9 0 136 0 1 1
-2.3 -8.3 0 121 0 1 1
-2.3 -7.6 0.1 132 0 1 1
-2.3 -7 0.1 121 0 1 1
-2.3 -6.3 0.2 112 0 1 1
-2.3 -5.7 0.2 112 0 1 1
-2.3 -5 0.3 109 0 1 1
-2.3 -4.4 0.3 118 0 1 1
-2.3 -3.7 0.3 137 0 1 1
-2.3 -3.1 0.4 120 0 1 1
-2.1 -11.2 2.2 168 0 1 3
-2 -11.6 2.8 105 0 1 3
-1.8 -11.7 2.7 90 0 1 3
-1.7 -20 0 112 0 1 1
-1.7 -11.9 2.6 101 0 1 3
-1.7 -10.2 0 149 0 1 1
-1.7 -9.6 0 118 0 1 1
-1.7 -8.9 0 133 0 1 1
-1.7 -8.3 0 132 0 1 1
-1.7 -7.6 0 136 0 1 1
-1.7 -7 0.1 132 0 1 1
-1.7 -6.3 0.1 117 0 1 1
-1.6 -11.6 2.1 145 0 1 3
-1.6 -10.8 0.4 126 0 1 3
-1.6 -5.7 0.2 116 0 1 1
-1.6 -5 0.2 121 0 1 1
-1.6 -4.4 0.3 164 0 1 1
-1.6 -3.7 0.3 157 0 1 1
-1.6 -3 0.3 95 0 1 1
-1.4 -11.8 2 127 0 1 3
-1.3 -11.4 0.9 119 0 1 3
-1.3 -11.2 0.4 124 0 1 3
-1.2 -11.7 1.5 138 0 1 3
-1.1 -11.7 0.9 114 0 1 3
-1.1 -11.4 0.4 110 0 1 3
-1 -20 0 85 0 1 1
-1 -19.4 0 122 0 1 1
-1 -18.7 0 120 0 1 1
-1 -18.1 0 104 0 1 1
-1 -17.4 0 99 0 1 1
-1 -16.8 0 104 0 1 1
-1 -16.1 0 106 0 1 1
-1 -15.5 0 103 0 1 1
-1 -14.8 0 137 0 1 1
-1 -14.1 0 129 0 1 1
-1 -11.8 0.7 142 0 1 3
-1 -10.9 0 132 0 1 1
-1 -10.2 0 123 0 1 1
-1 -9.6 0 128 0 1 1
-1 -8.9 0 135 0 1 1
-1 -8.3 0 132 0 1 1
-1 -7.6 0 136 0 1 1
-1 -6.9 0.1 129 0 1 1
-1 -6.3 0.1 121 0 1 1
-1 -5.6 0.1 131 0 1 1
-1 -5 0.2 132 0 1 1
-1 -4.3 0.2 109 0 1 1
-1 -3.7 0.2 144 0 1 1
-1 -3 0.2 122 0 1 1
-0.9 -11.7 0.4 130 0 1 3
-0.8 -11.8 0.2 130 0 1 3
-0.4 -20 0 85 0 1 1
-0.4 -19.4 0 116 0 1 1
-0.4 -18.7 0 102 0 1 1
-0.4 -18.1 0 104 0 1 1
-0.4 -17.4 0 99 0 1 1
-0.4 -16.8 0 107 0 1 1
-0.4 -16.1 0 125 0 1 1
-0.4 -15.5 0 121 0 1 1
-0.4 -14.8 0 124 0 1 1
-0.4 -14.1 0 124 0 1 1
-0.4 -13.5 0 120 0 1 1
-0.4 -12.8 0 133 0 1 1
-0.4 -12.2 0 86 0 1 1
-0.4 -11.5 0 116 0 1 1
-0.4 -10.9 0 103 0 1 1
-0.4 -10.2 0 113 0 1 1
-0.4 -9.6 0 118 0 1 1
-0.4 -8.9 0 131 0 1 1
-0.4 -8.2 0 136 0 1 1
-0.4 -7.6 0 135 0 1 1
-0.4 -6.9 0 124 0 1 1
-0.4 -6.3 0.1 124 0 1 1
-0.3 -11.3 0 80 0 1 2
-0.3 -5.6 0.1 146 0 1 1
-0.3 -5 0.1 144 0 1 1
-0.3 -4.3 0.1 143 0 1 1
-0.3 -3.7 0.2 127 0 1 1
-0.3 -3 0.2 129 0 1 1
-0.2 -11.1 0.1 92 0 1 2
-0.2 -11 0 48 0 1 2
-0.2 -11 0.1 68 0 1 2
-0.2 -10.9 0 115 0 1 2
0 -11.3 0.2 75 0 1 2
-0.1 -11.1 0.1 92 0 1 2
0 -11.1 0.2 122 0 1 2
0 -11 0.1 111 0 1 2
-0.1 -10.9 0 83 0 1 2
0.1 -11.2 0.3 124 0 1 2
0.1 -11.1 0.3 117 0 1 2
0.1 -10.9 0 108 0 1 2
0.2 -11.2 0.3 122 0 1 2
0.3 -20 0 84 0 1 1
0.3 -19.4 0 107 0 1 1
0.3 -18.7 0 111 0 1 1
0.3 -18.1 0 115 0 1 1
0.3 -17.4 0 94 0 1 1
0.3 -16.8 0 105 0 1 1
0.3 -16.1 0 128 0 1 1
0.3 -15.5 0 120 0 1 1
0.3 -14.8 0 119 0 1 1
0.3 -14.1 0 119 0 1 1
0.3 -11.4 0.3 154 0 1 2
0.3 -11.2 0.3 124 0 1 2
0.3 -11.1 0.3 133 0 1 2
0.3 -11 0.1 138 0 1 2
0.3 -11 0.2 103 0 1 2
0.3 -10.9 0 103 0 1 1
0.3 -10.2 0 127 0 1 1
0.3 -9.6 0 123 0 1 1
0.3 -8.9 0 129 0 1 1
0.3 -8.2 0 131 0 1 1
0.3 -7.6 0 132 0 1 1
0.3 -6.9 0 130 0 1 1
0.3 -6.3 0 135 0 1 1
0.3 -5.6 0 154 0 1 1
0.3 -5 0.1 129 0 1 1
0.3 -4.3 0.1 153 0 1 1
0.3 -3.7 0.1 149 0 1 1
0.3 -3 0.2 135 0 1 1
0.4 -11.5 0.3 149 0 1 2
0.4 -11.4 0.3 129 0 1 2
0.4 -11.1 0.3 143 0 1 2
0.4 -11 0 129 0 1 2
0.4 -11 0.2 114 0 1 2
0.4 -11 0.3 128 0 1 2
0.5 -11.5 0.3 154 0 1 2
0.5 -11.3 0.3 153 0 1 2
0.5 -11.2 0.2 146 0 1 2
0.5 -11.2 0.3 158 0 1 2
0.5 -11.1 0.1 140 0 1 2
0.5 -11.1 0.2 142 0 1 2
0.5 -11 0.2 136 0 1 2
0.6 -11.5 0 129 0 1 2
0.6 -11.5 0.1 144 0 1 2
0.6 -11.5 0.2 138 0 1 2
0.6 -11 0 146 0 1 2
0.6 -11 0.1 153 0 1 2
0.9 -20 0 80 0 1 1
0.9 -19.4 0 115 0 1 1
0.9 -18.7 0 112 0 1 1
0.9 -18.1 0 99 0 1 1
0.9 -17.4 0 111 0 1 1
0.9 -16.8 0 107 0 1 1
0.9 -16.1 0 121 0 1 1
0.9 -15.5 0 123 0 1 1
0.9 -14.8 0 125 0 1 1
0.9 -14.1 0 102 0 1 1
0.9 -13.5 0 111 0 1 1
0.9 -12.8 0 126 0 1 1
0.9 -12.2 0 116 0 1 1
0.9 -11.5 0 127 0 1 1
0.9 -10.9 0 124 0 1 1
0.9 -10.2 0 150 0 1 1
0.9 -9.5 0 112 0 1 1
0.9 -8.9 0 124 0 1 1
0.9 -8.2 0 131 0 1 1
0.9 -7.6 0 128 0 1 1
0.9 -6.9 0 140 0 1 1
0.9 -6.3 0 135 0 1 1
0.9 -5.6 0 142 0 1 1
0.9 -5 0 143 0 1 1
0.9 -4.3 0.1 136 0 1 1
0.9 -3.7 0.1 141 0 1 1
0.9 -3 0.1 144 0 1 1
1 -6 0 107 0 1 2
1 -5.9 0.1 97 0 1 2
1.1 -6 0.2 121 0 1 2
1.1 -5.9 0.2 49 0 1 2
1.1 -5.8 0.1 50 0 1 2
1.2 -6.1 0.2 92 0 1 2
1.2 -6.1 0.3 108 0 1 2
1.2 -5.9 0.3 66 0 1 2
1.2 -5.6 0.1 78 0 1 2
1.3 -6.1 0.3 119 0 1 2
1.3 -5.9 0.3 63 0 1 2
1.3 -5.9 0.4 55 0 1 2
1.3 -5.7 0.2 68 0 1 2
1.3 -5.7 0.3 82 0 1 2
1.4 -6.3 0.4 130 0 1 2
1.4 -6.2 0.4 115 0 1 2
1.4 -5.9 0.4 119 0 1 2
1.4 -5.8 0.4 83 0 1 2
1.4 -5.7 0.3 124 0 1 2
1.4 -5.7 0.4 120 0 1 2
1.4 -5.6 0.2 107 0 1 2
1.5 -5.7 0.3 123 0 1 2
1.6 -20 0 84 0 1 1
1.6 -19.4 0 131 0 1 1
1.6 -18.7 0 123 0 1 1
1.6 -18.1 0 112 0 1 1
1.6 -17.4 0 116 0 1 1
1.6 -16.8 0 105 0 1 1
1.6 -16.1 0 111 0 1 1
1.6 -15.5 0 116 0 1 1
1.6 -14.8 0 120 0 1 1
1.6 -14.1 0 123 0 1 1
1.6 -13.5 0 141 0 1 1
1.6 -12.8 0 124 0 1 1
1.6 -12.2 0 136 0 1 1
1.6 -11.5 0 138 0 1 1
1.6 -10.8 0 153 0 1 1
1.6 -10.2 0 153 0 1 1
1.6 -9.5 0 148 0 1 1
1.6 -8.9 0 128 0 1 1
1.6 -8.2 0 138 0 1 1
1.6 -7.6 0 141 0 1 1
1.6 -5.9 0.4 146 0 1 2
1.6 -5.8 0.4 137 0 1 2
1.6 -5 0 129 0 1 1
1.6 -4.3 0 137 0 1 1
1.6 -3.7 0.1 143 0 1 1
1.6 -3 0.1 149 0 1 1
1.7 -5.5 0.2 107 0 1 2
1.8 -6 0.4 129 0 1 2
1.8 -5.9 0.4 131 0 1 2
1.8 -5.8 0.4 125 0 1 2
1.8 -5.7 0.4 117 0 1 2
1.8 -5.6 0.1 155 0 1 2
1.8 -5.6 0.3 123 0 1 2
1.8 -5.5 0.1 100 0 1 2
1.8 -5.5 0.2 145 0 1 2
1.8 -5.5 0.3 146 0 1 2
1.8 -5.4 0 103 0 1 2
1.8 -5.4 0.1 121 0 1 2
1.9 -6.1 0.4 133 0 1 2
1.9 -6 0.4 112 0 1 2
1.9 -5.7 0.3 112 0 1 2
1.9 -5.6 0.1 120 0 1 2
2 -6 0.4 138 0 1 2
2 -5.9 0.3 134 0 1 2
2 -5.8 0.2 133 0 1 2
2.1 -5.9 0 127 0 1 2
2.1 -5.9 0.1 128 0 1 2
2.2 -20 0 83 0 1 1
2.2 -19.4 0 129 0 1 1
2.2 -18.7 0 122 0 1 1
2.2 -18.1 0 111 0 1 1
2.2 -17.4 0 111 0 1 1
2.2 -16.8 0 109 0 1 1
2.2 -16.1 0 105 0 1 1
2.2 -15.5 0 123 0 1 1
2.2 -14.8 0 133 0 1 1
2.2 -14.1 0 132 0 1 1
2.2 -13.5 0 109 0 1 1
2.2 -12.8 0 137 0 1 1
2.2 -12.2 0 129 0 1 1
2.2 -11.5 0.1 142 0 1 1
2.2 -10.8 0.1 144 0 1 1
2.2 -10.2 0.1 128 0 1 1
2.2 -9.5 0.1 122 0 1 1
2.2 -8.9 0.1 130 0 1 1
2.2 -8.2 0 134 0 1 1
2.2 -7.6 0 139 0 1 1
2.2 -6.3 0 128 0 1 1
2.2 -5.6 0 135 0 1 1
2.2 -5 0 140 0 1 1
2.2 -4.3 0 142 0 1 1
2.2 -3.7 0.1 139 0 1 1
2.2 -3 0.1 126 0 1 1
2.9 -20 0 84 0 1 1
2.9 -19.4 0 130 0 1 1
2.9 -18.7 0 120 0 1 1
2.9 -18.1 0 106 0 1 1
2.9 -17.4 0 110 0 1 1
2.9 -16.8 0 109 0 1 1
2.9 -16.1 0 103 0 1 1
2.9 -15.4 0 120 0 1 1
2.9 -14.8 0 126 0 1 1
2.9 -14.1 0 127 0 1 1
2.9 -13.5 0.1 119 0 1 1
2.9 -12.8 0.1 137 0 1 1
2.9 -12.1 0.1 140 0 1 1
2.9 -11.5 0.1 130 0 1 1
2.9 -10.8 0.1 141 0 1 1
2.9 -10.2 0.1 152 0 1 1
2.9 -9.5 0.1 119 0 1 1
2.9 -8.9 0.1 138 0 1 1
2.9 -8.5 0.1 114 0 1 2
2.9 -8.5 0.2 131 0 1 2
2.9 -8.3 0.2 49 0 1 2
2.9 -8.2 0.1 137 0 1 1
2.9 -8.1 0.2 60 0 1 2
2.9 -7.6 0.1 128 0 1 1
2.9 -6.9 0.1 132 0 1 1
2.9 -6.3 0 136 0 1 1
2.9 -5.6 0 141 0 1 1
2.9 -5 0 132 0 1 1
2.9 -4.3 0.1 131 0 1 1
2.9 -3.7 0.1 135 0 1 1
2.9 -3 0.1 129 0 1 1
3 -8.7 0.2 113 0 1 2
3 -8.3 0.3 58 0 1 2
3 -8.3 0.4 72 0 1 2
3 -8.2 0.3 39 0 1 2
3 -8.2 0.4 100 0 1 2
3 -8.1 0.2 62 0 1 2
3 -8.1 0.3 78 0 1 2
3 -8 0.2 78 0 1 2
3.1 -8.8 0.2 98 0 1 2
3.1 -8.5 0.4 135 0 1 2
3.1 -8.3 0.5 117 0 1 2
3.1 -8.2 0.4 124 0 1 2
3.1 -8.1 0.4 97 0 1 2
3.1 -8 0.3 59 0 1 2
3.2 -8.5 0.4 139 0 1 2
3.2 -8.4 0.5 143 0 1 2
3.2 -8.3 0.5 141 0 1 2
3.2 -8.2 0.5 120 0 1 2
3.2 -8 0.4 84 0 1 2
3.3 -8.2 0.5 144 0 1 2
3.4 -8.2 0.5 108 0 1 2
3.4 -8.1 0.5 140 0 1 2
3.4 -8 0.4 138 0 1 2
3.4 -8 0.5 140 0 1 2
3.4 -7.9 0.2 117 0 1 2
3.4 -7.9 0.3 130 0 1 2
3.4 -7.9 0.4 95 0 1 2
3.5 -15.4 0 68 0 1 1
3.5 -14.8 0 112 0 1 1
3.5 -14.1 0.1 111 0 1 1
3.5 -13.5 0.1 112 0 1 1
3.5 -12.8 0.1 129 0 1 1
3.5 -12.1 0.1 145 0 1 1
3.5 -11.5 0.1 149 0 1 1
3.5 -10.8 0.1 142 0 1 1
3.5 -10.2 0.1 145 0 1 1
3.5 -8.2 0.4 142 0 1 2
3.5 -8 0.4 121 0 1 2
3.5 -7.6 0.1 134 0 1 1
3.5 -6.9 0.1 133 0 1 1
3.5 -6.3 0.1 131 0 1 1
3.5 -5.6 0.1 132 0 1 1
3.5 -5 0.1 132 0 1 1
3.5 -4.3 0.1 127 0 1 1
3.5 -3.7 0.1 135 0 1 1
3.6 -20 0 83 0 1 1
3.6 -19.4 0 122 0 1 1
3.6 -18.7 0 122 0 1 1
3.6 -18.1 0 106 0 1 1
3.6 -17.4 0 108 0 1 1
3.6 -16.8 0 95 0 1 1
3.6 -16.1 0 70 0 1 1
3.6 -8.2 0.4 147 0 1 2
3.6 -8.1 0.3 145 0 1 2
3.6 -8.1 0.4 133 0 1 2
3.6 -8 0.4 147 0 1 2
3.6 -7.9 0.2 118 0 1 2
3.7 -8.2 0.3 145 0 1 2
3.7 -8.1 0.3 146 0 1 2
3.9 -5.7 0.2 64 0 1 2
3.9 -5.5 0.1 39 0 1 2
3.9 -5.5 0.2 34 0 1 2
4 -5.7 0.3 112 0 1 2
4 -5.7 0.4 113 0 1 2
4 -5.6 0.4 82 0 1 2
4 -5.5 0.3 66 0 1 2
4 -5.4 0.3 98 0 1 2
4.1 -5.6 0.5 96 0 1 2
4.1 -5.5 0.4 153 0 1 2
4.1 -5.4 0.3 80 0 1 2
4.1 -5.3 0.3 113 0 1 2
4.2 -20 0 87 0 1 1
4.2 -19.4 0 99 0 1 1
4.2 -18.7 0 115 0 1 1
4.2 -18.1 0 86 0 1 1
4.2 -17.4 0 75 0 1 1
4.2 -16.8 0 50 0 1 1
4.2 -16.1 0 48 0 1 1
4.2 -15.4 0 50 0 1 1
4.2 -14.8 0.1 87 0 1 1
4.2 -14.1 0.1 115 0 1 1
4.2 -13.4 0.1 122 0 1 1
4.2 -12.8 0.1 150 0 1 1
4.2 -12.1 0.2 150 0 1 1
4.2 -11.5 0.2 146 0 1 1
4.2 -10.8 0.2 155 0 1 1
4.2 -10.2 0.2 150 0 1 1
4.2 -9.5 0.2 142 0 1 1
4.2 -8.8 0.2 133 0 1 1
4.2 -8.2 0.2 138 0 1 1
4.2 -7.5 0.1 134 0 1 1
4.2 -6.9 0.1 133 0 1 1
4.2 -6.2 0.1 130 0 1 1
4.2 -5.8 0.4 114 0 1 2
4.2 -5.6 0.5 133 0 1 2
4.2 -5.5 0.4 122 0 1 2
4.2 -5.4 0.3 146 0 1 2
4.2 -5.3 0.2 144 0 1 2
4.2 -5.3 0.3 129 0 1 2
4.2 -5.2 0.1 83 0 1 2
4.2 -5.2 0.2 127 0 1 2
4.2 -5 0.1 138 0 1 1
4.2 -4.3 0.1 119 0 1 1
4.3 -5.6 0.4 157 0 1 2
4.3 -5.5 0.4 148 0 1 2
4.3 -5.4 0.3 154 0 1 2
4.3 -5.2 0.2 131 0 1 2
4.3 -5.1 0.1 130 0 1 2
4.4 -5.9 0.4 127 0 1 2
4.4 -5.8 0.5 125 0 1 2
4.4 -5.7 0.5 155 0 1 2
4.4 -5.6 0.4 148 0 1 2
4.4 -5.4 0.3 143 0 1 2
4.4 -5.3 0.2 148 0 1 2
4.4 -5.2 0.1 148 0 1 2
4.5 -5.7 0.4 147 0 1 2
4.5 -5.7 0.5 153 0 1 2
4.5 -5.6 0.4 145 0 1 2
4.5 -5.5 0.4 151 0 1 2
4.5 -5.4 0.3 148 0 1 2
4.5 -5.2 0.2 154 0 1 2
4.6 -5.7 0.4 142 0 1 2
4.6 -5.6 0.4 144 0 1 2
4.6 -5.5 0.3 143 0 1 2
4.6 -5.4 0.3 151 0 1 2
4.6 -5.3 0.2 145 0 1 2
4.7 -5.6 0.3 148 0 1 2
4.7 -5.5 0.3 139 0 1 2
4.7 -5.4 0.2 138 0 1 2
4.7 -5.3 0.2 145 0 1 2
4.8 -14.1 0.1 94 0 1 1
4.8 -13.4 0.1 125 0 1 1
4.8 -12.8 0.2 135 0 1 1
4.8 -12.1 0.2 136 0 1 1
4.8 -11.5 0.2 131 0 1 1
4.8 -10.8 0.2 146 0 1 1
4.8 -10.1 0.2 140 0 1 1
4.8 -9.5 0.2 131 0 1 1
4.8 -8.8 0.2 147 0 1 1
4.8 -8.2 0.2 136 0 1 1
4.8 -7.5 0.2 132 0 1 1
4.8 -6.9 0.2 133 0 1 1
4.8 -5.5 0.2 137 0 1 2
4.8 -5 0.2 125 0 1 1
4.9 -20 0 83 0 1 1
4.9 -19.4 0 81 0 1 1
4.9 -18.7 0 65 0 1 1
4.9 -18.1 0 52 0 1 1
4.9 -17.4 0 54 0 1 1
4.9 -16.8 0 42 0 1 1
4.9 -16.1 0 51 0 1 1
4.9 -15.4 0.1 53 0 1 1
4.9 -14.8 0.1 48 0 1 1
4.9 -11.8 0.2 57 0 1 2
4.9 -11.8 0.3 99 0 1 2
4.9 -11.8 0.4 79 0 1 2
4.9 -11.7 0.3 39 0 1 2
4.9 -11.4 0.2 41 0 1 2
4.9 -5.6 0.1 147 0 1 2
5 -11.8 0.4 95 0 1 2
5 -11.7 0.5 57 0 1 2
5 -11.5 0.4 48 0 1 2
5 -11.4 0.3 46 0 1 2
5.1 -11.7 0.5 53 0 1 2
5.1 -11.6 0.6 49 0 1 2
5.1 -11.5 0.5 60 0 1 2
5.1 -11.4 0.4 59 0 1 2
5.2 -11.6 0.6 64 0 1 2
5.2 -11.5 0.6 81 0 1 2
5.2 -11.4 0.5 115 0 1 2
5.3 -11.1 0.2 130 0 1 2
5.4 -11.9 0.6 123 0 1 2
5.4 -11.6 0.6 131 0 1 2
5.4 -11.5 0.6 130 0 1 2
5.4 -11.2 0.5 113 0 1 2
5.4 -11.1 0.3 87 0 1 2
5.4 -11.1 0.4 143 0 1 2
5.4 -11.1 0.5 93 0 1 2
5.5 -20 0 82 0 1 1
5.5 -19.4 0 71 0 1 1
5.5 -18.7 0 51 0 1 1
5.5 -18.1 0 53 0 1 1
5.5 -17.4 0 56 0 1 1
5.5 -16.8 0 42 0 1 1
5.5 -16.1 0.1 50 0 1 1
5.5 -15.4 0.1 51 0 1 1
5.5 -14.8 0.1 49 0 1 1
5.5 -14.1 0.1 57 0 1 1
5.5 -13.4 0.2 117 0 1 1
5.5 -11.3 0.6 121 0 1 2
5.5 -11.2 0.3 119 0 1 2
5.5 -11.2 0.5 108 0 1 2
5.5 -11.2 0.6 117 0 1 2
5.5 -11.1 0.4 149 0 1 2
5.5 -10.8 0.2 136 0 1 1
5.5 -10.1 0.2 135 0 1 1
5.5 -9.5 0.2 137 0 1 1
5.5 -8.8 0.2 134 0 1 1
5.5 -8.2 0.2 141 0 1 1
5.5 -7.5 0.2 141 0 1 1
5.5 -6.9 0.2 136 0 1 1
5.5 -6.2 0.2 137 0 1 1
5.5 -5.6 0.2 135 0 1 1
5.6 -11.5 0.6 119 0 1 2
5.6 -11.4 0.6 136 0 1 2
5.7 -11.5 0.6 85 0 1 2
5.7 -11.3 0.4 131 0 1 2
5.8 -11.6 0.6 123 0 1 2
5.8 -11.5 0.6 66 0 1 2
5.8 -11.4 0.5 140 0 1 2
5.9 -11.4 0.3 132 0 1 2
5.9 -11.3 0.2 136 0 1 2
6.1 -11.4 0.3 130 0 1 1
6.1 -10.8 0.3 132 0 1 1
6.1 -10.1 0.3 129 0 1 1
6.1 -9.5 0.3 135 0 1 1
6.1 -8.8 0.3 134 0 1 1
6.1 -8.2 0.2 144 0 1 1
6.1 -7.5 0.2 141 0 1 1
6.1 -6.9 0.2 137 0 1 1
6.1 -6.2 0.2 133 0 1 1
6.2 -20 0 80 0 1 1
6.2 -19.4 0 67 0 1 1
6.2 -18.7 0 53 0 1 1
6.2 -18.1 0 54 0 1 1
6.2 -17.4 0 53 0 1 1
6.2 -16.7 0 47 0 1 1
6.2 -16.1 0.1 49 0 1 1
6.2 -15.4 0.1 51 0 1 1
6.2 -14.8 0.1 54 0 1 1
6.5 -15.6 0.4 50 0 1 3
6.5 -15.2 0.8 52 0 1 3
6.5 -15.2 1.3 53 0 1 3
6.5 -15.1 0.4 47 0 1 3
6.5 -14.8 0.8 44 0 1 3
6.5 -14.7 1.3 58 0 1 3
6.5 -14.3 0.7 42 0 1 3
6.5 -14.2 0.7 51 0 1 3
6.5 -14 0.6 47 0 1 3
6.6 -15.1 1.9 57 0 1 3
6.7 -15.5 1.6 55 0 1 3
6.7 -15.4 1.9 61 0 1 3
6.7 -15.1 2.4 55 0 1 3
6.7 -14.8 2.5 48 0 1 3
6.7 -14.4 2 37 0 1 3
6.7 -14.2 1.9 62 0 1 3
6.7 -14 1.8 51 0 1 3
6.8 -20 0 81 0 1 1
6.8 -19.4 0 56 0 1 1
6.8 -18.7 0 54 0 1 1
6.8 -18.1 0 52 0 1 1
6.8 -17.4 0 52 0 1 1
6.8 -16.7 0 50 0 1 1
6.8 -15.9 1.2 54 0 1 3
6.8 -15.3 2.4 59 0 1 3
6.8 -15 3 52 0 1 3
6.8 -14.7 3.1 60 0 1 3
6.8 -12.8 0.2 80 0 1 1
6.8 -12.1 0.3 136 0 1 1
6.8 -11.4 0.3 141 0 1 1
6.8 -10.8 0.3 119 0 1 1
6.8 -10.1 0.3 142 0 1 1
6.8 -9.5 0.3 150 0 1 1
6.8 -8.8 0.3 132 0 1 1
6.8 -8.2 0.3 150 0 1 1
6.8 -7.5 0.2 141 0 1 1
6.8 -6.9 0.2 134 0 1 1
6.9 -15.3 3 60 0 1 3
6.9 -14.4 3.2 64 0 1 3
6.9 -14.3 3.3 65 0 1 3
6.9 -14.2 3.1 53 0 1 3
6.9 -14.1 3 45 0 1 3
6.9 -14.1 3.2 44 0 1 3
6.9 -13.7 1.6 50 0 1 3
7 -16.5 0.8 45 0 1 3
7 -15.9 2.3 51 0 1 3
7 -15.7 2.6 52 0 1 3
7 -15.5 2.9 61 0 1 3
7 -14.2 3.4 64 0 1 3
7 -14 3.2 47 0 1 3
7 -13.6 1 50 0 1 3
7 -13.4 0.7 42 0 1 3
7.1 -14.1 3.4 56 0 1 3
7.1 -13.9 3.3 73 0 1 3
7.1 -13.9 3.4 100 0 1 3
7.1 -13.8 2.8 43 0 1 3
7.1 -13.2 0.3 35 0 1 3
7.2 -16.5 2 49 0 1 3
7.2 -13.7 3 45 0 1 3
7.3 -16.9 1.4 50 0 1 3
7.3 -16.2 2.9 55 0 1 3
7.3 -13.5 2.6 48 0 1 3
7.4 -17.1 1.8 54 0 1 3
7.4 -13.3 2 46 0 1 3
7.4 -13.1 1.4 48 0 1 3
7.5 -20 0 80 0 1 1
7.5 -19.4 0 54 0 1 1
7.5 -18.7 0 51 0 1 1
7.5 -18.1 0 51 0 1 1
7.5 -18 0.5 56 0 1 3
7.5 -17.5 1.2 55 0 1 3
7.5 -17 2.4 51 0 1 3
7.5 -16.8 2.9 54 0 1 3
7.5 -12.8 0.3 57 0 1 1
7.5 -12.1 0.3 121 0 1 1
7.5 -11.4 0.3 135 0 1 1
7.5 -10.8 0.3 147 0 1 1
7.5 -10.1 0.3 143 0 1 1
7.5 -9.5 0.3 150 0 1 1
7.5 -8.8 0.3 143 0 1 1
7.5 -8.2 0.3 146 0 1 1
7.5 -7.5 0.3 126 0 1 1
7.6 -17.8 1.5 56 0 1 3
7.6 -17.4 2.1 60 0 1 3
7.6 -17.3 2.4 52 0 1 3
7.6 -13.3 3 105 0 1 3
7.6 -12.6 0.4 28 0 1 3
7.7 -17.1 2.9 68 0 1 3
7.7 -13.1 2.6 45 0 1 3
7.7 -13 2.3 37 0 1 3
7.7 -12.8 1.7 34 0 1 3
7.8 -17.6 2.5 60 0 1 3
7.8 -17.6 2.8 49 0 1 3
7.8 -17.5 2.9 61 0 1 3
7.9 -12.5 1.3 27 0 1 3
8 -12.7 2.6 68 0 1 3
8 -12.6 2.3 32 0 1 3
8 -12.5 2 42 0 1 3
8.1 -20 0 86 0 1 1
8.1 -12.6 2.6 64 0 1 3
8.1 -12.5 2.3 40 0 1 3
8.1 -12.1 0.3 57 0 1 1
8.1 -11.4 0.3 135 0 1 1
8.1 -10.8 0.3 141 0 1 1
8.1 -10.1 0.3 146 0 1 1
8.1 -9.5 0.3 140 0 1 1
8.1 -8.8 0.3 148 0 1 1
8.1 -8.2 0.3 108 0 1 1
8.2 -12.5 2.5 70 0 1 3
8.2 -12.3 2.1 43 0 1 3
8.2 -12.2 1.6 35 0 1 3
8.2 -12 0.3 48 0 1 3
8.3 -12.3 2.4 93 0 1 3
8.4 -12 1.7 49 0 1 3
8.4 -11.9 1.2 48 0 1 3
8.5 -13.6 3.7 116 0 1 3
8.5 -13.1 3.3 113 0 1 3
8.5 -12.1 2.2 115 0 1 3
8.5 -12 2.2 97 0 1 3
8.5 -11.9 1.7 50 0 1 3
8.5 -11.9 2.2 85 0 1 3
8.6 -13.4 3.5 110 0 1 3
8.6 -13.4 3.6 115 0 1 3
8.8 -11.4 0.6 47 0 1 3
8.8 -11.4 1.4 44 0 1 3
8.8 -10.8 0.3 149 0 1 1
8.8 -10.1 0.3 150 0 1 1
8.8 -9.5 0.3 141 0 1 1
8.8 -8.8 0.3 142 0 1 1
8.9 -11.5 1.9 48 0 1 3
8.9 -11.3 0.7 54 0 1 3
9 -12.6 2.9 129 0 1 3
9 -12.1 2.5 133 0 1 3
9 -11.6 2.1 123 0 1 3
9.1 -12.5 2.9 125 0 1 3
9.1 -11.9 2.3 127 0 1 3
9.1 -11.9 2.4 128 0 1 3
9.3 -11 1.6 80 0 1 3
9.3 -10.8 0.9 63 0 1 3
9.4 -11.1 1.8 150 0 1 3
9.4 -10.9 1.3 93 0 1 3
9.4 -10.9 1.6 142 0 1 3
9.4 -10.7 0.6 76 0 1 3
9.4 -10.1 0.3 145 0 1 1
9.4 -9.5 0.3 135 0 1 1
9.5 -11.2 2 151 0 1 3
9.5 -10.8 0.9 88 0 1 3
9.5 -10.8 1.3 111 0 1 3
9.6 -11.5 2.2 135 0 1 3
9.6 -11.1 1.8 154 0 1 3
9.6 -10.9 1.6 140 0 1 3
9.7 -11.8 2.5 153 0 1 3
9.7 -10.7 0.5 98 0 1 3
9.9 -13.3 4.1 113 0 1 3
9.9 -12.1 2.9 158 0 1 3
10 -13.1 3.9 131 0 1 3
10 -12.7 3.5 139 0 1 3
10 -12.4 3.2 164 0 1 3
10.1 -13.2 4 121 0 1 3
10.1 -12.9 3.7 156 0 1 3
10.1 -12.8 3.5 170 0 1 3
10.1 -10.8 0.9 98 0 1 3
10.1 -10.1 0.3 147 0 1 1
10.2 -13 3.8 161 0 1 3
10.2 -10.9 1.2 143 0 1 3
10.3 -13.1 3.9 102 0 1 3
10.3 -10.7 0.5 94 0 1 3
10.5 -12.1 2.4 168 0 1 3
10.6 -12.9 3.4 175 0 1 3
10.6 -12.3 2.7 176 0 1 3
10.8 -13.2 3.7 147 0 1 3
10.8 -12.7 3 171 0 1 3
10.8 -11.8 2 164 0 1 3
10.8 -11.6 1.8 166 0 1 3
10.8 -10.9 0.9 126 0 1 3
11.2 -13.3 3.5 139 0 1 3
11.4 -13.4 3.5 139 0 1 3
11.4 -13.1 3.2 170 0 1 3
11.4 -11.6 1.4 155 0 1 3
11.5 -12.9 2.8 168 0 1 3
11.6 -13.5 3.4 153 0 1 3
11.6 -13.2 3 170 0 1 3
11.6 -12.9 2.7 163 0 1 3
11.6 -12.9 2.8 163 0 1 3
11.8 -13.5 3.3 149 0 1 3
11.8 -13.2 2.9 167 0 1 3
11.8 -12.6 2.3 163 0 1 3
11.8 -12.6 2.4 165 0 1 3
11.9 -13.5 3.1 139 0 1 3
12 -12.3 1.9 166 0 1 3
12.1 -12.9 2.5 169 0 1 3
12.2 -13.2 2.7 147 0 1 3
12.3 -12.7 2.1 163 0 1 3
12.3 -12.5 1.9 167 0 1 3
12.5 -13 2.2 161 0 1 3
12.6 -12.9 2.1 148 0 1 3
