-19.4 -20 0 81 0 1 1
-18.7 -20 0 82 0 1 1
-18.7 -19.4 0 117 0 1 1
-18.1 -20 0 83 0 1 1
-18.1 -19.4 0 118 0 1 1
-18.1 -18.7 0 122 0 1 1
-17.4 -20 0 82 0 1 1
-17.4 -19.4 0 119 0 1 1
-17.4 -18.7 0 120 0 1 1
-17.4 -18.1 0 126 0 1 1
-16.8 -20 0 84 0 1 1
-16.8 -19.4 0 122 0 1 1
-16.8 -18.7 0 118 0 1 1
-16.8 -18.1 0 122 0 1 1
-16.8 -17.4 0 116 0 1 1
-16.1 -20 0 84 0 1 1
-16.1 -19.4 0 122 0 1 1
-16.1 -18.7 0 122 0 1 1
-16.1 -18.1 0 121 0 1 1
-16.1 -17.4 0 122 0 1 1
-16.1 -16.8 0 122 0 1 1
-15.5 -20 0 82 0 1 1
-15.5 -19.4 0 120 0 1 1
-15.5 -18.7 0 125 0 1 1
-15.5 -18.1 0 118 0 1 1
-15.5 -17.4 0 116 0 1 1
-15.5 -16.8 0 120 0 1 1
-15.5 -16.1 0 118 0 1 1
-14.8 -20 0 85 0 1 1
-14.8 -19.4 0 120 0 1 1
-14.8 -18.7 0 120 0 1 1
-14.8 -18.1 0 117 0 1 1
-14.8 -17.4 0 121 0 1 1
-14.8 -16.8 0 120 0 1 1
-14.8 -16.1 0 116 0 1 1
-14.8 -15.5 0.1 116 0 1 1
-14.2 -16.1 0 115 0 1 1
-14.2 -15.5 0.1 117 0 1 1
-14.2 -14.8 0.1 119 0 1 1
-14.1 -20 0 88 0 1 1
-14.1 -19.4 0 120 0 1 1
-14.1 -18.7 0 118 0 1 1
-14.1 -18.1 0 114 0 1 1
-14.1 -17.4 0 118 0 1 1
-14.1 -16.8 0 118 0 1 1
-13.5 -20 0 83 0 1 1
-13.5 -19.4 0 106 0 1 1
-13.5 -18.7 0 114 0 1 1
-13.5 -18.1 0 115 0 1 1
-13.5 -17.4 0 119 0 1 1
-13.5 -16.8 0 120 0 1 1
-13.5 -16.1 0 114 0 1 1
-13.5 -15.5 0.1 110 0 1 1
-13.5 -14.8 0.1 107 0 1 1
-13.5 -14.2 0.2 111 0 1 1
-12.8 -20 0 82 0 1 1
-12.8 -19.4 0 113 0 1 1
-12.8 -18.7 0 116 0 1 1
-12.8 -18.1 0 121 0 1 1
-12.8 -17.4 0 125 0 1 1
-12.8 -16.8 0 121 0 1 1
-12.8 -16.1 0 114 0 1 1
-12.8 -15.5 0.1 105 0 1 1
-12.8 -14.8 0.1 101 0 1 1
-12.8 -14.2 0.2 110 0 1 1
-12.8 -13.5 0.2 119 0 1 1
-12.2 -20 0 83 0 1 1
-12.2 -19.4 0 120 0 1 1
-12.2 -18.7 0 126 0 1 1
-12.2 -18.1 0 123 0 1 1
-12.2 -17.4 0 121 0 1 1
-12.2 -16.8 0 117 0 1 1
-12.2 -16.1 0 119 0 1 1
-12.2 -15.5 0.1 104 0 1 1
-12.2 -14.8 0.1 103 0 1 1
-12.2 -14.2 0.2 111 0 1 1
-12.2 -13.5 0.2 120 0 1 1
-12.2 -12.9 0.2 117 0 1 1
-12.2 -12.2 0.3 121 0 1 1
-11.5 -20 0 83 0 1 1
-11.5 -19.4 0 126 0 1 1
-11.5 -18.7 0 125 0 1 1
-11.5 -18.1 0 127 0 1 1
-11.5 -17.4 0 123 0 1 1
-11.5 -16.8 0 113 0 1 1
-11.5 -16.1 0 112 0 1 1
-11.5 -15.5 0.1 98 0 1 1
-11.5 -14.8 0.1 102 0 1 1
-11.5 -14.2 0.1 112 0 1 1
-11.5 -13.5 0.2 114 0 1 1
-11.5 -12.9 0.2 115 0 1 1
-11.5 -12.2 0.3 125 0 1 1
-11.5 -11.6 0.3 124 0 1 1
-10.9 -20 0 87 0 1 1
-10.9 -19.4 0 127 0 1 1
-10.9 -18.7 0 126 0 1 1
-10.9 -18.1 0 115 0 1 1
-10.9 -17.4 0 121 0 1 1
-10.9 -16.8 0 120 0 1 1
-10.9 -16.1 0 106 0 1 1
-10.9 -15.5 0.1 105 0 1 1
-10.9 -14.8 0.1 106 0 1 1
-10.9 -14.2 0.1 106 0 1 1
-10.9 -13.5 0.2 121 0 1 1
-10.9 -12.9 0.2 119 0 1 1
-10.9 -12.2 0.2 125 0 1 1
-10.9 -11.6 0.3 121 0 1 1
-10.9 -10.9 0.3 119 0 1 1
-10.2 -20 0 87 0 1 1
-10.2 -19.4 0 127 0 1 1
-10.2 -18.7 0 115 0 1 1
-10.2 -18.1 0 124 0 1 1
-10.2 -17.4 0 128 0 1 1
-10.2 -16.8 0 125 0 1 1
-10.2 -16.1 0 113 0 1 1
-10.2 -15.5 0 112 0 1 1
-10.2 -14.8 0.1 114 0 1 1
-10.2 -14.2 0.1 115 0 1 1
-10.2 -13.5 0.1 108 0 1 1
-10.2 -12.9 0.2 115 0 1 1
-10.2 -12.2 0.2 127 0 1 1
-10.2 -11.6 0.2 120 0 1 1
-10.2 -10.9 0.2 125 0 1 1
-10.2 -10.2 0.2 119 0 1 1
-9.6 -20 0 85 0 1 1
-9.6 -19.4 0 126 0 1 1
-9.6 -18.7 0 124 0 1 1
-9.6 -18.1 0 129 0 1 1
-9.6 -17.4 0 126 0 1 1
-9.6 -16.8 0 127 0 1 1
-9.6 -16.1 0 120 0 1 1
-9.6 -15.5 0 117 0 1 1
-9.6 -14.8 0 108 0 1 1
-9.6 -14.2 0.1 112 0 1 1
-9.6 -13.5 0.1 108 0 1 1
-9.6 -12.9 0.1 120 0 1 1
-9.6 -12.2 0.2 118 0 1 1
-9.6 -11.6 0.2 110 0 1 1
-9.6 -10.9 0.2 109 0 1 1
-9.6 -10.2 0.2 116 0 1 1
-9.6 -9.6 0.2 118 0 1 1
-8.9 -20 0 84 0 1 1
-8.9 -19.4 0 127 0 1 1
-8.9 -18.7 0 127 0 1 1
-8.9 -18.1 0 133 0 1 1
-8.9 -17.4 0 126 0 1 1
-8.9 -16.8 0 127 0 1 1
-8.9 -16.1 0 112 0 1 1
-8.9 -15.5 0 113 0 1 1
-8.9 -14.8 0 114 0 1 1
-8.9 -14.2 0.1 118 0 1 1
-8.9 -13.5 0.1 117 0 1 1
-8.9 -12.9 0.1 105 0 1 1
-8.9 -12.2 0.1 111 0 1 1
-8.9 -11.5 0.1 117 0 1 1
-8.9 -10.9 0.2 131 0 1 1
-8.9 -10.2 0.2 87 0 1 1
-8.9 -9.6 0.2 103 0 1 1
-8.9 -8.9 0.2 119 0 1 1
-8.3 -12.9 0.1 98 0 1 1
-8.3 -12.2 0.1 115 0 1 1
-8.3 -11.5 0.1 126 0 1 1
-8.3 -10.9 0.1 68 0 1 1
-8.3 -10.2 0.1 99 0 1 1
-8.3 -9.6 0.1 118 0 1 1
-8.2 -20 0 84 0 1 1
-8.2 -19.4 0 130 0 1 1
-8.2 -18.7 0 129 0 1 1
-8.2 -18.1 0 133 0 1 1
-8.2 -17.4 0 125 0 1 1
-8.2 -16.8 0 124 0 1 1
-8.2 -16.1 0 121 0 1 1
-8.2 -15.5 0 125 0 1 1
-8.2 -14.8 0 121 0 1 1
-8.2 -14.2 0 116 0 1 1
-8.2 -13.5 0 97 0 1 1
-8.2 -8.9 0.1 104 0 1 1
-8.2 -8.3 0.1 113 0 1 1
-7.6 -20 0 86 0 1 1
-7.6 -19.4 0 134 0 1 1
-7.6 -18.7 0 135 0 1 1
-7.6 -18.1 0 128 0 1 1
-7.6 -17.4 0 122 0 1 1
-7.6 -16.8 0 124 0 1 1
-7.6 -16.1 0 119 0 1 1
-7.6 -15.5 0 117 0 1 1
-7.6 -14.8 0 122 0 1 1
-7.6 -14.2 0 101 0 1 1
-7.6 -13.5 0 100 0 1 1
-7.6 -12.8 0 101 0 1 1
-7.6 -12.2 0.1 110 0 1 1
-7.6 -11.5 0.1 95 0 1 1
-7.6 -10.9 0.1 101 0 1 1
-7.6 -10.2 0.1 104 0 1 1
-7.6 -9.6 0.1 117 0 1 1
-7.6 -8.9 0.1 107 0 1 1
-7.6 -8.3 0.1 109 0 1 1
-7.6 -7.6 0.2 119 0 1 1
-6.9 -20 0 89 0 1 1
-6.9 -19.4 0 132 0 1 1
-6.9 -18.7 0 131 0 1 1
-6.9 -18.1 0 122 0 1 1
-6.9 -17.4 0 126 0 1 1
-6.9 -16.8 0 128 0 1 1
-6.9 -16.1 0 105 0 1 1
-6.9 -15.5 0 107 0 1 1
-6.9 -14.8 0 119 0 1 1
-6.9 -14.2 0 114 0 1 1
-6.9 -13.5 0 129 0 1 1
-6.9 -12.8 0 118 0 1 1
-6.9 -12.2 0 127 0 1 1
-6.9 -11.5 0 99 0 1 1
-6.9 -10.9 0 103 0 1 1
-6.9 -10.2 0 102 0 1 1
-6.9 -9.6 0.1 115 0 1 1
-6.9 -8.9 0.1 114 0 1 1
-6.9 -8.3 0.1 115 0 1 1
-6.9 -7.6 0.1 103 0 1 1
-6.9 -7 0.2 98 0 1 1
-6.3 -20 0 86 0 1 1
-6.3 -19.4 0 129 0 1 1
-6.3 -18.7 0 129 0 1 1
-6.3 -18.1 0 131 0 1 1
-6.3 -17.4 0 127 0 1 1
-6.3 -16.8 0 121 0 1 1
-6.3 -16.1 0 107 0 1 1
-6.3 -15.5 0 102 0 1 1
-6.3 -14.8 0 121 0 1 1
-6.3 -14.1 0 116 0 1 1
-6.3 -13.5 0 91 0 1 1
-6.3 -12.8 0 99 0 1 1
-6.3 -12.2 0 101 0 1 1
-6.3 -11.5 0 115 0 1 1
-6.3 -10.9 0 103 0 1 1
-6.3 -10.2 0 105 0 1 1
-6.3 -9.6 0 112 0 1 1
-6.3 -8.9 0.1 113 0 1 1
-6.3 -8.3 0.1 114 0 1 1
-6.2 -7.6 0.1 110 0 1 1
-6.2 -7 0.2 99 0 1 1
-6.2 -6.3 0.2 105 0 1 1
-5.6 -18.7 0 126 0 1 1
-5.6 -18.1 0 120 0 1 1
-5.6 -17.4 0 122 0 1 1
-5.6 -16.8 0 106 0 1 1
-5.6 -16.1 0 103 0 1 1
-5.6 -15.5 0 109 0 1 1
-5.6 -14.8 0 112 0 1 1
-5.6 -14.1 0 120 0 1 1
-5.6 -13.5 0 81 0 1 1
-5.6 -12.8 0 104 0 1 1
-5.6 -12.2 0 105 0 1 1
-5.6 -11.5 0 109 0 1 1
-5.6 -10.9 0 132 0 1 1
-5.6 -10.2 0 129 0 1 1
-5.6 -9.6 0 123 0 1 1
-5.6 -7.6 0.1 129 0 1 1
-5.6 -7 0.2 127 0 1 1
-5.6 -6.3 0.2 110 0 1 1
-5.5 -5.7 0.3 109 0 1 1
-5 -16.1 0 107 0 1 1
-5 -15.5 0 115 0 1 1
-5 -14.8 0 108 0 1 1
-5 -14.1 0 85 0 1 1
-5 -13.5 0 88 0 1 1
-5 -12.8 0 117 0 1 1
-5 -12.2 0 94 0 1 1
-5 -11.5 0 104 0 1 1
-5 -10.9 0 113 0 1 1
-5 -10.2 0 125 0 1 1
-5 -9.6 0 133 0 1 1
-4.9 -6.3 0.2 101 0 1 1
-4.9 -5.7 0.3 100 0 1 1
-4.9 -5 0.4 104 0 1 1
-4.3 -14.1 0 72 0 1 1
-4.3 -13.5 0 90 0 1 1
-4.3 -12.8 0 122 0 1 1
-4.3 -12.2 0 104 0 1 1
-4.3 -11.5 0 109 0 1 1
-4.3 -10.9 0 108 0 1 1
-4.3 -10.2 0 116 0 1 1
-4.3 -9.6 0 132 0 1 1
-4.3 -8.9 0 144 0 1 1
-4.3 -8.3 0.1 134 0 1 1
-4.3 -6 0.5 56 0 1 2
-4.3 -5.9 0.5 83 0 1 2
-4.2 -5.9 0.5 116 0 1 2
-4.2 -5.8 0.4 76 0 1 2
-4.2 -5.7 0.3 113 0 1 1
-4.2 -5.6 0.3 104 0 1 2
-4.2 -5 0.4 111 0 1 1
-4.2 -4.4 0.4 117 0 1 1
-4.1 -5.9 0.6 105 0 1 2
-4.1 -5.6 0.4 73 0 1 2
-4 -5.9 0.7 106 0 1 2
-4 -5.8 0.7 118 0 1 2
-4 -5.7 0.5 78 0 1 2
-4 -5.7 0.6 87 0 1 2
-4 -5.6 0.5 80 0 1 2
-3.9 -6.3 0.7 129 0 1 2
-3.9 -6.2 0.7 127 0 1 2
-3.9 -5.9 0.7 128 0 1 2
-3.9 -5.7 0.6 81 0 1 2
-3.9 -5.6 0.5 95 0 1 2
-3.8 -5.7 0.6 126 0 1 2
-3.7 -11.5 0 119 0 1 1
-3.7 -10.9 0 133 0 1 1
-3.7 -10.2 0 121 0 1 1
-3.7 -9.6 0 117 0 1 1
-3.7 -5.9 0.7 144 0 1 2
-3.7 -5.8 0.7 133 0 1 2
-3.6 -8.9 0 121 0 1 1
-3.6 -8.3 0.1 97 0 1 1
-3.6 -7.6 0.1 136 0 1 1
-3.6 -7 0.2 149 0 1 1
-3.6 -6 0.7 121 0 1 2
-3.6 -5.8 0.7 112 0 1 2
-3.6 -5.5 0.4 118 0 1 2
-3.6 -5.5 0.5 119 0 1 2
-3.6 -5.4 0.3 108 0 1 2
-3.6 -5 0.3 112 0 1 1
-3.6 -4.4 0.4 127 0 1 1
-3.6 -3.7 0.4 127 0 1 1
-3.5 -6.2 0.6 128 0 1 2
-3.5 -6 0.7 123 0 1 2
-3.5 -5.9 0.7 123 0 1 2
-3.5 -5.7 0.6 116 0 1 2
-3.5 -5.7 0.7 120 0 1 2
-3.5 -5.6 0.4 163 0 1 2
-3.5 -5.6 0.6 126 0 1 2
-3.5 -5.5 0.6 114 0 1 2
-3.5 -5.4 0.4 121 0 1 2
-3.4 -6.3 0.4 136 0 1 2
-3.4 -6.1 0.5 133 0 1 2
-3.4 -6.1 0.7 132 0 1 2
-3.4 -6 0.7 129 0 1 2
-3.4 -5.8 0.5 133 0 1 2
-3.4 -5.6 0.3 112 0 1 2
-3.3 -6.1 0.3 131 0 1 2
-3.3 -5.9 0.2 114 0 1 2
-3.3 -5.9 0.3 106 0 1 2
-3.3 -5.9 0.6 146 0 1 2
-3.2 -5.9 0.3 94 0 1 2
-3.2 -5.9 0.4 112 0 1 2
-3 -9.6 0 67 0 1 1
-3 -8.9 0 68 0 1 1
-3 -8.3 0 72 0 1 1
-3 -7.6 0.1 123 0 1 1
-3 -7 0.1 129 0 1 1
-2.9 -6.3 0.2 108 0 1 1
-2.9 -5.7 0.3 106 0 1 1
-2.9 -5 0.3 111 0 1 1
-2.9 -4.4 0.3 124 0 1 1
-2.9 -3.7 0.4 129 0 1 1
-2.9 -3.1 0.4 122 0 1 1
-2.6 -8.4 0.2 68 0 1 3
-2.6 -8.4 0.5 110 0 1 3
-2.6 -8.4 0.8 77 0 1 3
-2.5 -8.3 0.9 72 0 1 3
-2.5 -8.2 1.1 113 0 1 3
-2.4 -7.7 0.2 58 0 1 3
-2.4 -7.7 0.4 53 0 1 3
-2.4 -7.7 0.7 63 0 1 3
-2.4 -7.7 0.9 51 0 1 3
-2.3 -8.2 1.3 63 0 1 3
-2.3 -7.7 1 51 0 1 3
-2.3 -7 0.1 121 0 1 1
-2.3 -6.3 0.2 112 0 1 1
-2.3 -5.7 0.2 112 0 1 1
-2.3 -5 0.3 109 0 1 1
-2.3 -4.4 0.3 118 0 1 1
-2.3 -3.7 0.3 137 0 1 1
-2.3 -3.1 0.4 120 0 1 1
-2.2 -8.2 1.6 52 0 1 3
-2.2 -7.8 1.4 39 0 1 3
-2.2 -7.1 0.4 41 0 1 3
-2.2 -7.1 0.6 43 0 1 3
-2.2 -7.1 0.8 38 0 1 3
-2.2 -7.1 0.9 40 0 1 3
-2.2 -7 0.2 115 0 1 3
-2 -7.9 1.7 70 0 1 3
-2 -7.8 1.7 46 0 1 3
-2 -7.3 1.3 64 0 1 3
-2 -7 0.7 37 0 1 3
-2 -7 0.8 57 0 1 3
-1.9 -7.6 1.8 73 0 1 3
-1.9 -7.5 1.8 64 0 1 3
-1.9 -7.4 1.7 69 0 1 3
-1.8 -7.5 1.8 65 0 1 3
-1.8 -6.9 0.2 116 0 1 3
-1.8 -6.9 0.3 33 0 1 3
-1.8 -6.9 0.6 42 0 1 3
-1.8 -6.9 0.7 63 0 1 3
-1.7 -7.5 1.8 60 0 1 3
-1.7 -7.5 1.9 76 0 1 3
-1.7 -7.4 1.8 104 0 1 3
-1.7 -7 0.1 132 0 1 1
-1.7 -6.3 0.1 117 0 1 1
-1.6 -7.4 1.9 107 0 1 3
-1.6 -6.9 0.6 61 0 1 3
-1.6 -5.7 0.2 116 0 1 1
-1.6 -5 0.2 121 0 1 1
-1.6 -4.4 0.3 164 0 1 1
-1.6 -3.7 0.3 157 0 1 1
-1.6 -3 0.3 95 0 1 1
-1.5 -7.5 2 101 0 1 3
-1.5 -7.4 1.9 113 0 1 3
-1.5 -6.8 0.5 61 0 1 3
-1.5 -6.8 0.7 59 0 1 3
-1.4 -6.7 0.3 45 0 1 3
-1.3 -7.5 2 95 0 1 3
-1.3 -6.9 1 84 0 1 3
-1.3 -6.7 0.2 102 0 1 3
-1.3 -6.7 0.6 53 0 1 3
-1.2 -7.2 1.8 77 0 1 3
-1.2 -7 1.4 86 0 1 3
-1.1 -7.7 2.1 91 0 1 3
-1.1 -7.6 2.1 79 0 1 3
-1.1 -6.8 0.9 80 0 1 3
-1.1 -6.7 0.7 61 0 1 3
-1 -7.2 1.9 92 0 1 3
-1 -6.9 0.1 129 0 1 1
-1 -6.3 0.1 121 0 1 1
-1 -5.6 0.1 131 0 1 1
-1 -5 0.2 132 0 1 1
-1 -4.3 0.2 109 0 1 1
-1 -3.7 0.2 144 0 1 1
-1 -3 0.2 122 0 1 1
-0.9 -7.3 2 105 0 1 3
-0.9 -6.7 0.5 73 0 1 3
-0.8 -7.9 2.2 78 0 1 3
-0.8 -7.8 2.2 104 0 1 3
-0.8 -7.6 2.2 95 0 1 3
-0.8 -7.4 2.1 104 0 1 3
-0.8 -6.7 0.9 70 0 1 3
-0.8 -6.6 0.2 91 0 1 3
-0.8 -6.6 0.4 89 0 1 3
-0.7 -6.6 0.6 66 0 1 3
-0.5 -7.4 2.1 104 0 1 3
-0.5 -7 1.8 104 0 1 3
-0.5 -6.9 1.5 100 0 1 3
-0.4 -7.1 1.9 121 0 1 3
-0.4 -7.1 2 133 0 1 3
-0.4 -6.9 0 124 0 1 1
-0.4 -6.7 1.2 92 0 1 3
-0.4 -6.6 0.8 75 0 1 3
-0.4 -6.5 0.5 76 0 1 3
-0.4 -6.3 0.1 124 0 1 1
-0.3 -7.5 2.2 113 0 1 3
-0.3 -7.2 2 130 0 1 3
-0.3 -7.2 2.1 134 0 1 3
-0.3 -6.9 1.6 121 0 1 3
-0.3 -6.6 0.7 149 0 1 3
-0.3 -6.5 0.4 81 0 1 3
-0.3 -5.6 0.1 146 0 1 1
-0.3 -5 0.1 144 0 1 1
-0.3 -4.3 0.1 143 0 1 1
-0.3 -3.7 0.2 127 0 1 1
-0.3 -3 0.2 129 0 1 1
-0.2 -7.2 2.1 132 0 1 3
-0.2 -7.1 2 133 0 1 3
-0.2 -6.6 0.7 145 0 1 3
-0.2 -6.4 0.2 122 0 1 3
0 -7.3 2.1 111 0 1 3
-0.1 -7.2 2 153 0 1 3
0 -7.2 2.1 119 0 1 3
0 -6.9 1.1 93 0 1 3
-0.1 -6.8 1.1 133 0 1 3
0 -6.5 0.2 125 0 1 3
0.1 -7.3 2.1 119 0 1 3
0.3 -7.4 2.2 96 0 1 3
0.3 -7.2 2 124 0 1 3
0.3 -6.9 0 130 0 1 1
0.3 -6.6 0.5 110 0 1 3
0.3 -6.3 0 135 0 1 1
0.3 -5.6 0 154 0 1 1
0.3 -5 0.1 129 0 1 1
0.3 -4.3 0.1 153 0 1 1
0.3 -3.7 0.1 149 0 1 1
0.3 -3 0.2 135 0 1 1
0.4 -7.9 2.2 93 0 1 3
0.4 -7.2 2.1 132 0 1 3
0.4 -7 1.7 112 0 1 3
0.4 -6.7 0.8 83 0 1 3
0.5 -8.5 2.2 95 0 1 3
0.5 -6.6 0.2 117 0 1 3
0.6 -7.2 2 145 0 1 3
0.6 -7.1 2 138 0 1 3
0.7 -7.1 2 134 0 1 3
0.7 -6.7 0.8 93 0 1 3
0.8 -7.6 2 143 0 1 3
0.8 -7.1 1.9 138 0 1 3
0.8 -7 1.7 91 0 1 3
0.8 -6.8 1 88 0 1 3
0.9 -8.1 2 144 0 1 3
0.9 -6.9 0 140 0 1 1
0.9 -6.9 1.6 112 0 1 3
0.9 -6.8 1.3 125 0 1 3
0.9 -6.7 0.5 101 0 1 3
0.9 -6.7 0.8 81 0 1 3
0.9 -6.3 0 135 0 1 1
0.9 -5.6 0 142 0 1 1
0.9 -5 0 143 0 1 1
0.9 -4.3 0.1 136 0 1 1
0.9 -3.7 0.1 141 0 1 1
0.9 -3 0.1 144 0 1 1
1 -8.5 2 121 0 1 3
1 -6.9 1.2 146 0 1 3
1 -6.8 0.9 149 0 1 3
1 -6.8 1.1 126 0 1 3
1.1 -7.4 1.9 142 0 1 3
1.1 -6.7 0.4 113 0 1 3
1.1 -6.7 0.5 107 0 1 3
1.1 -6.7 0.6 131 0 1 3
1.1 -6.7 0.8 110 0 1 3
1.1 -6.6 0.2 121 0 1 3
1.2 -9.1 1.9 142 0 1 3
1.2 -6.8 0.5 136 0 1 3
1.3 -8.8 1.9 131 0 1 3
1.3 -7.8 1.8 149 0 1 3
1.3 -7.4 1.2 158 0 1 3
1.4 -8.2 1.8 147 0 1 3
1.4 -8 1.8 151 0 1 3
1.4 -7.2 0.3 137 0 1 3
1.5 -8.3 1.8 142 0 1 3
1.5 -7.8 1.1 150 0 1 3
1.5 -7.3 0.2 134 0 1 3
1.5 -7.3 0.5 146 0 1 3
1.6 -8.4 1.7 141 0 1 3
1.6 -8.3 1.7 153 0 1 3
1.6 -7.9 1 138 0 1 3
1.6 -7.6 0 141 0 1 1
1.6 -6.9 0 133 0 1 1
1.6 -6.3 0 133 0 1 1
1.6 -5.6 0 140 0 1 1
1.6 -5 0 129 0 1 1
1.6 -4.3 0 137 0 1 1
1.6 -3.7 0.1 143 0 1 1
1.6 -3 0.1 149 0 1 1
1.7 -8.3 1.5 148 0 1 3
1.7 -8.3 1.6 137 0 1 3
1.7 -8.1 1 130 0 1 3
1.8 -8.4 1.5 147 0 1 3
1.8 -7.9 0.3 108 0 1 3
1.8 -7.9 0.4 140 0 1 3
1.8 -7.8 0.4 138 0 1 3
1.9 -8.4 1.4 158 0 1 3
1.9 -8.3 1.4 139 0 1 3
1.9 -8 0.2 113 0 1 3
1.9 -8 0.3 125 0 1 3
2 -8.5 1.3 151 0 1 3
2 -8.3 1.2 117 0 1 3
2 -8.3 1.3 104 0 1 3
2 -8.2 0.7 123 0 1 3
2 -8.1 0.4 135 0 1 3
2.1 -8.3 0.9 111 0 1 3
2.1 -8.2 0.6 126 0 1 3
2.2 -8.9 0.1 130 0 1 1
2.2 -8.2 0 134 0 1 1
2.2 -7.6 0 139 0 1 1
2.2 -6.9 0 134 0 1 1
2.2 -6.3 0 128 0 1 1
2.2 -5.6 0 135 0 1 1
2.2 -5 0 140 0 1 1
2.2 -4.3 0 142 0 1 1
2.2 -3.7 0.1 139 0 1 1
2.2 -3 0.1 126 0 1 1
2.5 -7.2 0.1 81 0 1 2
2.6 -7.5 0.1 106 0 1 2
2.6 -7.2 0.2 49 0 1 2
2.6 -7 0.1 47 0 1 2
2.6 -7 0.2 84 0 1 2
2.6 -7 0.3 88 0 1 2
2.6 -7 0.4 114 0 1 2
2.6 -6.9 0.3 54 0 1 2
2.6 -6.9 0.4 105 0 1 2
2.6 -6.8 0.1 54 0 1 2
2.6 -6.8 0.2 48 0 1 2
2.6 -6.8 0.3 64 0 1 2
2.7 -7.5 0.1 93 0 1 2
2.7 -7.3 0.2 52 0 1 2
2.7 -7 0.4 101 0 1 2
2.7 -6.9 0.4 122 0 1 2
2.7 -6.8 0.3 49 0 1 2
2.7 -6.8 0.4 72 0 1 2
2.8 -7.3 0.3 120 0 1 2
2.8 -7.2 0.4 132 0 1 2
2.8 -7.1 0.4 121 0 1 2
2.8 -7 0.4 99 0 1 2
2.8 -6.8 0.4 92 0 1 2
2.8 -6.7 0.3 60 0 1 2
2.9 -10.8 0.1 141 0 1 1
2.9 -10.2 0.1 152 0 1 1
2.9 -9.5 0.1 119 0 1 1
2.9 -8.9 0.1 138 0 1 1
2.9 -8.2 0.1 137 0 1 1
2.9 -7 0.4 126 0 1 2
2.9 -6.3 0 136 0 1 1
2.9 -5.6 0 141 0 1 1
2.9 -5 0 132 0 1 1
2.9 -4.3 0.1 131 0 1 1
2.9 -3.7 0.1 135 0 1 1
2.9 -3 0.1 129 0 1 1
3 -6.9 0.4 133 0 1 2
3 -6.8 0.4 140 0 1 2
3 -6.7 0.3 124 0 1 2
3 -6.7 0.4 138 0 1 2
3 -6.6 0.1 127 0 1 2
3 -6.6 0.2 107 0 1 2
3.1 -6.9 0.4 135 0 1 2
3.1 -6.7 0.3 120 0 1 2
3.2 -7 0.3 143 0 1 2
3.2 -6.9 0.3 141 0 1 2
3.2 -6.8 0.3 135 0 1 2
3.2 -6.7 0.1 109 0 1 2
3.2 -6.7 0.3 147 0 1 2
3.3 -6.9 0.2 144 0 1 2
3.5 -13.5 0.1 69 0 1 1
3.5 -12.8 0.1 124 0 1 1
3.5 -12.1 0.1 145 0 1 1
3.5 -11.5 0.1 149 0 1 1
3.5 -10.8 0.1 142 0 1 1
3.5 -10.2 0.1 145 0 1 1
3.5 -9.5 0.1 152 0 1 1
3.5 -8.9 0.1 129 0 1 1
3.5 -6.9 0.1 133 0 1 1
3.5 -6.3 0.1 131 0 1 1
3.5 -5.6 0.1 132 0 1 1
3.5 -5 0.1 132 0 1 1
3.5 -4.3 0.1 127 0 1 1
3.5 -3.7 0.1 135 0 1 1
3.9 -5.7 0.2 64 0 1 2
3.9 -5.5 0.1 39 0 1 2
3.9 -5.5 0.2 34 0 1 2
4 -5.7 0.3 112 0 1 2
4 -5.7 0.4 113 0 1 2
4 -5.6 0.4 82 0 1 2
4 -5.5 0.3 66 0 1 2
4 -5.4 0.3 98 0 1 2
4.1 -5.6 0.5 96 0 1 2
4.1 -5.5 0.4 153 0 1 2
4.1 -5.4 0.3 80 0 1 2
4.1 -5.3 0.3 113 0 1 2
4.2 -16.1 0 47 0 1 1
4.2 -15.4 0 49 0 1 1
4.2 -14.8 0.1 51 0 1 1
4.2 -14.1 0.1 47 0 1 1
4.2 -13.4 0.1 48 0 1 1
4.2 -12.8 0.1 102 0 1 1
4.2 -12.1 0.2 148 0 1 1
4.2 -11.5 0.2 146 0 1 1
4.2 -10.8 0.2 155 0 1 1
4.2 -10.2 0.2 150 0 1 1
4.2 -9.5 0.2 142 0 1 1
4.2 -8.8 0.2 133 0 1 1
4.2 -8.2 0.2 138 0 1 1
4.2 -7.5 0.1 134 0 1 1
4.2 -6.9 0.1 133 0 1 1
4.2 -6.2 0.1 130 0 1 1
4.2 -5.8 0.4 114 0 1 2
4.2 -5.6 0.5 133 0 1 2
4.2 -5.5 0.4 122 0 1 2
4.2 -5.4 0.3 146 0 1 2
4.2 -5.3 0.2 144 0 1 2
4.2 -5.3 0.3 129 0 1 2
4.2 -5.2 0.1 83 0 1 2
4.2 -5.2 0.2 127 0 1 2
4.2 -5 0.1 138 0 1 1
4.2 -4.3 0.1 119 0 1 1
4.3 -5.6 0.4 157 0 1 2
4.3 -5.5 0.4 148 0 1 2
4.3 -5.4 0.3 154 0 1 2
4.3 -5.2 0.2 131 0 1 2
4.3 -5.1 0.1 130 0 1 2
4.4 -14 0.3 45 0 1 3
4.4 -14 0.5 117 0 1 3
4.4 -13.8 0.6 56 0 1 3
4.4 -5.9 0.4 127 0 1 2
4.4 -5.8 0.5 125 0 1 2
4.4 -5.7 0.5 155 0 1 2
4.4 -5.6 0.4 148 0 1 2
4.4 -5.4 0.3 143 0 1 2
4.4 -5.3 0.2 148 0 1 2
4.4 -5.2 0.1 148 0 1 2
4.5 -13.8 0.8 41 0 1 3
4.5 -13.7 1 54 0 1 3
4.5 -5.7 0.4 147 0 1 2
4.5 -5.7 0.5 153 0 1 2
4.5 -5.6 0.4 145 0 1 2
4.5 -5.5 0.4 151 0 1 2
4.5 -5.4 0.3 148 0 1 2
4.5 -5.2 0.2 154 0 1 2
4.6 -13.8 1.4 31 0 1 3
4.6 -5.7 0.4 142 0 1 2
4.6 -5.6 0.4 144 0 1 2
4.6 -5.5 0.3 143 0 1 2
4.6 -5.4 0.3 151 0 1 2
4.6 -5.3 0.2 145 0 1 2
4.7 -5.6 0.3 148 0 1 2
4.7 -5.5 0.3 139 0 1 2
4.7 -5.4 0.2 138 0 1 2
4.7 -5.3 0.2 145 0 1 2
4.8 -13.8 1.6 32 0 1 3
4.8 -13.8 1.7 64 0 1 3
4.8 -13.4 0.1 48 0 1 1
4.8 -12.8 0.2 54 0 1 1
4.8 -12.1 0.2 93 0 1 1
4.8 -11.5 0.2 145 0 1 1
4.8 -10.8 0.2 146 0 1 1
4.8 -10.1 0.2 140 0 1 1
4.8 -9.5 0.2 131 0 1 1
4.8 -8.8 0.2 147 0 1 1
4.8 -8.6 0.2 47 0 1 2
4.8 -8.2 0.2 136 0 1 1
4.8 -7.5 0.2 132 0 1 1
4.8 -6.9 0.2 133 0 1 1
4.8 -5.5 0.2 137 0 1 2
4.8 -5 0.2 125 0 1 1
4.9 -18.7 0 80 0 1 1
4.9 -18.1 0 51 0 1 1
4.9 -17.4 0 54 0 1 1
4.9 -16.8 0 42 0 1 1
4.9 -16.1 0 51 0 1 1
4.9 -13.9 1.9 54 0 1 3
4.9 -9 0.2 132 0 1 2
4.9 -8.9 0.2 114 0 1 2
4.9 -8.9 0.3 92 0 1 2
4.9 -8.9 0.4 45 0 1 2
4.9 -8.8 0.3 37 0 1 2
4.9 -8.6 0.2 42 0 1 2
4.9 -5.6 0.1 147 0 1 2
5 -13.9 2.1 47 0 1 3
5 -13.7 2.1 42 0 1 3
5 -9 0.4 109 0 1 2
5 -8.9 0.4 99 0 1 2
5 -8.9 0.5 85 0 1 2
5 -8.6 0.3 45 0 1 2
5 -8.6 0.4 48 0 1 2
5.1 -13 0.6 49 0 1 3
5.1 -9 0.4 127 0 1 2
5.1 -9 0.5 129 0 1 2
5.1 -8.8 0.5 56 0 1 2
5.1 -8.8 0.6 63 0 1 2
5.1 -8.6 0.5 54 0 1 2
5.1 -8.5 0.4 79 0 1 2
5.2 -13.8 2.3 65 0 1 3
5.2 -13.2 1.4 42 0 1 3
5.2 -13 0.8 53 0 1 3
5.2 -9 0.5 114 0 1 2
5.2 -8.8 0.6 117 0 1 2
5.2 -8.7 0.6 102 0 1 2
5.2 -8.6 0.5 114 0 1 2
5.2 -8.6 0.6 104 0 1 2
5.2 -8.5 0.5 108 0 1 2
5.3 -13.7 2.5 62 0 1 3
5.3 -13.3 1.7 57 0 1 3
5.3 -8.2 0.2 130 0 1 2
5.4 -9.1 0.6 98 0 1 2
5.4 -8.7 0.6 142 0 1 2
5.4 -8.6 0.6 137 0 1 2
5.4 -8.3 0.5 100 0 1 2
5.4 -8.2 0.3 103 0 1 2
5.4 -8.2 0.4 125 0 1 2
5.5 -20 0 84 0 1 1
5.5 -19.4 0 122 0 1 1
5.5 -18.7 0 72 0 1 1
5.5 -18.1 0 53 0 1 1
5.5 -17.4 0 45 0 1 1
5.5 -13.6 2.8 65 0 1 3
5.5 -13.2 2.1 55 0 1 3
5.5 -12.8 0.2 54 0 1 1
5.5 -12.1 0.2 54 0 1 1
5.5 -11.5 0.2 106 0 1 1
5.5 -10.8 0.2 136 0 1 1
5.5 -10.1 0.2 135 0 1 1
5.5 -8.5 0.6 118 0 1 2
5.5 -8.4 0.6 118 0 1 2
5.5 -8.3 0.3 110 0 1 2
5.5 -8.3 0.4 149 0 1 2
5.5 -8.3 0.5 107 0 1 2
5.5 -8.3 0.6 121 0 1 2
5.5 -8.2 0.2 141 0 1 1
5.5 -7.5 0.2 141 0 1 1
5.5 -6.9 0.2 136 0 1 1
5.5 -6.2 0.2 137 0 1 1
5.5 -5.6 0.2 135 0 1 1
5.6 -8.7 0.6 117 0 1 2
5.6 -8.6 0.6 134 0 1 2
5.7 -13.5 3.1 59 0 1 3
5.7 -13.3 2.9 57 0 1 3
5.7 -8.6 0.6 121 0 1 2
5.7 -8.4 0.4 127 0 1 2
5.8 -12.7 1.7 57 0 1 3
5.8 -12.5 1.2 46 0 1 3
5.8 -8.7 0.6 110 0 1 2
5.8 -8.6 0.6 141 0 1 2
5.8 -8.5 0.5 145 0 1 2
5.9 -13.4 3.3 47 0 1 3
5.9 -13.3 3.2 44 0 1 3
5.9 -13.2 3.1 36 0 1 3
5.9 -12.3 0.6 34 0 1 3
5.9 -8.5 0.2 125 0 1 2
5.9 -8.5 0.3 124 0 1 2
6 -13.2 3.4 38 0 1 3
6 -13.2 3.6 54 0 1 3
6 -12.9 2.4 36 0 1 3
6.1 -13.2 3.7 59 0 1 3
6.1 -13.1 3.3 29 0 1 3
6.1 -13 3.2 29 0 1 3
6.1 -12.1 0.2 44 0 1 1
6.1 -11.4 0.3 56 0 1 1
6.1 -10.8 0.3 122 0 1 1
6.1 -8.8 0.3 134 0 1 1
6.1 -8.2 0.2 144 0 1 1
6.1 -7.5 0.2 141 0 1 1
6.1 -6.9 0.2 137 0 1 1
6.1 -6.2 0.2 133 0 1 1
6.2 -20 0 85 0 1 1
6.2 -13.1 3.8 53 0 1 3
6.2 -13 3.2 42 0 1 3
6.3 -12.5 2.4 41 0 1 3
6.4 -12.9 3.6 42 0 1 3
6.4 -12.9 3.8 40 0 1 3
6.4 -12.7 3.2 28 0 1 3
6.5 -12.9 3.9 68 0 1 3
6.5 -12.6 3.1 29 0 1 3
6.5 -11.6 0.3 30 0 1 3
6.7 -12.9 4 96 0 1 3
6.8 -12.7 4 90 0 1 3
6.8 -12.5 3.5 34 0 1 3
6.8 -12.3 3.1 28 0 1 3
6.8 -11.8 1.8 36 0 1 3
6.8 -11.6 1.3 34 0 1 3
6.8 -9.5 0.3 150 0 1 1
6.8 -8.8 0.3 132 0 1 1
6.8 -8.2 0.3 150 0 1 1
6.8 -7.5 0.2 141 0 1 1
6.8 -6.9 0.2 134 0 1 1
6.9 -12.7 4.1 104 0 1 3
7.1 -12.8 4.2 79 0 1 3
7.2 -10.9 0.4 41 0 1 3
7.3 -11.6 2.5 30 0 1 3
7.5 -12.8 4.3 76 0 1 3
7.5 -10.1 0.3 143 0 1 1
7.5 -9.5 0.3 150 0 1 1
7.5 -8.8 0.3 143 0 1 1
7.5 -8.2 0.3 146 0 1 1
7.5 -7.5 0.3 126 0 1 1
7.8 -10.9 1.9 39 0 1 3
7.9 -12.9 4.4 78 0 1 3
7.9 -11.4 3.7 111 0 1 3
8 -12.9 4.5 91 0 1 3
8 -11.2 3.2 46 0 1 3
8.1 -9.5 0.3 140 0 1 1
8.1 -8.8 0.3 148 0 1 1
8.2 -12.9 4.5 78 0 1 3
8.2 -10.2 1 44 0 1 3
8.3 -10.1 1.2 45 0 1 3
8.5 -11.5 3.9 112 0 1 3
8.5 -10.5 2.6 46 0 1 3
8.7 -12.3 4.4 112 0 1 3
8.7 -11.6 4 111 0 1 3
8.7 -9.4 0.4 55 0 1 3
8.9 -12.3 4.4 104 0 1 3
8.9 -9.7 1.9 66 0 1 3
9.1 -11.7 4.1 101 0 1 3
9.1 -10 3.3 118 0 1 3
9.5 -11.7 4.3 89 0 1 3
9.7 -10.2 3.6 126 0 1 3
9.9 -11.5 4.3 121 0 1 3
9.9 -11.1 4.1 109 0 1 3
10.2 -11.2 4.3 120 0 1 3
10.4 -11.4 4.4 100 0 1 3
