-20 -6.7 0 94 0 1 1
-20 -5.9 0 93 0 1 1
-20 -5.1 0 89 0 1 1
-20 -4.4 0 92 0 1 1
-20 -3.6 0 92 0 1 1
-20 -2.8 0 87 0 1 1
-20 -2 0 91 0 1 1
-20 -1.2 0 89 0 1 1
-20 -0.4 0 97 0 1 1
-20 0.3 0 94 0 1 1
-20 1.1 0 88 0 1 1
-20 1.9 0 94 0 1 1
-20 2.7 0 95 0 1 1
-20 3.5 0 92 0 1 1
-20 4.3 0 91 0 1 1
-20 5 0 94 0 1 1
-20 5.8 0 91 0 1 1
-20 6.6 0 93 0 1 1
-20 7.4 0 93 0 1 1
-20 8.2 0 96 0 1 1
-20 9 0 93 0 1 1
-20 9.8 0 93 0 1 1
-20 10.5 0 94 0 1 1
-20 11.3 0 96 0 1 1
-20 20 0 86 0 1 1
-19.3 -6.7 0 139 0 1 1
-19.3 -5.9 0 149 0 1 1
-19.3 -5.1 0 143 0 1 1
-19.3 -4.4 0 145 0 1 1
-19.3 -3.6 0 135 0 1 1
-19.3 -2.8 0 126 0 1 1
-19.3 -2 0 144 0 1 1
-19.3 -1.2 0 146 0 1 1
-19.3 -0.4 0 141 0 1 1
-19.3 0.3 0 146 0 1 1
-19.3 1.1 0 143 0 1 1
-19.3 1.9 0 142 0 1 1
-19.3 2.7 0 138 0 1 1
-19.3 3.5 0 147 0 1 1
-19.3 4.3 0 149 0 1 1
-19.3 5 0 150 0 1 1
-19.3 5.8 0 149 0 1 1
-19.3 6.6 0 141 0 1 1
-19.3 7.4 0 148 0 1 1
-19.3 8.2 0 145 0 1 1
-19.3 9 0 147 0 1 1
-19.3 9.8 0 147 0 1 1
-19.3 10.5 0 149 0 1 1
-19.3 11.3 0 150 0 1 1
-19.3 19.2 0 138 0 1 1
-18.5 -5.9 0 145 0 1 1
-18.5 -5.1 0 150 0 1 1
-18.5 -4.4 0 152 0 1 1
-18.5 -3.6 0 150 0 1 1
-18.5 -2.8 0 139 0 1 1
-18.5 -2 0 146 0 1 1
-18.5 -1.2 0 147 0 1 1
-18.5 -0.4 0 138 0 1 1
-18.5 0.3 0 142 0 1 1
-18.5 1.1 0 149 0 1 1
-18.5 1.9 0 145 0 1 1
-18.5 2.7 0 146 0 1 1
-18.5 3.5 0 151 0 1 1
-18.5 4.3 0 144 0 1 1
-18.5 5 0 139 0 1 1
-18.5 5.8 0 148 0 1 1
-18.5 6.6 0 136 0 1 1
-18.5 7.4 0 140 0 1 1
-18.5 8.2 0 150 0 1 1
-18.5 9 0 151 0 1 1
-18.5 9.8 0 146 0 1 1
-18.5 10.5 0 147 0 1 1
-18.5 18.4 0 144 0 1 1
-17.7 -5.9 0 149 0 1 1
-17.7 -5.1 0 143 0 1 1
-17.7 -4.4 0 139 0 1 1
-17.7 -3.6 0 143 0 1 1
-17.7 -2.8 0 141 0 1 1
-17.7 -2 0 144 0 1 1
-17.7 -1.2 0 148 0 1 1
-17.7 -0.4 0 153 0 1 1
-17.7 0.3 0 145 0 1 1
-17.7 1.1 0 148 0 1 1
-17.7 1.9 0 152 0 1 1
-17.7 2.7 0 145 0 1 1
-17.7 3.5 0 151 0 1 1
-17.7 4.3 0 151 0 1 1
-17.7 5 0 145 0 1 1
-17.7 5.8 0 146 0 1 1
-17.7 6.6 0 145 0 1 1
-17.7 7.4 0 146 0 1 1
-17.7 8.2 0 144 0 1 1
-17.7 9 0 141 0 1 1
-17.7 9.8 0 151 0 1 1
-17.7 17.6 0 145 0 1 1
-16.9 -5.9 0 147 0 1 1
-16.9 -5.1 0 147 0 1 1
-16.9 -4.4 0 142 0 1 1
-16.9 -3.6 0 150 0 1 1
-16.9 -2.8 0 144 0 1 1
-16.9 -2 0 152 0 1 1
-16.9 -1.2 0 147 0 1 1
-16.9 -0.4 0 149 0 1 1
-16.9 0.3 0 149 0 1 1
-16.9 1.1 0 139 0 1 1
-16.9 1.9 0 147 0 1 1
-16.9 2.7 0 146 0 1 1
-16.9 3.5 0 148 0 1 1
-16.9 4.3 0 151 0 1 1
-16.9 5 0 149 0 1 1
-16.9 5.8 0 144 0 1 1
-16.9 6.6 0 147 0 1 1
-16.9 7.4 0 147 0 1 1
-16.9 8.2 0 151 0 1 1
-16.9 9 0 154 0 1 1
-16.9 9.8 0 148 0 1 1
-16.9 16.8 0 147 0 1 1
-16.1 -5.1 0 151 0 1 1
-16.1 -4.4 0 144 0 1 1
-16.1 -3.6 0 154 0 1 1
-16.1 -2.8 0 151 0 1 1
-16.1 -2 0 154 0 1 1
-16.1 -1.2 0 144 0 1 1
-16.1 -0.4 0 136 0 1 1
-16.1 0.3 0 134 0 1 1
-16.1 1.1 0 151 0 1 1
-16.1 1.9 0 140 0 1 1
-16.1 2.7 0 149 0 1 1
-16.1 3.5 0 142 0 1 1
-16.1 4.3 0 145 0 1 1
-16.1 5 0 148 0 1 1
-16.1 5.8 0 149 0 1 1
-16.1 6.6 0 149 0 1 1
-16.1 7.4 0 149 0 1 1
-16.1 8.2 0 144 0 1 1
-16.1 9 0 143 0 1 1
-16.1 16 0 147 0 1 1
-15.8 9.7 1.1 123 0 1 3
-15.8 10 1.2 121 0 1 3
-15.7 9.3 0.2 117 0 1 3
-15.7 9.5 1.1 89 0 1 3
-15.7 9.9 1.2 129 0 1 3
-15.7 10.2 1.2 110 0 1 3
-15.6 9.2 0.3 104 0 1 3
-15.6 9.4 0 111 0 1 3
-15.6 10.4 1.3 92 0 1 3
-15.5 9.3 1 123 0 1 3
-15.5 10.6 1.4 88 0 1 3
-15.4 9.1 0.4 134 0 1 3
-15.4 9.1 0.7 65 0 1 3
-15.4 9.1 1 74 0 1 3
-15.4 10.7 1.4 82 0 1 3
-15.3 -5.1 0 145 0 1 1
-15.3 -4.4 0 144 0 1 1
-15.3 -3.6 0 148 0 1 1
-15.3 -2.8 0 143 0 1 1
-15.3 -2 0 142 0 1 1
-15.3 -1.2 0 133 0 1 1
-15.3 -0.4 0 152 0 1 1
-15.3 0.3 0 153 0 1 1
-15.3 1.1 0 143 0 1 1
-15.3 1.9 0 147 0 1 1
-15.3 2.7 0 149 0 1 1
-15.3 3.5 0 153 0 1 1
-15.3 4.3 0 151 0 1 1
-15.3 5 0 153 0 1 1
-15.3 5.8 0 151 0 1 1
-15.3 6.6 0 149 0 1 1
-15.3 7.4 0 151 0 1 1
-15.3 8.2 0 153 0 1 1
-15.3 9 0 146 0 1 1
-15.3 10.8 1.4 135 0 1 3
-15.3 10.9 1.4 123 0 1 3
-15.3 15.2 0 143 0 1 1
-15 8.9 0.9 58 0 1 3
-15 9.8 1.2 137 0 1 3
-14.9 8.9 0.4 58 0 1 3
-14.9 8.9 0.7 59 0 1 3
-14.9 8.9 1 127 0 1 3
-14.9 10.3 1.4 133 0 1 3
-14.8 8.8 0.3 59 0 1 3
-14.8 9.7 1.2 136 0 1 3
-14.8 10.5 1.4 130 0 1 3
-14.8 10.6 1.4 127 0 1 3
-14.7 8.8 0.8 60 0 1 3
-14.6 -4.4 0 148 0 1 1
-14.6 -3.6 0 141 0 1 1
-14.6 -2.8 0 143 0 1 1
-14.6 -2 0 145 0 1 1
-14.6 -1.2 0 144 0 1 1
-14.6 -0.4 0 147 0 1 1
-14.6 0.3 0 141 0 1 1
-14.6 1.1 0 154 0 1 1
-14.6 1.9 0 133 0 1 1
-14.6 2.7 0 153 0 1 1
-14.6 3.5 0 153 0 1 1
-14.6 4.3 0 152 0 1 1
-14.6 5 0 150 0 1 1
-14.6 5.8 0 155 0 1 1
-14.6 6.6 0 157 0 1 1
-14.6 7.4 0 150 0 1 1
-14.6 8.2 0 153 0 1 1
-14.6 8.7 0.6 61 0 1 3
-14.6 8.7 0.9 60 0 1 3
-14.6 14.5 0 143 0 1 1
-14.5 8.7 0.4 59 0 1 3
-14.5 8.7 0.7 56 0 1 3
-14.5 8.7 1 118 0 1 3
-14.4 9.5 1.2 139 0 1 3
-14.4 11.7 1.1 110 0 1 3
-14.3 8.6 0.3 59 0 1 3
-14.3 8.6 0.5 59 0 1 3
-14.3 8.6 0.8 98 0 1 3
-14.3 9.5 1.2 137 0 1 3
-14.3 11.1 1.2 157 0 1 3
-14.2 10.2 1.4 132 0 1 3
-14.2 10.3 1.4 95 0 1 3
-14.1 8.5 0.6 76 0 1 3
-14.1 8.6 0.3 60 0 1 3
-14.1 8.6 0.4 57 0 1 3
-14 8.6 0 55 0 1 3
-13.9 8.6 0.2 58 0 1 3
-13.9 10.5 1.2 149 0 1 3
-13.8 -4.4 0 111 0 1 1
-13.8 -3.6 0 153 0 1 1
-13.8 -2.8 0 150 0 1 1
-13.8 -2 0 143 0 1 1
-13.8 -1.2 0 148 0 1 1
-13.8 -0.4 0 143 0 1 1
-13.8 0.3 0 148 0 1 1
-13.8 1.1 0 157 0 1 1
-13.8 1.9 0 150 0 1 1
-13.8 2.7 0 129 0 1 1
-13.8 3.5 0 155 0 1 1
-13.8 4.3 0 139 0 1 1
-13.8 5 0 134 0 1 1
-13.8 5.8 0 156 0 1 1
-13.8 6.6 0 151 0 1 1
-13.8 8.2 0 151 0 1 1
-13.8 10.8 1.2 99 0 1 3
-13.8 13.7 0 155 0 1 1
-13.7 8.8 0.4 150 0 1 3
-13.7 10.8 1.2 124 0 1 3
-13.6 10.7 1.1 136 0 1 3
-13.5 8.8 0.1 132 0 1 3
-13.5 9.6 0.5 135 0 1 3
-13.4 11 1.1 100 0 1 3
-13.3 11.3 1.1 108 0 1 3
-13.2 9.9 0.4 159 0 1 3
-13.2 11.3 1 142 0 1 3
-13.1 10 0.4 157 0 1 3
-13.1 11.3 0.9 156 0 1 3
-13.1 11.6 1 128 0 1 3
-13.1 11.7 0.9 116 0 1 3
-13 -4.4 0 152 0 1 1
-13 -3.6 0 140 0 1 1
-13 -2.8 0 144 0 1 1
-13 -2 0 150 0 1 1
-13 -1.2 0 154 0 1 1
-13 -0.4 0 147 0 1 1
-13 0.3 0 145 0 1 1
-13 1.1 -0.1 149 0 1 4
-13 1.3 -0.1 119 0 1 4
-13 1.5 -0.2 120 0 1 4
-13 1.7 -0.3 146 0 1 4
-13 1.9 -0.4 109 0 1 4
-13 2.1 -0.4 135 0 1 4
-13 2.3 -0.4 138 0 1 4
-13 2.5 -0.4 140 0 1 4
-13 2.7 -0.4 146 0 1 4
-13 2.9 -0.4 149 0 1 4
-13 3.1 -0.4 142 0 1 4
-13 3.3 -0.4 136 0 1 4
-13 3.5 -0.4 140 0 1 4
-13 3.7 -0.3 153 0 1 4
-13 3.9 -0.2 92 0 1 4
-13 4.3 -0.1 147 0 1 4
-13 5 0 155 0 1 1
-13 5.8 0 155 0 1 1
-13 8.2 0 148 0 1 1
-13 9 0 152 0 1 1
-13 12.2 0.8 114 0 1 3
-13 12.3 0.7 141 0 1 3
-13 12.4 0 144 0 1 3
-13 12.9 0 156 0 1 1
-12.9 12 0.8 146 0 1 3
-12.9 12.2 0.6 140 0 1 3
-12.8 1.1 -0.1 149 0 1 4
-12.8 1.3 -0.3 116 0 1 4
-12.8 1.5 -0.4 92 0 1 4
-12.8 1.7 -0.5 83 0 1 4
-12.8 1.9 -0.6 106 0 1 4
-12.8 2.1 -0.6 120 0 1 4
-12.8 2.3 -0.6 112 0 1 4
-12.8 2.5 -0.6 115 0 1 4
-12.8 2.7 -0.6 124 0 1 4
-12.8 2.9 -0.6 130 0 1 4
-12.8 3.1 -0.6 134 0 1 4
-12.8 3.3 -0.6 122 0 1 4
-12.8 3.5 -0.6 123 0 1 4
-12.8 3.7 -0.5 102 0 1 4
-12.8 3.9 -0.4 111 0 1 4
-12.8 10.6 0.4 145 0 1 3
-12.8 11.9 0.8 153 0 1 3
-12.8 12 0.7 147 0 1 3
-12.8 12.2 0.6 143 0 1 3
-12.8 12.2 0.7 134 0 1 3
-12.8 12.3 0.2 135 0 1 3
-12.8 12.3 0.3 138 0 1 3
-12.8 12.3 0.5 138 0 1 3
-12.7 11.9 0.8 155 0 1 3
-12.7 12 0.7 148 0 1 3
-12.7 12.1 0.6 123 0 1 3
-12.6 1.1 -0.2 125 0 1 4
-12.6 1.3 -0.4 94 0 1 4
-12.6 1.5 -0.5 109 0 1 4
-12.6 1.7 -0.7 99 0 1 4
-12.6 3.7 -0.7 108 0 1 4
-12.6 3.9 -0.5 109 0 1 4
-12.6 4.1 -0.4 107 0 1 4
-12.6 4.3 -0.2 150 0 1 4
-12.6 11.9 0.2 93 0 1 3
-12.6 11.9 0.3 124 0 1 3
-12.6 11.9 0.7 143 0 1 3
-12.5 11.7 0.5 131 0 1 3
-12.5 11.8 0.4 116 0 1 3
-12.5 11.8 0.5 139 0 1 3
-12.4 4.3 -0.3 110 0 1 4
-12.4 11.1 0.2 159 0 1 3
-12.4 11.5 0.3 135 0 1 3
-12.3 10.9 0 160 0 1 3
-12.3 11.4 0.2 121 0 1 3
-12.3 11.5 0.2 135 0 1 3
-12.2 -3.6 0 147 0 1 1
-12.2 -2.8 0 150 0 1 1
-12.2 -2 0 154 0 1 1
-12.2 -1.2 0 155 0 1 1
-12.2 -0.4 0 147 0 1 1
-12.2 0.3 0 137 0 1 1
-12.2 1.1 -0.4 138 0 1 4
-12.2 4.3 -0.4 77 0 1 4
-12.2 5 0 151 0 1 1
-12.2 7.4 0 143 0 1 1
-12.2 8.2 0 150 0 1 1
-12.2 9 0 151 0 1 1
-12.2 9.8 0 152 0 1 1
-12.2 10.5 0 147 0 1 1
-12.2 11.3 0 150 0 1 1
-12.2 12.1 0 143 0 1 1
-11.8 1.1 -0.4 122 0 1 4
-11.8 4.3 -0.4 133 0 1 4
-11.4 -3.6 0 136 0 1 1
-11.4 -2.8 0 138 0 1 1
-11.4 -2 0 139 0 1 1
-11.4 -1.2 0 141 0 1 1
-11.4 -0.4 0 157 0 1 1
-11.4 0.3 0 150 0 1 1
-11.4 1.1 -0.4 142 0 1 4
-11.4 4.3 -0.4 105 0 1 4
-11.4 5 0 159 0 1 1
-11.4 7.4 0 155 0 1 1
-11.4 8.2 0 154 0 1 1
-11.4 9 0 149 0 1 1
-11.4 9.8 0 153 0 1 1
-11.4 10.5 0 146 0 1 1
-11.4 11.3 0 159 0 1 1
-11 4.3 -0.4 115 0 1 4
-10.9 5.2 0.4 152 0 1 2
-10.9 5.5 0.4 140 0 1 2
-10.9 6.1 0.4 156 0 1 2
-10.8 5.1 0.1 143 0 1 2
-10.8 5.1 0.2 143 0 1 2
-10.8 5.2 0.3 142 0 1 2
-10.8 5.2 0.4 136 0 1 2
-10.8 5.3 0.4 152 0 1 2
-10.8 5.4 0.4 145 0 1 2
-10.8 5.5 0.4 156 0 1 2
-10.8 5.8 0.5 152 0 1 2
-10.8 5.9 0.5 154 0 1 2
-10.8 6.3 0.3 151 0 1 2
-10.7 4.9 -0.1 152 0 1 2
-10.7 5.5 0.5 142 0 1 2
-10.7 5.8 0.4 163 0 1 2
-10.7 5.8 0.5 159 0 1 2
-10.7 5.9 0.5 156 0 1 2
-10.7 6 0.4 154 0 1 2
-10.7 6.1 0.3 158 0 1 2
-10.7 6.3 0.2 150 0 1 2
-10.7 6.3 0.3 152 0 1 2
-10.6 -3.6 0 135 0 1 1
-10.6 -2.8 0 151 0 1 1
-10.6 -2 0 135 0 1 1
-10.6 -0.4 0 151 0 1 1
-10.6 0.3 0 150 0 1 1
-10.6 4.9 0 103 0 1 2
-10.6 4.9 0.1 156 0 1 2
-10.6 5.3 0.4 154 0 1 2
-10.6 5.4 0.4 157 0 1 2
-10.6 5.5 0.4 150 0 1 2
-10.6 5.6 0.4 161 0 1 2
-10.6 5.8 0.3 158 0 1 2
-10.6 6 0.3 135 0 1 2
-10.6 6.2 0.3 154 0 1 2
-10.6 6.3 0.2 144 0 1 2
-10.6 6.6 0 137 0 1 1
-10.6 8.2 0 152 0 1 1
-10.6 9 0 151 0 1 1
-10.6 9.8 0 151 0 1 1
-10.6 10.5 0 156 0 1 1
-10.5 5.1 0.2 152 0 1 2
-10.5 5.3 0.3 133 0 1 2
-10.5 5.3 0.4 157 0 1 2
-10.5 5.5 0.3 164 0 1 2
-10.5 5.9 0.2 159 0 1 2
-10.5 6.2 0.2 154 0 1 2
-10.4 4.9 0 104 0 1 2
-10.4 5.2 0.3 149 0 1 2
-10.4 5.4 0.2 163 0 1 2
-10.4 5.7 0.2 154 0 1 2
-10.4 5.8 0.2 159 0 1 2
-10.4 5.9 0.1 154 0 1 2
-10.4 6.2 0.1 162 0 1 2
-10.4 6.3 0.1 144 0 1 2
-10.3 4.3 -0.2 124 0 1 4
-10.3 4.9 0 105 0 1 2
-10.3 5 0 149 0 1 2
-10.3 5 0.1 151 0 1 2
-10.3 5.1 0.1 142 0 1 2
-10.3 5.2 0.2 162 0 1 2
-10.3 5.3 0.2 167 0 1 2
-10.3 5.6 0.2 162 0 1 2
-10.3 6.2 0 114 0 1 2
-10.3 6.3 0 143 0 1 2
-10.2 5 0 150 0 1 2
-10.2 5.2 0.1 140 0 1 2
-10.2 5.3 0.1 147 0 1 2
-10.2 5.5 0 152 0 1 2
-10.2 5.5 0.1 153 0 1 2
-10.2 5.6 0 157 0 1 2
-10.2 5.6 0.1 161 0 1 2
-10.2 5.8 0 148 0 1 2
-10.2 5.9 0 155 0 1 2
-10.2 6.1 0 123 0 1 2
-10.2 6.2 -0.1 154 0 1 2
-9.9 -2.8 0 153 0 1 1
-9.9 -2 0 156 0 1 1
-9.9 -0.4 0 157 0 1 1
-9.9 0.3 0 148 0 1 1
-9.9 1.1 -0.1 144 0 1 4
-9.9 1.5 -0.2 137 0 1 4
-9.9 4.3 -0.1 133 0 1 4
-9.9 5 0 157 0 1 1
-9.9 5.8 0 153 0 1 1
-9.9 8.2 0 159 0 1 1
-9.9 9 0 155 0 1 1
-9.9 9.8 0 156 0 1 1
-9.2 -1.2 0.2 130 0 1 2
-9.2 6.1 0.2 139 0 1 2
-9.2 6.2 0.3 144 0 1 2
-9.1 -2.8 0 126 0 1 1
-9.1 -2 0 138 0 1 1
-9.1 -1.4 0.2 140 0 1 2
-9.1 -1.3 0.2 114 0 1 2
-9.1 -1 0.3 157 0 1 2
-9.1 -0.9 0.3 153 0 1 2
-9.1 -0.4 0 132 0 1 1
-9.1 0.3 0 142 0 1 1
-9.1 1.1 0 130 0 1 1
-9.1 1.9 0 143 0 1 1
-9.1 2.7 0 140 0 1 1
-9.1 3.5 0 101 0 1 1
-9.1 4.3 0 138 0 1 1
-9.1 5 0 130 0 1 1
-9.1 5.8 0.2 148 0 1 2
-9.1 5.9 0.2 139 0 1 2
-9.1 6 0.2 137 0 1 2
-9.1 6.3 0.3 140 0 1 2
-9.1 7.4 0 156 0 1 1
-9.1 8.2 0 160 0 1 1
-9.1 9 0 150 0 1 1
-9 -1.5 0.1 154 0 1 2
-9 -1.5 0.2 147 0 1 2
-9 -0.9 0.3 150 0 1 2
-9 5.8 0 59 0 1 2
-9 5.8 0.1 148 0 1 2
-9 5.8 0.2 149 0 1 2
-9 6.1 0.3 134 0 1 2
-9 6.2 0.3 136 0 1 2
-9 6.4 0.3 152 0 1 2
-8.9 -1.5 0.1 146 0 1 2
-8.9 -1.3 0.3 125 0 1 2
-8.9 -1 0.3 148 0 1 2
-8.9 -0.9 0.3 134 0 1 2
-8.9 -0.8 0.3 141 0 1 2
-8.9 5.8 0.1 146 0 1 2
-8.9 6 0.3 134 0 1 2
-8.9 6.2 0.3 135 0 1 2
-8.9 6.3 0.3 142 0 1 2
-8.9 6.4 0.3 150 0 1 2
-8.8 -1.5 0 124 0 1 2
-8.8 -1.1 0.3 136 0 1 2
-8.8 -0.7 0.2 141 0 1 2
-8.8 5.7 0 98 0 1 2
-8.8 6.1 0.3 136 0 1 2
-8.7 -1.4 0.1 138 0 1 2
-8.7 -1.1 0.3 134 0 1 2
-8.7 -0.9 0.3 150 0 1 2
-8.7 -0.7 0 142 0 1 2
-8.7 -0.7 0.1 136 0 1 2
-8.7 5.9 0.1 134 0 1 2
-8.7 6.1 0.3 136 0 1 2
-8.7 6.3 0.3 154 0 1 2
-8.6 -2.9 0.3 103 0 1 3
-8.6 -1.4 0.1 145 0 1 2
-8.6 -1.3 0.1 142 0 1 2
-8.6 -1.1 0.2 126 0 1 2
-8.6 -1.1 0.3 144 0 1 2
-8.6 -0.8 0.2 137 0 1 2
-8.6 -0.7 0.1 108 0 1 2
-8.6 -0.7 0.2 132 0 1 2
-8.6 5.9 0.1 148 0 1 2
-8.6 6.1 0.2 141 0 1 2
-8.6 6.2 0.3 149 0 1 2
-8.6 6.5 0.2 148 0 1 2
-8.5 -3 0.8 147 0 1 3
-8.5 -1.3 0.1 125 0 1 2
-8.5 -1.1 0.2 95 0 1 2
-8.5 -1 0.2 145 0 1 2
-8.5 6 0.1 127 0 1 2
-8.5 6.2 0.2 95 0 1 2
-8.4 -3.1 1.3 82 0 1 3
-8.4 -2.9 0.6 131 0 1 3
-8.4 -1.1 0.2 124 0 1 2
-8.4 -1 0.2 143 0 1 2
-8.4 -0.9 0.2 141 0 1 2
-8.4 -0.7 0 103 0 1 2
-8.4 -0.7 0.1 99 0 1 2
-8.4 6.2 0.2 120 0 1 2
-8.4 6.3 0.2 146 0 1 2
-8.4 6.6 0 136 0 1 2
-8.4 6.6 0.1 133 0 1 2
-8.3 -2.8 0 132 0 1 1
-8.3 -2 0 145 0 1 1
-8.3 -1.3 0 127 0 1 2
-8.3 -1.2 0 146 0 1 2
-8.3 -1.1 0 128 0 1 2
-8.3 -1.1 0.1 136 0 1 2
-8.3 -1 0 94 0 1 2
-8.3 -1 0.2 157 0 1 2
-8.3 -0.9 0 76 0 1 2
-8.3 -0.9 0.1 156 0 1 2
-8.3 -0.9 0.2 156 0 1 2
-8.3 -0.8 0 124 0 1 2
-8.3 -0.8 0.1 142 0 1 2
-8.3 -0.8 0.2 153 0 1 2
-8.3 -0.7 0.1 132 0 1 2
-8.3 -0.4 0 147 0 1 1
-8.3 0.3 0 154 0 1 1
-8.3 1.1 0 160 0 1 1
-8.3 1.9 0 147 0 1 1
-8.3 2.7 0 145 0 1 1
-8.3 3.5 0 141 0 1 1
-8.3 4.3 0 152 0 1 1
-8.3 5 0 160 0 1 1
-8.3 5.8 0 160 0 1 1
-8.3 6 0 139 0 1 2
-8.3 6.1 0 147 0 1 2
-8.3 6.1 0.1 128 0 1 2
-8.3 6.2 0 87 0 1 2
-8.3 6.2 0.1 122 0 1 2
-8.3 6.2 0.2 140 0 1 2
-8.3 6.3 0.2 154 0 1 2
-8.3 6.4 0 95 0 1 2
-8.3 6.4 0.1 153 0 1 2
-8.3 6.4 0.2 154 0 1 2
-8.3 6.5 0 129 0 1 2
-8.3 6.5 0.1 143 0 1 2
-8.3 6.5 0.2 157 0 1 2
-8.3 6.6 0 159 0 1 1
-8.3 7.4 0 155 0 1 1
-8.3 8.2 0 156 0 1 1
-8.2 -3.5 1.9 97 0 1 3
-8.2 -3.3 1.8 110 0 1 3
-8.2 -1 0 114 0 1 2
-8.2 -1 0.1 135 0 1 2
-8.2 -0.9 0 117 0 1 2
-8.2 -0.9 0.1 154 0 1 2
-8.2 6.2 0 115 0 1 2
-8.2 6.2 0.1 120 0 1 2
-8.2 6.3 0 127 0 1 2
-8.2 6.3 0.1 143 0 1 2
-8.2 6.4 0.1 136 0 1 2
-8.1 -5 2.1 140 0 1 3
-8.1 -3.9 2 107 0 1 3
-7.9 -5.1 2.1 148 0 1 3
-7.5 -2.8 0 144 0 1 1
-7.5 -2 0 156 0 1 1
-7.5 -1.2 0 147 0 1 1
-7.5 -0.4 0 145 0 1 1
-7.5 0.3 0 158 0 1 1
-7.5 1.1 0 153 0 1 1
-7.5 1.9 0 142 0 1 1
-7.5 2.7 0 132 0 1 1
-7.5 3.5 0 157 0 1 1
-7.5 4.3 0 156 0 1 1
-7.5 5 0 152 0 1 1
-7.5 5.8 0 93 0 1 1
-7.5 6.6 0 162 0 1 1
-7.5 7.4 0 154 0 1 1
-7.3 -3.1 1.7 139 0 1 3
-7.1 -5.2 2.1 151 0 1 3
-7 -4 2 156 0 1 3
-7 -2.6 0.3 123 0 1 3
-7 -2.5 0.4 148 0 1 3
-6.9 -6.3 1.7 92 0 1 3
-6.9 -3 1.7 131 0 1 3
-6.8 -5.2 2.1 128 0 1 4
-6.7 -3.6 0 145 0 1 1
-6.7 -2.8 0 147 0 1 1
-6.7 -2.8 1.5 137 0 1 3
-6.7 -2.5 1.2 113 0 1 3
-6.7 -2.3 0.7 101 0 1 3
-6.7 -2 0 163 0 1 1
-6.7 -1.2 0 146 0 1 1
-6.7 -0.4 0 148 0 1 1
-6.7 0.3 0 147 0 1 1
-6.7 1.1 0 162 0 1 1
-6.7 1.9 0 144 0 1 1
-6.7 2.7 0 139 0 1 1
-6.7 3.5 0 146 0 1 1
-6.7 4.3 0 143 0 1 1
-6.7 5 0 108 0 1 1
-6.7 5.8 0 124 0 1 1
-6.7 6.6 0 158 0 1 1
-6.6 -3 1.7 149 0 1 3
-6.6 -2.8 1.4 140 0 1 3
-6.6 -2.6 1.3 144 0 1 3
-6.5 -6 1.7 119 0 1 3
-6.4 -5.9 1.6 144 0 1 3
-6.4 -2.5 1.3 131 0 1 3
-6.3 -5.7 1.5 114 0 1 3
-6.3 -4.3 2 145 0 1 3
-6.2 -5.8 1.5 114 0 1 3
-6.2 -5.7 1.9 109 0 1 3
-6.2 -5.2 2.1 142 0 1 3
-6.2 -3.5 1.9 141 0 1 3
-6.2 -2.5 0.6 61 0 1 3
-6.1 -5.4 2 89 0 1 3
-6.1 -4.6 1.9 147 0 1 3
-6 -5.5 1.5 118 0 1 3
-6 -5.1 1.8 139 0 1 3
-6 -3.3 1.3 158 0 1 3
-5.9 -5.9 0 150 0 1 1
-5.9 -5.4 1.4 143 0 1 3
-5.9 -5.1 0 147 0 1 1
-5.9 -4.4 0 132 0 1 1
-5.9 -3.6 0 154 0 1 1
-5.9 -2.8 -0.1 148 0 1 4
-5.9 -2.4 -0.2 144 0 1 4
-5.9 -2 -0.3 86 0 1 4
-5.9 -1.6 -0.3 137 0 1 4
-5.9 -1.2 -0.3 123 0 1 4
-5.9 -0.8 -0.3 120 0 1 4
-5.9 -0.4 -0.3 89 0 1 4
-5.9 -0.1 -0.2 153 0 1 4
-5.9 0.3 -0.1 147 0 1 4
-5.9 1.1 0 148 0 1 1
-5.9 3.5 0 165 0 1 1
-5.9 4.3 0 136 0 1 1
-5.9 5 0 148 0 1 1
-5.9 5.8 0 148 0 1 1
-5.8 -5.2 1.4 149 0 1 3
-5.8 -5.1 1.4 152 0 1 3
-5.8 -2.8 1.3 155 0 1 3
-5.8 -2.7 1.2 140 0 1 3
-5.8 1.7 0.1 138 0 1 2
-5.8 1.7 0.2 154 0 1 2
-5.8 1.8 0.2 136 0 1 2
-5.8 1.9 0.2 161 0 1 2
-5.7 1.6 0 57 0 1 2
-5.7 1.6 0.1 137 0 1 2
-5.7 1.7 0.2 125 0 1 2
-5.7 1.8 0.2 132 0 1 2
-5.7 1.9 0.2 143 0 1 2
-5.6 -3.8 0.1 141 0 1 2
-5.6 -3.6 0 117 0 1 2
-5.6 -3.4 0 144 0 1 2
-5.6 -3.3 0 80 0 1 2
-5.6 -3.2 0 91 0 1 2
-5.6 -2.6 0.6 141 0 1 3
-5.6 1.6 0 67 0 1 2
-5.6 2 0.2 137 0 1 2
-5.5 -3.3 0.1 152 0 1 2
-5.5 -3.2 0 150 0 1 2
-5.5 -3.2 0.1 135 0 1 2
-5.5 -3 1.2 159 0 1 3
-5.5 -2.8 -0.2 108 0 1 4
-5.5 -2.4 -0.4 87 0 1 4
-5.5 -2 -0.6 78 0 1 4
-5.5 -1.6 -0.6 90 0 1 4
-5.5 -1.2 -0.6 93 0 1 4
-5.5 -0.8 -0.6 92 0 1 4
-5.5 -0.5 -0.6 117 0 1 4
-5.5 -0.1 -0.4 111 0 1 4
-5.5 0.3 -0.2 120 0 1 4
-5.5 1.6 0 59 0 1 2
-5.5 1.6 0.1 99 0 1 2
-5.5 1.7 0.2 120 0 1 2
-5.5 2 0.3 141 0 1 2
-5.4 -3.9 0.1 144 0 1 2
-5.4 -3.7 0.1 136 0 1 2
-5.4 -3.6 0.1 127 0 1 2
-5.4 -3.5 0.1 99 0 1 2
-5.4 -3.4 0.1 136 0 1 2
-5.4 -3.3 1.2 154 0 1 3
-5.4 -3.2 0 101 0 1 2
-5.4 -3.2 0.1 145 0 1 2
-5.4 1.6 0 59 0 1 2
-5.4 1.6 0.1 80 0 1 2
-5.4 1.7 0.2 113 0 1 2
-5.4 1.9 0.3 139 0 1 2
-5.3 -5.3 1.3 143 0 1 3
-5.3 -3.8 0.1 132 0 1 2
-5.3 -3.2 0 106 0 1 2
-5.3 -2.8 0.5 118 0 1 3
-5.3 1.6 0 114 0 1 2
-5.3 1.6 0.1 94 0 1 2
-5.3 1.7 0.2 112 0 1 2
-5.3 2.1 0.3 145 0 1 2
-5.2 -4.6 1.2 152 0 1 3
-5.2 -4.3 1.2 134 0 1 3
-5.2 -4 0.1 138 0 1 2
-5.2 -3.2 0 151 0 1 2
-5.2 -3.1 0.5 136 0 1 3
-5.2 -3 0.3 128 0 1 3
-5.2 1.7 -0.1 129 0 1 2
-5.2 1.7 0.1 115 0 1 2
-5.2 1.7 0.2 120 0 1 2
-5.2 1.7 0.3 107 0 1 2
-5.2 1.8 0.3 118 0 1 2
-5.2 1.9 0.3 140 0 1 2
-5.2 2 0.3 148 0 1 2
-5.2 2.2 0.3 163 0 1 2
-5.2 2.4 0 79 0 1 2
-5.1 -5.1 0 115 0 1 1
-5.1 -5.1 1.2 166 0 1 3
-5.1 -5 1 157 0 1 3
-5.1 -4.4 0 142 0 1 1
-5.1 -3.9 0.1 138 0 1 2
-5.1 -3.4 0 134 0 1 2
-5.1 -3.2 0 157 0 1 2
-5.1 -2.8 -0.3 97 0 1 4
-5.1 -2.4 -0.6 91 0 1 4
-5.1 -2 -1 109 0 1 4
-5.1 -1.6 -1 106 0 1 4
-5.1 -1.2 -1 92 0 1 4
-5.1 -0.9 -1 106 0 1 4
-5.1 -0.5 -1 94 0 1 4
-5.1 -0.1 -0.6 73 0 1 4
-5.1 0.3 -0.3 131 0 1 4
-5.1 1.1 0 139 0 1 1
-5.1 1.7 0 63 0 1 2
-5.1 1.8 0.1 120 0 1 2
-5.1 1.8 0.3 116 0 1 2
-5.1 2.1 0.3 152 0 1 2
-5.1 2.4 0 134 0 1 2
-5.1 2.4 0.1 125 0 1 2
-5.1 2.4 0.2 124 0 1 2
-5.1 2.7 0 128 0 1 1
-5.1 3.5 0 129 0 1 1
-5.1 4.3 0 163 0 1 1
-5.1 5 0 140 0 1 1
-5 -5 0.3 159 0 1 3
-5 -3.9 0.1 152 0 1 2
-5 -3.8 0.1 141 0 1 2
-5 -3.6 0 136 0 1 2
-5 -3.5 0 159 0 1 2
-5 -3.2 0 153 0 1 2
-5 1.8 0 45 0 1 2
-5 1.8 0.2 116 0 1 2
-5 1.9 0.1 121 0 1 2
-5 1.9 0.3 141 0 1 2
-5 2 0.3 142 0 1 2
-5 2.2 0 89 0 1 2
-5 2.2 0.2 129 0 1 2
-5 2.3 0.1 131 0 1 2
-5 2.3 0.2 130 0 1 2
-5 2.4 0.1 119 0 1 2
-5 2.4 0.2 135 0 1 2
-4.9 -4.5 0.4 141 0 1 3
-4.9 -3.8 0 148 0 1 2
-4.9 -3.8 0.1 147 0 1 2
-4.9 -3.7 0 154 0 1 2
-4.9 1.9 -0.1 122 0 1 2
-4.9 1.9 0.1 129 0 1 2
-4.9 1.9 0.3 138 0 1 2
-4.9 2 0 129 0 1 2
-4.9 2 0.1 130 0 1 2
-4.9 2 0.2 147 0 1 2
-4.9 2 0.3 147 0 1 2
-4.9 2.1 0 85 0 1 2
-4.9 2.1 0.1 121 0 1 2
-4.9 2.1 0.2 144 0 1 2
-4.9 2.2 0.1 108 0 1 2
-4.9 2.2 0.2 133 0 1 2
-4.8 -3.7 0 149 0 1 2
-4.8 -3.6 0 154 0 1 2
-4.8 -3.2 -0.1 158 0 1 2
-4.8 -2.8 -0.3 58 0 1 4
-4.8 -2.4 -0.6 74 0 1 4
-4.8 -2 -1 67 0 1 4
-4.8 -1.6 -1 70 0 1 4
-4.8 -1.2 -1 104 0 1 4
-4.8 -0.9 -1 102 0 1 4
-4.8 -0.5 -1 61 0 1 4
-4.8 -0.1 -0.6 99 0 1 4
-4.8 0.3 -0.3 132 0 1 4
-4.7 -3.7 -0.1 142 0 1 2
-4.7 -3.6 -0.1 165 0 1 2
-4.7 -3.3 -0.1 161 0 1 2
-4.6 -3.5 -0.1 117 0 1 2
-4.6 -3.4 -0.1 124 0 1 2
-4.4 -4.4 0 148 0 1 1
-4.4 -3.6 0 156 0 1 1
-4.4 -2.8 -0.3 102 0 1 4
-4.4 -2.4 -0.6 60 0 1 4
-4.4 -0.1 -0.6 57 0 1 4
-4.4 0.3 -0.3 103 0 1 4
-4.4 1.1 0 156 0 1 1
-4.4 1.9 0 150 0 1 1
-4.4 2.7 0 139 0 1 1
-4.4 3.5 0 157 0 1 1
-4.4 4.3 0 156 0 1 1
-4 -2.8 -0.3 142 0 1 4
-4 -2.4 -0.6 88 0 1 4
-4 -0.1 -0.6 69 0 1 4
-4 0.3 -0.3 106 0 1 4
-3.6 -3.6 0 167 0 1 1
-3.6 -2.8 -0.3 140 0 1 4
-3.6 0.3 -0.3 123 0 1 4
-3.6 1.1 0 100 0 1 1
-3.6 1.9 0 149 0 1 1
-3.6 2.7 0 159 0 1 1
-3.6 3.5 0 124 0 1 1
-3.2 -2.8 -0.2 89 0 1 4
-3.2 0.3 -0.2 141 0 1 4
