-20 -19.3 0 88 0 1 1
-20 -18.5 0 92 0 1 1
-20 -17.7 0 92 0 1 1
-20 -16.9 0 93 0 1 1
-20 -16.1 0 94 0 1 1
-20 -15.3 0 89 0 1 1
-20 -14.6 0 92 0 1 1
-20 -13.8 0 87 0 1 1
-20 -13 0 94 0 1 1
-20 -12.2 0 92 0 1 1
-20 -11.4 0 93 0 1 1
-20 -10.6 0 89 0 1 1
-20 -9.9 0 93 0 1 1
-20 -9.1 0 84 0 1 1
-20 -8.3 0 87 0 1 1
-20 -7.5 0 91 0 1 1
-20 -6.7 0 94 0 1 1
-20 -5.9 0 93 0 1 1
-20 -5.1 0 89 0 1 1
-20 -4.4 0 92 0 1 1
-20 -3.6 0 92 0 1 1
-20 -2.8 0 87 0 1 1
-20 -2 0 91 0 1 1
-20 -1.2 0 89 0 1 1
-20 -0.4 0 97 0 1 1
-20 0.3 0 94 0 1 1
-20 1.1 0 88 0 1 1
-20 1.9 0 94 0 1 1
-20 2.7 0 95 0 1 1
-20 3.5 0 92 0 1 1
-20 4.3 0 91 0 1 1
-20 13.7 0 92 0 1 1
-20 14.5 0 92 0 1 1
-20 15.2 0 90 0 1 1
-20 16 0 93 0 1 1
-20 16.8 0 90 0 1 1
-20 17.6 0 92 0 1 1
-20 18.4 0 92 0 1 1
-20 19.2 0 94 0 1 1
-20 20 0 86 0 1 1
-19.3 -18.5 0 145 0 1 1
-19.3 -17.7 0 146 0 1 1
-19.3 -16.9 0 143 0 1 1
-19.3 -16.1 0 137 0 1 1
-19.3 -15.3 0 140 0 1 1
-19.3 -14.6 0 141 0 1 1
-19.3 -13.8 0 144 0 1 1
-19.3 -13 0 146 0 1 1
-19.3 -12.2 0 134 0 1 1
-19.3 -11.4 0 144 0 1 1
-19.3 -10.6 0 142 0 1 1
-19.3 -9.9 0 143 0 1 1
-19.3 -9.1 0 145 0 1 1
-19.3 -8.3 0 144 0 1 1
-19.3 -7.5 0 139 0 1 1
-19.3 -6.7 0 139 0 1 1
-19.3 -5.9 0 149 0 1 1
-19.3 -5.1 0 143 0 1 1
-19.3 -4.4 0 145 0 1 1
-19.3 -3.6 0 135 0 1 1
-19.3 -2.8 0 126 0 1 1
-19.3 -2 0 144 0 1 1
-19.3 -1.2 0 146 0 1 1
-19.3 -0.4 0 141 0 1 1
-19.3 0.3 0 146 0 1 1
-19.3 1.1 0 143 0 1 1
-19.3 1.9 0 142 0 1 1
-19.3 2.7 0 138 0 1 1
-19.3 3.5 0 147 0 1 1
-19.3 4.3 0 149 0 1 1
-19.3 12.9 0 128 0 1 1
-19.3 13.7 0 144 0 1 1
-19.3 14.5 0 147 0 1 1
-19.3 15.2 0 148 0 1 1
-19.3 16 0 141 0 1 1
-19.3 16.8 0 139 0 1 1
-19.3 17.6 0 140 0 1 1
-19.3 18.4 0 123 0 1 1
-19.3 19.2 0 138 0 1 1
-18.5 -17.7 0 138 0 1 1
-18.5 -16.9 0 136 0 1 1
-18.5 -16.1 0 138 0 1 1
-18.5 -15.3 0 140 0 1 1
-18.5 -14.6 0 145 0 1 1
-18.5 -13.8 0 140 0 1 1
-18.5 -13 0 147 0 1 1
-18.5 -12.2 0 137 0 1 1
-18.5 -11.4 0 142 0 1 1
-18.5 -10.6 0 148 0 1 1
-18.5 -9.9 0 145 0 1 1
-18.5 -9.1 0 144 0 1 1
-18.5 -8.3 0 149 0 1 1
-18.5 -7.5 0 138 0 1 1
-18.5 -6.7 0 146 0 1 1
-18.5 -5.9 0 145 0 1 1
-18.5 -5.1 0 150 0 1 1
-18.5 -4.4 0 152 0 1 1
-18.5 -3.6 0 150 0 1 1
-18.5 -2.8 0 139 0 1 1
-18.5 -2 0 146 0 1 1
-18.5 -1.2 0 147 0 1 1
-18.5 -0.4 0 138 0 1 1
-18.5 0.3 0 142 0 1 1
-18.5 1.1 0 149 0 1 1
-18.5 1.9 0 145 0 1 1
-18.5 2.7 0 146 0 1 1
-18.5 3.5 0 151 0 1 1
-18.5 4.3 0 144 0 1 1
-18.5 12.9 0 143 0 1 1
-18.5 13.7 0 142 0 1 1
-18.5 14.5 0 138 0 1 1
-18.5 15.2 0 143 0 1 1
-18.5 16 0 145 0 1 1
-18.5 16.8 0 137 0 1 1
-18.5 17.6 0 147 0 1 1
-18.5 18.4 0 144 0 1 1
-17.7 -16.9 0 148 0 1 1
-17.7 -16.1 0 147 0 1 1
-17.7 -15.3 0 148 0 1 1
-17.7 -14.6 0 144 0 1 1
-17.7 -13.8 0 148 0 1 1
-17.7 -13 0 145 0 1 1
-17.7 -12.2 0 139 0 1 1
-17.7 -11.4 0 147 0 1 1
-17.7 -10.6 0 144 0 1 1
-17.7 -9.9 0 145 0 1 1
-17.7 -9.1 0 133 0 1 1
-17.7 -8.3 0 153 0 1 1
-17.7 -7.5 0 149 0 1 1
-17.7 -6.7 0 155 0 1 1
-17.7 -5.9 0 149 0 1 1
-17.7 -5.1 0 143 0 1 1
-17.7 -4.4 0 139 0 1 1
-17.7 -3.6 0 143 0 1 1
-17.7 -2.8 0 141 0 1 1
-17.7 -2 0 144 0 1 1
-17.7 -1.2 0 148 0 1 1
-17.7 -0.4 0 153 0 1 1
-17.7 0.3 0 145 0 1 1
-17.7 1.1 0 148 0 1 1
-17.7 1.9 0 152 0 1 1
-17.7 2.7 0 145 0 1 1
-17.7 3.5 0 151 0 1 1
-17.7 4.3 0 151 0 1 1
-17.7 12.1 0 148 0 1 1
-17.7 12.9 0 145 0 1 1
-17.7 13.7 0 150 0 1 1
-17.7 14.5 0 149 0 1 1
-17.7 15.2 0 147 0 1 1
-17.7 16 0 144 0 1 1
-17.7 16.8 0 144 0 1 1
-17.7 17.6 0 145 0 1 1
-16.9 -16.1 0 147 0 1 1
-16.9 -15.3 0 146 0 1 1
-16.9 -14.6 0 150 0 1 1
-16.9 -13.8 0 143 0 1 1
-16.9 -13 0 151 0 1 1
-16.9 -12.2 0 143 0 1 1
-16.9 -11.4 0 149 0 1 1
-16.9 -10.6 0 141 0 1 1
-16.9 -9.9 0 143 0 1 1
-16.9 -9.1 0 148 0 1 1
-16.9 -8.3 0 146 0 1 1
-16.9 -7.5 0 142 0 1 1
-16.9 -6.7 0 139 0 1 1
-16.9 -5.9 0 147 0 1 1
-16.9 -5.1 0 147 0 1 1
-16.9 -4.4 0 142 0 1 1
-16.9 -3.6 0 150 0 1 1
-16.9 -2.8 0 144 0 1 1
-16.9 -2 0 152 0 1 1
-16.9 -1.2 0 147 0 1 1
-16.9 -0.4 0 149 0 1 1
-16.9 0.3 0 149 0 1 1
-16.9 1.1 0 139 0 1 1
-16.9 1.9 0 147 0 1 1
-16.9 2.7 0 146 0 1 1
-16.9 3.5 0 148 0 1 1
-16.9 11.3 0 146 0 1 1
-16.9 12.1 0 150 0 1 1
-16.9 12.9 0 151 0 1 1
-16.9 13.7 0 144 0 1 1
-16.9 14.5 0 145 0 1 1
-16.9 15.2 0 149 0 1 1
-16.9 16 0 148 0 1 1
-16.9 16.8 0 147 0 1 1
-16.3 4.3 1.1 114 0 1 3
-16.3 4.4 1.2 101 0 1 3
-16.2 4.2 1 101 0 1 3
-16.2 4.5 1.3 111 0 1 3
-16.1 -16.1 0 146 0 1 1
-16.1 -15.3 0 151 0 1 1
-16.1 -14.6 0 149 0 1 1
-16.1 -13.8 0 149 0 1 1
-16.1 -13 0 145 0 1 1
-16.1 -12.2 0 145 0 1 1
-16.1 -11.4 0 151 0 1 1
-16.1 -10.6 0 150 0 1 1
-16.1 -9.9 0 143 0 1 1
-16.1 -9.1 0 149 0 1 1
-16.1 -8.3 0 146 0 1 1
-16.1 -7.5 0 142 0 1 1
-16.1 -6.7 0 148 0 1 1
-16.1 -5.9 0 151 0 1 1
-16.1 -5.1 0 151 0 1 1
-16.1 -4.4 0 144 0 1 1
-16.1 -3.6 0 154 0 1 1
-16.1 -2.8 0 151 0 1 1
-16.1 -2 0 154 0 1 1
-16.1 -1.2 0 144 0 1 1
-16.1 -0.4 0 136 0 1 1
-16.1 0.3 0 134 0 1 1
-16.1 1.1 0 151 0 1 1
-16.1 1.9 0 140 0 1 1
-16.1 2.7 0 149 0 1 1
-16.1 3.5 0 142 0 1 1
-16.1 4 0.8 95 0 1 3
-16.1 11.3 0 144 0 1 1
-16.1 12.1 0 138 0 1 1
-16.1 12.9 0 151 0 1 1
-16.1 13.7 0 150 0 1 1
-16.1 14.5 0 147 0 1 1
-16.1 15.2 0 149 0 1 1
-16.1 16 0 147 0 1 1
-16 4.1 0.9 115 0 1 3
-15.9 3.9 0.8 89 0 1 3
-15.7 3.8 0.2 98 0 1 3
-15.7 3.8 0.7 73 0 1 3
-15.3 -15.3 0 146 0 1 1
-15.3 -14.6 0 148 0 1 1
-15.3 -13.8 0 152 0 1 1
-15.3 -13 0 153 0 1 1
-15.3 -12.2 0 154 0 1 1
-15.3 -11.4 0 153 0 1 1
-15.3 -10.6 0 143 0 1 1
-15.3 -9.9 0 142 0 1 1
-15.3 -9.1 0 150 0 1 1
-15.3 -8.3 0 148 0 1 1
-15.3 -7.5 0 148 0 1 1
-15.3 -6.7 0 136 0 1 1
-15.3 -5.9 0 146 0 1 1
-15.3 -5.1 0 145 0 1 1
-15.3 -4.4 0 144 0 1 1
-15.3 -3.6 0 148 0 1 1
-15.3 -2.8 0 143 0 1 1
-15.3 -2 0 142 0 1 1
-15.3 -1.2 0 133 0 1 1
-15.3 -0.4 0 152 0 1 1
-15.3 0.3 0 153 0 1 1
-15.3 1.1 0 143 0 1 1
-15.3 1.9 0 147 0 1 1
-15.3 2.7 0 149 0 1 1
-15.3 3.5 0 153 0 1 1
-15.3 10.5 0 146 0 1 1
-15.3 11.3 0 141 0 1 1
-15.3 12.1 0 140 0 1 1
-15.3 12.9 0 144 0 1 1
-15.3 13.7 0 148 0 1 1
-15.3 14.5 0 149 0 1 1
-15.3 15.2 0 143 0 1 1
-15.1 3.9 0.2 58 0 1 3
-15 3.9 0.8 101 0 1 3
-14.8 4.5 1.4 116 0 1 3
-14.6 -14.6 0 139 0 1 1
-14.6 -13.8 0 152 0 1 1
-14.6 -13 0 153 0 1 1
-14.6 -12.2 0 148 0 1 1
-14.6 -11.4 0 148 0 1 1
-14.6 -10.6 0 152 0 1 1
-14.6 -9.9 0 142 0 1 1
-14.6 -9.1 0 154 0 1 1
-14.6 -8.3 0 150 0 1 1
-14.6 -7.5 0 146 0 1 4
-14.6 -7.1 0 141 0 1 4
-14.6 -6.7 0 142 0 1 4
-14.6 -6.3 0 142 0 1 4
-14.6 -5.9 0 140 0 1 4
-14.6 -5.5 0 143 0 1 4
-14.6 -5.1 0 129 0 1 4
-14.6 -4.8 0 137 0 1 4
-14.6 -4.4 0 137 0 1 4
-14.6 -3.6 0 136 0 1 4
-14.6 -2.8 0 144 0 1 1
-14.6 -2 0 145 0 1 1
-14.6 -1.2 0 144 0 1 1
-14.6 -0.4 0 147 0 1 1
-14.6 0.3 0 141 0 1 1
-14.6 1.1 0 154 0 1 1
-14.6 1.9 0 133 0 1 1
-14.6 2.7 0 153 0 1 1
-14.6 3.5 0 153 0 1 1
-14.6 4.6 1.6 116 0 1 3
-14.6 4.7 1.7 91 0 1 3
-14.6 9.8 0 146 0 1 1
-14.6 10.5 0 146 0 1 1
-14.6 11.3 0 145 0 1 1
-14.6 12.1 0 130 0 1 1
-14.6 12.9 0 145 0 1 1
-14.6 13.7 0 151 0 1 1
-14.6 14.5 0 143 0 1 1
-14.5 4.2 1.2 109 0 1 3
-14.3 3.9 0.3 60 0 1 3
-14.2 -6.7 -0.4 119 0 1 4
-14.2 -5.9 -0.4 67 0 1 4
-14.2 -5.1 -0.4 122 0 1 4
-14.2 -4.3 -0.4 83 0 1 4
-14.2 3.9 0.9 97 0 1 3
-14.1 4 0.9 102 0 1 3
-14 4 0.5 83 0 1 3
-14 4 1 88 0 1 3
-13.9 4 0 66 0 1 3
-13.9 4 0.6 102 0 1 3
-13.8 -13.8 0 152 0 1 1
-13.8 -13 0 133 0 1 1
-13.8 -12.2 0 149 0 1 1
-13.8 -11.4 0 145 0 1 1
-13.8 -10.6 0 153 0 1 1
-13.8 -9.9 0 150 0 1 1
-13.8 -9.1 0 141 0 1 1
-13.8 -8.3 0 130 0 1 4
-13.8 -7.9 -0.2 149 0 1 4
-13.8 -7.5 -0.4 94 0 1 4
-13.8 -7.1 -0.6 97 0 1 4
-13.8 -6.9 -0.7 111 0 1 4
-13.8 -6.7 -0.8 110 0 1 4
-13.8 -6.5 -0.8 81 0 1 4
-13.8 -6.3 -0.8 116 0 1 4
-13.8 -6.1 -0.8 119 0 1 4
-13.8 -5.9 -0.8 115 0 1 4
-13.8 -5.7 -0.8 122 0 1 4
-13.8 -5.5 -0.8 119 0 1 4
-13.8 -5.3 -0.8 125 0 1 4
-13.8 -5.1 -0.8 101 0 1 4
-13.8 -4.9 -0.8 123 0 1 4
-13.8 -4.7 -0.8 99 0 1 4
-13.8 -4.5 -0.8 92 0 1 4
-13.8 -4.3 -0.8 67 0 1 4
-13.8 -3.9 -0.6 119 0 1 4
-13.8 -3.6 -0.4 108 0 1 4
-13.8 -2.8 0 150 0 1 4
-13.8 -2 0 143 0 1 1
-13.8 -1.2 0 148 0 1 1
-13.8 -0.4 0 143 0 1 1
-13.8 0.3 0 148 0 1 1
-13.8 1.1 0 156 0 1 1
-13.8 1.9 0 146 0 1 1
-13.8 2.7 0 141 0 1 1
-13.8 3.5 0 154 0 1 1
-13.8 4 0.2 85 0 1 3
-13.8 4.1 0.5 116 0 1 3
-13.8 4.3 1.3 110 0 1 3
-13.8 9.8 0 159 0 1 1
-13.8 10.5 0 150 0 1 1
-13.8 11.3 0 150 0 1 1
-13.8 12.1 0 154 0 1 1
-13.8 12.9 0 155 0 1 1
-13.8 13.7 0 155 0 1 1
-13.7 4.1 0.1 104 0 1 3
-13.7 4.3 1.3 93 0 1 3
-13.7 6.5 2.1 108 0 1 3
-13.6 4.1 0 107 0 1 3
-13.5 4.4 1.2 100 0 1 3
-13.4 -8.3 0 129 0 1 4
-13.4 -7.9 -0.3 112 0 1 4
-13.4 -7.5 -0.6 116 0 1 4
-13.4 -7.1 -0.9 123 0 1 4
-13.4 -6.7 -1.3 108 0 1 4
-13.4 -6.3 -1.3 107 0 1 4
-13.4 -5.9 -1.3 122 0 1 4
-13.4 -5.5 -1.3 116 0 1 4
-13.4 -5.1 -1.3 100 0 1 4
-13.4 -4.7 -1.3 98 0 1 4
-13.4 -3.6 -0.6 154 0 1 4
-13.3 4.4 0.7 109 0 1 3
-13.3 4.6 1.7 110 0 1 3
-13.3 5.8 2.1 126 0 1 3
-13.2 4.7 1.6 119 0 1 3
-13.2 4.8 1.9 121 0 1 3
-13.1 4.6 0 63 0 1 3
-13.1 4.7 1.5 123 0 1 3
-13.1 4.8 1.9 116 0 1 3
-13.1 7.3 1.8 150 0 1 3
-13 -13 0 152 0 1 1
-13 -12.2 0 148 0 1 1
-13 -11.4 0 158 0 1 1
-13 -10.6 0 149 0 1 1
-13 -9.9 0 146 0 1 1
-13 -9.1 0 154 0 1 1
-13 -8.3 0 133 0 1 4
-13 -7.9 -0.4 104 0 1 4
-13 -7.5 -0.8 111 0 1 4
-13 -7 -1.3 94 0 1 4
-13 -6.6 -1.7 100 0 1 4
-13 -6.2 -1.7 114 0 1 4
-13 -5.8 -1.7 121 0 1 4
-13 -2.8 0 130 0 1 4
-13 -2 0 150 0 1 1
-13 -1.2 0 154 0 1 1
-13 -0.4 0 147 0 1 1
-13 0.3 0 144 0 1 1
-13 1.1 0 148 0 1 1
-13 1.9 0 143 0 1 1
-13 2.7 0 150 0 1 1
-13 3.5 0 156 0 1 1
-13 4.3 0 153 0 1 1
-13 4.8 1.7 112 0 1 3
-13 5 2.1 116 0 1 3
-13 5.9 2 145 0 1 3
-13 8.5 0.1 80 0 1 3
-13 9 0 152 0 1 1
-13 9.8 0 147 0 1 1
-13 10.5 0 152 0 1 1
-13 11.3 0 144 0 1 1
-13 12.1 0 152 0 1 1
-13 12.9 0 156 0 1 1
-12.9 4.6 0.1 107 0 1 3
-12.9 5 2 112 0 1 3
-12.9 5.1 2.1 116 0 1 3
-12.9 8.5 0.3 105 0 1 3
-12.8 5 2.1 145 0 1 3
-12.8 5.1 2.1 110 0 1 3
-12.7 4.9 0.9 109 0 1 3
-12.7 6.7 1.8 150 0 1 3
-12.7 8.5 0.6 116 0 1 3
-12.7 8.5 0.8 113 0 1 3
-12.7 8.5 1 113 0 1 3
-12.6 -8.3 0 119 0 1 4
-12.6 -7.9 -0.4 104 0 1 4
-12.6 -7.5 -0.8 95 0 1 4
-12.6 -7 -1.3 85 0 1 4
-12.6 -6.6 -1.7 110 0 1 4
-12.6 -6.2 -1.7 109 0 1 4
-12.6 -2.8 0 146 0 1 4
-12.6 5.1 2 140 0 1 3
-12.6 5.2 2 144 0 1 3
-12.6 6.4 1.9 155 0 1 3
-12.6 8.3 0.9 126 0 1 3
-12.6 8.3 1.3 92 0 1 3
-12.5 5 0 65 0 1 3
-12.5 8.3 0.7 109 0 1 3
-12.4 5 0.1 47 0 1 3
-12.4 5.2 1.6 115 0 1 3
-12.4 8.1 0.7 103 0 1 3
-12.4 8.1 1.2 112 0 1 3
-12.4 8.1 1.6 112 0 1 3
-12.3 5.3 1.9 126 0 1 3
-12.3 5.3 2 144 0 1 3
-12.3 8 1 131 0 1 3
-12.3 8 1.4 118 0 1 3
-12.2 -12.2 0 148 0 1 1
-12.2 -11.4 0 139 0 1 1
-12.2 -10.6 0 157 0 1 1
-12.2 -9.9 0 155 0 1 1
-12.2 -9.1 0 148 0 1 1
-12.2 -8.3 0 140 0 1 4
-12.2 -7.9 -0.4 100 0 1 4
-12.2 -7.5 -0.8 110 0 1 4
-12.2 -7 -1.3 103 0 1 4
-12.2 -2.8 0 121 0 1 4
-12.2 -2 0 154 0 1 1
-12.2 -1.2 0 155 0 1 1
-12.2 -0.4 0 147 0 1 1
-12.2 0.3 0 136 0 1 1
-12.2 1.1 0 149 0 1 1
-12.2 1.9 -0.1 148 0 1 4
-12.2 2.3 -0.1 122 0 1 4
-12.2 2.7 -0.2 144 0 1 4
-12.2 3.1 -0.2 127 0 1 4
-12.2 3.5 -0.2 110 0 1 4
-12.2 3.9 -0.1 112 0 1 4
-12.2 4.3 -0.1 142 0 1 4
-12.2 4.7 -0.1 148 0 1 4
-12.2 5 0 149 0 1 1
-12.2 5.1 0.1 61 0 1 3
-12.2 5.1 0.2 123 0 1 3
-12.2 7.3 0.1 91 0 1 3
-12.2 7.4 0 143 0 1 1
-12.2 7.7 0.7 94 0 1 3
-12.2 7.9 1.3 137 0 1 3
-12.2 8.2 0 150 0 1 1
-12.2 9 0 151 0 1 1
-12.2 9.8 0 152 0 1 1
-12.2 10.5 0 147 0 1 1
-12.2 11.3 0 150 0 1 1
-12.2 12.1 0 143 0 1 1
-12.1 5.2 0.2 69 0 1 3
-12 5.4 1 129 0 1 3
-12 5.5 1.9 138 0 1 3
-12 7.5 0.7 77 0 1 3
-12 7.6 1.2 131 0 1 3
-12 7.6 1.6 125 0 1 3
-11.9 5.3 0.2 75 0 1 3
-11.9 5.8 1.8 141 0 1 3
-11.9 7.4 1.4 126 0 1 3
-11.8 -8.3 0 114 0 1 4
-11.8 -7.9 -0.4 81 0 1 4
-11.8 -7.5 -0.8 48 0 1 4
-11.8 -7 -1.3 79 0 1 4
-11.8 -2.8 0 148 0 1 4
-11.8 1.9 -0.3 134 0 1 4
-11.8 2.3 -0.4 118 0 1 4
-11.8 2.7 -0.5 113 0 1 4
-11.8 3.1 -0.5 119 0 1 4
-11.8 3.5 -0.5 100 0 1 4
-11.8 3.9 -0.4 125 0 1 4
-11.8 4.3 -0.3 117 0 1 4
-11.8 4.7 -0.2 111 0 1 4
-11.8 5 -0.1 124 0 1 4
-11.8 5.5 1 131 0 1 3
-11.8 5.6 0 103 0 1 3
-11.8 5.6 1.8 144 0 1 3
-11.7 5.8 0.8 136 0 1 3
-11.6 6 1.7 149 0 1 3
-11.6 6.1 1.2 131 0 1 3
-11.6 6.1 1.6 145 0 1 3
-11.6 6.5 0.2 91 0 1 3
-11.6 6.7 1.6 144 0 1 3
-11.6 7 0.7 103 0 1 3
-11.6 7 1.2 129 0 1 3
-11.6 7 1.6 137 0 1 3
-11.5 6.3 0.1 120 0 1 3
-11.5 6.4 1.6 151 0 1 3
-11.5 6.7 0.6 118 0 1 3
-11.5 6.7 1.1 136 0 1 3
-11.5 6.7 1.5 132 0 1 3
-11.4 -11.4 0 143 0 1 1
-11.4 -10.6 0 155 0 1 1
-11.4 -9.9 0 152 0 1 1
-11.4 -9.1 0 142 0 1 1
-11.4 -8.3 0 137 0 1 4
-11.4 -7.9 -0.4 92 0 1 4
-11.4 -7.5 -0.8 102 0 1 4
-11.4 -7 -1.3 106 0 1 4
-11.4 -2.8 0 111 0 1 4
-11.4 -2 0 139 0 1 1
-11.4 -1.2 0 141 0 1 1
-11.4 -0.4 0 157 0 1 1
-11.4 0.3 0 150 0 1 1
-11.4 1.1 -0.1 159 0 1 4
-11.4 1.5 -0.3 125 0 1 4
-11.4 1.9 -0.5 95 0 1 4
-11.4 2.3 -0.6 123 0 1 4
-11.4 2.7 -0.7 84 0 1 4
-11.4 3.1 -0.7 119 0 1 4
-11.4 3.5 -0.7 96 0 1 4
-11.4 3.9 -0.6 93 0 1 4
-11.4 4.3 -0.5 86 0 1 4
-11.4 4.7 -0.3 99 0 1 4
-11.4 5 -0.1 162 0 1 4
-11.4 5.8 0 141 0 1 1
-11.4 6.5 0.5 113 0 1 3
-11.4 6.5 1 119 0 1 3
-11.4 6.5 1.5 132 0 1 3
-11.4 6.6 0 147 0 1 1
-11.4 7.4 0 155 0 1 1
-11.4 8.2 0 154 0 1 1
-11.4 9 0 149 0 1 1
-11.4 9.8 0 153 0 1 1
-11.4 10.5 0 146 0 1 1
-11.4 11.3 0 159 0 1 1
-11 -8.3 0 118 0 1 4
-11 -7.9 -0.4 82 0 1 4
-11 -7.5 -0.8 101 0 1 4
-11 -7 -1.3 78 0 1 4
-11 -2.8 0 119 0 1 4
-11 1.1 -0.1 129 0 1 4
-11 1.5 -0.4 110 0 1 4
-11 1.9 -0.6 75 0 1 4
-11 2.3 -0.8 99 0 1 4
-11 2.7 -0.9 115 0 1 4
-11 3.1 -0.9 122 0 1 4
-11 3.5 -0.9 91 0 1 4
-11 3.9 -0.8 107 0 1 4
-11 4.3 -0.6 116 0 1 4
-11 4.6 -0.4 96 0 1 4
-11 5 -0.1 134 0 1 4
-10.6 -10.6 0 136 0 1 1
-10.6 -9.9 0 156 0 1 1
-10.6 -9.1 0 149 0 1 1
-10.6 -8.3 0 138 0 1 4
-10.6 -7.9 -0.4 101 0 1 4
-10.6 -7.5 -0.8 79 0 1 4
-10.6 -2.8 0 130 0 1 4
-10.6 -2 0 135 0 1 1
-10.6 -1.2 0 151 0 1 1
-10.6 -0.4 0 151 0 1 1
-10.6 1.1 -0.2 111 0 1 4
-10.6 1.5 -0.5 102 0 1 4
-10.6 1.9 -0.7 114 0 1 4
-10.6 2.3 -0.9 96 0 1 4
-10.6 3.9 -0.9 114 0 1 4
-10.6 4.3 -0.7 83 0 1 4
-10.6 4.6 -0.5 107 0 1 4
-10.6 5 -0.2 141 0 1 4
-10.6 5.8 0 143 0 1 1
-10.6 6.6 0 137 0 1 1
-10.6 8.2 0 152 0 1 1
-10.6 9 0 151 0 1 1
-10.6 9.8 0 151 0 1 1
-10.6 10.5 0 156 0 1 1
-10.2 -8.3 0 138 0 1 4
-10.2 -7.9 -0.4 84 0 1 4
-10.2 -7.5 -0.8 66 0 1 4
-10.2 -2.8 0 128 0 1 4
-10.2 1.1 -0.2 155 0 1 4
-10.2 1.5 -0.5 91 0 1 4
-10.2 1.9 -0.7 80 0 1 4
-10.2 3.9 -0.9 103 0 1 4
-10.2 4.3 -0.7 110 0 1 4
-10.2 4.6 -0.5 69 0 1 4
-10.2 5 -0.2 115 0 1 4
-9.9 -9.9 0 144 0 1 1
-9.9 -9.1 0 148 0 1 1
-9.9 -8.3 0 142 0 1 4
-9.9 -7.9 -0.4 97 0 1 4
-9.9 -7.5 -0.8 75 0 1 4
-9.9 -2.8 0 121 0 1 4
-9.9 -2 0 156 0 1 1
-9.9 -1.2 0 138 0 1 1
-9.9 -0.4 0 157 0 1 1
-9.9 1.1 -0.2 119 0 1 4
-9.9 5 -0.2 147 0 1 4
-9.9 5.8 0 153 0 1 1
-9.9 8.2 0 159 0 1 1
-9.9 9 0 155 0 1 1
-9.9 9.8 0 156 0 1 1
-9.8 1.5 -0.5 106 0 1 4
-9.8 4.3 -0.7 92 0 1 4
-9.8 4.6 -0.5 86 0 1 4
-9.5 -8.3 0 118 0 1 4
-9.5 -7.9 -0.4 109 0 1 4
-9.5 -7.5 -0.8 90 0 1 4
-9.5 -2.8 0 130 0 1 4
-9.5 1.1 -0.2 151 0 1 4
-9.5 1.5 -0.5 92 0 1 4
-9.5 4.3 -0.7 118 0 1 4
-9.5 4.6 -0.5 87 0 1 4
-9.5 5 -0.2 119 0 1 4
-9.2 6.1 0.2 139 0 1 2
-9.2 6.2 0.2 135 0 1 2
-9.2 6.2 0.3 144 0 1 2
-9.2 6.3 0.3 137 0 1 2
-9.1 -9.1 0 141 0 1 1
-9.1 -8.3 0 126 0 1 4
-9.1 -7.9 -0.4 69 0 1 4
-9.1 -2.8 0 134 0 1 4
-9.1 -2 0 145 0 1 1
-9.1 -1.2 0 150 0 1 1
-9.1 -0.4 0 145 0 1 1
-9.1 -0.2 0.2 139 0 1 2
-9.1 -0.1 0.2 137 0 1 2
-9.1 0.3 0.3 148 0 1 2
-9.1 1.1 -0.2 136 0 1 4
-9.1 4.6 -0.5 70 0 1 4
-9.1 5.8 0.2 148 0 1 2
-9.1 5.9 0.2 139 0 1 2
-9.1 6.3 0.3 151 0 1 2
-9.1 6.4 0.3 136 0 1 2
-9.1 7.4 0 156 0 1 1
-9.1 8.2 0 160 0 1 1
-9.1 9 0 150 0 1 1
-9 -0.3 0.1 152 0 1 2
-9 -0.3 0.2 145 0 1 2
-9 0 0.3 134 0 1 2
-9 0.1 0.3 147 0 1 2
-9 0.3 0.3 150 0 1 2
-9 5.8 0 131 0 1 2
-9 5.8 0.1 148 0 1 2
-9 5.8 0.2 149 0 1 2
-9 6.1 0.3 134 0 1 2
-9 6.2 0.3 136 0 1 2
-9 6.4 0.3 152 0 1 2
-8.9 -0.3 0.1 147 0 1 2
-8.9 -0.1 0.3 135 0 1 2
-8.9 0.2 0.3 147 0 1 2
-8.9 0.3 0.3 148 0 1 2
-8.9 0.4 0.3 151 0 1 2
-8.9 5.7 -0.1 136 0 1 2
-8.9 5.8 0.1 146 0 1 2
-8.9 6 0.3 134 0 1 2
-8.9 6.2 0.3 135 0 1 2
-8.9 6.3 0.3 142 0 1 2
-8.9 6.4 0.3 150 0 1 2
-8.8 -0.3 0 124 0 1 2
-8.8 0.1 0.3 138 0 1 2
-8.8 0.5 0.2 143 0 1 2
-8.8 5.7 0 98 0 1 2
-8.8 6.1 0.3 136 0 1 2
-8.7 -8.3 0 145 0 1 4
-8.7 -7.9 -0.4 89 0 1 4
-8.7 -2.8 0 124 0 1 4
-8.7 -0.2 0.1 137 0 1 2
-8.7 0.1 0.3 134 0 1 2
-8.7 0.3 0.3 151 0 1 2
-8.7 0.5 0.1 150 0 1 2
-8.7 1.1 -0.1 130 0 1 4
-8.7 1.5 -0.4 145 0 1 4
-8.7 4.6 -0.4 83 0 1 4
-8.7 5 -0.1 148 0 1 4
-8.7 5.9 0.1 134 0 1 2
-8.7 6.1 0.3 136 0 1 2
-8.7 6.3 0.3 154 0 1 2
-8.6 -0.1 0.1 145 0 1 2
-8.6 0.1 0.2 142 0 1 2
-8.6 0.1 0.3 147 0 1 2
-8.6 0.4 0.2 144 0 1 2
-8.6 0.5 0.1 134 0 1 2
-8.6 0.5 0.2 135 0 1 2
-8.6 5.9 0.1 148 0 1 2
-8.6 6.1 0.2 141 0 1 2
-8.6 6.2 0.3 149 0 1 2
-8.6 6.4 0.2 142 0 1 2
-8.6 6.5 0.2 148 0 1 2
-8.5 -0.1 0.1 124 0 1 2
-8.5 0.1 0.2 95 0 1 2
-8.5 0.2 0.2 143 0 1 2
-8.5 6 0.1 127 0 1 2
-8.5 6.2 0.2 95 0 1 2
-8.4 0.1 0.2 122 0 1 2
-8.4 0.2 0.2 148 0 1 2
-8.4 0.3 0.2 141 0 1 2
-8.4 0.5 0 129 0 1 2
-8.4 0.5 0.1 156 0 1 2
-8.4 6.2 0.2 120 0 1 2
-8.4 6.3 0.2 146 0 1 2
-8.4 6.6 0 138 0 1 2
-8.4 6.6 0.1 131 0 1 2
-8.3 -8.3 0 123 0 1 4
-8.3 -7.9 -0.4 90 0 1 4
-8.3 -2.8 0 140 0 1 4
-8.3 -2 0 156 0 1 1
-8.3 -1.2 0 149 0 1 1
-8.3 -0.4 0 138 0 1 1
-8.3 -0.1 0 135 0 1 2
-8.3 0.1 0 118 0 1 2
-8.3 0.1 0.1 124 0 1 2
-8.3 0.2 0 95 0 1 2
-8.3 0.2 0.2 152 0 1 2
-8.3 0.3 0 82 0 1 2
-8.3 0.3 0.1 155 0 1 2
-8.3 0.3 0.2 158 0 1 2
-8.3 0.4 0 121 0 1 2
-8.3 0.4 0.1 144 0 1 2
-8.3 0.4 0.2 148 0 1 2
-8.3 0.5 0.1 132 0 1 2
-8.3 1.1 -0.1 122 0 1 4
-8.3 5 -0.1 154 0 1 4
-8.3 5.8 0 158 0 1 1
-8.3 6 0 139 0 1 2
-8.3 6.1 0 147 0 1 2
-8.3 6.1 0.1 128 0 1 2
-8.3 6.2 0 87 0 1 2
-8.3 6.2 0.1 122 0 1 2
-8.3 6.2 0.2 140 0 1 2
-8.3 6.3 0.2 154 0 1 2
-8.3 6.4 0 95 0 1 2
-8.3 6.4 0.1 153 0 1 2
-8.3 6.4 0.2 157 0 1 2
-8.3 6.5 0 124 0 1 2
-8.3 6.5 0.1 143 0 1 2
-8.3 6.5 0.2 157 0 1 2
-8.3 6.6 0 159 0 1 1
-8.3 7.4 0 155 0 1 1
-8.3 8.2 0 156 0 1 1
-8.2 0.1 0.1 112 0 1 2
-8.2 0.2 0 118 0 1 2
-8.2 0.2 0.1 153 0 1 2
-8.2 0.3 0 125 0 1 2
-8.2 0.3 0.1 149 0 1 2
-8.2 6.2 0 115 0 1 2
-8.2 6.2 0.1 120 0 1 2
-8.2 6.3 0 127 0 1 2
-8.2 6.3 0.1 143 0 1 2
-8.2 6.4 0.1 136 0 1 2
-7.9 -7.9 -0.3 98 0 1 4
-7.9 -2.8 0 157 0 1 4
-7.5 -2.8 0 120 0 1 4
-7.5 -2 0 140 0 1 1
-7.5 -1.2 0 118 0 1 1
-7.5 -0.4 0 153 0 1 1
-7.5 0.3 0 143 0 1 1
-7.5 1.1 0 151 0 1 1
-7.5 1.9 -0.1 149 0 1 4
-7.5 2.3 -0.1 141 0 1 4
-7.5 2.7 -0.2 125 0 1 4
-7.5 3.1 -0.2 112 0 1 4
-7.5 3.5 -0.2 124 0 1 4
-7.5 3.9 -0.1 122 0 1 4
-7.5 4.3 -0.1 145 0 1 4
-7.5 5 0 152 0 1 1
-7.5 5.8 0 92 0 1 1
-7.5 6.6 0 162 0 1 1
-7.5 7.4 0 154 0 1 1
-6.7 -6.7 0 112 0 1 4
-6.7 -6.3 0 115 0 1 4
-6.7 -5.9 0 118 0 1 4
-6.7 -5.5 0 115 0 1 4
-6.7 -5.1 0 123 0 1 4
-6.7 -4.8 0 120 0 1 4
-6.7 -4.4 0 89 0 1 4
-6.7 -3.6 0 123 0 1 4
-6.7 -2.8 0 128 0 1 1
-6.7 -2 0 162 0 1 1
-6.7 -1.2 0 98 0 1 1
-6.7 -0.4 0 153 0 1 1
-6.7 0.3 0 157 0 1 1
-6.7 1.1 0 147 0 1 1
-6.7 1.9 0 125 0 1 1
-6.7 2.7 0 142 0 1 1
-6.7 3.5 0 144 0 1 1
-6.7 4.3 0 144 0 1 1
-6.7 5 0 108 0 1 1
-6.7 5.8 0 124 0 1 1
-6.7 6.6 0 158 0 1 1
-5.9 -5.9 0 150 0 1 1
-5.9 -5.1 0 147 0 1 1
-5.9 -4.4 0 120 0 1 1
-5.9 -3.6 0 149 0 1 1
-5.9 -2.8 0 142 0 1 1
-5.9 -2 0 134 0 1 1
-5.9 -0.4 0 134 0 1 1
-5.9 0.3 0 126 0 1 1
-5.9 1.1 0 135 0 1 1
-5.9 1.9 0 151 0 1 1
-5.9 2.7 0 136 0 1 1
-5.9 3.5 0 165 0 1 1
-5.9 4.3 0 136 0 1 1
-5.9 5 0 151 0 1 1
-5.9 5.8 0 151 0 1 1
-5.8 -1.5 0.2 143 0 1 2
-5.8 -1.4 0.2 133 0 1 2
-5.8 -1.3 0.2 150 0 1 2
-5.7 -1.6 0.1 108 0 1 2
-5.7 -1.5 0.2 141 0 1 2
-5.7 -1.3 0.2 135 0 1 2
-5.7 -1.2 0.2 140 0 1 2
-5.6 -1.2 0.2 140 0 1 2
-5.5 -1.6 0.1 118 0 1 2
-5.5 -1.4 0.2 155 0 1 2
-5.5 -1.1 0.3 139 0 1 2
-5.4 -1.6 0.1 106 0 1 2
-5.4 -1.5 0.2 112 0 1 2
-5.4 -1.3 0.3 138 0 1 2
-5.4 -1.1 0.3 137 0 1 2
-5.3 -1.6 0 111 0 1 2
-5.3 -1.5 0 110 0 1 2
-5.3 -1.5 0.1 97 0 1 2
-5.3 -1.5 0.2 132 0 1 2
-5.3 -1.1 0.3 147 0 1 2
-5.3 -0.7 0 140 0 1 2
-5.2 -1.5 0.1 114 0 1 2
-5.2 -1.4 0.2 116 0 1 2
-5.2 -1.4 0.3 159 0 1 2
-5.2 -1.2 0.3 141 0 1 2
-5.2 -0.9 0.3 139 0 1 2
-5.2 -0.7 0 79 0 1 2
-5.1 -5.1 0 115 0 1 1
-5.1 -4.4 0 142 0 1 1
-5.1 -3.6 0 151 0 1 1
-5.1 -2.8 0 122 0 1 1
-5.1 -2 0 147 0 1 1
-5.1 -1.4 0 72 0 1 2
-5.1 -1.4 0.1 119 0 1 2
-5.1 -1.4 0.3 141 0 1 2
-5.1 -1.3 0.3 139 0 1 2
-5.1 -1.1 0.3 160 0 1 2
-5.1 -1 0.3 151 0 1 2
-5.1 -0.8 0.1 133 0 1 2
-5.1 -0.8 0.2 129 0 1 2
-5.1 -0.7 0 97 0 1 2
-5.1 -0.7 0.1 129 0 1 2
-5.1 -0.4 0 152 0 1 1
-5.1 0.3 0 143 0 1 1
-5.1 1.1 0 156 0 1 1
-5.1 1.9 0 116 0 1 1
-5.1 2.7 0 135 0 1 1
-5.1 3.5 0 127 0 1 1
-5.1 4.3 0 162 0 1 1
-5.1 5 -0.3 149 0 1 4
-5 -1.4 0 103 0 1 2
-5 -1.3 0 105 0 1 2
-5 -1.3 0.1 121 0 1 2
-5 -1.3 0.2 116 0 1 2
-5 -1.3 0.3 124 0 1 2
-5 -1.2 0.3 140 0 1 2
-5 -1 0 89 0 1 2
-5 -0.9 0.1 90 0 1 2
-5 -0.9 0.2 147 0 1 2
-5 -0.8 0.1 123 0 1 2
-5 -0.8 0.2 141 0 1 2
-4.9 -1.3 0.1 123 0 1 2
-4.9 -1.2 0.1 131 0 1 2
-4.9 -1.2 0.2 135 0 1 2
-4.9 -1.2 0.3 140 0 1 2
-4.9 -1.1 0 87 0 1 2
-4.9 -1.1 0.1 103 0 1 2
-4.9 -1.1 0.2 145 0 1 2
-4.9 -1 0.1 108 0 1 2
-4.9 -1 0.2 138 0 1 2
-4.4 -4.4 0 150 0 1 1
-4.4 -3.6 0 155 0 1 1
-4.4 -2.8 0 130 0 1 1
-4.4 -2 0 137 0 1 1
-4.4 -1.2 0 132 0 1 1
-4.4 -0.4 0 98 0 1 1
-4.4 0.3 0 107 0 1 1
-4.4 1.1 0 113 0 1 1
-4.4 1.9 0 123 0 1 1
-4.4 2.7 0 140 0 1 1
-4.4 3.5 0 162 0 1 1
-4.4 4.3 0 156 0 1 1
-3.6 -3.6 0 167 0 1 1
-3.6 -2.8 0 162 0 1 1
-3.6 -2 0 137 0 1 1
-3.6 -1.2 0 160 0 1 1
-3.6 -0.4 0 160 0 1 1
-3.6 0.3 0 87 0 1 1
-3.6 1.1 0 161 0 1 1
-3.6 1.9 0 151 0 1 1
-3.6 2.7 0 156 0 1 1
-3.6 3.5 0 141 0 1 1
