-13.8 -20 0 94 0 1 1
-13 -20 0 96 0 1 1
-13 -19.3 0 151 0 1 1
-13 -18.5 0 150 0 1 1
-12.2 -20 0 96 0 1 1
-12.2 -19.3 0 139 0 1 1
-12.2 -18.5 0 132 0 1 1
-12.2 -17.7 0 149 0 1 1
-11.4 -20 0 93 0 1 1
-11.4 -19.3 0 143 0 1 1
-11.4 -18.5 0 135 0 1 1
-11.4 -17.7 0 136 0 1 1
-11.4 -16.9 0 144 0 1 1
-11.4 -16.1 0 147 0 1 1
-11.4 -11.4 0 123 0 1 1
-10.6 -20 0 91 0 1 1
-10.6 -19.3 0 141 0 1 1
-10.6 -18.5 0 127 0 1 1
-10.6 -17.7 0 145 0 1 1
-10.6 -16.9 0 140 0 1 1
-10.6 -16.1 0 147 0 1 1
-10.6 -15.3 0 132 0 1 1
-10.6 -12.2 0 144 0 1 1
-10.6 -11.4 0 103 0 1 1
-10.6 -10.6 0 132 0 1 1
-10.3 -11 2.1 154 0 1 3
-10 -10.6 2.1 153 0 1 3
-9.9 -20 0 95 0 1 1
-9.9 -19.3 0 147 0 1 1
-9.9 -18.5 0 136 0 1 1
-9.9 -17.7 0 147 0 1 1
-9.9 -16.9 0 147 0 1 1
-9.9 -16.1 0 155 0 1 1
-9.9 -15.3 0 144 0 1 1
-9.9 -14.6 0 148 0 1 1
-9.9 -13.8 0 144 0 1 1
-9.9 -13 0 130 0 1 1
-9.9 -12.2 0 143 0 1 1
-9.9 -11.4 0 149 0 1 1
-9.9 -10.6 0 143 0 1 1
-9.9 -10.3 2 153 0 1 3
-9.9 -9.9 0 144 0 1 1
-9.8 -10.6 2.1 153 0 1 3
-9.6 -10.4 2 146 0 1 3
-9.6 -10.2 1.9 142 0 1 3
-9.6 -10.1 1.8 157 0 1 3
-9.5 -12.5 1.7 126 0 1 3
-9.5 -12.4 1.7 131 0 1 3
-9.5 -10.7 2 153 0 1 3
-9.5 -10.6 2 151 0 1 3
-9.5 -10.5 1.9 146 0 1 3
-9.5 -10.5 2 148 0 1 3
-9.5 -10.4 1.9 140 0 1 3
-9.5 -10.2 1.8 155 0 1 3
-9.5 -9.5 0.6 101 0 1 3
-9.4 -12.8 1.4 119 0 1 3
-9.4 -12.7 1.5 139 0 1 3
-9.4 -12.5 1.6 135 0 1 3
-9.4 -10.9 2 118 0 1 3
-9.4 -10.8 2 155 0 1 3
-9.4 -10.2 1.5 126 0 1 3
-9.4 -10 1.5 142 0 1 3
-9.4 -9.7 1 138 0 1 3
-9.4 -9.6 0.5 116 0 1 3
-9.3 -13 1.2 142 0 1 3
-9.3 -12.9 1.3 135 0 1 3
-9.3 -12.8 1.4 159 0 1 3
-9.3 -12.7 1.5 95 0 1 3
-9.3 -11.5 1.9 141 0 1 3
-9.3 -10 1.2 157 0 1 3
-9.3 -9.7 0.3 94 0 1 3
-9.3 -9.7 0.7 130 0 1 3
-9.3 -9.6 0.3 123 0 1 3
-9.2 -13 1.2 119 0 1 3
-9.2 -12 1.7 110 0 1 3
-9.2 -11 2 103 0 1 3
-9.2 -10.8 1.9 149 0 1 3
-9.2 -10.4 1.2 142 0 1 3
-9.2 -10.3 1.1 143 0 1 3
-9.2 -10 0.9 145 0 1 3
-9.1 -20 0 93 0 1 1
-9.1 -19.3 0 146 0 1 1
-9.1 -18.5 0 146 0 1 1
-9.1 -17.7 0 147 0 1 1
-9.1 -16.9 0 145 0 1 1
-9.1 -16.1 0 139 0 1 1
-9.1 -15.3 0 147 0 1 1
-9.1 -14.6 0 135 0 1 1
-9.1 -13.8 0 146 0 1 1
-9.1 -13 0 148 0 1 1
-9.1 -13 0.7 111 0 1 3
-9.1 -13 0.9 140 0 1 3
-9.1 -12.8 0.8 142 0 1 3
-9.1 -12.7 0.3 132 0 1 3
-9.1 -12.4 1.1 141 0 1 3
-9.1 -12.2 0 139 0 1 1
-9.1 -12.2 1.1 140 0 1 3
-9.1 -11.4 0 152 0 1 1
-9.1 -11.1 1.9 135 0 1 3
-9.1 -10.6 0 148 0 1 1
-9.1 -10.1 0.7 114 0 1 3
-9.1 -10 0.7 147 0 1 3
-9.1 -9.9 0 123 0 1 1
-9.1 -9.9 0.6 139 0 1 3
-9.1 -9.1 0 141 0 1 1
-9 -12.8 0.5 151 0 1 3
-9 -12.7 0.3 124 0 1 3
-9 -12.7 0.4 140 0 1 3
-9 -12.6 0.4 108 0 1 3
-9 -12.6 0.5 129 0 1 3
-9 -11.7 1.8 123 0 1 3
-9 -11.1 1.9 143 0 1 3
-9 -10.9 1.7 157 0 1 3
-9 -10 0.5 151 0 1 3
-8.9 -12.4 0.5 132 0 1 3
-8.9 -11.9 1.2 137 0 1 3
-8.9 -11.2 1.9 109 0 1 3
-8.9 -10.2 0.3 144 0 1 3
-8.9 -10.1 0.3 148 0 1 3
-8.9 -10 0.3 119 0 1 3
-8.8 -11.3 1.8 111 0 1 3
-8.8 -11.1 1.6 161 0 1 3
-8.7 -11.9 0.3 113 0 1 3
-8.7 -11.9 0.6 116 0 1 3
-8.7 -11.2 1.6 148 0 1 3
-8.7 -10.7 0.8 148 0 1 3
-8.7 -10.6 0.6 142 0 1 3
-8.6 -11.8 0.4 105 0 1 3
-8.6 -11.3 1.2 132 0 1 3
-8.6 -11.2 1.3 160 0 1 3
-8.6 -11 1.1 154 0 1 3
-8.6 -10.9 0.8 129 0 1 3
-8.6 -10.7 0.3 143 0 1 3
-8.5 -11.3 1 136 0 1 3
-8.5 -11.2 1.1 138 0 1 3
-8.5 -11.1 0.8 149 0 1 3
-8.5 -11 0.6 129 0 1 3
-8.4 -11.4 0.6 124 0 1 3
-8.4 -11.3 0.5 135 0 1 3
-8.4 -11.3 0.7 140 0 1 3
-8.4 -11.2 0.6 126 0 1 3
-8.4 -11.2 0.8 146 0 1 3
-8.3 -20 0 94 0 1 1
-8.3 -19.3 0 140 0 1 1
-8.3 -18.5 0 155 0 1 1
-8.3 -17.7 0 133 0 1 1
-8.3 -16.9 0 141 0 1 1
-8.3 -16.1 0 145 0 1 1
-8.3 -15.3 0 127 0 1 1
-8.3 -14.6 0 153 0 1 1
-8.3 -13.8 0 139 0 1 1
-8.3 -13 0 106 0 1 1
-8.3 -12.2 0 151 0 1 1
-8.3 -11.4 0 136 0 1 1
-8.3 -11.2 0.3 137 0 1 3
-8.3 -10.6 0 144 0 1 1
-8.3 -9.9 0 140 0 1 1
-8.3 -9.1 0 158 0 1 1
-8.3 -8.3 0 165 0 1 1
-7.5 -20 0 95 0 1 1
-7.5 -19.3 0 144 0 1 1
-7.5 -18.5 0 149 0 1 1
-7.5 -17.7 0 152 0 1 1
-7.5 -16.9 0 143 0 1 1
-7.5 -16.1 0 149 0 1 1
-7.5 -15.3 0 145 0 1 1
-7.5 -14.6 0 149 0 1 1
-7.5 -13.8 0 153 0 1 1
-7.5 -13 0 136 0 1 1
-7.5 -12.2 0 141 0 1 1
-7.5 -11.4 0 154 0 1 1
-7.5 -10.6 0 148 0 1 1
-7.5 -9.1 0 162 0 1 1
-7.5 -8.3 0 130 0 1 1
-7.5 -7.5 0 143 0 1 1
-6.9 -8.8 0 84 0 1 2
-6.9 -8.8 0.1 99 0 1 2
-6.9 -8.7 0 127 0 1 2
-6.9 -8.7 0.1 95 0 1 2
-6.8 -9.3 0.2 147 0 1 2
-6.8 -9.1 0.1 127 0 1 2
-6.8 -8.7 0 55 0 1 2
-6.8 -8.7 0.1 136 0 1 2
-6.7 -19.3 0 153 0 1 1
-6.7 -18.5 0 142 0 1 1
-6.7 -17.7 0 141 0 1 1
-6.7 -16.9 0 151 0 1 1
-6.7 -16.1 0 143 0 1 1
-6.7 -15.3 0 127 0 1 1
-6.7 -14.6 0 152 0 1 1
-6.7 -13.8 0 135 0 1 1
-6.7 -13 0 156 0 1 1
-6.7 -12.2 0 158 0 1 1
-6.7 -11.4 0 155 0 1 1
-6.7 -10.6 0 136 0 1 1
-6.7 -9.2 0.2 135 0 1 2
-6.7 -9 0.2 139 0 1 2
-6.7 -8.9 0.2 100 0 1 2
-6.7 -8.8 0.1 145 0 1 2
-6.7 -8.8 0.2 155 0 1 2
-6.7 -8.7 -0.1 156 0 1 2
-6.7 -8.7 0.1 66 0 1 2
-6.7 -8.7 0.2 143 0 1 2
-6.7 -8.6 0 82 0 1 2
-6.7 -8.3 0 156 0 1 1
-6.7 -7.5 0 154 0 1 1
-6.7 -6.7 0 152 0 1 1
-6.6 -9.1 0.2 143 0 1 2
-6.6 -9 0.2 149 0 1 2
-6.6 -8.8 0.1 152 0 1 2
-6.6 -8.7 -0.1 145 0 1 2
-6.6 -8.7 0.1 125 0 1 2
-6.6 -8.6 0.1 101 0 1 2
-6.5 -9.5 0.2 147 0 1 2
-6.5 -9.3 0.2 144 0 1 2
-6.5 -8.7 0 57 0 1 2
-6.5 -8.6 0.1 133 0 1 2
-6.4 -9.4 0.2 151 0 1 2
-6.4 -8.7 0 56 0 1 2
-6.4 -8.7 0.1 157 0 1 2
-6.4 -8.6 0.1 118 0 1 2
-6.3 -9.3 0.2 154 0 1 2
-6.3 -9.1 0.1 145 0 1 2
-6.3 -8.9 0.1 153 0 1 2
-6.3 -8.8 0.1 132 0 1 2
-6.3 -8.7 0.1 146 0 1 2
-6.2 -9.3 0.1 149 0 1 2
-6.2 -9.3 0.2 139 0 1 2
-6.2 -9 0.1 158 0 1 2
-6.2 -8.6 0 124 0 1 2
-6.1 -9.2 0.1 147 0 1 2
-6.1 -8.7 0 150 0 1 2
-6 -9.2 0.1 147 0 1 2
-6 -9.1 0 147 0 1 2
-6 -9.1 0.1 143 0 1 2
-6 -8.8 0 160 0 1 2
-5.9 -16.9 0 149 0 1 1
-5.9 -16.1 0 147 0 1 1
-5.9 -15.3 0 140 0 1 1
-5.9 -14.6 0 154 0 1 1
-5.9 -13.8 0 142 0 1 1
-5.9 -13 0 150 0 1 1
-5.9 -12.2 0 135 0 1 1
-5.9 -11.4 0 150 0 1 1
-5.9 -10.6 0 156 0 1 1
-5.9 -9.9 0 162 0 1 1
-5.9 -9.1 0 140 0 1 1
-5.9 -9 0 148 0 1 2
-5.9 -8.9 0 146 0 1 2
-5.9 -8.3 0 140 0 1 1
-5.9 -7.5 0 161 0 1 1
-5.9 -6.7 0 168 0 1 1
-5.9 -5.9 0 150 0 1 1
-5.1 -15 0.3 85 0 1 3
-5.1 -15 0.6 66 0 1 3
-5.1 -15 0.9 69 0 1 3
-5.1 -14.9 0 125 0 1 3
-5.1 -14.6 0 145 0 1 1
-5.1 -13.8 0 141 0 1 1
-5.1 -13 0 155 0 1 1
-5.1 -12.2 0 155 0 1 1
-5.1 -11.4 0 152 0 1 1
-5.1 -10.6 0 131 0 1 1
-5.1 -9.9 0 156 0 1 1
-5.1 -9.1 0 153 0 1 1
-5.1 -8.3 0 152 0 1 1
-5.1 -7.5 0 144 0 1 1
-5.1 -7.1 0 146 0 1 1
-5.1 -6.7 0 168 0 1 1
-5.1 -5.9 0 146 0 1 1
-5.1 -5.1 0 113 0 1 1
-5 -14.7 0.7 65 0 1 3
-5 -14.7 1 66 0 1 3
-5 -14.6 0.4 65 0 1 3
-4.9 -14.5 -0.1 150 0 1 3
-4.9 -14.5 1.1 72 0 1 3
-4.9 -14.4 0.6 64 0 1 3
-4.8 -14.6 1.1 73 0 1 3
-4.8 -14.3 0.1 62 0 1 3
-4.8 -14.3 0.6 69 0 1 3
-4.8 -7.5 0 165 0 1 1
-4.8 -7.1 -0.2 137 0 1 4
-4.8 -6.7 -0.4 151 0 1 4
-4.7 -14.4 1.1 86 0 1 3
-4.7 -14.2 0.1 65 0 1 3
-4.6 -14.3 1.1 85 0 1 3
-4.6 -14.3 1.2 89 0 1 3
-4.6 -14.2 0 63 0 1 3
-4.6 -14.1 0.1 70 0 1 3
-4.5 -14.2 1 66 0 1 3
-4.5 -14.1 0 41 0 1 3
-4.4 -14.2 1.2 104 0 1 3
-4.4 -14.1 -0.1 130 0 1 3
-4.4 -13.8 0 148 0 1 1
-4.4 -13 0 147 0 1 1
-4.4 -12.2 0 109 0 1 1
-4.4 -11.4 0 156 0 1 1
-4.4 -10.6 0 146 0 1 1
-4.4 -9.9 0 157 0 1 1
-4.4 -9.1 0 153 0 1 1
-4.4 -8.3 0 113 0 1 1
-4.4 -7.5 0 157 0 1 1
-4.4 -7.1 -0.4 152 0 1 4
-4.4 -6.3 -0.4 106 0 1 4
-4.4 -5.9 0 155 0 1 1
-4.4 -5.1 0 141 0 1 1
-4.4 -4.4 0 149 0 1 1
-4.3 -14 0.5 66 0 1 3
-4.2 -14.2 1.2 142 0 1 3
-4.2 -14.1 1.2 124 0 1 3
-4.2 -13.9 0 55 0 1 3
-4.1 -14.1 1.2 135 0 1 3
-4.1 -14 0.8 64 0 1 3
-4.1 -14 1 71 0 1 3
-4.1 -14 1.1 113 0 1 3
-4.1 -13.9 0 65 0 1 3
-4.1 -6.7 -0.8 80 0 1 4
-4 -14.6 1.2 141 0 1 3
-4 -14 1.1 144 0 1 3
-4 -13.9 0.9 85 0 1 3
-4 -7.5 0 158 0 1 1
-4 -7.1 -0.4 144 0 1 4
-4 -6.3 -0.6 93 0 1 4
-4 -5.9 -0.4 144 0 1 4
-3.9 -14.6 1.2 157 0 1 3
-3.9 -13.9 1 121 0 1 3
-3.9 -13.8 0.4 67 0 1 3
-3.8 -13.8 0.7 74 0 1 3
-3.7 -15.1 1.2 98 0 1 3
-3.7 -15.1 1.3 95 0 1 3
-3.7 -13.7 0.8 105 0 1 3
-3.7 -13.6 0 62 0 1 3
-3.7 -6.7 -0.8 52 0 1 4
-3.7 -6.3 -0.8 119 0 1 4
-3.6 -13.7 0.7 139 0 1 3
-3.6 -13.6 0.3 65 0 1 3
-3.6 -13.5 0 73 0 1 3
-3.6 -13 0 159 0 1 1
-3.6 -12.2 0 144 0 1 1
-3.6 -11.4 0 149 0 1 1
-3.6 -10.6 0 154 0 1 1
-3.6 -9.9 0 150 0 1 1
-3.6 -9.1 0 147 0 1 1
-3.6 -8.3 0 147 0 1 1
-3.6 -7.5 0 117 0 1 1
-3.6 -7.1 -0.4 137 0 1 4
-3.6 -5.5 -0.4 107 0 1 4
-3.6 -5.1 0 160 0 1 1
-3.6 -4.4 0 113 0 1 1
-3.6 -3.6 0 170 0 1 1
-3.5 -13.5 0.3 82 0 1 3
-3.5 -13.5 0.6 62 0 1 3
-3.4 -14.4 1.1 151 0 1 3
-3.4 -13.5 0.5 118 0 1 3
-3.3 -13.5 0.1 88 0 1 3
-3.3 -13.5 0.5 114 0 1 3
-3.3 -6.7 -0.8 66 0 1 4
-3.3 -6.3 -0.8 82 0 1 4
-3.3 -5.9 -0.8 106 0 1 4
-3.3 -5.5 -0.6 106 0 1 4
-3.2 -14.9 1.1 141 0 1 3
-3.2 -13.7 0.7 130 0 1 3
-3.2 -7.5 0 132 0 1 1
-3.2 -7.1 -0.4 87 0 1 4
-3.2 -5.1 -0.4 94 0 1 4
-3.1 -14.9 1.1 140 0 1 3
-3.1 -14 0.9 140 0 1 3
-3.1 -14 1 141 0 1 3
-3 -13.9 0.8 138 0 1 3
-2.9 -13.5 0.4 133 0 1 3
-2.9 -6.7 -0.8 81 0 1 4
-2.9 -6.3 -0.8 103 0 1 4
-2.9 -5.9 -0.8 90 0 1 4
-2.8 -13.5 0.1 95 0 1 3
-2.8 -13 0 143 0 1 1
-2.8 -12.2 0 129 0 1 1
-2.8 -11.4 0 154 0 1 1
-2.8 -10.6 0 150 0 1 1
-2.8 -9.9 0 138 0 1 1
-2.8 -9.1 0 105 0 1 1
-2.8 -8.3 0 157 0 1 1
-2.8 -7.5 0 141 0 1 1
-2.8 -7.1 -0.4 94 0 1 4
-2.8 -4.4 0 122 0 1 1
-2.8 -3.6 0 151 0 1 1
-2.6 -14.8 1 110 0 1 3
-2.5 -13.5 0.1 87 0 1 3
-2.5 -7.1 -0.4 129 0 1 4
-2.5 -6.7 -0.8 89 0 1 4
-2.5 -6.3 -0.8 94 0 1 4
-2.5 -5.9 -0.8 115 0 1 4
-2.4 -14.3 0.8 146 0 1 3
-2.4 -13.5 0.1 107 0 1 3
-2.4 -13.5 0.4 136 0 1 3
-2.4 -7.5 0 150 0 1 1
-2.4 -4.4 0 154 0 1 1
-2.3 -14.7 0.9 104 0 1 3
-2.3 -14.5 0.9 151 0 1 3
-2.3 -13.6 0.1 128 0 1 3
-2.3 -13.6 0.4 131 0 1 3
-2.3 -13.6 0.5 129 0 1 3
-2.2 -13.6 0.2 116 0 1 3
-2.2 -13.6 0.5 133 0 1 3
-2.1 -13.9 0.7 151 0 1 3
-2.1 -13.8 0.2 130 0 1 3
-2.1 -13.8 0.6 152 0 1 3
-2.1 -13.8 0.7 156 0 1 3
-2.1 -13.7 0.6 130 0 1 3
-2.1 -7.1 -0.4 98 0 1 4
-2.1 -6.7 -0.8 91 0 1 4
-2.1 -6.3 -0.8 90 0 1 4
-2.1 -5.9 -0.8 109 0 1 4
-2 -20 0 94 0 1 1
-2 -19.3 0 151 0 1 1
-2 -18.5 0 142 0 1 1
-2 -17.7 0 138 0 1 1
-2 -16.9 0 149 0 1 1
-2 -15.3 0 132 0 1 1
-2 -14.5 0.8 153 0 1 3
-2 -14.1 0.7 150 0 1 3
-2 -14 0.6 150 0 1 3
-2 -14 0.7 159 0 1 3
-2 -13.9 0.3 121 0 1 3
-2 -13.8 0 140 0 1 1
-2 -13 0 104 0 1 1
-2 -12.2 0 105 0 1 1
-2 -11.4 0 137 0 1 1
-2 -10.6 0 105 0 1 1
-2 -9.9 0 115 0 1 1
-2 -9.1 0 132 0 1 1
-2 -8.3 0 133 0 1 1
-2 -7.5 0 91 0 1 1
-2 -4.4 0 165 0 1 1
-2 -3.6 0 97 0 1 1
-1.9 -15.1 0.3 130 0 1 3
-1.9 -14.7 0.7 105 0 1 3
-1.9 -14.6 0.7 138 0 1 3
-1.9 -14.5 0.7 151 0 1 3
-1.9 -14.4 0.7 159 0 1 3
-1.9 -14.3 0 125 0 1 3
-1.9 -14.3 0.7 153 0 1 3
-1.9 -14.2 0 132 0 1 3
-1.9 -14.2 0.6 149 0 1 3
-1.9 -14.1 0.4 126 0 1 3
-1.9 -14.1 0.6 138 0 1 3
-1.8 -14.8 0.4 128 0 1 3
-1.8 -14.8 0.5 113 0 1 3
-1.8 -14.7 0.2 132 0 1 3
-1.8 -14.7 0.3 125 0 1 3
-1.8 -14.6 0.6 94 0 1 3
-1.8 -14.5 0.6 142 0 1 3
-1.8 -14.4 0.5 140 0 1 3
-1.8 -14.3 0.2 139 0 1 3
-1.8 -14.3 0.3 127 0 1 3
-1.8 -14.3 0.5 127 0 1 3
-1.8 -14.3 0.6 150 0 1 3
-1.7 -6.7 -0.4 77 0 1 4
-1.7 -6.3 -0.4 75 0 1 4
-1.7 -5.9 -0.4 54 0 1 4
-1.7 -5.5 -0.6 79 0 1 4
-1.6 -7.5 0 82 0 1 1
-1.6 -7.1 -0.2 69 0 1 4
-1.6 -4.4 0 114 0 1 1
-1.3 -5.5 -0.4 97 0 1 4
-1.2 -20 0 86 0 1 1
-1.2 -19.3 0 125 0 1 1
-1.2 -18.5 0 139 0 1 1
-1.2 -14.8 0 112 0 1 2
-1.2 -14.8 0.1 96 0 1 2
-1.2 -14.8 0.2 106 0 1 2
-1.2 -14.6 0 149 0 1 1
-1.2 -13.8 0 145 0 1 1
-1.2 -13 0 149 0 1 1
-1.2 -12.2 0 126 0 1 1
-1.2 -11.4 0 135 0 1 1
-1.2 -10.6 0 135 0 1 1
-1.2 -9.9 0 159 0 1 1
-1.2 -9.1 0 125 0 1 1
-1.2 -8.3 0 141 0 1 1
-1.2 -7.5 0 143 0 1 1
-1.2 -7.1 0 147 0 1 1
-1.2 -6.7 0 118 0 1 1
-1.2 -6.3 0 117 0 1 1
-1.2 -5.9 0 107 0 1 1
-1.2 -4.4 0 133 0 1 1
-1.2 -3.6 0 99 0 1 1
-1.1 -14.7 -0.1 141 0 1 2
-1.1 -14.7 0.1 64 0 1 2
-1.1 -14.7 0.2 63 0 1 2
-1.1 -14.7 0.3 113 0 1 2
-1.1 -14.6 0.1 63 0 1 2
-1.1 -14.6 0.3 95 0 1 2
-1 -14.6 0 61 0 1 2
-1 -14.6 0.2 70 0 1 2
-1 -14.6 0.3 78 0 1 2
-0.9 -14.6 0.3 93 0 1 2
-0.9 -14.5 0 58 0 1 2
-0.9 -14.5 0.1 72 0 1 2
-0.9 -14.5 0.2 71 0 1 2
-0.9 -14.5 0.3 145 0 1 2
-0.9 -5.5 -0.2 143 0 1 4
-0.9 -4.8 -0.2 101 0 1 4
-0.8 -14.8 0.3 144 0 1 2
-0.8 -14.7 0.3 153 0 1 2
-0.8 -14.5 0.2 87 0 1 2
-0.8 -14.5 0.3 125 0 1 2
-0.8 -14.4 0.1 70 0 1 2
-0.8 -14.4 0.2 73 0 1 2
-0.8 -5.9 0 158 0 1 1
-0.8 -4.4 0 160 0 1 1
-0.7 -14.6 0.3 155 0 1 2
-0.7 -14.4 0 63 0 1 2
-0.7 -14.4 0.1 72 0 1 2
-0.7 -14.4 0.2 86 0 1 2
-0.6 -14.8 0.3 153 0 1 2
-0.6 -14.5 0.2 151 0 1 2
-0.6 -14.4 0 92 0 1 2
-0.6 -14.4 0.1 101 0 1 2
-0.6 -14.4 0.2 140 0 1 2
-0.5 -14.8 0.2 156 0 1 2
-0.5 -14.5 0.2 141 0 1 2
-0.5 -14.4 0 97 0 1 2
-0.5 -14.4 0.1 114 0 1 2
-0.5 -4 0.2 142 0 1 2
-0.4 -20 0 87 0 1 1
-0.4 -19.3 0 142 0 1 1
-0.4 -18.5 0 119 0 1 1
-0.4 -17.7 0 105 0 1 1
-0.4 -14.8 0.2 154 0 1 2
-0.4 -14.7 0.2 146 0 1 2
-0.4 -14.6 0.2 148 0 1 2
-0.4 -14.4 0 102 0 1 2
-0.4 -14.4 0.1 133 0 1 2
-0.4 -13.8 0 141 0 1 1
-0.4 -13 0 157 0 1 1
-0.4 -12.2 0 145 0 1 1
-0.4 -11.4 0 158 0 1 1
-0.4 -10.6 0 116 0 1 1
-0.4 -8.3 0 148 0 1 1
-0.4 -7.5 0 129 0 1 1
-0.4 -6.7 0 150 0 1 1
-0.4 -5.9 0 117 0 1 1
-0.4 -5.5 0 125 0 1 1
-0.4 -5.1 0 103 0 1 1
-0.4 -4.8 0 140 0 1 1
-0.4 -4.4 0 63 0 1 1
-0.4 -4.2 0.2 141 0 1 2
-0.4 -4.1 0.2 135 0 1 2
-0.4 -4 0 93 0 1 2
-0.4 -4 0.1 104 0 1 2
-0.4 -4 0.2 126 0 1 2
-0.4 -3.9 0 65 0 1 2
-0.4 -3.9 0.2 105 0 1 2
-0.4 -3.8 0.1 63 0 1 2
-0.4 -3.6 0 139 0 1 1
-0.3 -14.7 0.2 147 0 1 2
-0.3 -14.5 0 130 0 1 2
-0.3 -14.5 0.1 149 0 1 2
-0.3 -14.5 0.2 155 0 1 2
-0.3 -14.4 0 128 0 1 2
-0.3 -14.4 0.1 136 0 1 2
-0.3 -4.3 0.2 141 0 1 2
-0.3 -3.8 -0.1 144 0 1 2
-0.3 -3.8 0.1 64 0 1 2
-0.3 -3.8 0.2 124 0 1 2
-0.2 -14.7 0.2 136 0 1 2
-0.2 -14.6 0 115 0 1 2
-0.2 -14.6 0.1 119 0 1 2
-0.2 -14.6 0.2 157 0 1 2
-0.2 -14.5 0.1 139 0 1 2
-0.2 -4.2 0.2 138 0 1 2
-0.2 -4.1 0.2 137 0 1 2
-0.2 -3.9 0.3 131 0 1 2
-0.2 -3.8 -0.1 96 0 1 2
-0.2 -3.8 0.3 132 0 1 2
-0.2 -3.7 -0.1 104 0 1 2
-0.2 -3.7 0.1 57 0 1 2
-0.2 -3.7 0.2 66 0 1 2
0 -4 0.3 122 0 1 2
-0.1 -3.9 0.3 147 0 1 2
-0.1 -3.8 0.3 147 0 1 2
-0.1 -3.7 -0.1 140 0 1 2
0 -3.7 0.1 55 0 1 2
-0.1 -3.7 0.2 150 0 1 2
0 -3.6 -0.1 127 0 1 2
0 -3.6 0.1 142 0 1 2
0.1 -4 0.2 161 0 1 2
0.1 -3.9 0.2 154 0 1 2
0.1 -3.7 0.2 146 0 1 2
0.1 -3.6 -0.1 139 0 1 2
0.1 -3.6 0.1 138 0 1 2
0.2 -4 0.2 156 0 1 2
0.2 -3.7 0.1 140 0 1 2
0.2 -3.7 0.2 154 0 1 2
0.2 -3.6 -0.1 137 0 1 2
0.3 -20 0 87 0 1 1
0.3 -19.3 0 140 0 1 1
0.3 -18.5 0 139 0 1 1
0.3 -17.7 0 141 0 1 1
0.3 -16.9 0 135 0 1 1
0.3 -16.1 0 143 0 1 1
0.3 -15.3 0 144 0 1 1
0.3 -14.6 0 115 0 1 1
0.3 -13.8 0 138 0 1 1
0.3 -13 0 101 0 1 1
0.3 -12.2 0 144 0 1 1
0.3 -11.4 0 154 0 1 1
0.3 -10.6 0 157 0 1 1
0.3 -9.9 0 159 0 1 1
0.3 -7.5 0 132 0 1 1
0.3 -6.7 0 166 0 1 1
0.3 -5.9 0 147 0 1 1
0.3 -5.1 0 150 0 1 1
0.3 -4.4 0 162 0 1 1
0.3 -4 0.2 154 0 1 2
0.3 -3.6 -0.1 134 0 1 2
0.4 -3.9 0.2 153 0 1 2
0.4 -3.8 0.2 145 0 1 2
0.4 -3.7 0.1 155 0 1 2
0.4 -3.6 0 118 0 1 2
0.4 -3.6 0.1 139 0 1 2
0.5 -3.9 0.1 150 0 1 2
0.5 -3.8 0 132 0 1 2
0.5 -3.8 0.1 172 0 1 2
0.5 -3.7 0 127 0 1 2
0.5 -3.7 0.1 130 0 1 2
1.1 -20 0 93 0 1 1
1.1 -19.3 0 156 0 1 1
1.1 -18.5 0 127 0 1 1
1.1 -17.7 0 136 0 1 1
1.1 -16.9 0 133 0 1 1
1.1 -16.1 0 155 0 1 1
1.1 -15.3 0 142 0 1 1
1.1 -14.6 0 157 0 1 1
1.1 -13.8 0 143 0 1 1
1.1 -13 0 131 0 1 1
1.1 -12.2 0 142 0 1 1
1.1 -11.4 0 157 0 1 1
1.1 -10.6 0 153 0 1 1
1.1 -9.9 0 136 0 1 1
1.1 -9.1 0 135 0 1 1
1.1 -8.3 0 148 0 1 1
1.1 -7.9 0 162 0 1 1
1.1 -7.5 0 156 0 1 1
1.1 -7.1 0 130 0 1 1
1.1 -6.7 0 142 0 1 1
1.1 -6.3 0 162 0 1 1
1.1 -5.9 0 147 0 1 1
1.1 -5.5 0 168 0 1 1
1.1 -5.1 0 144 0 1 1
1.1 -4.8 -0.4 158 0 1 4
1.1 -3.6 0 105 0 1 1
1.4 -4.8 -0.6 122 0 1 4
1.5 -8.3 0 113 0 1 1
1.5 -7.9 -0.2 158 0 1 4
1.5 -7.5 -0.4 140 0 1 4
1.5 -7.1 -0.4 152 0 1 4
1.5 -6.7 -0.4 135 0 1 4
1.5 -6.3 -0.4 127 0 1 4
1.5 -5.9 -0.4 135 0 1 4
1.5 -5.5 -0.4 142 0 1 4
1.5 -5.1 -0.4 126 0 1 4
1.5 -3.6 0 103 0 1 1
1.8 -7.5 -0.8 122 0 1 4
1.8 -7.1 -0.8 121 0 1 4
1.8 -6.7 -0.8 81 0 1 4
1.8 -6.3 -0.8 112 0 1 4
1.8 -5.9 -0.8 116 0 1 4
1.8 -5.5 -0.8 91 0 1 4
1.8 -5.1 -0.8 102 0 1 4
1.9 -20 0 86 0 1 1
1.9 -19.3 0 143 0 1 1
1.9 -18.5 0 141 0 1 1
1.9 -17.7 0 158 0 1 1
1.9 -16.9 0 141 0 1 1
1.9 -16.1 0 158 0 1 1
1.9 -15.3 0 148 0 1 1
1.9 -14.6 0 145 0 1 1
1.9 -13.8 0 154 0 1 1
1.9 -13 0 159 0 1 1
1.9 -12.2 0 168 0 1 1
1.9 -11.4 0 157 0 1 1
1.9 -10.6 0 131 0 1 1
1.9 -9.9 0 159 0 1 1
1.9 -9.1 0 152 0 1 1
1.9 -8.3 0 154 0 1 1
1.9 -7.9 -0.4 131 0 1 4
1.9 -3.6 0 140 0 1 1
2.2 -7.5 -0.8 100 0 1 4
2.2 -7.1 -0.8 72 0 1 4
2.2 -6.7 -0.8 110 0 1 4
2.2 -6.3 -0.8 102 0 1 4
2.2 -5.9 -0.8 108 0 1 4
2.2 -5.5 -0.8 100 0 1 4
2.2 -5.1 -0.8 121 0 1 4
2.3 -8.3 0 137 0 1 1
2.3 -7.9 -0.4 154 0 1 4
2.3 -3.6 0 130 0 1 1
2.6 -7.9 -0.4 137 0 1 4
2.6 -7.5 -0.8 104 0 1 4
2.6 -7.1 -0.8 118 0 1 4
2.6 -6.7 -0.8 84 0 1 4
2.6 -6.3 -0.8 91 0 1 4
2.6 -5.9 -0.8 84 0 1 4
2.6 -5.5 -0.8 113 0 1 4
2.6 -5.1 -0.8 117 0 1 4
2.7 -20 0 100 0 1 1
2.7 -19.3 0 158 0 1 1
2.7 -18.5 0 146 0 1 1
2.7 -17.7 0 136 0 1 1
2.7 -16.9 0 154 0 1 1
2.7 -16.1 0 126 0 1 1
2.7 -15.3 0 157 0 1 1
2.7 -14.6 0 152 0 1 1
2.7 -13.8 0 146 0 1 1
2.7 -13 0 152 0 1 1
2.7 -12.2 0 153 0 1 1
2.7 -11.4 0 102 0 1 1
2.7 -10.6 0 142 0 1 1
2.7 -9.9 0 116 0 1 1
2.7 -9.1 0 152 0 1 1
2.7 -8.3 0 126 0 1 1
2.7 -3.6 0 140 0 1 1
3 -7.9 -0.4 164 0 1 4
3 -7.5 -0.8 113 0 1 4
3 -7.1 -0.8 98 0 1 4
3 -6.7 -0.8 119 0 1 4
3 -6.3 -0.8 107 0 1 4
3 -5.9 -0.8 123 0 1 4
3 -5.5 -0.8 83 0 1 4
3 -5.1 -0.8 63 0 1 4
3 -4.8 -0.6 82 0 1 4
3 -4.4 -0.4 65 0 1 4
3.1 -8.3 0 158 0 1 1
3.1 -4 -0.2 140 0 1 4
3.1 -3.6 0 156 0 1 1
3.4 -7.9 -0.4 147 0 1 4
3.4 -7.5 -0.8 131 0 1 4
3.4 -7.1 -0.8 78 0 1 4
3.4 -6.7 -0.8 106 0 1 4
3.4 -6.3 -0.8 111 0 1 4
3.4 -5.9 -0.8 102 0 1 4
3.4 -5.5 -0.8 55 0 1 4
3.4 -4.8 -0.4 72 0 1 4
3.5 -20 0 97 0 1 1
3.5 -19.3 0 116 0 1 1
3.5 -18.5 0 147 0 1 1
3.5 -17.7 0 144 0 1 1
3.5 -16.9 0 96 0 1 1
3.5 -16.1 0 145 0 1 1
3.5 -15.3 0 152 0 1 1
3.5 -14.6 0 145 0 1 1
3.5 -13.8 0 127 0 1 1
3.5 -13 0 146 0 1 1
3.5 -12.2 0 137 0 1 1
3.5 -11.4 0 163 0 1 1
3.5 -10.6 0 139 0 1 1
3.5 -9.9 0 134 0 1 1
3.5 -9.1 0 169 0 1 1
3.5 -8.3 0 142 0 1 1
3.5 -4.4 0 97 0 1 4
3.5 -4 0 118 0 1 1
3.5 -3.6 0 120 0 1 1
3.8 -7.9 -0.4 151 0 1 4
3.8 -7.5 -0.8 126 0 1 4
3.8 -7.1 -0.8 108 0 1 4
3.8 -6.3 -0.6 102 0 1 4
3.8 -5.9 -0.4 48 0 1 4
3.8 -5.5 -0.4 53 0 1 4
3.8 -5.1 -0.4 73 0 1 4
3.8 -4.8 -0.2 136 0 1 4
3.9 -8.3 0 162 0 1 1
3.9 -4.4 0 93 0 1 1
4.2 -7.9 -0.4 171 0 1 4
4.2 -7.5 -0.8 121 0 1 4
4.2 -7.1 -0.8 74 0 1 4
4.3 -20 0 98 0 1 1
4.3 -19.3 0 158 0 1 1
4.3 -18.5 0 133 0 1 1
4.3 -17.7 0 152 0 1 1
4.3 -16.9 0 153 0 1 1
4.3 -16.1 0 153 0 1 1
4.3 -15.3 0 124 0 1 1
4.3 -14.6 0 147 0 1 1
4.3 -13.8 0 155 0 1 1
4.3 -13 0 158 0 1 1
4.3 -12.2 0 158 0 1 1
4.3 -11.4 0 150 0 1 1
4.3 -10.6 0 136 0 1 1
4.3 -9.9 0 127 0 1 1
4.3 -9.1 0 170 0 1 1
4.3 -8.3 0 153 0 1 1
4.3 -5.9 0 95 0 1 1
4.3 -5.5 0 95 0 1 1
4.3 -5.1 0 143 0 1 1
4.3 -4.8 0 104 0 1 1
4.3 -4.4 0 171 0 1 1
4.4 -16.3 0 149 0 1 3
4.4 -16.2 -0.1 154 0 1 3
4.5 -16.6 0.2 129 0 1 3
4.5 -16.5 0.1 121 0 1 3
4.5 -16.4 0.1 129 0 1 3
4.6 -7.9 -0.4 147 0 1 4
4.6 -7.1 -0.6 79 0 1 4
4.6 -6.7 -0.4 77 0 1 4
4.7 -8.3 0 155 0 1 1
4.7 -5.9 0 144 0 1 1
4.8 -16.2 0.5 84 0 1 3
4.9 -16.5 0.7 74 0 1 3
4.9 -16.4 0.6 69 0 1 3
4.9 -16.3 0.5 77 0 1 3
5 -20 0 99 0 1 1
5 -19.3 0 140 0 1 1
5 -16.2 0.6 75 0 1 3
5 -15.3 0 118 0 1 1
5 -14.6 0 144 0 1 1
5 -13.8 0 155 0 1 1
5 -13 0 144 0 1 1
5 -12.2 0 144 0 1 1
5 -11.4 0 165 0 1 1
5 -10.6 0 163 0 1 1
5 -9.9 0 134 0 1 1
5 -9.1 0 165 0 1 1
5 -8.3 0 168 0 1 1
5 -7.9 -0.4 159 0 1 4
5 -6.7 0 90 0 1 1
5 -6.3 0 129 0 1 1
5 -5.9 0 152 0 1 1
5 -5.1 0 150 0 1 1
5.3 -16.4 1.2 74 0 1 3
5.3 -16.3 1.1 86 0 1 3
5.3 -16.2 1 90 0 1 3
5.4 -16.1 1.2 90 0 1 3
5.4 -15.2 0.2 95 0 1 3
5.4 -8.3 0 87 0 1 1
5.4 -7.9 -0.2 100 0 1 4
5.4 -7.5 -0.4 61 0 1 4
5.4 -7.3 0 72 0 1 2
5.4 -7 0 62 0 1 2
5.4 -7 0.1 61 0 1 2
5.4 -6.9 0 93 0 1 2
5.4 -6.7 0 125 0 1 1
5.5 -16.1 1.3 86 0 1 3
5.5 -7.3 0 116 0 1 2
5.5 -7.2 0.1 78 0 1 2
5.5 -7.2 0.2 112 0 1 2
5.5 -7 0.3 93 0 1 2
5.5 -6.9 0.1 82 0 1 2
5.6 -7 0.3 139 0 1 2
5.6 -6.8 0 67 0 1 2
5.6 -6.8 0.1 82 0 1 2
5.7 -16.2 1.6 79 0 1 3
5.7 -16.1 1.6 91 0 1 3
5.7 -7.4 0.3 130 0 1 2
5.7 -7.2 0.3 144 0 1 2
5.8 -16.1 1.7 62 0 1 3
5.8 -13.8 0 131 0 1 1
5.8 -13 0 148 0 1 1
5.8 -12.2 0 152 0 1 1
5.8 -11.4 0 134 0 1 1
5.8 -10.6 0 169 0 1 1
5.8 -9.9 0 154 0 1 1
5.8 -9.1 0 139 0 1 1
5.8 -8.3 0 83 0 1 1
5.8 -7.9 0 88 0 1 1
5.8 -7 0.3 153 0 1 2
5.8 -6.8 0.3 142 0 1 2
5.8 -6.7 0 144 0 1 1
5.8 -6.7 0.2 105 0 1 2
5.8 -5.9 0 135 0 1 1
5.9 -15.1 0.9 83 0 1 3
5.9 -7.4 0.3 134 0 1 2
5.9 -7.2 0.3 159 0 1 2
5.9 -6.8 0.3 137 0 1 2
6 -16.1 1.9 94 0 1 3
6 -7.4 0.3 124 0 1 2
6 -7.3 0.3 146 0 1 2
6 -6.8 0.3 154 0 1 2
6 -6.7 0.1 93 0 1 2
6.1 -16.1 2.1 88 0 1 3
6.1 -16 2 68 0 1 3
6.1 -7.2 0.3 163 0 1 2
6.1 -7 0.3 163 0 1 2
6.1 -6.7 0.2 132 0 1 2
6.1 -6.7 0.3 156 0 1 2
6.1 -6.6 0 130 0 1 2
6.1 -6.6 0.1 116 0 1 2
6.2 -16.1 2.3 75 0 1 3
6.2 -6.9 0.3 161 0 1 2
6.3 -14.1 0.4 102 0 1 3
6.3 -7.1 0.3 164 0 1 2
6.3 -6.9 0.2 130 0 1 2
6.3 -6.9 0.3 162 0 1 2
6.3 -6.8 0 141 0 1 2
6.4 -16 2.4 86 0 1 3
6.4 -6.9 0 142 0 1 2
6.4 -6.9 0.2 130 0 1 2
6.4 -6.8 0 128 0 1 2
6.5 -16 2.6 87 0 1 3
6.5 -15 1.6 96 0 1 3
6.6 -13 0 152 0 1 1
6.6 -12.2 0 130 0 1 1
6.6 -11.4 0 164 0 1 1
6.6 -10.6 0 157 0 1 1
6.6 -9.9 0 134 0 1 1
6.6 -9.1 0 134 0 1 1
6.6 -6.7 0 150 0 1 1
6.7 -15.9 2.7 86 0 1 3
6.9 -14 1.1 97 0 1 3
7 -16.5 2.7 137 0 1 3
7 -14.9 2.3 123 0 1 3
7 -12.7 0.1 64 0 1 3
7.1 -15.3 2.5 154 0 1 3
7.2 -15.4 2.6 123 0 1 3
7.2 -13 0.7 89 0 1 3
7.4 -13.9 1.8 133 0 1 3
7.4 -11.4 0 130 0 1 1
7.4 -10.6 0 126 0 1 1
7.4 -9.9 0 110 0 1 1
7.4 -7.5 0 159 0 1 1
7.5 -14.3 2.1 152 0 1 3
7.6 -14.8 2.3 149 0 1 3
7.6 -14.7 2.3 156 0 1 3
7.7 -14.9 2.4 132 0 1 3
7.8 -12.9 1.4 130 0 1 3
7.9 -13.7 1.8 143 0 1 3
7.9 -13.3 1.6 142 0 1 3
8 -14.1 2.1 149 0 1 3
8 -11.6 0.3 89 0 1 3
8.1 -14.3 2.2 146 0 1 3
8.1 -14.2 2.1 153 0 1 3
8.1 -11.5 0.4 78 0 1 3
8.2 -14.5 2.2 100 0 1 3
8.2 -11.9 0.9 144 0 1 3
8.2 -11.4 0.3 89 0 1 3
8.2 -11.2 0.3 78 0 1 3
8.2 -10.6 0 139 0 1 1
8.2 -9.9 0 151 0 1 1
8.2 -9.1 0 166 0 1 1
8.2 -8.3 0 158 0 1 1
8.3 -12.7 1.4 136 0 1 3
8.3 -12.3 1.2 127 0 1 3
8.3 -11.8 0.9 115 0 1 3
8.3 -11.1 0.2 118 0 1 3
8.4 -13.5 1.9 159 0 1 3
8.4 -13.1 1.6 160 0 1 3
8.4 -11.6 0.8 131 0 1 3
8.4 -11.5 0.8 129 0 1 3
8.5 -13.6 1.9 156 0 1 3
8.5 -11.8 0.9 144 0 1 3
8.5 -11.3 0.7 133 0 1 3
8.6 -13.9 2 153 0 1 3
8.6 -13.7 2 125 0 1 3
8.6 -12.3 1.2 137 0 1 3
8.6 -11.9 1 127 0 1 3
8.6 -11.7 0.9 112 0 1 3
8.6 -11.1 0.3 114 0 1 3
8.6 -10.8 0 129 0 1 3
8.7 -14 2.1 142 0 1 3
8.7 -13.6 1.9 152 0 1 3
8.7 -13.4 1.9 163 0 1 3
8.7 -12.7 1.5 163 0 1 3
8.7 -11.5 0.8 139 0 1 3
8.7 -11.2 0.6 150 0 1 3
8.7 -11 0.2 134 0 1 3
8.8 -13.7 2 158 0 1 3
8.8 -13.1 1.7 160 0 1 3
8.8 -11.7 0.9 154 0 1 3
8.8 -11.4 0.8 140 0 1 3
8.8 -11.1 0.5 145 0 1 3
8.8 -10.8 0.1 131 0 1 3
8.9 -13.8 2 124 0 1 3
8.9 -13.5 1.9 152 0 1 3
8.9 -13.4 1.9 157 0 1 3
8.9 -11.9 1.1 144 0 1 3
8.9 -11.8 1 122 0 1 3
8.9 -11.6 0.9 109 0 1 3
8.9 -11.3 0.6 160 0 1 3
8.9 -11 0.3 153 0 1 3
8.9 -10.7 0 126 0 1 3
9 -13.6 2 90 0 1 3
9 -13 1.7 158 0 1 3
9 -12.3 1.3 155 0 1 3
9 -11.4 0.8 161 0 1 3
9 -11.1 0.5 169 0 1 3
9 -10.9 0.2 134 0 1 3
9 -10.6 0 155 0 1 1
9 -9.9 0 161 0 1 1
9 -9.1 0 159 0 1 1
9.1 -13.3 1.9 164 0 1 3
9.1 -12.7 1.5 166 0 1 3
9.1 -11.6 1 105 0 1 3
9.1 -11.3 0.7 152 0 1 3
9.1 -11 0.4 159 0 1 3
9.2 -13.4 1.9 137 0 1 3
9.2 -12.9 1.7 158 0 1 3
9.2 -11.8 1.1 160 0 1 3
9.2 -11.7 1 152 0 1 3
9.2 -11.4 0.9 166 0 1 3
9.2 -11.2 0.6 161 0 1 3
9.3 -13.2 1.9 143 0 1 3
9.3 -12.6 1.5 153 0 1 3
9.3 -11.8 1.1 155 0 1 3
9.3 -11.3 0.8 136 0 1 3
9.4 -12.9 1.7 145 0 1 3
9.4 -12.2 1.4 153 0 1 3
9.4 -11.5 1 158 0 1 3
9.4 -11.3 0.4 166 0 1 3
9.5 -12.5 1.6 128 0 1 3
9.5 -11.7 1.1 137 0 1 3
9.5 -11.6 1 151 0 1 3
9.6 -12.2 1.4 142 0 1 3
9.6 -11.7 1.2 151 0 1 3
9.7 -11.8 1.2 93 0 1 3
9.8 -11.8 0.9 149 0 1 3
9.8 -11.7 0.9 147 0 1 3
9.8 -11.6 0.4 143 0 1 3
9.8 -11.4 0 167 0 1 1
9.8 -10.6 0 161 0 1 1
9.8 -9.9 0 167 0 1 1
9.9 -11.9 1 151 0 1 3
9.9 -11.9 1.1 123 0 1 3
10.1 -11.9 0.8 137 0 1 3
10.2 -12.1 0.9 132 0 1 3
10.2 -12 0.9 139 0 1 3
10.2 -11.8 0.3 146 0 1 3
10.5 -12.2 0.8 109 0 1 3
10.5 -12.1 0.7 145 0 1 3
10.5 -12 0.2 129 0 1 3
10.5 -11.4 0 141 0 1 1
10.5 -10.6 0 146 0 1 1
10.8 -12.3 0.6 143 0 1 3
10.9 -12.2 0.1 147 0 1 3
11.3 -12.2 0 162 0 1 1
11.3 -11.4 0 161 0 1 1
12.1 -13 0 162 0 1 1
12.1 -12.2 0 134 0 1 1
12.9 -13.8 0 159 0 1 1
12.9 -13 0 162 0 1 1
13.7 -15.3 0 148 0 1 1
13.7 -14.6 0 157 0 1 1
13.7 -13.8 0 157 0 1 1
14.5 -16.1 0 143 0 1 1
14.5 -15.3 0 137 0 1 1
14.5 -14.6 0 165 0 1 1
15.2 -16.9 0 159 0 1 1
15.2 -16.1 0 136 0 1 1
15.2 -15.3 0 152 0 1 1
16 -17.7 0 125 0 1 1
16 -16.9 0 141 0 1 1
16 -16.1 0 156 0 1 1
16.8 -18.5 0 102 0 1 1
16.8 -17.7 0 139 0 1 1
16.8 -16.9 0 148 0 1 1
17.6 -20 0 94 0 1 1
17.6 -19.3 0 135 0 1 1
17.6 -18.5 0 126 0 1 1
17.6 -17.7 0 150 0 1 1
18.4 -20 0 93 0 1 1
18.4 -19.3 0 151 0 1 1
18.4 -18.5 0 153 0 1 1
19.2 -20 0 97 0 1 1
19.2 -19.3 0 159 0 1 1
20 -20 0 85 0 1 1
