-20 20 0 87 0 1 1
-19.3 19.2 0 139 0 1 1
-19.3 20 0 94 0 1 1
-18.5 18.4 0 144 0 1 1
-18.5 19.2 0 144 0 1 1
-18.5 20 0 94 0 1 1
-17.7 17.6 0 144 0 1 1
-17.7 18.4 0 145 0 1 1
-17.7 19.2 0 142 0 1 1
-17.7 20 0 96 0 1 1
-16.9 16.8 0 147 0 1 1
-16.9 17.6 0 149 0 1 1
-16.9 18.4 0 149 0 1 1
-16.9 19.2 0 151 0 1 1
-16.9 20 0 99 0 1 1
-16.1 16 0 148 0 1 1
-16.1 16.8 0 146 0 1 1
-16.1 17.6 0 146 0 1 1
-16.1 18.4 0 147 0 1 1
-16.1 19.2 0 147 0 1 1
-16.1 20 0 96 0 1 1
-15.3 15.2 0 142 0 1 1
-15.3 16 0 147 0 1 1
-15.3 16.8 0 147 0 1 1
-15.3 17.6 0 146 0 1 1
-15.3 18.4 0 141 0 1 1
-15.3 19.2 0 146 0 1 1
-15.3 20 0 94 0 1 1
-14.6 14.5 0 144 0 1 1
-14.6 15.2 0 149 0 1 1
-14.6 16 0 149 0 1 1
-14.6 16.8 0 148 0 1 1
-14.6 17.6 0 152 0 1 1
-14.6 18.4 0 149 0 1 1
-14.6 19.2 0 142 0 1 1
-14.6 20 0 93 0 1 1
-13.8 13.7 0 156 0 1 1
-13.8 14.5 0 149 0 1 1
-13.8 15.2 0 149 0 1 1
-13.8 16 0 152 0 1 1
-13.8 16.8 0 149 0 1 1
-13.8 17.6 0 149 0 1 1
-13.8 18.4 0 151 0 1 1
-13.8 19.2 0 152 0 1 1
-13.8 20 0 97 0 1 1
-13 12.9 0 157 0 1 1
-13 13.7 0 144 0 1 1
-13 14.5 0 141 0 1 1
-13 15.2 0 153 0 1 1
-13 16 0 151 0 1 1
-13 16.8 0 150 0 1 1
-13 17.6 0 152 0 1 1
-13 18.4 0 152 0 1 1
-13 19.2 0 151 0 1 1
-13 20 0 97 0 1 1
-12.2 12.1 0 143 0 1 1
-12.2 12.9 0 133 0 1 1
-12.2 13.7 0 148 0 1 1
-12.2 14.5 0 154 0 1 1
-12.2 15.2 0 146 0 1 1
-12.2 16 0 144 0 1 1
-12.2 16.8 0 150 0 1 1
-12.2 17.6 0 152 0 1 1
-12.2 18.4 0 134 0 1 1
-12.2 19.2 0 147 0 1 1
-12.2 20 0 97 0 1 1
-11.4 11.3 0 158 0 1 1
-11.4 12.1 0 148 0 1 1
-11.4 12.9 0 154 0 1 1
-11.4 13.7 0 149 0 1 1
-11.4 14.5 0 150 0 1 1
-11.4 15.2 0 152 0 1 1
-11.4 16 0 150 0 1 1
-11.4 16.8 0 143 0 1 1
-11.4 17.6 0 142 0 1 1
-11.4 18.4 0 145 0 1 1
-11.4 19.2 0 147 0 1 1
-11.4 20 0 95 0 1 1
-10.6 10.5 0 155 0 1 1
-10.6 11.3 0 140 0 1 1
-10.6 12.1 0 158 0 1 1
-10.6 12.9 0 151 0 1 1
-10.6 13.7 0 149 0 1 1
-10.6 14.5 0 151 0 1 1
-10.6 15.2 0 143 0 1 1
-10.6 16 0 154 0 1 1
-10.6 16.8 0 130 0 1 1
-10.6 17.6 0 150 0 1 1
-10.6 18.4 0 147 0 1 1
-10.6 19.2 0 146 0 1 1
-10.6 20 0 91 0 1 1
-9.9 9.8 0 158 0 1 1
-9.9 10.5 0 146 0 1 1
-9.9 11.3 0 154 0 1 1
-9.9 12.1 0 156 0 1 1
-9.9 12.9 0 152 0 1 1
-9.9 13.7 0 152 0 1 1
-9.9 14.5 0 146 0 1 1
-9.9 15.2 0 143 0 1 1
-9.9 16 0 151 0 1 1
-9.9 16.8 0 147 0 1 1
-9.9 17.6 0 149 0 1 1
-9.9 18.4 0 140 0 1 1
-9.9 19.2 0 147 0 1 1
-9.9 20 0 98 0 1 1
-9.1 9 0 150 0 1 1
-9.1 9.8 0 151 0 1 1
-9.1 10.5 0 158 0 1 1
-9.1 11.3 0 157 0 1 1
-9.1 12.1 0 154 0 1 1
-9.1 13.7 0 156 0 1 1
-9.1 14.5 0 148 0 1 1
-9.1 15.2 0 133 0 1 1
-9.1 16 0 152 0 1 1
-9.1 16.8 0 137 0 1 1
-9.1 17.6 0 151 0 1 1
-9.1 18.4 0 147 0 1 1
-9.1 19.2 0 143 0 1 1
-9.1 20 0 96 0 1 1
-8.3 8.2 0 156 0 1 1
-8.3 9 0 156 0 1 1
-8.3 9.8 0 155 0 1 1
-8.3 10.5 0 116 0 1 1
-8.3 12.9 0 150 0 1 1
-8.3 13.7 0 152 0 1 1
-8.3 14.5 0 140 0 1 1
-8.3 15.2 0 150 0 1 1
-8.3 16 0 152 0 1 1
-8.3 16.8 0 156 0 1 1
-8.3 17.6 0 154 0 1 1
-8.3 18.4 0 147 0 1 1
-8.3 19.2 0 139 0 1 1
-8.3 20 0 95 0 1 1
-7.9 10.3 0.2 142 0 1 2
-7.8 10 0 59 0 1 2
-7.8 10 0.1 96 0 1 2
-7.8 10.1 0 132 0 1 2
-7.8 10.1 0.1 142 0 1 2
-7.8 10.1 0.2 135 0 1 2
-7.8 10.3 0.2 142 0 1 2
-7.8 10.4 0.2 147 0 1 2
-7.7 10 0 56 0 1 2
-7.7 10 0.1 98 0 1 2
-7.7 10.4 0.2 136 0 1 2
-7.6 10 0 55 0 1 2
-7.6 10 0.1 102 0 1 2
-7.6 10.1 0.2 121 0 1 2
-7.5 7.4 0 155 0 1 1
-7.5 8.2 0 143 0 1 1
-7.5 9 0 140 0 1 1
-7.5 9.8 0 131 0 1 1
-7.5 10 0 58 0 1 2
-7.5 10 0.1 114 0 1 2
-7.5 10.1 0.2 116 0 1 2
-7.5 10.2 0.2 132 0 1 2
-7.5 10.3 0.3 139 0 1 2
-7.5 10.4 0.3 139 0 1 2
-7.5 12.1 0 152 0 1 1
-7.5 12.9 0 141 0 1 1
-7.5 13.7 0 158 0 1 1
-7.5 14.5 0 151 0 1 1
-7.5 15.2 0 154 0 1 1
-7.5 16 0 154 0 1 1
-7.5 16.8 0 156 0 1 1
-7.5 17.6 0 152 0 1 1
-7.5 18.4 0 136 0 1 1
-7.5 19.2 0 148 0 1 1
-7.5 20 0 94 0 1 1
-7.4 10 0 77 0 1 2
-7.4 10 0.1 114 0 1 2
-7.4 10.1 0 120 0 1 2
-7.4 10.1 0.2 113 0 1 2
-7.4 10.5 0.3 140 0 1 2
-7.3 10.1 0 116 0 1 2
-7.3 10.1 0.1 120 0 1 2
-7.3 10.1 0.2 115 0 1 2
-7.3 10.2 0.2 124 0 1 2
-7.3 10.2 0.3 125 0 1 2
-7.3 10.4 0.3 141 0 1 2
-7.3 10.6 0.3 153 0 1 2
-7.2 10.1 -0.1 129 0 1 2
-7.2 10.2 -0.1 133 0 1 2
-7.2 10.2 0.1 125 0 1 2
-7.2 10.2 0.2 118 0 1 2
-7.2 10.2 0.3 128 0 1 2
-7.2 10.3 0.3 143 0 1 2
-7.2 10.4 0.3 147 0 1 2
-7.2 10.5 0.3 153 0 1 2
-7.1 10.2 0 44 0 1 2
-7.1 10.3 0 61 0 1 2
-7.1 10.3 0.1 128 0 1 2
-7.1 10.3 0.2 121 0 1 2
-7.1 10.3 0.3 146 0 1 2
-7.1 10.7 0.2 135 0 1 2
-7.1 10.8 0.2 151 0 1 2
-7 10.3 -0.1 124 0 1 2
-7 10.3 0.1 127 0 1 2
-7 10.3 0.3 144 0 1 2
-7 10.4 0.1 139 0 1 2
-7 10.4 0.2 140 0 1 2
-7 10.4 0.3 144 0 1 2
-7 10.5 0 137 0 1 2
-7 10.5 0.1 129 0 1 2
-7 10.5 0.2 138 0 1 2
-7 10.6 0.1 144 0 1 2
-7 10.6 0.2 142 0 1 2
-6.7 6.6 0 156 0 1 1
-6.7 7.4 0 96 0 1 1
-6.7 8.2 0 101 0 1 1
-6.7 9 0 114 0 1 1
-6.7 9.8 0 133 0 1 1
-6.7 10.5 0 151 0 1 1
-6.7 11.3 0 153 0 1 1
-6.7 12.1 0 132 0 1 1
-6.7 12.9 0 149 0 1 1
-6.7 13.7 0 153 0 1 1
-6.7 14.5 0 147 0 1 1
-6.7 15.2 0 134 0 1 1
-6.7 16 0 131 0 1 1
-6.7 16.8 0 141 0 1 1
-6.7 17.6 0 138 0 1 1
-6.7 18.4 0 137 0 1 1
-6.7 19.2 0 135 0 1 1
-6.7 20 0 97 0 1 1
-5.9 5.8 0 149 0 1 1
-5.9 6.6 0 124 0 1 1
-5.9 7.4 0 108 0 1 1
-5.9 8.2 0 112 0 1 1
-5.9 9 0 107 0 1 1
-5.9 9.8 0 128 0 1 1
-5.9 10.5 0 113 0 1 1
-5.9 11.3 0 132 0 1 1
-5.9 12.1 0 119 0 1 1
-5.9 12.9 0 148 0 1 1
-5.9 13.7 0 153 0 1 1
-5.9 14.5 0 143 0 1 1
-5.9 15.2 0 147 0 1 1
-5.9 16 0 148 0 1 1
-5.9 16.8 0 138 0 1 1
-5.9 17.6 0 143 0 1 1
-5.9 18.4 0 138 0 1 1
-5.9 19.2 0 145 0 1 1
-5.9 20 0 92 0 1 1
-5.1 5 -0.3 150 0 1 4
-5.1 5.4 -0.4 137 0 1 4
-5.1 5.8 -0.6 121 0 1 4
-5.1 6.2 -0.6 107 0 1 4
-5.1 6.6 -0.6 144 0 1 4
-5.1 7 -0.4 121 0 1 4
-5.1 7.4 -0.3 147 0 1 4
-5.1 8.2 0 133 0 1 1
-5.1 9 0 152 0 1 1
-5.1 9.8 0 137 0 1 1
-5.1 10.5 0 159 0 1 1
-5.1 11.3 0 158 0 1 1
-5.1 12.1 0 142 0 1 1
-5.1 12.9 0 153 0 1 1
-5.1 13.7 0 149 0 1 1
-5.1 14.5 0 137 0 1 1
-5.1 15.2 0 141 0 1 1
-5.1 16 0 146 0 1 1
-5.1 16.8 0 143 0 1 1
-5.1 17.6 0 136 0 1 1
-5.1 18.4 0 146 0 1 1
-5.1 19.2 0 144 0 1 1
-5.1 20 0 94 0 1 1
-4.7 5 -0.4 159 0 1 4
-4.7 6.2 -0.9 85 0 1 4
-4.7 6.6 -0.9 118 0 1 4
-4.7 7 -0.6 107 0 1 4
-4.7 7.4 -0.4 154 0 1 4
-4.4 4.3 0 154 0 1 1
-4.4 8.2 0 153 0 1 1
-4.4 9 0 149 0 1 1
-4.4 9.8 0 160 0 1 1
-4.4 10.5 0 149 0 1 1
-4.4 11.3 0 156 0 1 1
-4.4 12.1 0 145 0 1 1
-4.4 12.9 0 158 0 1 1
-4.4 13.7 0 142 0 1 1
-4.4 14.5 0 144 0 1 1
-4.4 15.2 0 145 0 1 1
-4.4 16 0 152 0 1 1
-4.4 16.8 0 144 0 1 1
-4.4 17.6 0 147 0 1 1
-4.4 18.4 0 145 0 1 1
-4.4 19.2 0 139 0 1 1
-4.4 20 0 91 0 1 1
-4.3 7 -0.9 111 0 1 4
-4.3 7.4 -0.6 142 0 1 4
-4 7 -0.9 78 0 1 4
-4 7.4 -0.6 116 0 1 4
-3.6 3.5 0 140 0 1 1
-3.6 4.3 0 149 0 1 1
-3.6 7 -0.9 100 0 1 4
-3.6 7.4 -0.6 128 0 1 4
-3.6 8.2 0 115 0 1 1
-3.6 9 0 166 0 1 1
-3.6 9.8 0 166 0 1 1
-3.6 10.5 0 159 0 1 1
-3.6 11.3 0 163 0 1 1
-3.6 12.1 0 158 0 1 1
-3.6 12.9 0 148 0 1 1
-3.6 13.7 0 153 0 1 1
-3.6 14.5 0 145 0 1 1
-3.6 15.2 0 154 0 1 1
-3.6 16 0 151 0 1 1
-3.6 16.8 0 153 0 1 1
-3.6 17.6 0 155 0 1 1
-3.6 18.4 0 146 0 1 1
-3.6 19.2 0 149 0 1 1
-3.6 20 0 90 0 1 1
-3.2 7 -0.9 70 0 1 4
-3.2 7.4 -0.6 124 0 1 4
-2.8 3.5 0 153 0 1 1
-2.8 4.3 0 162 0 1 1
-2.8 7 -0.9 90 0 1 4
-2.8 7.4 -0.6 139 0 1 4
-2.8 8.2 0 152 0 1 1
-2.8 9 0 157 0 1 1
-2.8 9.8 0 159 0 1 1
-2.8 10.5 0 163 0 1 1
-2.8 11.3 0 132 0 1 1
-2.8 12.1 0 111 0 1 1
-2.8 12.9 0 150 0 1 1
-2.8 13.7 0 148 0 1 1
-2.8 14.5 0 147 0 1 1
-2.8 15.2 0 160 0 1 1
-2.8 16 0 151 0 1 1
-2.8 16.8 0 149 0 1 1
-2.8 17.6 0 151 0 1 1
-2.8 18.4 0 151 0 1 1
-2.8 19.2 0 143 0 1 1
-2.8 20 0 97 0 1 1
-2.4 7 -0.9 114 0 1 4
-2.4 7.4 -0.6 133 0 1 4
-2 3.5 0 159 0 1 1
-2 4.3 0 166 0 1 1
-2 7 -0.9 61 0 1 4
-2 7.4 -0.6 134 0 1 4
-2 8.2 0 142 0 1 1
-2 9 0 151 0 1 1
-2 12.1 0 150 0 1 1
-2 12.9 0 157 0 1 1
-2 13.7 0 157 0 1 1
-2 14.5 0 149 0 1 1
-2 15.2 0 155 0 1 1
-2 16 0 149 0 1 1
-2 16.8 0 151 0 1 1
-2 17.6 0 149 0 1 1
-2 18.4 0 152 0 1 1
-2 19.2 0 140 0 1 1
-2 20 0 96 0 1 1
-1.9 8.8 0.2 56 0 1 2
-1.9 8.8 0.3 57 0 1 2
-1.9 8.9 0.1 126 0 1 2
-1.9 8.9 0.2 126 0 1 2
-1.9 8.9 0.3 117 0 1 2
-1.9 9 0.1 124 0 1 2
-1.9 9 0.2 152 0 1 2
-1.8 8.7 0.2 57 0 1 2
-1.8 8.7 0.3 103 0 1 2
-1.8 8.8 0.1 58 0 1 2
-1.8 8.8 0.2 58 0 1 2
-1.8 8.8 0.3 90 0 1 2
-1.8 8.9 0.1 58 0 1 2
-1.8 8.9 0.3 138 0 1 2
-1.8 9 0.3 145 0 1 2
-1.8 9.2 0 124 0 1 2
-1.7 8.7 0.2 55 0 1 2
-1.7 8.8 0.1 50 0 1 2
-1.7 9 0.3 129 0 1 2
-1.7 9.1 0.3 121 0 1 2
-1.7 9.3 0 98 0 1 2
-1.6 5 -0.4 139 0 1 4
-1.6 6.6 -0.9 78 0 1 4
-1.6 7 -0.6 65 0 1 4
-1.6 7.4 -0.4 139 0 1 4
-1.6 8.7 0.2 78 0 1 2
-1.6 8.7 0.3 97 0 1 2
-1.6 8.8 0.1 56 0 1 2
-1.6 8.8 0.4 105 0 1 2
-1.6 9 0.4 148 0 1 2
-1.5 8.7 0.2 56 0 1 2
-1.5 8.7 0.3 94 0 1 2
-1.5 8.8 0.1 62 0 1 2
-1.5 8.8 0.2 66 0 1 2
-1.5 8.9 0.4 133 0 1 2
-1.5 9.1 0.5 149 0 1 2
-1.4 8.7 0.4 94 0 1 2
-1.4 8.8 0.2 87 0 1 2
-1.4 8.8 0.3 89 0 1 2
-1.4 8.8 0.4 90 0 1 2
-1.4 8.8 0.5 97 0 1 2
-1.4 8.9 0.2 63 0 1 2
-1.4 8.9 0.5 148 0 1 2
-1.4 9.1 0.5 133 0 1 2
-1.4 9.6 0 119 0 1 2
-1.3 8.8 0.2 81 0 1 2
-1.3 8.8 0.4 90 0 1 2
-1.3 8.8 0.5 139 0 1 2
-1.3 8.9 0.1 63 0 1 2
-1.3 8.9 0.2 65 0 1 2
-1.3 8.9 0.3 94 0 1 2
-1.3 9 0.1 64 0 1 2
-1.3 9 0.5 143 0 1 2
-1.2 3.5 0 169 0 1 1
-1.2 4.3 0 142 0 1 1
-1.2 5 -0.3 131 0 1 4
-1.2 6.2 -0.6 86 0 1 4
-1.2 6.6 -0.6 117 0 1 4
-1.2 7 -0.4 100 0 1 4
-1.2 7.4 -0.3 107 0 1 4
-1.2 8.2 0 143 0 1 1
-1.2 8.9 0.2 85 0 1 2
-1.2 8.9 0.4 104 0 1 2
-1.2 8.9 0.5 145 0 1 2
-1.2 9 0 106 0 1 1
-1.2 9 0.2 63 0 1 2
-1.2 9.2 0.4 143 0 1 2
-1.2 9.8 0 156 0 1 1
-1.2 10.5 0 157 0 1 1
-1.2 11.3 0 152 0 1 1
-1.2 12.1 0 159 0 1 1
-1.2 12.9 0 155 0 1 1
-1.2 13.7 0 164 0 1 1
-1.2 14.5 0 143 0 1 1
-1.2 15.2 0 147 0 1 1
-1.2 16 0 136 0 1 1
-1.2 16.8 0 143 0 1 1
-1.2 17.6 0 153 0 1 1
-1.2 18.4 0 135 0 1 1
-1.2 19.2 0 152 0 1 1
-1.2 20 0 90 0 1 1
-1.1 8.9 0.5 126 0 1 2
-1.1 9 0.2 84 0 1 2
-1.1 9 0.3 129 0 1 2
-1.1 9 0.4 126 0 1 2
-1.1 9 0.5 134 0 1 2
-1.1 9.1 0.2 118 0 1 2
-1.1 9.1 0.3 128 0 1 2
-1.1 9.1 0.4 135 0 1 2
-1.1 9.1 0.5 127 0 1 2
-1.1 9.2 0.3 125 0 1 2
-0.4 3.5 0 161 0 1 1
-0.4 4.3 0 123 0 1 1
-0.4 5 0 156 0 1 1
-0.4 5.8 0 100 0 1 1
-0.4 6.6 0 108 0 1 1
-0.4 7.4 0 128 0 1 1
-0.4 8.2 0 147 0 1 1
-0.4 9 -0.1 154 0 1 4
-0.4 9.8 -0.2 159 0 1 4
-0.4 10.5 -0.4 145 0 1 4
-0.4 11.3 -0.4 163 0 1 4
-0.4 12.1 -0.4 157 0 1 4
-0.4 12.9 -0.4 159 0 1 4
-0.4 13.7 -0.4 152 0 1 4
-0.4 14.5 -0.2 157 0 1 4
-0.4 15.2 -0.1 164 0 1 4
-0.4 16 0 159 0 1 1
-0.4 16.8 0 152 0 1 1
-0.4 17.6 0 155 0 1 1
-0.4 18.4 0 149 0 1 1
-0.4 19.2 0 153 0 1 1
-0.4 20 0 94 0 1 1
0.1 6.1 0 128 0 1 2
0.1 6.1 0.1 112 0 1 2
0.1 6.1 0.2 104 0 1 2
0.1 6.2 0 92 0 1 2
0.1 6.2 0.2 131 0 1 2
0.1 6.2 0.3 143 0 1 2
0.2 5.9 0.1 57 0 1 2
0.2 5.9 0.2 119 0 1 2
0.2 6 0 56 0 1 2
0.2 6 0.1 51 0 1 2
0.2 6 0.2 54 0 1 2
0.2 6.3 0.3 149 0 1 2
0.3 3.5 0 88 0 1 1
0.3 4.3 0 117 0 1 1
0.3 5 0 160 0 1 1
0.3 5.8 0.1 54 0 1 2
0.3 5.8 0.2 145 0 1 2
0.3 6.1 0.3 140 0 1 2
0.3 6.2 0.3 148 0 1 2
0.3 6.4 0.3 134 0 1 2
0.3 8.2 0 140 0 1 1
0.3 9 -0.2 136 0 1 4
0.3 12.9 -1.1 145 0 1 4
0.3 13.3 -1.1 149 0 1 4
0.3 13.7 -1.1 166 0 1 4
0.3 14.1 -1 153 0 1 4
0.3 14.5 -0.8 161 0 1 4
0.3 14.9 -0.5 144 0 1 4
0.3 15.2 -0.2 143 0 1 4
0.3 16 0 157 0 1 1
0.3 16.8 0 143 0 1 1
0.3 17.6 0 155 0 1 1
0.3 18.4 0 154 0 1 1
0.3 19.2 0 139 0 1 1
0.3 20 0 91 0 1 1
0.4 5.8 0 54 0 1 2
0.4 5.8 0.1 162 0 1 2
0.4 6 0.3 144 0 1 2
0.4 6.2 0.3 134 0 1 2
0.4 6.3 0.3 148 0 1 2
0.4 6.4 0.3 154 0 1 2
0.5 5.7 0 118 0 1 2
0.5 6.1 0.3 145 0 1 2
0.5 6.3 0.3 154 0 1 2
0.6 5.9 0.1 160 0 1 2
0.6 6.1 0.3 158 0 1 2
0.6 6.3 0.3 158 0 1 2
0.7 5.9 0.1 163 0 1 2
0.7 6.1 0.2 156 0 1 2
0.7 6.2 0.3 163 0 1 2
0.7 6.4 0.2 156 0 1 2
0.7 13.7 -1.3 122 0 1 4
0.7 14.1 -1.2 127 0 1 4
0.7 14.5 -1 125 0 1 4
0.7 14.9 -0.6 112 0 1 4
0.7 15.2 -0.3 135 0 1 4
0.8 6 0.1 149 0 1 2
0.8 6.2 0.2 150 0 1 2
0.9 6.2 0.2 155 0 1 2
0.9 6.3 0.2 153 0 1 2
1 6 0 147 0 1 2
1 6.1 0 165 0 1 2
1 6.3 0.2 161 0 1 2
1 6.4 0.2 156 0 1 2
1 6.5 0.2 161 0 1 2
1.1 3.5 0 154 0 1 1
1.1 4.3 0 158 0 1 1
1.1 5 0 168 0 1 1
1.1 5.8 0 146 0 1 1
1.1 6.1 0 145 0 1 2
1.1 6.1 0.1 144 0 1 2
1.1 6.2 0.1 159 0 1 2
1.1 6.2 0.2 157 0 1 2
1.1 6.3 0.1 158 0 1 2
1.1 6.3 0.2 165 0 1 2
1.1 7.4 0 133 0 1 1
1.1 8.2 0 160 0 1 1
1.1 14.1 -1.3 127 0 1 4
1.1 14.5 -1.1 103 0 1 4
1.1 14.9 -0.7 107 0 1 4
1.1 15.3 -0.4 156 0 1 4
1.1 16 0 143 0 1 1
1.1 16.8 0 145 0 1 1
1.1 17.6 0 141 0 1 1
1.1 18.4 0 149 0 1 1
1.1 19.2 0 151 0 1 1
1.1 20 0 98 0 1 1
1.5 14.1 -1.3 92 0 1 4
1.5 14.5 -1.1 110 0 1 4
1.5 14.9 -0.7 98 0 1 4
1.5 15.3 -0.4 157 0 1 4
1.9 3.5 0 161 0 1 1
1.9 4.3 0 127 0 1 1
1.9 4.9 0 63 0 1 3
1.9 5 0 74 0 1 1
1.9 5 0.1 50 0 1 3
1.9 5 0.3 57 0 1 3
1.9 5.1 0.4 56 0 1 3
1.9 5.8 0 115 0 1 1
1.9 6.6 0 146 0 1 1
1.9 7.4 0 163 0 1 1
1.9 8.2 0 147 0 1 1
1.9 14.1 -1.3 86 0 1 4
1.9 14.5 -1.1 94 0 1 4
1.9 14.9 -0.7 85 0 1 4
1.9 15.3 -0.4 130 0 1 4
1.9 16 0 158 0 1 1
1.9 16.8 0 151 0 1 1
1.9 17.6 0 149 0 1 1
1.9 18.4 0 157 0 1 1
1.9 19.2 0 146 0 1 1
1.9 20 0 95 0 1 1
2 4.9 0.3 51 0 1 3
2 5 0.4 60 0 1 3
2 5 0.6 48 0 1 3
2 5.4 0 53 0 1 3
2 5.5 0.2 57 0 1 3
2 5.5 0.3 62 0 1 3
2 5.9 0.1 57 0 1 3
2 6 0.2 56 0 1 3
2.1 5.1 0.7 54 0 1 3
2.1 5.5 0.6 66 0 1 3
2.1 6.3 -0.1 140 0 1 3
2.1 6.4 0.1 62 0 1 3
2.2 5 0.7 50 0 1 3
2.2 5 0.9 33 0 1 3
2.2 5.1 1 63 0 1 3
2.2 5.9 0.5 59 0 1 3
2.2 6.4 0.4 60 0 1 3
2.2 6.8 0 143 0 1 3
2.3 4.7 0.3 45 0 1 3
2.3 5 1.2 46 0 1 3
2.3 5.1 1.3 45 0 1 3
2.3 5.5 0.9 68 0 1 3
2.3 5.9 0.8 64 0 1 3
2.3 6.7 0.3 131 0 1 3
2.3 14.1 -1.3 118 0 1 4
2.3 14.5 -1.1 109 0 1 4
2.3 14.9 -0.7 96 0 1 4
2.3 15.3 -0.4 123 0 1 4
2.4 5.5 1.2 60 0 1 3
2.4 5.9 1.1 69 0 1 3
2.4 6.3 0.7 64 0 1 3
2.4 6.6 0.6 97 0 1 3
2.5 4.8 0.7 40 0 1 3
2.5 5.1 1.6 142 0 1 3
2.5 5.4 1.5 56 0 1 3
2.5 6.2 1 68 0 1 3
2.5 6.6 0.9 95 0 1 3
2.6 4.5 0.2 50 0 1 3
2.6 4.8 1.2 55 0 1 3
2.6 5.4 1.6 113 0 1 3
2.6 5.7 1.5 62 0 1 3
2.6 5.8 1.4 66 0 1 3
2.6 6.1 1.3 67 0 1 3
2.7 3.5 0 158 0 1 1
2.7 4.3 0 117 0 1 1
2.7 5.7 1.6 98 0 1 3
2.7 6.1 1.4 52 0 1 3
2.7 6.1 1.5 58 0 1 3
2.7 6.4 1.3 69 0 1 3
2.7 6.5 1.2 114 0 1 3
2.7 8.2 0 164 0 1 1
2.7 14.1 -1.3 97 0 1 4
2.7 14.5 -1.1 118 0 1 4
2.7 14.9 -0.7 116 0 1 4
2.7 15.3 -0.4 119 0 1 4
2.7 16 0 159 0 1 1
2.7 16.8 0 149 0 1 1
2.7 17.6 0 144 0 1 1
2.7 18.4 0 150 0 1 1
2.7 19.2 0 156 0 1 1
2.7 20 0 101 0 1 1
2.8 4.6 0.7 54 0 1 3
2.8 4.9 1.6 116 0 1 3
2.8 6 1.6 136 0 1 3
2.8 6.4 1.4 69 0 1 3
2.8 6.4 1.5 61 0 1 3
2.9 4.6 1.2 54 0 1 3
2.9 6.3 1.6 76 0 1 3
3 5.4 1.6 158 0 1 3
3.1 4.3 0.7 33 0 1 3
3.1 4.7 1.6 96 0 1 3
3.1 5.7 1.6 161 0 1 3
3.1 14.1 -1.3 121 0 1 4
3.1 14.5 -1.1 117 0 1 4
3.1 14.9 -0.7 103 0 1 4
3.1 15.3 -0.4 106 0 1 4
3.2 4.4 1.2 49 0 1 3
3.2 6 1.6 158 0 1 3
3.3 5.2 1.6 160 0 1 3
3.3 6.3 1.6 155 0 1 3
3.4 4 0.2 52 0 1 3
3.4 4.1 0.6 56 0 1 3
3.4 4.5 1.6 151 0 1 3
3.5 3.5 0 158 0 1 1
3.5 4.2 1.1 35 0 1 3
3.5 5.7 1.6 159 0 1 3
3.5 14.1 -1.3 112 0 1 4
3.5 14.5 -1.1 103 0 1 4
3.5 14.9 -0.7 105 0 1 4
3.5 15.3 -0.4 146 0 1 4
3.5 16 0 155 0 1 1
3.5 16.8 0 161 0 1 1
3.5 17.6 0 157 0 1 1
3.5 18.4 0 146 0 1 1
3.5 19.2 0 146 0 1 1
3.5 20 0 97 0 1 1
3.6 5 1.6 159 0 1 3
3.6 6 1.6 161 0 1 3
3.7 4.3 1.7 139 0 1 3
3.7 6.3 1.6 103 0 1 3
3.8 4 1 50 0 1 3
3.8 4.3 1.7 159 0 1 3
3.8 5.5 1.6 158 0 1 3
3.9 4.1 1.6 159 0 1 3
3.9 4.2 1.6 175 0 1 3
3.9 4.8 1.7 160 0 1 3
3.9 14.1 -1.3 80 0 1 4
3.9 14.5 -1.1 109 0 1 4
3.9 14.9 -0.7 115 0 1 4
3.9 15.3 -0.4 151 0 1 4
4 4.1 1.6 56 0 1 3
4 4.2 1.6 177 0 1 3
4 4.3 1.7 166 0 1 3
4 4.8 1.7 165 0 1 3
4 5.9 1.6 159 0 1 3
4.1 4.1 1.6 172 0 1 3
4.1 4.2 1.6 177 0 1 3
4.1 4.3 1.7 169 0 1 3
4.1 4.8 1.7 164 0 1 3
4.1 5.3 1.6 164 0 1 3
4.1 6.3 1.6 110 0 1 3
4.2 4.3 1.7 157 0 1 3
4.2 5.3 1.7 164 0 1 3
4.3 4.8 1.7 161 0 1 3
4.3 5.3 1.7 160 0 1 3
4.3 5.7 1.6 157 0 1 3
4.3 14.1 -1.3 108 0 1 4
4.3 14.5 -1.1 109 0 1 4
4.3 14.9 -0.7 115 0 1 4
4.3 15.3 -0.4 133 0 1 4
4.3 16 0 156 0 1 1
4.3 16.8 0 152 0 1 1
4.3 17.6 0 145 0 1 1
4.3 18.4 0 151 0 1 1
4.3 19.2 0 145 0 1 1
4.3 20 0 99 0 1 1
4.4 4.8 1.7 152 0 1 3
4.4 5.7 1.7 156 0 1 3
4.4 6.2 1.6 122 0 1 3
4.5 5.3 1.7 158 0 1 3
4.5 5.7 1.7 157 0 1 3
4.6 5.3 1.7 152 0 1 3
4.6 6.2 1.7 147 0 1 3
4.7 5.8 1.7 154 0 1 3
4.7 6.2 1.7 132 0 1 3
4.7 14.1 -1.3 106 0 1 4
4.7 14.5 -1.1 117 0 1 4
4.7 14.9 -0.7 108 0 1 4
4.7 15.3 -0.4 153 0 1 4
4.8 5.8 1.7 99 0 1 3
4.8 6.2 1.7 103 0 1 3
5 6.2 1.7 144 0 1 3
5 14.5 -1.1 122 0 1 4
5 14.9 -0.7 100 0 1 4
5 15.3 -0.4 134 0 1 4
5 16 0 152 0 1 1
5 16.8 0 155 0 1 1
5 17.6 0 141 0 1 1
5 18.4 0 153 0 1 1
5 19.2 0 157 0 1 1
5 20 0 100 0 1 1
5.4 14.9 -0.7 113 0 1 4
5.4 15.3 -0.4 120 0 1 4
5.8 15.3 -0.4 108 0 1 4
5.8 16 0 165 0 1 1
5.8 16.8 0 147 0 1 1
5.8 17.6 0 149 0 1 1
5.8 18.4 0 121 0 1 1
5.8 19.2 0 142 0 1 1
5.8 20 0 98 0 1 1
6.6 16.8 0 150 0 1 1
6.6 17.6 0 153 0 1 1
6.6 18.4 0 145 0 1 1
6.6 19.2 0 154 0 1 1
6.6 20 0 96 0 1 1
7.4 18.4 0 149 0 1 1
7.4 19.2 0 142 0 1 1
7.4 20 0 93 0 1 1
8.2 20 0 99 0 1 1
