3.5 -3.6 0 155 0 1 1
3.5 -2.8 0 168 0 1 1
3.5 -2 0 165 0 1 1
3.5 -1.2 0 163 0 1 1
3.5 -0.4 0 131 0 1 1
3.5 0.3 0 151 0 1 1
3.5 1.1 0 154 0 1 1
3.5 1.9 0 172 0 1 1
3.5 2.7 0 177 0 1 1
3.5 3.5 0 149 0 1 1
4.3 -4.4 0 169 0 1 1
4.3 -3.6 0 157 0 1 1
4.3 -2.8 0 138 0 1 4
4.3 -2.4 0 156 0 1 4
4.3 -2 0 156 0 1 4
4.3 -1.6 0 139 0 1 4
4.3 -1.2 0 134 0 1 4
4.3 -0.8 0 148 0 1 4
4.3 -0.4 0 152 0 1 4
4.3 -0.1 0 168 0 1 4
4.3 0.3 0 173 0 1 4
4.3 0.7 0 169 0 1 4
4.3 1.1 0 130 0 1 4
4.3 1.5 0 131 0 1 4
4.3 1.9 0 165 0 1 4
4.3 2.7 0 164 0 1 1
4.3 3.5 0 164 0 1 1
4.3 4.3 0 177 0 1 1
4.4 -3.9 0 64 0 1 2
4.4 -3.8 0 61 0 1 2
4.4 -3.7 0 48 0 1 2
4.4 -3.7 0.1 60 0 1 2
4.4 -3.6 -0.1 166 0 1 2
4.4 -3.6 0.1 60 0 1 2
4.4 -3.6 0.2 59 0 1 2
4.4 -3.5 0 79 0 1 2
4.4 -3.5 0.2 50 0 1 2
4.4 -3.4 0 55 0 1 2
4.4 -3.4 0.1 56 0 1 2
4.5 -4 0.1 66 0 1 2
4.5 -4 0.3 93 0 1 2
4.5 -3.9 0.1 64 0 1 2
4.5 -3.9 0.3 141 0 1 2
4.5 -3.8 0.2 58 0 1 2
4.5 -3.8 0.3 94 0 1 2
4.5 -3.7 0.3 142 0 1 2
4.5 -3.6 0.2 59 0 1 2
4.5 -3.6 0.3 69 0 1 2
4.5 -3.4 0.2 93 0 1 2
4.5 -3.3 0.1 75 0 1 2
4.5 -3.3 0.2 106 0 1 2
4.5 -3.2 0 55 0 1 2
4.5 -3.1 0 57 0 1 2
4.5 -3.1 0.1 87 0 1 2
4.6 -4.1 0 118 0 1 2
4.6 -4.1 0.1 157 0 1 2
4.6 -4.1 0.2 143 0 1 2
4.6 -4 0 123 0 1 2
4.6 -4 0.2 111 0 1 2
4.6 -3.7 0.3 147 0 1 2
4.6 -3.4 0.2 134 0 1 2
4.6 -3.1 0 70 0 1 2
4.6 -3.1 0.1 104 0 1 2
4.6 -3.1 0.2 128 0 1 2
4.7 -4.1 0.2 147 0 1 2
4.7 -4 0.2 154 0 1 2
4.7 -3.9 0.3 149 0 1 2
4.7 -3.5 0.3 154 0 1 2
4.7 -3.2 0.2 149 0 1 2
4.7 -3.1 0 72 0 1 2
4.7 -3.1 0.1 90 0 1 2
4.7 -3.1 0.2 158 0 1 2
4.7 -2.8 0 117 0 1 4
4.7 1.9 0 149 0 1 4
4.8 -4 0.2 140 0 1 2
4.8 -3.7 0.3 146 0 1 2
4.8 -3.6 0.3 163 0 1 2
4.8 -3.5 0.3 153 0 1 2
4.8 -3.3 0.2 145 0 1 2
4.8 -3.2 0.2 158 0 1 2
4.8 -3.1 0 139 0 1 2
4.8 -3.1 0.1 124 0 1 2
4.8 -3.1 0.2 155 0 1 2
4.9 -3.8 0.3 146 0 1 2
4.9 -3.3 0.2 157 0 1 2
4.9 -3.2 0.2 165 0 1 2
4.9 -3.1 0 128 0 1 2
4.9 -3.1 0.1 115 0 1 2
4.9 -3.1 0.2 151 0 1 2
5 -5.1 0 149 0 1 1
5 -4 0.2 151 0 1 2
5 -3.2 0 143 0 1 2
5 -3.2 0.1 138 0 1 2
5 -3.1 0.1 136 0 1 2
5 -2.8 0 153 0 1 4
5 1.9 0 158 0 1 4
5 2.7 0 174 0 1 1
5 3.5 0 166 0 1 1
5 4.3 0 169 0 1 1
5 5 0 169 0 1 1
5.4 -2.8 0 81 0 1 4
5.4 -2.4 -0.6 61 0 1 4
5.4 1.5 -0.6 78 0 1 4
5.4 1.9 0 138 0 1 4
5.8 -5.9 0 134 0 1 1
5.8 -5.1 0 168 0 1 1
5.8 -3.6 0 122 0 1 1
5.8 -2.8 0 122 0 1 4
5.8 -2.4 -0.6 76 0 1 4
5.8 1.5 -0.6 75 0 1 4
5.8 1.9 0 103 0 1 4
5.8 2.7 0 177 0 1 1
5.8 3.5 0 142 0 1 1
5.8 4.3 0 149 0 1 1
5.8 5 0 169 0 1 1
5.8 5.8 0 173 0 1 1
6.2 -2.8 0 122 0 1 4
6.2 -2.4 -0.6 50 0 1 4
6.2 1.5 -0.6 58 0 1 4
6.2 1.9 0 131 0 1 4
6.6 -6.7 0 150 0 1 1
6.6 -5.9 0 147 0 1 1
6.6 -5.1 0 147 0 1 1
6.6 -4.4 0 161 0 1 1
6.6 -3.6 0 170 0 1 1
6.6 -2.8 0 156 0 1 4
6.6 -2.4 -0.6 68 0 1 4
6.6 -2 -1.1 98 0 1 4
6.6 -1.6 -1.1 93 0 1 4
6.6 -1.2 -1.1 96 0 1 4
6.6 -0.8 -1.1 105 0 1 4
6.6 -0.4 -1.1 106 0 1 4
6.6 0 -1.1 116 0 1 4
6.6 0.4 -1.1 118 0 1 4
6.6 0.8 -1.1 114 0 1 4
6.6 1.2 -1.1 91 0 1 4
6.6 1.5 -0.6 74 0 1 4
6.6 1.9 0 172 0 1 4
6.6 2.7 0 159 0 1 1
6.6 3.5 0 170 0 1 1
6.6 4.3 0 172 0 1 1
6.6 5 0 131 0 1 1
6.6 5.8 0 149 0 1 1
6.6 6.6 0 150 0 1 1
7 -2.8 0 119 0 1 4
7 -2.4 -0.6 71 0 1 4
7 -2 -1.1 88 0 1 4
7 -1.6 -1.1 91 0 1 4
7 -1.2 -1.1 93 0 1 4
7 -0.8 -1.1 104 0 1 4
7 -0.4 -1.1 100 0 1 4
7 0 -1.1 114 0 1 4
7 0.4 -1.1 112 0 1 4
7 0.8 -1.1 117 0 1 4
7 1.2 -1.1 92 0 1 4
7 1.5 -0.6 71 0 1 4
7 1.9 0 148 0 1 4
7.4 -7.5 0 159 0 1 1
7.4 -6.7 0 142 0 1 1
7.4 -5.9 0 164 0 1 1
7.4 -5.1 0 173 0 1 1
7.4 -4.4 0 146 0 1 1
7.4 -3.6 0 161 0 1 1
7.4 -2.8 0 133 0 1 4
7.4 -2.4 -0.6 44 0 1 4
7.4 -2 -1.1 58 0 1 4
7.4 -1.6 -1.1 77 0 1 4
7.4 -1.2 -1.1 71 0 1 4
7.4 -0.8 -1.1 85 0 1 4
7.4 -0.4 -1.1 83 0 1 4
7.4 0 -1.1 86 0 1 4
7.4 0.4 -1.1 86 0 1 4
7.4 0.8 -1.1 94 0 1 4
7.4 1.2 -1.1 75 0 1 4
7.4 1.5 -0.6 67 0 1 4
7.4 1.9 0 144 0 1 4
7.4 2.7 0 166 0 1 1
7.4 3.5 0 163 0 1 1
7.4 4.3 0 169 0 1 1
7.4 5 0 121 0 1 1
7.4 5.8 0 138 0 1 1
7.4 6.6 0 152 0 1 1
7.4 7.4 0 169 0 1 1
7.8 -2.8 0 125 0 1 4
7.8 -2.4 -0.3 100 0 1 4
7.8 -2 -0.6 36 0 1 4
7.8 -1.6 -0.6 55 0 1 4
7.8 -1.2 -0.6 59 0 1 4
7.8 -0.8 -0.6 58 0 1 4
7.8 -0.4 -0.6 52 0 1 4
7.8 0 -0.6 61 0 1 4
7.8 0.4 -0.6 52 0 1 4
7.8 0.7 -0.6 37 0 1 4
7.8 1.1 -0.6 52 0 1 4
7.8 1.5 -0.3 57 0 1 4
7.8 1.9 0 118 0 1 4
8 4.7 0 44 0 1 3
8 4.9 -0.1 140 0 1 3
8.2 -8.3 0 159 0 1 1
8.2 -7.5 0 161 0 1 1
8.2 -6.7 0 136 0 1 1
8.2 -5.9 0 141 0 1 1
8.2 -5.1 0 124 0 1 1
8.2 -4.4 0 118 0 1 1
8.2 -3.6 0 168 0 1 1
8.2 -2.8 0 135 0 1 4
8.2 -2.4 0 110 0 1 4
8.2 -2 0 99 0 1 4
8.2 -1.6 0 71 0 1 4
8.2 -1.2 0 97 0 1 4
8.2 -0.8 0 92 0 1 4
8.2 -0.4 0 90 0 1 4
8.2 -0.1 0 98 0 1 4
8.2 0.3 0 72 0 1 4
8.2 0.7 0 91 0 1 4
8.2 1.1 0 97 0 1 4
8.2 1.5 0 90 0 1 4
8.2 1.9 0 112 0 1 4
8.2 2.7 0 146 0 1 1
8.2 3.5 0 122 0 1 1
8.2 4.3 0 106 0 1 1
8.2 5.8 0 159 0 1 1
8.2 6.6 0 133 0 1 1
8.2 7.4 0 166 0 1 1
8.2 8.2 0 151 0 1 1
8.4 3.7 0.3 46 0 1 3
8.4 4.7 0.9 63 0 1 3
8.4 4.8 0.8 65 0 1 3
8.5 3.5 -0.1 112 0 1 3
8.6 4.8 1 79 0 1 3
8.7 3.8 1.1 58 0 1 3
8.8 2.4 0.2 58 0 1 3
8.8 2.6 0.6 48 0 1 3
8.8 4.7 1.7 55 0 1 3
9 -9.1 0 157 0 1 1
9 -8.3 0 157 0 1 1
9 -7.5 0 154 0 1 1
9 -6.7 0 163 0 1 1
9 -5.9 0 153 0 1 1
9 -5.1 0 166 0 1 1
9 -4.4 0 157 0 1 1
9 -3.6 0 110 0 1 1
9 -2.8 0 149 0 1 1
9 -2 0 172 0 1 1
9 -1.2 0 171 0 1 1
9 -0.4 0 164 0 1 1
9 0.3 0 171 0 1 1
9 1.1 0 158 0 1 1
9 1.9 0 165 0 1 1
9 4.7 1.9 70 0 1 3
9 5.8 0 165 0 1 1
9 6.6 0 176 0 1 1
9 7.4 0 173 0 1 1
9 8.2 0 153 0 1 1
9 9 0 155 0 1 1
9.1 2.8 1.4 52 0 1 3
9.1 3.8 1.9 63 0 1 3
9.1 4.6 2.2 71 0 1 3
9.2 2.6 1 65 0 1 3
9.3 -4.8 0 54 0 1 2
9.3 -4.8 0.1 56 0 1 2
9.3 -4.7 0 52 0 1 2
9.3 -4.7 0.1 46 0 1 2
9.3 -4.7 0.2 97 0 1 2
9.3 -4.6 0 50 0 1 2
9.3 -4.6 0.1 82 0 1 2
9.3 3.8 2.2 62 0 1 3
9.4 -5 0 54 0 1 2
9.4 -5 0.1 149 0 1 2
9.4 -5 0.2 144 0 1 2
9.4 -4.9 0 56 0 1 2
9.4 -4.9 0.1 65 0 1 2
9.4 -4.9 0.2 71 0 1 2
9.4 -4.8 0.2 126 0 1 2
9.4 -4.7 0 135 0 1 2
9.4 -4.6 0 149 0 1 2
9.4 -4.5 0 95 0 1 2
9.4 2.9 2.2 69 0 1 3
9.5 -5.1 0 56 0 1 2
9.5 -5.1 0.1 87 0 1 2
9.5 -5 0 105 0 1 2
9.5 -5 0.1 134 0 1 2
9.5 -4.8 0.2 138 0 1 2
9.5 -4.7 0.2 139 0 1 2
9.6 -4.7 0.2 124 0 1 2
9.6 -4.5 0.1 133 0 1 2
9.7 -5 0.2 141 0 1 2
9.7 -4.9 0.2 142 0 1 2
9.7 -4.7 0.3 148 0 1 2
9.7 -4.6 0.2 149 0 1 2
9.7 -4.4 0.1 149 0 1 2
9.7 6 0.7 82 0 1 3
9.8 -9.9 0 167 0 1 1
9.8 -9.1 0 114 0 1 1
9.8 -8.3 0 163 0 1 1
9.8 -7.5 0 139 0 1 1
9.8 -6.7 0 157 0 1 1
9.8 -5.9 0 160 0 1 1
9.8 -4.8 0.3 146 0 1 2
9.8 -4.6 0.3 143 0 1 2
9.8 -4.4 0.1 139 0 1 2
9.8 -3.6 0 151 0 1 1
9.8 -2.8 0 165 0 1 1
9.8 -2 0 173 0 1 1
9.8 -1.2 0 128 0 1 1
9.8 -0.4 0 156 0 1 1
9.8 0.3 0 167 0 1 1
9.8 1.1 0 166 0 1 1
9.8 1.9 0 175 0 1 1
9.8 6.6 0 156 0 1 1
9.8 7.4 0 162 0 1 1
9.8 8.2 0 160 0 1 1
9.8 9 0 164 0 1 1
9.8 9.8 0 162 0 1 1
9.9 -4.6 0.3 143 0 1 2
9.9 -4.2 0 129 0 1 2
9.9 -4.2 0.1 149 0 1 2
10 -4.9 0.3 153 0 1 2
10 -4.7 0.3 152 0 1 2
10 -4.5 0.3 150 0 1 2
10 -4.2 0 156 0 1 2
10.1 -4.8 0.3 150 0 1 2
10.1 -4.6 0.3 159 0 1 2
10.1 -4.3 0.2 163 0 1 2
10.1 -4.2 0.1 151 0 1 2
10.1 2.5 1.1 72 0 1 3
10.1 5.1 2.2 56 0 1 3
10.1 5.2 2.1 82 0 1 3
10.2 -4.7 0.3 161 0 1 2
10.2 -4.4 0.2 155 0 1 2
10.2 4.2 2.2 68 0 1 3
10.3 -4.6 0.2 155 0 1 2
10.3 -4.5 0.2 163 0 1 2
10.3 5.8 1.8 82 0 1 3
10.4 2.8 2.2 74 0 1 3
10.5 -10.6 0 146 0 1 1
10.5 -9.9 0 159 0 1 1
10.5 -9.1 0 158 0 1 1
10.5 -8.3 0 164 0 1 1
10.5 -7.5 0 128 0 1 1
10.5 -6.7 0 156 0 1 1
10.5 -5.9 0 160 0 1 1
10.5 -4.4 0 157 0 1 1
10.5 -3.6 0 169 0 1 1
10.5 -2.8 0 168 0 1 1
10.5 -2 0 157 0 1 1
10.5 -1.2 0 149 0 1 1
10.5 -0.4 0 141 0 1 1
10.5 0.3 0 176 0 1 1
10.5 1.1 0 160 0 1 1
10.5 1.9 0 156 0 1 1
10.5 7.4 0 165 0 1 1
10.5 8.2 0 171 0 1 1
10.5 9 0 160 0 1 1
10.5 9.8 0 161 0 1 1
10.5 10.5 0 163 0 1 1
11 5.5 2.2 57 0 1 3
11.1 2.3 0.8 77 0 1 3
11.2 4.1 2.3 65 0 1 3
11.2 6.4 1.8 83 0 1 3
11.3 -11.4 0 161 0 1 1
11.3 -10.6 0 148 0 1 1
11.3 -9.9 0 140 0 1 1
11.3 -9.1 0 162 0 1 1
11.3 -8.3 0 159 0 1 1
11.3 -7.5 0 152 0 1 1
11.3 -6.7 0 154 0 1 1
11.3 -5.9 0 154 0 1 1
11.3 -4.4 0 160 0 1 1
11.3 -3.6 0 173 0 1 1
11.3 -2.8 0 156 0 1 1
11.3 -2 0 155 0 1 1
11.3 -1.2 0 161 0 1 1
11.3 -0.4 0 139 0 1 1
11.3 0.3 0 159 0 1 1
11.3 1.1 0 170 0 1 1
11.3 1.9 0 166 0 1 1
11.3 2.8 2.3 72 0 1 3
11.3 8.2 0 147 0 1 1
11.3 9 0 151 0 1 1
11.3 9.8 0 150 0 1 1
11.3 10.5 0 143 0 1 1
11.3 11.3 0 163 0 1 1
11.4 7 1.5 75 0 1 3
11.5 4.3 2.3 64 0 1 3
11.5 7.5 0.7 84 0 1 3
11.6 2.9 2.3 71 0 1 3
11.6 7.2 1.5 90 0 1 3
11.6 7.6 0.7 107 0 1 3
11.8 4.5 2.3 60 0 1 3
11.8 7 1.6 86 0 1 3
11.8 8.2 0 149 0 1 3
11.9 2.8 2.2 74 0 1 3
12 3.1 2.3 76 0 1 3
12.1 -12.2 0 134 0 1 1
12.1 -11.4 0 139 0 1 1
12.1 -10.6 0 157 0 1 1
12.1 -9.9 0 159 0 1 1
12.1 -9.1 0 160 0 1 1
12.1 -8.3 0 161 0 1 1
12.1 -7.5 0 165 0 1 1
12.1 -6.7 0 169 0 1 1
12.1 -5.1 0 157 0 1 1
12.1 -4.4 0 166 0 1 1
12.1 -3.6 0 158 0 1 1
12.1 -2.8 0 152 0 1 1
12.1 -2 0 152 0 1 1
12.1 -1.2 0 153 0 1 1
12.1 -0.4 0 159 0 1 1
12.1 0.3 0 150 0 1 1
12.1 1.1 0 167 0 1 1
12.1 1.9 0 170 0 1 1
12.1 9 0 147 0 1 1
12.1 9.8 0 157 0 1 1
12.1 10.5 0 161 0 1 1
12.1 11.3 0 138 0 1 1
12.1 12.1 0 162 0 1 1
12.2 2.6 2.1 61 0 1 3
12.3 2.6 2 72 0 1 3
12.8 2.6 2 65 0 1 3
12.9 -13 0 161 0 1 1
12.9 -12.2 0 166 0 1 1
12.9 -11.4 0 166 0 1 1
12.9 -10.6 0 157 0 1 1
12.9 -9.9 0 155 0 1 1
12.9 -9.1 0 163 0 1 1
12.9 -8.3 0 156 0 1 1
12.9 -7.5 0 162 0 1 1
12.9 -6.7 0 166 0 1 1
12.9 -5.9 0 168 0 1 1
12.9 -5.1 0 166 0 1 1
12.9 -4.4 0 171 0 1 1
12.9 -3.6 0 153 0 1 1
12.9 -2.8 0 156 0 1 1
12.9 -2 0 157 0 1 1
12.9 -1.2 0 149 0 1 1
12.9 -0.4 0 165 0 1 1
12.9 0.3 0 171 0 1 1
12.9 1.1 0 174 0 1 1
12.9 1.9 0 173 0 1 1
12.9 9 0 163 0 1 1
12.9 9.8 0 164 0 1 1
12.9 10.5 0 149 0 1 1
12.9 11.3 0 155 0 1 1
12.9 12.1 0 147 0 1 1
12.9 12.9 0 146 0 1 1
13.1 2.5 1.9 76 0 1 3
13.2 2.5 1.8 70 0 1 3
13.3 2.4 1.8 80 0 1 3
13.5 2.1 0.8 76 0 1 3
13.5 2.3 1.2 80 0 1 3
13.7 -13.8 0 157 0 1 1
13.7 -13 0 154 0 1 1
13.7 -12.2 0 158 0 1 1
13.7 -11.4 0 128 0 1 1
13.7 -10.6 0 128 0 1 1
13.7 -9.9 0 165 0 1 1
13.7 -9.1 0 153 0 1 1
13.7 -8.3 0 158 0 1 1
13.7 -7.5 0 156 0 1 1
13.7 -6.7 0 163 0 1 1
13.7 -5.9 0 142 0 1 1
13.7 -5.1 0 159 0 1 1
13.7 -4.4 0 158 0 1 1
13.7 -3.6 0 158 0 1 1
13.7 -2.8 0 133 0 1 1
13.7 -2 0 160 0 1 1
13.7 -1.2 0 155 0 1 1
13.7 -0.4 0 163 0 1 1
13.7 0.3 0 143 0 1 1
13.7 1.1 0 174 0 1 1
13.7 1.9 0.2 110 0 1 3
13.7 2.1 0.6 73 0 1 3
13.7 9.8 0 153 0 1 1
13.7 10.5 0 159 0 1 1
13.7 11.3 0 151 0 1 1
13.7 12.1 0 160 0 1 1
13.7 12.9 0 163 0 1 1
13.7 13.7 0 153 0 1 1
14.5 -14.6 0 164 0 1 1
14.5 -13.8 0 153 0 1 1
14.5 -13 0 159 0 1 1
14.5 -12.2 0 149 0 1 1
14.5 -11.4 0 151 0 1 1
14.5 -10.6 0 147 0 1 1
14.5 -9.9 0 157 0 1 1
14.5 -9.1 0 160 0 1 1
14.5 -8.3 0 158 0 1 1
14.5 -7.5 0 159 0 1 1
14.5 -6.7 0 158 0 1 1
14.5 -5.9 0 158 0 1 1
14.5 -5.1 0 156 0 1 1
14.5 -4.4 0 153 0 1 1
14.5 -3.6 0 163 0 1 1
14.5 -2.8 0 162 0 1 1
14.5 -2 0 160 0 1 1
14.5 -1.2 0 150 0 1 1
14.5 -0.4 0 168 0 1 1
14.5 0.3 0 166 0 1 1
14.5 1.1 0 178 0 1 1
14.5 1.9 0 165 0 1 1
14.5 9.8 0 98 0 1 1
14.5 10.5 0 166 0 1 1
14.5 11.3 0 165 0 1 1
14.5 12.1 0 159 0 1 1
14.5 12.9 0 155 0 1 1
14.5 13.7 0 155 0 1 1
14.5 14.5 0 151 0 1 1
15.2 -15.3 0 152 0 1 1
15.2 -14.6 0 144 0 1 1
15.2 -13.8 0 116 0 1 1
15.2 -13 0 134 0 1 1
15.2 -12.2 0 142 0 1 1
15.2 -11.4 0 125 0 1 1
15.2 -10.6 0 152 0 1 1
15.2 -9.9 0 150 0 1 1
15.2 -9.1 0 149 0 1 1
15.2 -8.3 0 120 0 1 1
15.2 -7.5 0 151 0 1 1
15.2 -6.7 0 159 0 1 1
15.2 -5.9 0 162 0 1 1
15.2 -5.1 0 158 0 1 1
15.2 -4.4 0 166 0 1 1
15.2 -3.6 0 166 0 1 1
15.2 -2.8 0 167 0 1 1
15.2 -2 0 161 0 1 1
15.2 -1.2 0 167 0 1 1
15.2 -0.4 0 162 0 1 1
15.2 0.3 0 169 0 1 1
15.2 1.1 0 171 0 1 1
15.2 1.9 0 167 0 1 1
15.2 10.5 0 168 0 1 1
15.2 11.3 0 164 0 1 1
15.2 12.1 0 163 0 1 1
15.2 12.9 0 168 0 1 1
15.2 13.7 0 153 0 1 1
15.2 14.5 0 156 0 1 1
15.2 15.2 0 154 0 1 1
16 -16.1 0 155 0 1 1
16 -15.3 0 119 0 1 1
16 -14.6 0 139 0 1 1
16 -13.8 0 154 0 1 1
16 -13 0 154 0 1 1
16 -12.2 0 158 0 1 1
16 -11.4 0 155 0 1 1
16 -10.6 0 151 0 1 1
16 -9.9 0 152 0 1 1
16 -9.1 0 128 0 1 1
16 -8.3 0 159 0 1 1
16 -7.5 0 150 0 1 1
16 -6.7 0 158 0 1 1
16 -5.9 0 144 0 1 1
16 -5.1 0 157 0 1 1
16 -4.4 0 166 0 1 1
16 -3.6 0 167 0 1 1
16 -2.8 0 164 0 1 1
16 -2 0 170 0 1 1
16 -1.2 0 158 0 1 1
16 -0.4 0 167 0 1 1
16 0.3 0 163 0 1 1
16 1.1 0 176 0 1 1
16 1.9 0 170 0 1 1
16 11.3 0 163 0 1 1
16 12.1 0 153 0 1 1
16 12.9 0 159 0 1 1
16 13.7 0 156 0 1 1
16 14.5 0 167 0 1 1
16 15.2 0 160 0 1 1
16 16 0 161 0 1 1
16.8 -16.9 0 149 0 1 1
16.8 -16.1 0 148 0 1 1
16.8 -15.3 0 144 0 1 1
16.8 -14.6 0 154 0 1 1
16.8 -13.8 0 147 0 1 1
16.8 -13 0 124 0 1 1
16.8 -12.2 0 146 0 1 1
16.8 -11.4 0 153 0 1 1
16.8 -10.6 0 141 0 1 1
16.8 -9.9 0 152 0 1 1
16.8 -9.1 0 156 0 1 1
16.8 -8.3 0 135 0 1 1
16.8 -7.5 0 149 0 1 1
16.8 -6.7 0 161 0 1 1
16.8 -5.9 0 150 0 1 1
16.8 -5.1 0 159 0 1 1
16.8 -4.4 0 157 0 1 1
16.8 -3.6 0 167 0 1 1
16.8 -2.8 0 162 0 1 1
16.8 -2 0 155 0 1 1
16.8 -1.2 0 139 0 1 1
16.8 -0.4 0 163 0 1 1
16.8 0.3 0 171 0 1 1
16.8 1.1 0 153 0 1 1
16.8 1.9 0 166 0 1 1
16.8 11.3 0 171 0 1 1
16.8 12.1 0 155 0 1 1
16.8 12.9 0 164 0 1 1
16.8 13.7 0 160 0 1 1
16.8 14.5 0 159 0 1 1
16.8 15.2 0 159 0 1 1
16.8 16 0 161 0 1 1
16.8 16.8 0 162 0 1 1
17.6 -17.7 0 150 0 1 1
17.6 -16.9 0 141 0 1 1
17.6 -16.1 0 149 0 1 1
17.6 -15.3 0 135 0 1 1
17.6 -14.6 0 144 0 1 1
17.6 -13.8 0 147 0 1 1
17.6 -13 0 153 0 1 1
17.6 -12.2 0 143 0 1 1
17.6 -11.4 0 156 0 1 1
17.6 -10.6 0 150 0 1 1
17.6 -9.9 0 152 0 1 1
17.6 -9.1 0 159 0 1 1
17.6 -8.3 0 152 0 1 1
17.6 -7.5 0 137 0 1 1
17.6 -6.7 0 119 0 1 1
17.6 -5.9 0 155 0 1 1
17.6 -5.1 0 152 0 1 1
17.6 -4.4 0 158 0 1 1
17.6 -3.6 0 160 0 1 1
17.6 -2.8 0 159 0 1 1
17.6 -2 0 168 0 1 1
17.6 -1.2 0 161 0 1 1
17.6 -0.4 0 163 0 1 1
17.6 0.3 0 164 0 1 1
17.6 1.1 0 165 0 1 1
17.6 1.9 0 175 0 1 1
17.6 12.1 0 162 0 1 1
17.6 12.9 0 164 0 1 1
17.6 13.7 0 158 0 1 1
17.6 14.5 0 154 0 1 1
17.6 15.2 0 155 0 1 1
17.6 16 0 155 0 1 1
17.6 16.8 0 137 0 1 1
17.6 17.6 0 157 0 1 1
18.4 -18.5 0 153 0 1 1
18.4 -17.7 0 151 0 1 1
18.4 -16.9 0 154 0 1 1
18.4 -16.1 0 146 0 1 1
18.4 -15.3 0 151 0 1 1
18.4 -14.6 0 147 0 1 1
18.4 -13.8 0 116 0 1 1
18.4 -13 0 150 0 1 1
18.4 -12.2 0 143 0 1 1
18.4 -11.4 0 156 0 1 1
18.4 -10.6 0 148 0 1 1
18.4 -9.9 0 127 0 1 1
18.4 -9.1 0 148 0 1 1
18.4 -8.3 0 168 0 1 1
18.4 -7.5 0 155 0 1 1
18.4 -6.7 0 162 0 1 1
18.4 -5.9 0 142 0 1 1
18.4 -5.1 0 153 0 1 1
18.4 -4.4 0 164 0 1 1
18.4 -3.6 0 151 0 1 1
18.4 -2.8 0 164 0 1 1
18.4 -2 0 157 0 1 1
18.4 -1.2 0 162 0 1 1
18.4 -0.4 0 162 0 1 1
18.4 0.3 0 170 0 1 1
18.4 1.1 0 168 0 1 1
18.4 1.9 0 168 0 1 1
18.4 2.7 0 152 0 1 1
18.4 12.1 0 148 0 1 1
18.4 12.9 0 161 0 1 1
18.4 13.7 0 157 0 1 1
18.4 14.5 0 154 0 1 1
18.4 15.2 0 160 0 1 1
18.4 16 0 153 0 1 1
18.4 16.8 0 141 0 1 1
18.4 17.6 0 148 0 1 1
18.4 18.4 0 157 0 1 1
19.2 -19.3 0 158 0 1 1
19.2 -18.5 0 151 0 1 1
19.2 -17.7 0 147 0 1 1
19.2 -16.9 0 129 0 1 1
19.2 -16.1 0 148 0 1 1
19.2 -15.3 0 144 0 1 1
19.2 -14.6 0 140 0 1 1
19.2 -13.8 0 156 0 1 1
19.2 -13 0 128 0 1 1
19.2 -12.2 0 150 0 1 1
19.2 -11.4 0 155 0 1 1
19.2 -10.6 0 144 0 1 1
19.2 -9.9 0 152 0 1 1
19.2 -9.1 0 141 0 1 1
19.2 -8.3 0 154 0 1 1
19.2 -7.5 0 133 0 1 1
19.2 -6.7 0 157 0 1 1
19.2 -5.9 0 134 0 1 1
19.2 -5.1 0 155 0 1 1
19.2 -4.4 0 161 0 1 1
19.2 -3.6 0 156 0 1 1
19.2 -2.8 0 154 0 1 1
19.2 -2 0 166 0 1 1
19.2 -1.2 0 161 0 1 1
19.2 -0.4 0 165 0 1 1
19.2 0.3 0 159 0 1 1
19.2 1.1 0 162 0 1 1
19.2 1.9 0 171 0 1 1
19.2 2.7 0 172 0 1 1
19.2 12.9 0 163 0 1 1
19.2 13.7 0 161 0 1 1
19.2 14.5 0 162 0 1 1
19.2 15.2 0 155 0 1 1
19.2 16 0 157 0 1 1
19.2 16.8 0 157 0 1 1
19.2 17.6 0 149 0 1 1
19.2 18.4 0 148 0 1 1
19.2 19.2 0 158 0 1 1
20 -19.3 0 98 0 1 1
20 -18.5 0 98 0 1 1
20 -17.7 0 96 0 1 1
20 -16.9 0 99 0 1 1
20 -16.1 0 101 0 1 1
20 -15.3 0 93 0 1 1
20 -14.6 0 98 0 1 1
20 -13.8 0 94 0 1 1
20 -13 0 98 0 1 1
20 -12.2 0 100 0 1 1
20 -11.4 0 103 0 1 1
20 -10.6 0 98 0 1 1
20 -9.9 0 100 0 1 1
20 -9.1 0 93 0 1 1
20 -8.3 0 95 0 1 1
20 -7.5 0 101 0 1 1
20 -6.7 0 103 0 1 1
20 -5.9 0 104 0 1 1
20 -5.1 0 100 0 1 1
20 -4.4 0 103 0 1 1
20 -3.6 0 102 0 1 1
20 -2.8 0 99 0 1 1
20 -2 0 104 0 1 1
20 -1.2 0 103 0 1 1
20 -0.4 0 107 0 1 1
20 0.3 0 109 0 1 1
20 1.1 0 102 0 1 1
20 1.9 0 108 0 1 1
20 2.7 0 113 0 1 1
20 13.7 0 103 0 1 1
20 14.5 0 103 0 1 1
20 15.2 0 104 0 1 1
20 16 0 102 0 1 1
20 16.8 0 103 0 1 1
20 17.6 0 104 0 1 1
20 18.4 0 99 0 1 1
20 19.2 0 103 0 1 1
20 20 0 97 0 1 1
