-20 20 0 87 0 1 1
-19.3 19.2 0 139 0 1 1
-19.3 20 0 94 0 1 1
-18.5 18.4 0 144 0 1 1
-18.5 19.2 0 144 0 1 1
-17.7 17.6 0 144 0 1 1
-17.7 18.4 0 145 0 1 1
-16.9 16.8 0 147 0 1 1
-16.9 17.6 0 149 0 1 1
-16.1 16 0 148 0 1 1
-16.1 16.8 0 146 0 1 1
-15.3 15.2 0 142 0 1 1
-15.3 16 0 147 0 1 1
-14.6 14.5 0 144 0 1 1
-14.6 15.2 0 149 0 1 1
-13.8 13.7 0 156 0 1 1
-13 12.9 0 154 0 1 1
-12.2 12.1 0 127 0 1 1
-11.6 12.1 0.3 112 0 1 3
-11.4 11.3 0 155 0 1 1
-11.4 12.2 0.8 70 0 1 3
-11.2 11.7 0.1 58 0 1 3
-11.2 12.4 1.2 69 0 1 3
-11.1 11.9 0.5 59 0 1 3
-11.1 12.5 1.7 67 0 1 3
-11 12 0.9 64 0 1 3
-11 12.6 1.8 70 0 1 3
-10.9 12.6 1.9 72 0 1 3
-10.9 12.7 2.1 69 0 1 3
-10.8 12.2 1.4 67 0 1 3
-10.8 12.7 2.2 65 0 1 3
-10.6 10.5 0 155 0 1 1
-10.6 11.3 0 140 0 1 1
-10.6 11.4 0.2 48 0 1 3
-10.6 11.6 0.6 60 0 1 3
-10.6 12.3 1.8 68 0 1 3
-10.6 12.3 1.9 59 0 1 3
-10.5 11.4 0 51 0 1 3
-10.5 11.8 1.1 63 0 1 3
-10.5 12.4 2.1 65 0 1 3
-10.4 12.4 2.2 70 0 1 3
-10.3 11.9 1.5 69 0 1 3
-10.2 12.1 1.9 67 0 1 3
-10.1 11.2 0.4 59 0 1 3
-10.1 12.1 2.1 70 0 1 3
-10 11.1 0.2 53 0 1 3
-10 11.4 0.8 68 0 1 3
-10 11.5 1.2 68 0 1 3
-10 12.2 2.2 68 0 1 3
-9.9 9.8 0 158 0 1 1
-9.9 10.5 0 146 0 1 1
-9.9 11.1 0 55 0 1 3
-9.9 11.7 1.6 59 0 1 3
-9.8 12.7 2.2 117 0 1 3
-9.7 11.8 2.1 59 0 1 3
-9.7 11.9 2.2 66 0 1 3
-9.6 13.2 2.2 120 0 1 3
-9.5 10.9 0.3 96 0 1 3
-9.5 10.9 0.5 104 0 1 3
-9.5 11.1 1 98 0 1 3
-9.5 12.4 2.2 135 0 1 3
-9.4 10.8 0.1 65 0 1 3
-9.4 11 0.8 96 0 1 3
-9.4 11.3 1.4 79 0 1 3
-9.4 11.4 1.8 92 0 1 3
-9.3 11 0.5 118 0 1 3
-9.3 11.2 1.2 79 0 1 3
-9.3 11.4 1.6 117 0 1 3
-9.3 11.6 2.2 91 0 1 3
-9.2 10.9 0.3 125 0 1 3
-9.2 11.2 1 118 0 1 3
-9.1 9 0 150 0 1 1
-9.1 9.8 0 151 0 1 1
-9.1 10.5 0 158 0 1 1
-9.1 12.7 2.2 135 0 1 3
-8.9 11.5 1 115 0 1 3
-8.9 11.7 1.6 128 0 1 3
-8.9 11.9 2.2 121 0 1 3
-8.8 11.3 0.3 115 0 1 3
-8.5 11.8 1 136 0 1 3
-8.5 12 1.6 131 0 1 3
-8.5 12.3 2.2 89 0 1 3
-8.4 11.6 0.2 134 0 1 3
-8.3 8.2 0 156 0 1 1
-8.3 9 0 156 0 1 1
-8.3 9.8 0 155 0 1 1
-8.3 10.5 0 116 0 1 1
-8.3 11.3 0 152 0 1 1
-8.3 13.4 2.3 119 0 1 3
-8.2 13.6 2.3 126 0 1 3
-8.2 13.7 2.3 142 0 1 3
-8.1 12.4 1.6 135 0 1 3
-8.1 12.6 2.3 99 0 1 3
-8.1 13.9 2.3 153 0 1 3
-8 12.1 0.9 97 0 1 3
-8 14.1 2.3 162 0 1 3
-7.7 12.7 1.5 98 0 1 3
-7.7 12.9 2.3 128 0 1 3
-7.7 13.1 2.3 144 0 1 3
-7.6 12.4 0.7 132 0 1 3
-7.6 13.3 2.3 150 0 1 3
-7.5 7.4 0 155 0 1 1
-7.5 8.2 0 143 0 1 1
-7.5 9 0 140 0 1 1
-7.5 9.8 0 131 0 1 1
-7.5 10.5 0 152 0 1 1
-7.5 11.3 0 151 0 1 1
-7.5 12.1 0 144 0 1 1
-7.5 13.1 2.2 163 0 1 3
-7.5 13.3 2.2 164 0 1 3
-7.5 13.5 2.3 155 0 1 3
-7.5 13.7 2.3 149 0 1 3
-7.5 20 0 96 0 1 1
-7.4 12.4 0.2 128 0 1 3
-7.4 13.5 2.2 163 0 1 3
-7.3 13.2 2.1 141 0 1 3
-7.3 13.2 2.2 159 0 1 3
-7.3 13.3 2.2 163 0 1 3
-7.3 13.7 2.2 140 0 1 3
-7.2 13 1.4 127 0 1 3
-7.2 13.5 2.2 163 0 1 3
-7.2 13.7 2.2 113 0 1 3
-7.1 13.4 2.1 162 0 1 3
-7.1 13.6 2.1 167 0 1 3
-7 13.5 2.1 127 0 1 3
-7 13.7 2.1 163 0 1 3
-6.9 13.5 2 129 0 1 3
-6.9 13.6 2.1 134 0 1 3
-6.9 13.8 2.1 141 0 1 3
-6.8 13.3 1.2 112 0 1 3
-6.7 6.6 0 156 0 1 1
-6.7 7.4 0 96 0 1 1
-6.7 8.2 0 101 0 1 1
-6.7 9 0 114 0 1 1
-6.7 9.8 0 133 0 1 1
-6.7 10.5 0 151 0 1 1
-6.7 11.3 0 153 0 1 1
-6.7 12.1 0 132 0 1 1
-6.7 13.7 2 162 0 1 3
-6.7 13.8 2 130 0 1 3
-6.7 18.4 0 137 0 1 1
-6.7 19.2 0 135 0 1 1
-6.7 20 0 97 0 1 1
-6.6 13.2 0.7 136 0 1 3
-6.6 13.7 2 138 0 1 3
-6.5 13.8 1.9 140 0 1 3
-6.5 13.9 2 149 0 1 3
-6.4 13.2 0.2 126 0 1 3
-6.4 13.8 1.9 152 0 1 3
-6.4 13.9 1.9 151 0 1 3
-6.2 14 1.9 82 0 1 3
-6.1 14 1.8 102 0 1 3
-6.1 14.1 1.8 87 0 1 3
-6 14.1 1.8 87 0 1 3
-5.9 5.8 0 118 0 1 1
-5.9 6.2 0 137 0 1 1
-5.9 6.6 0 112 0 1 1
-5.9 7 0 136 0 1 1
-5.9 7.4 0 100 0 1 1
-5.9 7.8 0 91 0 1 1
-5.9 8.2 0 87 0 1 1
-5.9 9 0 108 0 1 1
-5.9 9.8 0 128 0 1 1
-5.9 10.5 0 113 0 1 1
-5.9 11.3 0 132 0 1 1
-5.9 12.1 0 119 0 1 1
-5.9 12.9 0 148 0 1 1
-5.9 16 0 148 0 1 1
-5.9 16.8 0 138 0 1 1
-5.9 17.6 0 143 0 1 1
-5.9 18.4 0 138 0 1 1
-5.9 19.2 0 145 0 1 1
-5.9 20 0 92 0 1 1
-5.8 14.1 1.2 148 0 1 3
-5.8 14.1 1.5 136 0 1 3
-5.7 14.2 1.2 120 0 1 3
-5.6 14.1 0.7 116 0 1 3
-5.6 14.1 0.9 134 0 1 3
-5.5 5.5 -0.3 112 0 1 4
-5.5 5.8 -0.3 128 0 1 4
-5.5 6.2 -0.3 129 0 1 4
-5.5 6.6 -0.3 106 0 1 4
-5.5 7 -0.3 123 0 1 4
-5.5 7.4 -0.3 111 0 1 4
-5.5 7.8 -0.2 117 0 1 4
-5.5 8.2 -0.1 87 0 1 4
-5.5 14.1 0.6 114 0 1 3
-5.5 14.2 0.8 91 0 1 3
-5.4 14 0.2 145 0 1 3
-5.4 14.1 0.4 140 0 1 3
-5.4 14.2 0.5 98 0 1 3
-5.3 14.1 0.1 122 0 1 3
-5.3 14.1 0.3 139 0 1 3
-5.1 5.1 -0.6 106 0 1 4
-5.1 5.5 -0.6 118 0 1 4
-5.1 5.9 -0.6 104 0 1 4
-5.1 6.3 -0.6 88 0 1 4
-5.1 6.6 -0.6 111 0 1 4
-5.1 7 -0.6 103 0 1 4
-5.1 7.4 -0.6 117 0 1 4
-5.1 7.8 -0.4 116 0 1 4
-5.1 8.2 -0.2 126 0 1 1
-5.1 9 0 153 0 1 1
-5.1 9.8 0 137 0 1 1
-5.1 10.5 0 159 0 1 1
-5.1 12.9 0 153 0 1 1
-5.1 13.7 0 149 0 1 1
-5.1 14.5 0 137 0 1 1
-5.1 15.2 0 141 0 1 1
-5.1 16 0 146 0 1 1
-5.1 16.8 0 143 0 1 1
-5.1 17.6 0 136 0 1 1
-5.1 18.4 0 146 0 1 1
-5.1 19.2 0 144 0 1 1
-5.1 20 0 94 0 1 1
-5 10.3 0 124 0 1 2
-5 10.3 0.1 150 0 1 2
-4.9 10.1 0 59 0 1 2
-4.9 10.1 0.1 111 0 1 2
-4.9 10.1 0.2 98 0 1 2
-4.9 10.2 0 107 0 1 2
-4.9 10.2 0.1 57 0 1 2
-4.9 10.2 0.2 135 0 1 2
-4.9 10.3 0.2 145 0 1 2
-4.8 4.7 -0.7 114 0 1 4
-4.8 5.5 -1.1 94 0 1 4
-4.8 5.9 -1.1 96 0 1 4
-4.8 6.3 -1.1 85 0 1 4
-4.8 6.7 -1.1 114 0 1 4
-4.8 7.1 -1.1 110 0 1 4
-4.8 7.5 -1.1 123 0 1 4
-4.8 7.8 -0.7 114 0 1 4
-4.8 8.2 -0.4 126 0 1 4
-4.8 10 0 57 0 1 2
-4.8 10 0.1 70 0 1 2
-4.8 10.1 0 58 0 1 2
-4.8 10.1 0.1 93 0 1 2
-4.8 10.3 0.2 138 0 1 2
-4.8 10.4 0.2 141 0 1 2
-4.7 10 0 55 0 1 2
-4.7 10.4 0.2 142 0 1 2
-4.6 10 0.1 103 0 1 2
-4.6 10.1 0.2 119 0 1 2
-4.6 10.2 0.2 121 0 1 2
-4.6 10.4 0.3 143 0 1 2
-4.5 10 0 60 0 1 2
-4.5 10 0.1 115 0 1 2
-4.5 10.3 0.3 141 0 1 2
-4.4 6.3 -1.5 106 0 1 4
-4.4 6.7 -1.5 105 0 1 4
-4.4 7.1 -1.5 111 0 1 4
-4.4 7.5 -1.5 115 0 1 4
-4.4 7.8 -1.1 102 0 1 4
-4.4 8.2 -0.6 108 0 1 4
-4.4 8.6 -0.3 137 0 1 4
-4.4 9 0 142 0 1 1
-4.4 9.8 0 160 0 1 1
-4.4 10 0 65 0 1 2
-4.4 10 0.1 98 0 1 2
-4.4 10.1 0 121 0 1 2
-4.4 10.1 0.2 111 0 1 2
-4.4 10.5 0.3 153 0 1 2
-4.4 12.1 0 145 0 1 1
-4.4 12.9 0 158 0 1 1
-4.4 13.7 0 142 0 1 1
-4.4 14.5 0 144 0 1 1
-4.4 15.2 0 145 0 1 1
-4.4 16 0 152 0 1 1
-4.4 16.8 0 144 0 1 1
-4.4 17.6 0 147 0 1 1
-4.4 18.4 0 145 0 1 1
-4.4 19.2 0 139 0 1 1
-4.4 20 0 91 0 1 1
-4.3 10.1 -0.1 115 0 1 2
-4.3 10.1 0.1 122 0 1 2
-4.3 10.2 0 100 0 1 2
-4.3 10.2 0.2 126 0 1 2
-4.3 10.2 0.3 129 0 1 2
-4.3 10.4 0.3 146 0 1 2
-4.3 10.6 0.3 153 0 1 2
-4.2 10.2 -0.1 151 0 1 2
-4.2 10.2 0.1 126 0 1 2
-4.2 10.2 0.3 145 0 1 2
-4.2 10.3 0.2 121 0 1 2
-4.2 10.3 0.3 148 0 1 2
-4.2 10.5 0.3 153 0 1 2
-4.2 10.8 0.2 153 0 1 2
-4.1 10.2 0 110 0 1 2
-4.1 10.3 -0.1 144 0 1 2
-4.1 10.3 0.1 134 0 1 2
-4.1 10.3 0.3 149 0 1 2
-4.1 10.4 0.3 146 0 1 2
-4.1 10.7 0.2 147 0 1 2
-4 6.3 -1.5 78 0 1 4
-4 6.7 -1.5 99 0 1 4
-4 7.1 -1.5 95 0 1 4
-4 7.5 -1.5 89 0 1 4
-4 7.8 -1.1 86 0 1 4
-4 8.2 -0.6 81 0 1 4
-4 8.6 -0.3 100 0 1 4
-4 9 0 110 0 1 1
-4 10.3 0.3 148 0 1 2
-4 10.4 0.1 138 0 1 2
-4 10.4 0.2 140 0 1 2
-4 10.4 0.3 149 0 1 2
-4 10.5 0 142 0 1 2
-4 10.5 0.1 141 0 1 2
-4 10.5 0.2 150 0 1 2
-4 10.6 0.1 143 0 1 2
-4 10.6 0.2 144 0 1 2
-3.6 3.5 0 135 0 1 1
-3.6 6.3 -1.5 114 0 1 4
-3.6 6.7 -1.5 106 0 1 4
-3.6 7.1 -1.5 108 0 1 4
-3.6 7.5 -1.5 104 0 1 4
-3.6 7.8 -1.1 79 0 1 4
-3.6 8.2 -0.6 69 0 1 4
-3.6 8.6 -0.3 90 0 1 4
-3.6 9 0 139 0 1 1
-3.6 9.8 0 166 0 1 1
-3.6 10.5 0 159 0 1 1
-3.6 11.3 0 163 0 1 1
-3.6 12.1 0 158 0 1 1
-3.6 12.9 0 148 0 1 1
-3.6 13.7 0 153 0 1 1
-3.6 14.5 0 145 0 1 1
-3.6 15.2 0 154 0 1 1
-3.6 16 0 151 0 1 1
-3.6 16.8 0 153 0 1 1
-3.6 17.6 0 155 0 1 1
-3.6 18.4 0 146 0 1 1
-3.6 19.2 0 149 0 1 1
-3.6 20 0 90 0 1 1
-3.2 6.3 -1.5 91 0 1 4
-3.2 6.7 -1.5 82 0 1 4
-3.2 7.1 -1.5 82 0 1 4
-3.2 7.5 -1.5 97 0 1 4
-3.2 7.8 -1.1 73 0 1 4
-3.2 8.2 -0.6 75 0 1 4
-3.2 8.6 -0.3 68 0 1 4
-3.2 9 0 137 0 1 1
-2.8 3.5 0 146 0 1 1
-2.8 6.3 -1.5 118 0 1 4
-2.8 6.7 -1.5 115 0 1 4
-2.8 7.1 -1.5 101 0 1 4
-2.8 7.5 -1.5 115 0 1 4
-2.8 7.8 -1.1 100 0 1 4
-2.8 8.2 -0.6 97 0 1 4
-2.8 8.6 -0.3 112 0 1 4
-2.8 9 0 131 0 1 1
-2.8 9.8 0 159 0 1 1
-2.8 10.5 0 163 0 1 1
-2.8 11.3 0 132 0 1 1
-2.8 12.1 0 111 0 1 1
-2.8 12.9 0 150 0 1 1
-2.8 13.7 0 148 0 1 1
-2.8 14.5 0 147 0 1 1
-2.8 15.2 0 160 0 1 1
-2.8 16 0 151 0 1 1
-2.8 16.8 0 149 0 1 1
-2.8 17.6 0 151 0 1 1
-2.8 18.4 0 151 0 1 1
-2.8 19.2 0 143 0 1 1
-2.8 20 0 97 0 1 1
-2.4 6.3 -1.5 74 0 1 4
-2.4 6.7 -1.5 119 0 1 4
-2.4 7.1 -1.5 123 0 1 4
-2.4 7.5 -1.5 109 0 1 4
-2.4 7.8 -1.1 88 0 1 4
-2.4 8.2 -0.6 95 0 1 4
-2.4 8.6 -0.3 106 0 1 4
-2.4 9 0 141 0 1 1
-2 3.5 0 150 0 1 1
-2 7.1 -1.5 85 0 1 4
-2 7.5 -1.5 96 0 1 4
-2 7.8 -1.1 44 0 1 4
-2 8.2 -0.6 91 0 1 4
-2 8.6 -0.3 89 0 1 4
-2 9 0 134 0 1 1
-2 9.8 0 157 0 1 1
-2 10.5 0 156 0 1 1
-2 11.3 0 156 0 1 1
-2 12.1 0 150 0 1 1
-2 12.9 0 157 0 1 1
-2 13.7 0 157 0 1 1
-2 14.5 0 149 0 1 1
-2 15.2 0 155 0 1 1
-2 16 0 149 0 1 1
-2 16.8 0 151 0 1 1
-2 17.6 0 149 0 1 1
-2 18.4 0 152 0 1 1
-2 19.2 0 140 0 1 1
-2 20 0 96 0 1 1
-1.9 10.2 0 57 0 1 2
-1.9 10.6 -0.1 126 0 1 2
-1.8 10.1 0 56 0 1 2
-1.8 10.1 0.1 58 0 1 2
-1.8 10.2 0 84 0 1 2
-1.8 10.3 0.1 101 0 1 2
-1.8 10.4 0.1 106 0 1 2
-1.8 10.5 0.1 105 0 1 2
-1.7 10 0 53 0 1 2
-1.7 10 0.1 55 0 1 2
-1.7 10 0.2 113 0 1 2
-1.7 10.1 0 57 0 1 2
-1.7 10.1 0.1 88 0 1 2
-1.7 10.1 0.2 133 0 1 2
-1.7 10.2 0.2 102 0 1 2
-1.7 10.8 0.1 130 0 1 2
-1.7 10.8 0.2 109 0 1 2
-1.6 4.3 -0.4 132 0 1 4
-1.6 6.3 -1.1 78 0 1 4
-1.6 6.7 -1.1 69 0 1 4
-1.6 7.1 -1.1 64 0 1 4
-1.6 7.5 -1.1 70 0 1 4
-1.6 7.8 -0.7 77 0 1 4
-1.6 8.2 -0.4 79 0 1 4
-1.6 10 0 56 0 1 2
-1.6 10 0.1 114 0 1 2
-1.6 10 0.2 124 0 1 2
-1.6 10.1 0.2 145 0 1 2
-1.6 10.2 0.2 134 0 1 2
-1.6 10.3 0.2 104 0 1 2
-1.6 10.4 0.3 127 0 1 2
-1.6 10.5 0.3 142 0 1 2
-1.6 10.6 0.2 143 0 1 2
-1.5 10 -0.1 137 0 1 2
-1.5 10 0.1 91 0 1 2
-1.5 10 0.2 153 0 1 2
-1.5 10.3 0.2 149 0 1 2
-1.4 10 0 117 0 1 2
-1.4 10 0.1 146 0 1 2
-1.4 10.2 0.2 153 0 1 2
-1.4 10.5 0.3 153 0 1 2
-1.3 10.1 0 124 0 1 2
-1.3 10.1 0.1 141 0 1 2
-1.3 10.2 0 146 0 1 2
-1.3 10.2 0.1 143 0 1 2
-1.3 10.3 0.2 151 0 1 2
-1.3 10.4 0.1 147 0 1 2
-1.3 10.4 0.2 148 0 1 2
-1.3 10.4 0.3 150 0 1 2
-1.3 10.5 0.1 149 0 1 2
-1.3 10.5 0.3 140 0 1 2
-1.3 10.6 0 149 0 1 2
-1.3 10.6 0.1 150 0 1 2
-1.3 10.6 0.2 151 0 1 2
-1.3 10.7 0.2 130 0 1 2
-1.2 3.5 0 166 0 1 1
-1.2 4.3 -0.2 131 0 1 4
-1.2 5.5 -0.6 74 0 1 4
-1.2 5.9 -0.6 121 0 1 4
-1.2 6.3 -0.6 86 0 1 4
-1.2 6.6 -0.6 101 0 1 4
-1.2 7 -0.6 92 0 1 4
-1.2 7.4 -0.6 65 0 1 4
-1.2 7.8 -0.4 100 0 1 4
-1.2 8.2 -0.2 131 0 1 4
-1.2 9 0 98 0 1 1
-1.2 9.8 0 154 0 1 1
-1.2 10.3 0 137 0 1 2
-1.2 10.3 0.1 145 0 1 2
-1.2 10.5 0 154 0 1 1
-1.2 10.6 0 153 0 1 2
-1.2 11.3 0 149 0 1 1
-1.2 12.1 0 153 0 1 1
-1.2 12.9 0 151 0 1 1
-1.2 13.7 0 157 0 1 1
-1.2 14.5 0 144 0 1 1
-1.2 15.2 0 146 0 1 1
-1.2 16 0 136 0 1 1
-1.2 16.8 0 143 0 1 1
-1.2 17.6 0 153 0 1 1
-1.2 18.4 0 135 0 1 1
-1.2 19.2 0 152 0 1 1
-1.2 20 0 90 0 1 1
-0.4 3.5 0 160 0 1 1
-0.4 4.3 0 119 0 1 1
-0.4 5 0 151 0 1 1
-0.4 5.8 0 96 0 1 1
-0.4 6.6 0 101 0 1 1
-0.4 7.4 0 120 0 1 1
-0.4 8.2 0 145 0 1 1
-0.4 9 0 152 0 1 1
-0.4 9.8 0 117 0 1 1
-0.4 10.5 0 149 0 1 1
-0.4 11.3 0 151 0 1 1
-0.4 12.1 0 149 0 1 1
-0.4 12.9 0 149 0 1 1
-0.4 13.7 0 146 0 1 1
-0.4 14.5 0 152 0 1 1
-0.4 15.2 0 155 0 1 1
-0.4 16 0 158 0 1 1
-0.4 16.8 0 152 0 1 1
-0.4 17.6 0 155 0 1 1
-0.4 18.4 0 149 0 1 1
-0.4 19.2 0 153 0 1 1
-0.4 20 0 94 0 1 1
0.2 5.2 0.1 63 0 1 2
0.2 5.2 0.2 62 0 1 2
0.2 5.2 0.3 67 0 1 2
0.2 5.3 0 155 0 1 2
0.2 5.3 0.1 63 0 1 2
0.2 5.3 0.3 109 0 1 2
0.2 5.4 0 58 0 1 2
0.3 3.5 0 88 0 1 1
0.3 4.3 0 117 0 1 1
0.3 5 0 160 0 1 1
0.3 5.1 0 53 0 1 2
0.3 5.1 0.1 48 0 1 2
0.3 5.1 0.2 85 0 1 2
0.3 5.2 0 61 0 1 2
0.3 5.3 0.3 90 0 1 2
0.3 5.4 0.3 125 0 1 2
0.3 5.5 0.3 123 0 1 2
0.3 6.6 0 161 0 1 1
0.3 7.4 0 159 0 1 1
0.3 8.2 0 137 0 1 1
0.3 9 0 159 0 1 1
0.3 9.8 0 157 0 1 1
0.3 10.5 0 151 0 1 1
0.3 11.3 0 161 0 1 1
0.3 12.1 0 151 0 1 1
0.3 12.9 0 149 0 1 1
0.3 13.7 0 162 0 1 1
0.3 14.5 0 161 0 1 1
0.3 15.2 0 157 0 1 1
0.3 16 0 153 0 1 1
0.3 16.8 0 143 0 1 1
0.3 17.6 0 155 0 1 1
0.3 18.4 0 154 0 1 1
0.3 19.2 0 139 0 1 1
0.3 20 0 91 0 1 1
0.4 5 0.2 51 0 1 2
0.4 5.1 0.2 74 0 1 2
0.4 5.2 0.3 108 0 1 2
0.4 5.4 0.3 92 0 1 2
0.5 5 0.1 43 0 1 2
0.5 5 0.2 95 0 1 2
0.5 5.1 0 53 0 1 2
0.5 5.2 0.3 99 0 1 2
0.5 5.4 0.3 108 0 1 2
0.5 5.7 0.2 138 0 1 2
0.6 5 0.1 56 0 1 2
0.6 5 0.2 51 0 1 2
0.6 5.2 0.3 117 0 1 2
0.6 5.4 0.3 111 0 1 2
0.6 5.6 0.3 113 0 1 2
0.7 5 0 46 0 1 2
0.7 5 0.1 90 0 1 2
0.7 5.4 0.3 112 0 1 2
0.7 5.5 0.3 113 0 1 2
0.7 5.9 0.2 110 0 1 2
0.8 5 0 86 0 1 2
0.8 5 0.1 119 0 1 2
0.8 5.2 0.1 112 0 1 2
0.8 5.5 0.2 117 0 1 2
0.8 5.6 0.2 115 0 1 2
0.8 5.8 0.2 109 0 1 2
0.8 5.9 0.2 113 0 1 2
0.9 5.3 0.1 116 0 1 2
0.9 5.5 0.1 105 0 1 2
0.9 5.7 0.2 117 0 1 2
0.9 5.8 0.2 145 0 1 2
1 5.6 0 122 0 1 2
1 5.7 0 121 0 1 2
1 5.7 0.1 142 0 1 2
1 5.8 0.1 125 0 1 2
1 5.8 0.2 148 0 1 2
1.1 3.5 0 154 0 1 1
1.1 4.3 0 158 0 1 1
1.1 5 0 168 0 1 1
1.1 5.6 0 118 0 1 2
1.1 5.8 0 146 0 1 1
1.1 6.6 0 162 0 1 1
1.1 7.4 0 140 0 1 1
1.1 8.2 0 166 0 1 1
1.1 9 0 142 0 1 1
1.1 9.8 0 142 0 1 1
1.1 10.5 0 167 0 1 1
1.1 11.3 0 160 0 1 1
1.1 12.1 0 159 0 1 1
1.1 12.9 0 157 0 1 1
1.1 13.7 0 129 0 1 1
1.1 14.5 0 149 0 1 1
1.1 15.2 0 158 0 1 1
1.1 16 0 145 0 1 1
1.1 16.8 0 145 0 1 1
1.1 17.6 0 141 0 1 1
1.1 18.4 0 149 0 1 1
1.1 19.2 0 151 0 1 1
1.1 20 0 98 0 1 1
1.9 3.5 0 161 0 1 1
1.9 4.3 0 127 0 1 1
1.9 5 0 121 0 1 1
1.9 5.8 0 115 0 1 1
1.9 6.6 0 152 0 1 1
1.9 7.4 -0.2 116 0 1 4
1.9 9.8 -0.6 148 0 1 4
1.9 10.2 -0.6 163 0 1 4
1.9 10.6 -0.6 132 0 1 4
1.9 11 -0.4 153 0 1 4
1.9 11.3 -0.2 148 0 1 4
1.9 12.1 0 152 0 1 1
1.9 12.9 0 135 0 1 1
1.9 13.7 0 146 0 1 1
1.9 14.5 0 156 0 1 1
1.9 15.2 0 148 0 1 1
1.9 16 0 155 0 1 1
1.9 16.8 0 151 0 1 1
1.9 17.6 0 149 0 1 1
1.9 18.4 0 157 0 1 1
1.9 19.2 0 146 0 1 1
1.9 20 0 95 0 1 1
2.3 11 -0.7 110 0 1 4
2.3 11.3 -0.4 127 0 1 4
2.7 3.5 0 158 0 1 1
2.7 4.3 0 119 0 1 1
2.7 5 0 167 0 1 1
2.7 5.8 0 171 0 1 1
2.7 6.6 0 97 0 1 1
2.7 11 -1.1 115 0 1 4
2.7 11.4 -0.6 119 0 1 4
2.7 11.7 -0.3 137 0 1 4
2.7 12.1 0 162 0 1 1
2.7 12.9 0 156 0 1 1
2.7 13.7 0 155 0 1 1
2.7 14.5 0 149 0 1 1
2.7 15.2 0 133 0 1 1
2.7 16 0 154 0 1 1
2.7 16.8 0 149 0 1 1
2.7 17.6 0 144 0 1 1
2.7 18.4 0 150 0 1 1
2.7 19.2 0 156 0 1 1
2.7 20 0 101 0 1 1
3.1 11 -1.1 76 0 1 4
3.1 11.4 -0.6 88 0 1 4
3.1 11.7 -0.3 110 0 1 4
3.1 12.1 0 144 0 1 1
3.5 3.5 0 158 0 1 1
3.5 4.3 0 164 0 1 1
3.5 5 0 148 0 1 1
3.5 5.8 0 124 0 1 1
3.5 6.6 0 108 0 1 1
3.5 11 -1.1 100 0 1 4
3.5 11.4 -0.6 102 0 1 4
3.5 11.7 -0.3 121 0 1 4
3.5 12.1 0 159 0 1 1
3.5 12.9 0 152 0 1 1
3.5 13.7 0 139 0 1 1
3.5 14.5 0 150 0 1 1
3.5 15.2 0 150 0 1 1
3.5 16 0 148 0 1 1
3.5 16.8 0 161 0 1 1
3.5 17.6 0 157 0 1 1
3.5 18.4 0 146 0 1 1
3.5 19.2 0 146 0 1 1
3.5 20 0 97 0 1 1
3.9 11 -1.1 85 0 1 4
3.9 11.4 -0.6 94 0 1 4
3.9 11.7 -0.3 125 0 1 4
3.9 12.1 0 165 0 1 1
4.3 4.3 0 177 0 1 1
4.3 5 0 160 0 1 1
4.3 5.8 0 142 0 1 1
4.3 6.6 0 97 0 1 1
4.3 11 -1.1 83 0 1 4
4.3 11.4 -0.6 109 0 1 4
4.3 11.7 -0.3 123 0 1 4
4.3 12.1 0 161 0 1 1
4.3 12.9 0 159 0 1 1
4.3 13.7 0 140 0 1 1
4.3 14.5 0 155 0 1 1
4.3 15.2 0 145 0 1 1
4.3 16 0 152 0 1 1
4.3 16.8 0 152 0 1 1
4.3 17.6 0 145 0 1 1
4.3 18.4 0 151 0 1 1
4.3 19.2 0 145 0 1 1
4.3 20 0 99 0 1 1
4.7 5.2 0 62 0 1 2
4.7 5.2 0.1 56 0 1 2
4.7 5.3 0 58 0 1 2
4.7 5.3 0.1 54 0 1 2
4.7 5.3 0.2 91 0 1 2
4.7 11 -1.1 93 0 1 4
4.7 11.4 -0.6 114 0 1 4
4.7 11.7 -0.3 136 0 1 4
4.7 12.1 0 155 0 1 1
4.8 4.9 0 65 0 1 2
4.8 5 0 63 0 1 2
4.8 5 0.2 58 0 1 2
4.8 5 0.4 80 0 1 2
4.8 5.1 0 65 0 1 2
4.8 5.1 0.1 58 0 1 2
4.8 5.1 0.3 60 0 1 2
4.8 5.2 0.2 87 0 1 2
4.8 5.3 -0.1 153 0 1 2
4.8 5.4 0.2 95 0 1 2
4.8 5.5 0 57 0 1 2
4.8 5.5 0.1 82 0 1 2
4.8 5.6 0 125 0 1 2
4.8 5.6 0.1 137 0 1 2
4.8 5.6 0.2 101 0 1 2
4.8 5.7 0 65 0 1 2
4.8 5.7 0.1 127 0 1 2
4.9 4.8 0 60 0 1 2
4.9 4.8 0.2 61 0 1 2
4.9 4.9 0 82 0 1 2
4.9 4.9 0.2 62 0 1 2
4.9 4.9 0.3 113 0 1 2
4.9 5 0.4 127 0 1 2
4.9 5.1 0.4 125 0 1 2
4.9 5.4 0.2 104 0 1 2
4.9 5.4 0.3 143 0 1 2
4.9 5.7 0.2 122 0 1 2
5 5 0.4 159 0 1 2
5 5.1 0.4 156 0 1 2
5 5.3 0.3 153 0 1 2
5 5.6 0.3 147 0 1 2
5 5.7 0.2 160 0 1 2
5 6.6 0 131 0 1 1
5 11 -1.1 83 0 1 4
5 11.4 -0.6 96 0 1 4
5 11.7 -0.3 104 0 1 4
5 12.1 0 145 0 1 1
5 12.9 0 156 0 1 1
5 13.7 0 122 0 1 1
5 14.5 0 155 0 1 1
5 15.2 0 155 0 1 1
5 16 0 157 0 1 1
5 16.8 0 155 0 1 1
5 17.6 0 141 0 1 1
5 18.4 0 153 0 1 1
5 19.2 0 157 0 1 1
5 20 0 100 0 1 1
5.1 5.3 0.3 151 0 1 2
5.1 5.5 0.3 152 0 1 2
5.1 5.6 0.3 151 0 1 2
5.1 5.7 0.2 151 0 1 2
5.2 5.1 0.4 153 0 1 2
5.4 10.2 -1.1 57 0 1 4
5.4 10.6 -1.1 62 0 1 4
5.4 11 -0.7 56 0 1 4
5.4 11.3 -0.4 81 0 1 4
5.4 11.7 -0.2 95 0 1 4
5.4 12.1 0 149 0 1 1
5.8 6.6 0 132 0 1 1
5.8 7.4 -0.2 144 0 1 4
5.8 7.8 -0.4 166 0 1 4
5.8 8.6 -0.6 126 0 1 4
5.8 9 -0.6 125 0 1 4
5.8 9.4 -0.6 118 0 1 4
5.8 9.8 -0.6 88 0 1 4
5.8 10.2 -0.6 122 0 1 4
5.8 10.6 -0.6 113 0 1 4
5.8 11 -0.4 72 0 1 4
5.8 11.3 -0.2 110 0 1 4
5.8 11.7 -0.1 133 0 1 4
5.8 12.1 0 142 0 1 1
5.8 12.9 0 147 0 1 1
5.8 13.7 0 147 0 1 1
5.8 14.5 0 153 0 1 1
5.8 15.2 0 125 0 1 1
5.8 16 0 156 0 1 1
5.8 16.8 0 147 0 1 1
5.8 17.6 0 149 0 1 1
5.8 18.4 0 121 0 1 1
5.8 19.2 0 142 0 1 1
5.8 20 0 98 0 1 1
6.6 6.6 0 155 0 1 1
6.6 7.4 0 134 0 1 1
6.6 8.2 0 141 0 1 1
6.6 9 0 132 0 1 1
6.6 9.8 0 164 0 1 1
6.6 10.5 0 143 0 1 1
6.6 11.3 0 140 0 1 1
6.6 12.1 0 159 0 1 1
6.6 12.9 0 130 0 1 1
6.6 13.7 0 151 0 1 1
6.6 14.5 0 147 0 1 1
6.6 15.2 0 150 0 1 1
6.6 16 0 150 0 1 1
6.6 16.8 0 150 0 1 1
6.6 17.6 0 153 0 1 1
6.6 18.4 0 145 0 1 1
6.6 19.2 0 154 0 1 1
6.6 20 0 96 0 1 1
7.4 7.4 0 169 0 1 1
7.4 8.2 0 170 0 1 1
7.4 9 0 166 0 1 1
7.4 9.8 0 162 0 1 1
7.4 10.5 0 158 0 1 1
7.4 11.3 0 145 0 1 1
7.4 12.1 0 140 0 1 1
7.4 12.9 0 157 0 1 1
7.4 13.7 0 120 0 1 1
7.4 14.5 0 147 0 1 1
7.4 15.2 0 158 0 1 1
7.4 16 0 132 0 1 1
7.4 16.8 0 151 0 1 1
7.4 17.6 0 148 0 1 1
7.4 18.4 0 149 0 1 1
7.4 19.2 0 142 0 1 1
7.4 20 0 93 0 1 1
8.2 8.2 0 151 0 1 1
8.2 9 0 154 0 1 1
8.2 9.8 0 140 0 1 1
8.2 10.5 0 162 0 1 1
8.2 11.3 0 143 0 1 1
8.2 12.1 0 150 0 1 1
8.2 12.9 0 145 0 1 1
8.2 13.7 0 165 0 1 1
8.2 14.5 0 146 0 1 1
8.2 15.2 0 121 0 1 1
8.2 16 0 134 0 1 1
8.2 16.8 0 134 0 1 1
8.2 17.6 0 141 0 1 1
8.2 18.4 0 134 0 1 1
8.2 19.2 0 152 0 1 1
8.2 20 0 99 0 1 1
9 9 0 153 0 1 1
9 9.8 0 162 0 1 1
9 10.5 0 159 0 1 1
9 11.3 0 146 0 1 1
9 12.1 0 153 0 1 1
9 12.9 0 155 0 1 1
9 13.7 0 148 0 1 1
9 14.5 0 150 0 1 1
9 15.2 0 146 0 1 1
9 16 0 135 0 1 1
9 16.8 0 153 0 1 1
9 17.6 0 146 0 1 1
9 18.4 0 161 0 1 1
9 19.2 0 157 0 1 1
9 20 0 102 0 1 1
9.8 9.8 0 162 0 1 1
9.8 10.5 0 158 0 1 1
9.8 11.3 0 162 0 1 1
9.8 12.1 0 153 0 1 1
9.8 12.9 0 157 0 1 1
9.8 13.7 0 155 0 1 1
9.8 14.5 0 159 0 1 1
9.8 15.2 0 158 0 1 1
9.8 16 0 160 0 1 1
9.8 16.8 0 156 0 1 1
9.8 17.6 0 143 0 1 1
9.8 18.4 0 154 0 1 1
9.8 19.2 0 149 0 1 1
9.8 20 0 100 0 1 1
10.5 10.5 0 164 0 1 1
10.5 11.3 0 147 0 1 1
10.5 12.1 0 136 0 1 1
10.5 12.9 0 143 0 1 1
10.5 13.7 0 144 0 1 1
10.5 14.5 0 127 0 1 1
10.5 15.2 0 130 0 1 1
10.5 16 0 150 0 1 1
10.5 16.8 0 154 0 1 1
10.5 17.6 0 150 0 1 1
10.5 18.4 0 144 0 1 1
10.5 19.2 0 140 0 1 1
10.5 20 0 93 0 1 1
11.3 11.3 0 165 0 1 1
11.3 12.1 0 148 0 1 1
11.3 12.9 0 150 0 1 1
11.3 13.7 0 136 0 1 1
11.3 14.5 0 160 0 1 1
11.3 15.2 0 158 0 1 1
11.3 16 0 144 0 1 1
11.3 16.8 0 150 0 1 1
11.3 17.6 0 146 0 1 1
11.3 18.4 0 157 0 1 1
11.3 19.2 0 149 0 1 1
11.3 20 0 89 0 1 1
12.1 12.1 0 162 0 1 1
12.1 12.9 0 161 0 1 1
12.1 13.7 0 157 0 1 1
12.1 14.5 0 157 0 1 1
12.1 15.2 0 151 0 1 1
12.1 16 0 146 0 1 1
12.1 16.8 0 146 0 1 1
12.1 17.6 0 155 0 1 1
12.1 18.4 0 160 0 1 1
12.1 19.2 0 155 0 1 1
12.1 20 0 101 0 1 1
12.9 12.9 0 146 0 1 1
12.9 13.7 0 147 0 1 1
12.9 14.5 0 160 0 1 1
12.9 15.2 0 141 0 1 1
12.9 16 0 135 0 1 1
12.9 16.8 0 152 0 1 1
12.9 17.6 0 153 0 1 1
12.9 18.4 0 149 0 1 1
12.9 19.2 0 156 0 1 1
12.9 20 0 100 0 1 1
13.7 13.7 0 153 0 1 1
13.7 14.5 0 144 0 1 1
13.7 15.2 0 145 0 1 1
13.7 16 0 160 0 1 1
13.7 16.8 0 157 0 1 1
13.7 17.6 0 158 0 1 1
13.7 18.4 0 142 0 1 1
13.7 19.2 0 146 0 1 1
13.7 20 0 93 0 1 1
14.5 14.5 0 151 0 1 1
14.5 15.2 0 158 0 1 1
14.5 16 0 153 0 1 1
14.5 16.8 0 147 0 1 1
14.5 17.6 0 143 0 1 1
14.5 18.4 0 157 0 1 1
14.5 19.2 0 144 0 1 1
14.5 20 0 97 0 1 1
15.2 15.2 0 154 0 1 1
15.2 16 0 154 0 1 1
15.2 16.8 0 151 0 1 1
15.2 17.6 0 150 0 1 1
15.2 18.4 0 148 0 1 1
15.2 19.2 0 142 0 1 1
15.2 20 0 86 0 1 1
16 16 0 160 0 1 1
16 16.8 0 159 0 1 1
16 17.6 0 163 0 1 1
16 18.4 0 160 0 1 1
16 19.2 0 157 0 1 1
16 20 0 101 0 1 1
16.8 16.8 0 162 0 1 1
16.8 17.6 0 155 0 1 1
16.8 18.4 0 154 0 1 1
16.8 19.2 0 153 0 1 1
16.8 20 0 94 0 1 1
17.6 17.6 0 157 0 1 1
17.6 18.4 0 155 0 1 1
17.6 19.2 0 154 0 1 1
17.6 20 0 97 0 1 1
18.4 18.4 0 157 0 1 1
18.4 19.2 0 155 0 1 1
18.4 20 0 98 0 1 1
19.2 19.2 0 157 0 1 1
19.2 20 0 98 0 1 1
20 20 0 97 0 1 1
