-20 20 0 87 0 1 1
-19.3 19.2 0 139 0 1 1
-19.3 20 0 94 0 1 1
-18.5 18.4 0 144 0 1 1
-18.5 19.2 0 144 0 1 1
-18.5 20 0 94 0 1 1
-17.7 17.6 0 144 0 1 1
-17.7 18.4 0 145 0 1 1
-17.7 19.2 0 142 0 1 1
-17.7 20 0 96 0 1 1
-16.9 16.8 0 147 0 1 1
-16.9 17.6 0 149 0 1 1
-16.9 18.4 0 149 0 1 1
-16.9 19.2 0 151 0 1 1
-16.9 20 0 99 0 1 1
-16.1 16 0 148 0 1 1
-16.1 16.8 0 146 0 1 1
-16.1 17.6 0 146 0 1 1
-16.1 18.4 0 147 0 1 1
-16.1 19.2 0 147 0 1 1
-16.1 20 0 96 0 1 1
-15.3 15.2 0 142 0 1 1
-15.3 16 0 147 0 1 1
-15.3 16.8 0 147 0 1 1
-15.3 17.6 0 146 0 1 1
-15.3 18.4 0 141 0 1 1
-15.3 19.2 0 146 0 1 1
-15.3 20 0 94 0 1 1
-14.6 14.5 0 144 0 1 1
-14.6 15.2 0 149 0 1 1
-14.6 16 0 149 0 1 1
-14.6 16.8 0 148 0 1 1
-14.6 17.6 0 152 0 1 1
-14.6 18.4 0 149 0 1 1
-14.6 19.2 0 142 0 1 1
-14.6 20 0 93 0 1 1
-13.8 13.7 0 156 0 1 1
-13.8 14.5 0 149 0 1 1
-13.8 15.2 0 149 0 1 1
-13.8 16 0 152 0 1 1
-13.8 16.8 0 149 0 1 1
-13.8 17.6 0 149 0 1 1
-13.8 18.4 0 151 0 1 1
-13.8 19.2 0 152 0 1 1
-13.8 20 0 97 0 1 1
-13 12.9 0 157 0 1 1
-13 13.7 0 144 0 1 1
-13 14.5 0 141 0 1 1
-13 15.2 0 153 0 1 1
-13 16 0 151 0 1 1
-13 16.8 0 150 0 1 1
-13 17.6 0 152 0 1 1
-13 18.4 0 152 0 1 1
-13 19.2 0 151 0 1 1
-12.2 12.1 0 143 0 1 1
-12.2 12.9 0 133 0 1 1
-12.2 13.7 0 148 0 1 1
-12.2 14.5 0 154 0 1 1
-12.2 15.2 0 146 0 1 1
-12.2 16 0 144 0 1 1
-12.2 16.8 0 150 0 1 1
-12.2 17.6 0 152 0 1 1
-12.2 18.4 0 134 0 1 1
-11.4 11.3 0 158 0 1 1
-11.4 12.1 0 148 0 1 1
-11.4 12.9 0 154 0 1 1
-11.4 13.7 0 149 0 1 1
-11.4 14.5 0 150 0 1 1
-11.4 15.2 0 152 0 1 1
-11.4 16 0 150 0 1 1
-11.4 16.8 0 143 0 1 1
-10.6 10.5 0 155 0 1 1
-10.6 11.3 0 140 0 1 1
-10.6 12.1 0 158 0 1 1
-10.6 12.9 0 151 0 1 1
-10.6 13.7 0 149 0 1 1
-10.6 14.5 0 151 0 1 1
-10.6 15.2 0 142 0 1 1
-10 15.1 0.3 78 0 1 3
-10 15.2 0.4 137 0 1 3
-10 15.3 0.4 63 0 1 3
-9.9 9.8 0 158 0 1 1
-9.9 10.5 0 146 0 1 1
-9.9 11.3 0 154 0 1 1
-9.9 12.1 0 156 0 1 1
-9.9 12.9 0 152 0 1 1
-9.9 13.7 0 152 0 1 1
-9.9 14.5 0 141 0 1 1
-9.9 15 0.3 119 0 1 3
-9.6 15 0.9 64 0 1 3
-9.6 15.1 1 67 0 1 3
-9.5 14.9 0.9 66 0 1 3
-9.2 14.8 1.5 66 0 1 3
-9.2 14.9 1.5 65 0 1 3
-9.1 9 0 150 0 1 1
-9.1 9.8 0 151 0 1 1
-9.1 10.5 0 158 0 1 1
-9.1 11.3 0 157 0 1 1
-9.1 12.1 0 150 0 1 1
-9.1 12.9 0 140 0 1 1
-8.9 13.6 0.3 52 0 1 3
-8.8 14.7 2.1 68 0 1 3
-8.5 13.5 0.9 60 0 1 3
-8.3 8.2 0 156 0 1 1
-8.3 9 0 156 0 1 1
-8.3 9.8 0 155 0 1 1
-8.3 10.5 0 113 0 1 1
-8.3 11.3 0 130 0 1 1
-8.3 12.1 0 110 0 1 1
-8.1 13.4 1.5 63 0 1 3
-8 13.8 2.4 69 0 1 3
-7.9 12.2 0.3 56 0 1 3
-7.5 7.4 0 155 0 1 1
-7.5 8.2 0 143 0 1 1
-7.5 9 0 140 0 1 1
-7.5 9.8 0 131 0 1 1
-7.5 10.5 0 143 0 1 1
-7.5 11.3 0 65 0 1 1
-7.5 12.1 0.9 61 0 1 3
-7.3 12.5 1.8 63 0 1 3
-7.2 12.9 2.6 68 0 1 3
-6.9 10.8 0.3 57 0 1 3
-6.7 6.6 0 156 0 1 1
-6.7 7.4 0 96 0 1 1
-6.7 8.2 0 101 0 1 1
-6.7 9 0 114 0 1 1
-6.7 9.8 0 133 0 1 1
-6.7 11.2 1.2 60 0 1 3
-6.6 11.5 2 62 0 1 3
-6.4 11.9 2.9 67 0 1 3
-6.1 9.8 0.4 56 0 1 3
-6.1 9.9 0.5 51 0 1 3
-6 9.7 0.4 50 0 1 3
-6 10 1 59 0 1 3
-6 10.1 1.2 56 0 1 3
-5.9 5.8 0 148 0 1 1
-5.9 6.6 0 124 0 1 1
-5.9 7.4 0 107 0 1 1
-5.9 8.2 0 110 0 1 1
-5.9 9 0 107 0 1 1
-5.9 9.4 -0.1 96 0 1 3
-5.9 9.7 0.5 56 0 1 3
-5.9 10 1.1 62 0 1 3
-5.9 10.2 1.4 52 0 1 3
-5.8 9.7 0.6 91 0 1 3
-5.8 10 1.2 77 0 1 3
-5.8 10.3 1.7 68 0 1 3
-5.8 10.4 1.9 61 0 1 3
-5.8 10.5 2.1 55 0 1 3
-5.8 10.6 2.3 59 0 1 3
-5.7 10.3 1.8 84 0 1 3
-5.7 10.5 2.4 80 0 1 3
-5.6 10.7 2.6 78 0 1 3
-5.6 10.8 2.8 100 0 1 3
-5.6 10.9 3 75 0 1 3
-5.6 11 3.2 89 0 1 3
-5.2 9.8 0.8 107 0 1 3
-5.1 5 0 143 0 1 1
-5.1 5.8 0 138 0 1 1
-5.1 6.6 0 142 0 1 1
-5.1 7.4 0 147 0 1 1
-5.1 8.2 0 132 0 1 1
-5.1 9 0 152 0 1 1
-5.1 9.6 0.2 120 0 1 3
-5.1 10.1 1.4 114 0 1 3
-5 10.4 2 130 0 1 3
-5 10.7 2.6 120 0 1 3
-5 10.8 2.8 96 0 1 3
-5 10.9 3 113 0 1 3
-4.9 11 3.2 88 0 1 3
-4.4 4.3 0 154 0 1 1
-4.4 5 0 150 0 1 1
-4.4 5.8 0 122 0 1 1
-4.4 6.6 0 144 0 1 1
-4.4 7.4 0 166 0 1 1
-4.4 8.2 0 159 0 1 1
-4.4 9 0 149 0 1 1
-4.4 9.8 0 120 0 1 1
-4.4 10.3 1.6 116 0 1 3
-4.4 10.6 2.2 126 0 1 3
-4.3 10.1 1 105 0 1 3
-4.3 10.9 2.8 134 0 1 3
-4.3 11 3 118 0 1 3
-4.3 11.1 3.2 99 0 1 3
-4.2 9.8 0.4 72 0 1 3
-4.1 9.8 0.1 59 0 1 3
-3.7 10.8 2.4 123 0 1 3
-3.7 11.1 3 119 0 1 3
-3.6 3.5 0 140 0 1 1
-3.6 4.3 0 153 0 1 1
-3.6 5 0 149 0 1 1
-3.6 5.8 0 137 0 1 1
-3.6 6.6 0 154 0 1 1
-3.6 7.4 0 155 0 1 1
-3.6 8.2 0 129 0 1 1
-3.6 9 0 166 0 1 1
-3.6 9.8 0 166 0 1 1
-3.6 10.5 1.8 129 0 1 3
-3.6 11.2 3.2 80 0 1 3
-3.5 10.3 1.2 127 0 1 3
-3.4 10 0.6 75 0 1 3
-3.3 10 0.3 71 0 1 3
-3.2 10.1 0 83 0 1 3
-3 11.2 3.2 93 0 1 3
-2.9 11 2.6 122 0 1 3
-2.9 11.9 3.2 120 0 1 3
-2.8 3.5 0 153 0 1 1
-2.8 4.3 0 166 0 1 1
-2.8 5 0 134 0 1 1
-2.8 5.8 0 141 0 1 1
-2.8 6.6 0 162 0 1 1
-2.8 7.4 0 167 0 1 1
-2.8 8.2 0 166 0 1 1
-2.8 9 0 157 0 1 1
-2.8 9.8 0 159 0 1 1
-2.8 10.7 2 150 0 1 3
-2.8 11 2.3 133 0 1 3
-2.7 10.5 1.4 133 0 1 3
-2.7 10.7 1.7 113 0 1 3
-2.7 12.6 3.2 112 0 1 3
-2.6 10.2 0.8 110 0 1 3
-2.6 10.5 1.1 131 0 1 3
-2.6 11.7 2.3 140 0 1 3
-2.6 13.3 3.2 113 0 1 3
-2.5 10.2 0.5 130 0 1 3
-2.5 10.8 1.4 140 0 1 3
-2.5 12.4 2.3 150 0 1 3
-2.5 14 3.2 88 0 1 3
-2.5 14.4 3.2 143 0 1 3
-2.4 10.5 0.8 150 0 1 3
-2.4 11.5 1.4 143 0 1 3
-2.4 13.1 2.4 147 0 1 3
-2.3 10.3 0.3 123 0 1 3
-2.3 10.6 0.5 143 0 1 3
-2.3 12.2 1.5 146 0 1 3
-2.3 14.6 3.1 144 0 1 3
-2.3 14.7 3.1 148 0 1 3
-2.3 15.1 3.1 147 0 1 3
-2.2 10.3 0 108 0 1 3
-2.2 11.2 0.6 136 0 1 3
-2.2 13.8 2.2 112 0 1 3
-2.2 15.3 3 81 0 1 3
-2.1 12.9 1.3 139 0 1 3
-2.1 15.4 2.9 144 0 1 3
-2 3.5 0 159 0 1 1
-2 4.3 0 169 0 1 1
-2 5.8 0 114 0 1 1
-2 6.6 0 161 0 1 1
-2 7.4 0 165 0 1 1
-2 8.2 0 144 0 1 1
-2 9 0 151 0 1 1
-2 9.8 0 157 0 1 1
-2 10.5 0 156 0 1 1
-2 12 0.4 142 0 1 3
-2 14.5 2 146 0 1 3
-2 15.9 2.8 89 0 1 3
-2 16 2.8 149 0 1 3
-2 16.1 2.8 152 0 1 3
-2 16.3 2.8 159 0 1 3
-1.9 4.5 -0.1 159 0 1 2
-1.9 4.5 0.1 61 0 1 2
-1.9 4.6 0 136 0 1 2
-1.9 4.6 0.1 76 0 1 2
-1.9 4.6 0.2 107 0 1 2
-1.9 4.7 0.1 161 0 1 2
-1.9 4.7 0.2 149 0 1 2
-1.9 13.6 1.1 144 0 1 3
-1.9 16.2 2.7 160 0 1 3
-1.8 4.4 -0.1 117 0 1 2
-1.8 4.4 0.1 110 0 1 2
-1.8 4.5 -0.1 140 0 1 2
-1.8 4.5 0.1 89 0 1 2
-1.8 4.5 0.2 132 0 1 2
-1.8 4.6 0.2 131 0 1 2
-1.8 4.7 0.2 143 0 1 2
-1.8 15.2 1.8 132 0 1 3
-1.8 16.6 2.7 125 0 1 3
-1.8 16.7 2.6 133 0 1 3
-1.8 16.8 2.6 105 0 1 3
-1.7 4.4 0 54 0 1 2
-1.7 4.7 0.2 159 0 1 2
-1.7 13.7 0.4 135 0 1 3
-1.7 16.9 2.5 129 0 1 3
-1.6 4.4 0.1 91 0 1 2
-1.6 4.5 0.1 110 0 1 2
-1.6 4.5 0.2 126 0 1 2
-1.6 4.8 0.3 149 0 1 2
-1.6 15.4 1.1 141 0 1 3
-1.6 17 2.1 118 0 1 3
-1.5 4.4 0 56 0 1 2
-1.5 4.4 0.1 80 0 1 2
-1.5 4.5 0 118 0 1 2
-1.5 4.5 0.2 118 0 1 2
-1.5 4.7 0.2 138 0 1 2
-1.5 4.8 0.3 143 0 1 2
-1.5 17 1.8 157 0 1 3
-1.4 4.4 0 92 0 1 2
-1.4 4.5 0 98 0 1 2
-1.4 4.5 0.1 118 0 1 2
-1.4 4.5 0.2 121 0 1 2
-1.4 4.6 0.3 125 0 1 2
-1.4 4.7 0.3 150 0 1 2
-1.4 4.9 0.2 157 0 1 2
-1.4 17.2 1.7 103 0 1 3
-1.3 4.5 0 62 0 1 2
-1.3 4.5 0.2 115 0 1 2
-1.3 4.6 0 64 0 1 2
-1.3 4.6 0.1 120 0 1 2
-1.3 4.6 0.2 120 0 1 2
-1.3 4.6 0.3 157 0 1 2
-1.3 4.7 0.3 152 0 1 2
-1.3 4.8 0.3 160 0 1 2
-1.3 4.9 0.2 161 0 1 2
-1.3 15.5 0.4 142 0 1 3
-1.3 17.1 1.1 141 0 1 3
-1.3 17.2 1.4 146 0 1 3
-1.3 17.3 1.3 144 0 1 3
-1.2 3.5 0 169 0 1 1
-1.2 4.3 0 143 0 1 1
-1.2 4.6 0 75 0 1 2
-1.2 4.6 0.1 124 0 1 2
-1.2 4.6 0.2 118 0 1 2
-1.2 4.6 0.3 128 0 1 2
-1.2 4.7 0.1 129 0 1 2
-1.2 4.7 0.2 145 0 1 2
-1.2 4.7 0.3 136 0 1 2
-1.2 5 0.2 146 0 1 2
-1.2 5.1 0.2 127 0 1 2
-1.2 5.8 0 165 0 1 1
-1.2 6.6 0 162 0 1 1
-1.2 7.4 0 127 0 1 1
-1.2 8.2 0 145 0 1 1
-1.2 9 0 106 0 1 1
-1.2 9.8 0 156 0 1 1
-1.2 10.5 0 157 0 1 1
-1.2 11.3 0 152 0 1 1
-1.2 12.1 0 159 0 1 1
-1.2 12.9 0 155 0 1 1
-1.2 13.7 0 164 0 1 1
-1.2 14.5 0 143 0 1 1
-1.2 15.2 0 147 0 1 1
-1.2 17.3 1 133 0 1 3
-1.1 4.7 0 95 0 1 2
-1.1 4.7 0.1 135 0 1 2
-1.1 4.7 0.2 144 0 1 2
-1.1 4.8 0 162 0 1 2
-1.1 4.8 0.1 127 0 1 2
-1.1 4.8 0.2 152 0 1 2
-1.1 4.9 0.1 133 0 1 2
-1.1 4.9 0.2 153 0 1 2
-1.1 17.3 0.7 155 0 1 3
-1.1 17.5 0.8 110 0 1 3
-1 17.3 0.4 153 0 1 3
-1 17.5 0.5 147 0 1 3
-0.9 17.4 0 147 0 1 3
-0.9 17.5 0.3 107 0 1 3
-0.4 3.5 0 161 0 1 1
-0.4 4.3 0 123 0 1 1
-0.4 5 0 163 0 1 1
-0.4 5.8 0 115 0 1 1
-0.4 6.6 0 125 0 1 1
-0.4 7.4 0 132 0 1 1
-0.4 8.2 0 147 0 1 1
-0.4 9 -0.1 154 0 1 4
-0.4 9.8 -0.2 159 0 1 4
-0.4 10.5 -0.4 145 0 1 4
-0.4 11.3 -0.4 163 0 1 4
-0.4 12.1 -0.4 157 0 1 4
-0.4 12.9 -0.4 159 0 1 4
-0.4 13.7 -0.4 152 0 1 4
-0.4 14.5 -0.2 157 0 1 4
-0.4 15.2 -0.1 164 0 1 4
-0.4 16 0 159 0 1 1
-0.4 16.8 0 152 0 1 1
-0.4 17.6 0 155 0 1 1
-0.4 18.4 0 149 0 1 1
-0.4 19.2 0 153 0 1 1
-0.4 20 0 94 0 1 1
0.2 5.4 0 58 0 1 2
0.2 5.5 0 61 0 1 2
0.2 5.5 0.1 66 0 1 2
0.2 5.7 0 73 0 1 2
0.2 5.7 0.1 73 0 1 2
0.2 5.8 0 139 0 1 2
0.2 5.8 0.1 131 0 1 2
0.3 3.5 0 88 0 1 1
0.3 4.3 0 117 0 1 1
0.3 5 0 160 0 1 1
0.3 5.3 -0.1 140 0 1 2
0.3 5.4 0 57 0 1 2
0.3 5.4 0.1 60 0 1 2
0.3 5.4 0.2 70 0 1 2
0.3 5.5 -0.1 109 0 1 2
0.3 5.5 0.1 69 0 1 2
0.3 5.6 0.2 91 0 1 2
0.3 5.8 0.1 110 0 1 2
0.3 5.9 0.1 141 0 1 2
0.3 5.9 0.2 131 0 1 2
0.3 6.6 0 161 0 1 1
0.3 7.4 0 159 0 1 1
0.3 8.2 0 140 0 1 1
0.3 9 -0.2 136 0 1 4
0.3 12.9 -1.1 145 0 1 4
0.3 13.3 -1.1 149 0 1 4
0.3 13.7 -1.1 166 0 1 4
0.3 14.1 -1 153 0 1 4
0.3 14.5 -0.8 161 0 1 4
0.3 14.9 -0.5 144 0 1 4
0.3 15.2 -0.2 143 0 1 4
0.3 16 0 157 0 1 1
0.3 16.8 0 143 0 1 1
0.3 17.6 0 155 0 1 1
0.3 18.4 0 154 0 1 1
0.3 19.2 0 139 0 1 1
0.3 20 0 91 0 1 1
0.4 5.1 0 77 0 1 2
0.4 5.2 0 56 0 1 2
0.4 5.2 0.1 62 0 1 2
0.4 5.2 0.3 78 0 1 2
0.4 5.3 0.2 59 0 1 2
0.4 5.3 0.3 87 0 1 2
0.4 5.4 0.3 85 0 1 2
0.4 5.6 0.2 96 0 1 2
0.4 5.9 0.2 140 0 1 2
0.5 5.1 0 61 0 1 2
0.5 5.1 0.1 63 0 1 2
0.5 5.1 0.3 116 0 1 2
0.5 5.2 0.2 59 0 1 2
0.5 5.2 0.3 121 0 1 2
0.5 5.5 0.3 147 0 1 2
0.5 5.8 0.2 142 0 1 2
0.5 5.9 0.2 143 0 1 2
0.6 5 0 58 0 1 2
0.6 5 0.1 60 0 1 2
0.6 5 0.2 59 0 1 2
0.6 5 0.3 116 0 1 2
0.6 5.1 0.3 142 0 1 2
0.6 5.3 0.3 148 0 1 2
0.6 5.7 0.2 148 0 1 2
0.6 5.8 0.2 159 0 1 2
0.6 5.9 0.2 149 0 1 2
0.7 5 0 56 0 1 2
0.7 5 0.1 67 0 1 2
0.7 5 0.2 133 0 1 2
0.7 5.2 0.3 151 0 1 2
0.7 5.4 0.3 157 0 1 2
0.7 5.6 0.3 150 0 1 2
0.7 13.7 -1.3 122 0 1 4
0.7 14.1 -1.2 127 0 1 4
0.7 14.5 -1 125 0 1 4
0.7 14.9 -0.6 112 0 1 4
0.7 15.2 -0.3 135 0 1 4
0.8 5 0.1 69 0 1 2
0.8 5 0.2 143 0 1 2
0.8 5.1 0 57 0 1 2
0.8 5.3 0.3 158 0 1 2
0.9 5.1 0.1 59 0 1 2
0.9 5.1 0.2 97 0 1 2
1 5.1 0.1 65 0 1 2
1 5.1 0.2 140 0 1 2
1 5.2 0.1 104 0 1 2
1 5.2 0.2 126 0 1 2
1.1 3.5 0 154 0 1 1
1.1 4.3 0 158 0 1 1
1.1 5 0 168 0 1 1
1.1 5.2 0 49 0 1 2
1.1 5.2 0.1 125 0 1 2
1.1 5.4 0 133 0 1 2
1.1 6.6 0 161 0 1 1
1.1 7.4 0 133 0 1 1
1.1 8.2 0 160 0 1 1
1.1 14.1 -1.3 127 0 1 4
1.1 14.5 -1.1 103 0 1 4
1.1 14.9 -0.7 107 0 1 4
1.1 15.3 -0.4 156 0 1 4
1.1 16 0 143 0 1 1
1.1 16.8 0 145 0 1 1
1.1 17.6 0 141 0 1 1
1.1 18.4 0 149 0 1 1
1.1 19.2 0 151 0 1 1
1.1 20 0 98 0 1 1
1.5 14.1 -1.3 92 0 1 4
1.5 14.5 -1.1 110 0 1 4
1.5 14.9 -0.7 98 0 1 4
1.5 15.3 -0.4 157 0 1 4
1.9 3.5 0 161 0 1 1
1.9 4.3 0 127 0 1 1
1.9 5 0 121 0 1 1
1.9 5.8 0 115 0 1 1
1.9 6.6 0 146 0 1 1
1.9 7.4 0 163 0 1 1
1.9 8.2 0 147 0 1 1
1.9 14.1 -1.3 86 0 1 4
1.9 14.5 -1.1 94 0 1 4
1.9 14.9 -0.7 85 0 1 4
1.9 15.3 -0.4 130 0 1 4
1.9 16 0 158 0 1 1
1.9 16.8 0 151 0 1 1
1.9 17.6 0 149 0 1 1
1.9 18.4 0 157 0 1 1
1.9 19.2 0 146 0 1 1
1.9 20 0 95 0 1 1
2.3 14.1 -1.3 118 0 1 4
2.3 14.5 -1.1 109 0 1 4
2.3 14.9 -0.7 96 0 1 4
2.3 15.3 -0.4 123 0 1 4
2.7 3.5 0 158 0 1 1
2.7 4.3 0 119 0 1 1
2.7 5 0 167 0 1 1
2.7 5.8 0 171 0 1 1
2.7 6.6 0 120 0 1 1
2.7 7.4 0 167 0 1 1
2.7 8.2 0 164 0 1 1
2.7 14.1 -1.3 97 0 1 4
2.7 14.5 -1.1 118 0 1 4
2.7 14.9 -0.7 116 0 1 4
2.7 15.3 -0.4 119 0 1 1
2.7 16 0 159 0 1 1
2.7 16.8 0 149 0 1 1
2.7 17.6 0 144 0 1 1
2.7 18.4 0 150 0 1 1
2.7 19.2 0 156 0 1 1
2.7 20 0 101 0 1 1
3.1 14.1 -1.3 121 0 1 4
3.1 14.5 -1.1 117 0 1 4
3.1 14.9 -0.7 103 0 1 4
3.1 15.3 -0.4 106 0 1 4
3.5 3.5 0 158 0 1 1
3.5 4.3 0 164 0 1 1
3.5 5 0 148 0 1 1
3.5 5.8 0 124 0 1 1
3.5 6.6 0 159 0 1 1
3.5 7.4 0 167 0 1 1
3.5 8.2 0 163 0 1 1
3.5 14.1 -1.3 112 0 1 4
3.5 14.5 -1.1 103 0 1 4
3.5 14.9 -0.7 105 0 1 4
3.5 15.3 -0.4 146 0 1 4
3.5 16 0 155 0 1 1
3.5 16.8 0 161 0 1 1
3.5 17.6 0 157 0 1 1
3.5 18.4 0 146 0 1 1
3.5 19.2 0 146 0 1 1
3.5 20 0 97 0 1 1
3.9 14.1 -1.3 80 0 1 4
3.9 14.5 -1.1 109 0 1 4
3.9 14.9 -0.7 115 0 1 4
3.9 15.3 -0.4 151 0 1 4
4.1 5.2 0 60 0 1 2
4.1 5.2 0.1 56 0 1 2
4.1 5.3 0 58 0 1 2
4.1 5.3 0.1 56 0 1 2
4.1 5.3 0.2 89 0 1 2
4.1 5.5 0 57 0 1 2
4.1 5.5 0.1 84 0 1 2
4.2 4.9 0 63 0 1 2
4.2 4.9 0.3 58 0 1 2
4.2 5 0 64 0 1 2
4.2 5 0.2 60 0 1 2
4.2 5 0.4 127 0 1 2
4.2 5.1 0 64 0 1 2
4.2 5.1 0.1 59 0 1 2
4.2 5.1 0.3 63 0 1 2
4.2 5.1 0.4 93 0 1 2
4.2 5.2 0.2 86 0 1 2
4.2 5.4 0.2 104 0 1 2
4.2 5.6 0 67 0 1 2
4.2 5.6 0.1 127 0 1 2
4.2 5.6 0.2 101 0 1 2
4.2 5.7 0 59 0 1 2
4.2 5.7 0.1 119 0 1 2
4.3 4.3 0 177 0 1 1
4.3 4.8 0 60 0 1 2
4.3 4.8 0.1 58 0 1 2
4.3 4.8 0.2 61 0 1 2
4.3 4.8 0.3 155 0 1 2
4.3 4.9 0 76 0 1 2
4.3 4.9 0.2 62 0 1 2
4.3 4.9 0.3 109 0 1 2
4.3 5 0.4 123 0 1 2
4.3 5.4 0.3 144 0 1 2
4.3 5.7 0.2 167 0 1 2
4.3 5.8 0 142 0 1 1
4.3 6.6 0 154 0 1 1
4.3 7.4 0 122 0 1 1
4.3 8.2 0 137 0 1 1
4.3 14.1 -1.3 108 0 1 4
4.3 14.5 -1.1 109 0 1 4
4.3 14.9 -0.7 115 0 1 4
4.3 15.3 -0.4 133 0 1 4
4.3 16 0 156 0 1 1
4.3 16.8 0 152 0 1 1
4.3 17.6 0 145 0 1 1
4.3 18.4 0 151 0 1 1
4.3 19.2 0 145 0 1 1
4.3 20 0 99 0 1 1
4.4 4.7 0 54 0 1 2
4.4 4.7 0.1 57 0 1 2
4.4 4.7 0.2 54 0 1 2
4.4 4.7 0.3 111 0 1 2
4.4 4.8 0.2 59 0 1 2
4.4 4.8 0.3 132 0 1 2
4.4 5 0.4 157 0 1 2
4.4 5.1 0.4 156 0 1 2
4.4 5.3 0.3 153 0 1 2
4.4 5.6 0.3 146 0 1 2
4.4 5.7 0.2 153 0 1 2
4.5 4.7 0.1 55 0 1 2
4.5 4.7 0.2 65 0 1 2
4.5 4.7 0.3 112 0 1 2
4.5 4.9 0.3 162 0 1 2
4.5 5.1 0.4 132 0 1 2
4.5 5.3 0.3 157 0 1 2
4.5 5.5 0.3 170 0 1 2
4.5 5.6 0.3 148 0 1 2
4.5 5.7 0.2 152 0 1 2
4.6 4.8 0 58 0 1 2
4.6 4.8 0.1 53 0 1 2
4.6 4.8 0.2 75 0 1 2
4.6 4.8 0.3 156 0 1 2
4.7 4.8 0.1 57 0 1 2
4.7 4.8 0.2 79 0 1 2
4.7 5 0.3 150 0 1 2
4.7 14.1 -1.3 106 0 1 4
4.7 14.5 -1.1 117 0 1 4
4.7 14.9 -0.7 108 0 1 4
4.7 15.3 -0.4 153 0 1 4
4.8 4.8 0.1 143 0 1 2
4.8 4.8 0.2 92 0 1 2
4.8 4.8 0.3 155 0 1 2
4.9 4.8 0.2 126 0 1 2
4.9 4.9 0 131 0 1 2
5 5 0 169 0 1 1
5 6.6 0 166 0 1 1
5 7.4 0 170 0 1 1
5 8.2 0 157 0 1 1
5 14.1 -1.3 103 0 1 4
5 14.5 -1.1 122 0 1 4
5 14.9 -0.7 100 0 1 4
5 15.3 -0.4 134 0 1 4
5 16 0 152 0 1 1
5 16.8 0 155 0 1 1
5 17.6 0 141 0 1 1
5 18.4 0 153 0 1 1
5 19.2 0 157 0 1 1
5 20 0 100 0 1 1
5.4 14.1 -1.3 120 0 1 4
5.4 14.5 -1.1 100 0 1 4
5.4 14.9 -0.7 113 0 1 4
5.4 15.3 -0.4 120 0 1 4
5.8 5.8 0 174 0 1 1
5.8 6.6 0 133 0 1 1
5.8 7.4 0 151 0 1 1
5.8 8.2 0 156 0 1 1
5.8 14.1 -1.3 123 0 1 4
5.8 14.5 -1.1 117 0 1 4
5.8 14.9 -0.7 96 0 1 4
5.8 15.3 -0.4 108 0 1 4
5.8 16 0 165 0 1 1
5.8 16.8 0 147 0 1 1
5.8 17.6 0 149 0 1 1
5.8 18.4 0 121 0 1 1
5.8 19.2 0 142 0 1 1
5.8 20 0 98 0 1 1
6.2 14.1 -1.3 112 0 1 4
6.2 14.5 -1.1 116 0 1 4
6.2 14.9 -0.7 109 0 1 4
6.2 15.3 -0.4 132 0 1 4
6.6 6.6 0 155 0 1 1
6.6 7.4 0 136 0 1 1
6.6 8.2 0 146 0 1 1
6.6 14.1 -1.3 96 0 1 4
6.6 14.5 -1.1 112 0 1 4
6.6 14.9 -0.7 113 0 1 4
6.6 15.3 -0.4 149 0 1 4
6.6 16 0 140 0 1 1
6.6 16.8 0 150 0 1 1
6.6 17.6 0 153 0 1 1
6.6 18.4 0 145 0 1 1
6.6 19.2 0 154 0 1 1
6.6 20 0 96 0 1 1
7 13.7 -1.3 96 0 1 4
7 14.1 -1.2 75 0 1 4
7 14.5 -1 87 0 1 4
7 14.9 -0.6 68 0 1 4
7 15.2 -0.3 105 0 1 4
7.4 7.4 0 169 0 1 1
7.4 8.2 0 169 0 1 1
7.4 9 -0.2 150 0 1 4
7.4 12.9 -1.1 79 0 1 4
7.4 13.3 -1.1 79 0 1 4
7.4 13.7 -1.1 60 0 1 4
7.4 14.1 -1 85 0 1 4
7.4 14.5 -0.8 93 0 1 4
7.4 14.9 -0.5 110 0 1 4
7.4 15.2 -0.2 134 0 1 4
7.4 16 0 152 0 1 1
7.4 16.8 0 151 0 1 1
7.4 17.6 0 148 0 1 1
7.4 18.4 0 149 0 1 1
7.4 19.2 0 142 0 1 1
7.4 20 0 93 0 1 1
7.8 11.3 -0.7 62 0 1 4
7.8 11.7 -0.7 58 0 1 4
7.8 12.1 -0.7 74 0 1 4
7.8 12.5 -0.7 57 0 1 4
7.8 12.9 -0.7 64 0 1 4
7.8 13.3 -0.7 48 0 1 4
7.8 13.7 -0.7 59 0 1 4
7.8 14.1 -0.6 84 0 1 4
7.8 14.5 -0.5 83 0 1 4
8.2 8.2 0 151 0 1 1
8.2 9 -0.1 149 0 1 4
8.2 9.8 -0.2 119 0 1 4
8.2 10.2 -0.3 116 0 1 4
8.2 10.5 -0.4 141 0 1 4
8.2 10.9 -0.4 128 0 1 4
8.2 11.3 -0.4 89 0 1 4
8.2 11.7 -0.4 98 0 1 4
8.2 12.1 -0.4 117 0 1 4
8.2 12.5 -0.4 142 0 1 4
8.2 12.9 -0.4 110 0 1 4
8.2 13.3 -0.4 123 0 1 4
8.2 13.7 -0.4 98 0 1 4
8.2 14.1 -0.3 137 0 1 4
8.2 14.5 -0.2 102 0 1 4
8.2 15.2 -0.1 109 0 1 4
8.2 16 0 125 0 1 1
8.2 16.8 0 134 0 1 1
8.2 17.6 0 141 0 1 1
8.2 18.4 0 134 0 1 1
8.2 19.2 0 152 0 1 1
8.2 20 0 99 0 1 1
9 9 0 153 0 1 1
9 9.8 0 161 0 1 1
9 10.5 0 156 0 1 1
9 11.3 0 135 0 1 1
9 12.1 0 148 0 1 1
9 12.9 0 147 0 1 1
9 13.7 0 132 0 1 1
9 14.5 0 142 0 1 1
9 15.2 0 132 0 1 1
9 16 0 135 0 1 1
9 16.8 0 153 0 1 1
9 17.6 0 146 0 1 1
9 18.4 0 161 0 1 1
9 19.2 0 157 0 1 1
9 20 0 102 0 1 1
9.8 9.8 0 162 0 1 1
9.8 10.5 0 158 0 1 1
9.8 11.3 0 162 0 1 1
9.8 12.1 0 153 0 1 1
9.8 12.9 0 157 0 1 1
9.8 13.7 0 155 0 1 1
9.8 14.5 0 159 0 1 1
9.8 15.2 0 158 0 1 1
9.8 16 0 160 0 1 1
9.8 16.8 0 156 0 1 1
9.8 17.6 0 143 0 1 1
9.8 18.4 0 154 0 1 1
9.8 19.2 0 149 0 1 1
9.8 20 0 100 0 1 1
10.5 10.5 0 164 0 1 1
10.5 11.3 0 147 0 1 1
10.5 12.1 0 136 0 1 1
10.5 12.9 0 143 0 1 1
10.5 13.7 0 144 0 1 1
10.5 14.5 0 127 0 1 1
10.5 15.2 0 130 0 1 1
10.5 16 0 150 0 1 1
10.5 16.8 0 154 0 1 1
10.5 17.6 0 150 0 1 1
10.5 18.4 0 144 0 1 1
10.5 19.2 0 140 0 1 1
10.5 20 0 93 0 1 1
11.3 11.3 0 165 0 1 1
11.3 12.1 0 148 0 1 1
11.3 12.9 0 150 0 1 1
11.3 13.7 0 136 0 1 1
11.3 14.5 0 160 0 1 1
11.3 15.2 0 158 0 1 1
11.3 16 0 144 0 1 1
11.3 16.8 0 150 0 1 1
11.3 17.6 0 146 0 1 1
11.3 18.4 0 157 0 1 1
11.3 19.2 0 149 0 1 1
11.3 20 0 89 0 1 1
12.1 12.1 0 162 0 1 1
12.1 12.9 0 161 0 1 1
12.1 13.7 0 157 0 1 1
12.1 14.5 0 157 0 1 1
12.1 15.2 0 151 0 1 1
12.1 16 0 146 0 1 1
12.1 16.8 0 146 0 1 1
12.1 17.6 0 155 0 1 1
12.1 18.4 0 160 0 1 1
12.1 19.2 0 155 0 1 1
12.1 20 0 101 0 1 1
12.9 12.9 0 146 0 1 1
12.9 13.7 0 147 0 1 1
12.9 14.5 0 160 0 1 1
12.9 15.2 0 141 0 1 1
12.9 16 0 135 0 1 1
12.9 16.8 0 152 0 1 1
12.9 17.6 0 153 0 1 1
12.9 18.4 0 149 0 1 1
12.9 19.2 0 156 0 1 1
12.9 20 0 100 0 1 1
13.7 13.7 0 153 0 1 1
13.7 14.5 0 144 0 1 1
13.7 15.2 0 145 0 1 1
13.7 16 0 160 0 1 1
13.7 16.8 0 157 0 1 1
13.7 17.6 0 158 0 1 1
13.7 18.4 0 142 0 1 1
13.7 19.2 0 146 0 1 1
13.7 20 0 93 0 1 1
14.5 14.5 0 151 0 1 1
14.5 15.2 0 158 0 1 1
14.5 16 0 153 0 1 1
14.5 16.8 0 147 0 1 1
14.5 17.6 0 143 0 1 1
14.5 18.4 0 157 0 1 1
14.5 19.2 0 144 0 1 1
14.5 20 0 97 0 1 1
15.2 15.2 0 154 0 1 1
15.2 16 0 154 0 1 1
15.2 16.8 0 151 0 1 1
15.2 17.6 0 150 0 1 1
15.2 18.4 0 148 0 1 1
15.2 19.2 0 142 0 1 1
15.2 20 0 86 0 1 1
16 16.8 0 159 0 1 1
16 17.6 0 163 0 1 1
16 18.4 0 160 0 1 1
16 19.2 0 157 0 1 1
16 20 0 101 0 1 1
16.8 17.6 0 155 0 1 1
16.8 18.4 0 154 0 1 1
16.8 19.2 0 153 0 1 1
16.8 20 0 94 0 1 1
17.6 18.4 0 155 0 1 1
17.6 19.2 0 154 0 1 1
17.6 20 0 97 0 1 1
18.4 19.2 0 155 0 1 1
18.4 20 0 98 0 1 1
19.2 20 0 98 0 1 1
