-2.1 13.4 2.3 134 0 1 5
-2 12.7 2.2 114 0 1 5
-2 13.8 2.4 95 0 1 5
-1.9 11.9 2.1 134 0 1 5
-1.9 13 2.3 122 0 1 5
-1.8 13.4 2.3 134 0 1 5
-1.7 11.2 1.9 134 0 1 5
-1.7 12.3 2.2 130 0 1 5
-1.6 9.4 0.5 139 0 1 5
-1.6 10.5 1.3 116 0 1 5
-1.6 11.5 2 124 0 1 5
-1.6 12.6 2.2 128 0 1 5
-1.6 13.7 2.3 129 0 1 5
-1.5 8.6 0.1 133 0 1 5
-1.5 9.7 0.7 142 0 1 5
-1.5 10.8 1.6 138 0 1 5
-1.5 11.9 2.1 121 0 1 5
-1.5 13 2.2 133 0 1 5
-1.5 14.1 2.3 90 0 1 5
-1.4 10.1 0.9 122 0 1 5
-1.4 11.2 1.7 126 0 1 5
-1.4 12.2 2.1 142 0 1 5
-1.4 13.3 2.2 132 0 1 5
-1.3 7.1 0 113 0 1 2
-1.3 7.2 0.1 124 0 1 2
-1.3 7.3 0 97 0 1 2
-1.3 7.4 0 135 0 1 2
-1.3 9 0.2 142 0 1 5
-1.3 12.6 2.2 117 0 1 5
-1.3 13.7 2.2 133 0 1 5
-1.2 7 0 120 0 1 1
-1.2 7.4 0 127 0 1 1
-1.2 7.8 0 120 0 1 1
-1.2 8.2 0 138 0 1 1
-1.2 8.6 0 130 0 1 1
-1.2 9.3 0.3 138 0 1 5
-1.2 10.4 1.1 140 0 1 5
-1.2 11.5 1.9 148 0 1 5
-1.2 14 2.2 138 0 1 5
-1.1 9.7 0.5 144 0 1 5
-1.1 10.8 1.4 150 0 1 5
-1.1 11.9 2 121 0 1 5
-1.1 12.9 2.1 140 0 1 5
-1 8.9 0 142 0 1 5
-1 10 0.7 109 0 1 5
-1 11.1 1.6 149 0 1 5
-1 12.2 2 147 0 1 5
-1 13.3 2.2 134 0 1 5
-0.9 9.3 0.1 145 0 1 5
-0.9 10.4 0.9 147 0 1 5
-0.9 11.5 1.7 147 0 1 5
-0.9 12.6 2 146 0 1 5
-0.9 13.6 2.1 141 0 1 5
-0.8 4.3 0 98 0 1 1
-0.8 5 -0.1 124 0 1 1
-0.8 5.8 -0.1 90 0 1 1
-0.8 6.6 -0.1 134 0 1 1
-0.8 7.4 -0.1 142 0 1 1
-0.8 8.2 -0.1 123 0 1 1
-0.8 10.7 1.1 154 0 1 5
-0.8 11.8 1.8 152 0 1 5
-0.8 12.9 2 142 0 1 5
-0.8 14 2.1 144 0 1 5
-0.7 9.1 0 135 0 1 5
-0.7 9.6 0.3 133 0 1 5
-0.7 13.3 2 142 0 1 5
-0.6 10 0.5 143 0 1 5
-0.6 11.1 1.3 148 0 1 5
-0.6 12.2 1.8 150 0 1 5
-0.5 5.4 -0.1 119 0 1 1
-0.5 5.6 -0.1 86 0 1 1
-0.5 5.8 -0.1 133 0 1 1
-0.5 6 -0.1 122 0 1 1
-0.5 6.2 -0.1 124 0 1 1
-0.5 6.4 -0.1 100 0 1 1
-0.5 6.6 -0.1 141 0 1 1
-0.5 6.8 -0.1 121 0 1 1
-0.5 7 -0.1 131 0 1 1
-0.5 7.2 -0.1 130 0 1 1
-0.5 7.4 -0.1 103 0 1 1
-0.5 7.5 -0.1 123 0 1 1
-0.5 7.7 -0.1 134 0 1 1
-0.5 7.9 -0.1 140 0 1 1
-0.5 8.1 -0.1 147 0 1 1
-0.5 8.3 -0.1 143 0 1 1
-0.5 8.5 -0.1 141 0 1 1
-0.5 9.2 0 141 0 1 5
-0.5 10.3 0.7 151 0 1 5
-0.5 11.4 1.4 148 0 1 5
-0.5 12.5 1.8 144 0 1 5
-0.5 13.6 2 124 0 1 5
-0.4 4.1 0 129 0 1 1
-0.4 4.3 0 127 0 1 1
-0.4 4.5 -0.1 138 0 1 1
-0.4 4.6 -0.1 133 0 1 1
-0.4 4.8 -0.1 126 0 1 1
-0.4 5 -0.1 108 0 1 1
-0.4 5.2 -0.1 126 0 1 1
-0.4 8.7 -0.1 149 0 1 1
-0.4 8.9 -0.1 135 0 1 1
-0.4 9.6 0.1 98 0 1 5
-0.4 10.7 0.8 156 0 1 5
-0.4 11.8 1.5 152 0 1 5
-0.4 12.9 1.8 142 0 1 5
-0.4 14 1.9 145 0 1 5
-0.3 8.9 -0.2 148 0 1 4
-0.3 9.9 0.2 130 0 1 5
-0.3 11 1 140 0 1 5
-0.3 12.1 1.6 143 0 1 5
-0.3 13.2 1.8 130 0 1 5
-0.3 14.3 1.8 122 0 1 5
-0.2 12.5 1.5 147 0 1 5
-0.2 13.6 1.7 148 0 1 5
-0.1 3.8 -0.1 140 0 1 4
-0.1 4.2 -0.1 138 0 1 4
-0.1 4.6 -0.2 140 0 1 4
-0.1 4.9 -0.3 151 0 1 4
-0.1 5.2 -0.4 141 0 1 4
-0.1 5.6 -0.4 141 0 1 4
-0.1 6 -0.4 144 0 1 4
-0.1 6.4 -0.4 134 0 1 4
-0.1 6.8 -0.4 142 0 1 4
-0.1 7.2 -0.4 138 0 1 4
-0.1 7.6 -0.4 148 0 1 4
-0.1 8 -0.4 140 0 1 4
-0.1 8.4 -0.4 142 0 1 4
-0.1 8.8 -0.3 146 0 1 4
0 9.5 -0.1 135 0 1 5
-0.1 9.7 -0.1 124 0 1 1
-0.1 9.7 0.1 124 0 1 5
-0.1 10.1 -0.1 150 0 1 1
-0.1 10.3 0.4 148 0 1 5
0 10.6 0.6 148 0 1 5
-0.1 11.4 1.1 135 0 1 5
0 11.7 1.2 145 0 1 5
0 12.8 1.6 140 0 1 5
-0.1 13.9 1.7 150 0 1 5
0.1 3.5 0 133 0 1 1
0.1 8.7 -0.4 136 0 1 4
0.1 9.9 0.1 119 0 1 5
0.1 11 0.7 151 0 1 5
0.1 12.1 1.2 135 0 1 5
0.1 13.2 1.5 145 0 1 5
0.2 5.4 -0.7 144 0 1 4
0.2 5.8 -0.7 143 0 1 4
0.2 6.2 -0.7 91 0 1 4
0.2 6.6 -0.7 137 0 1 4
0.2 7 -0.7 135 0 1 4
0.2 7.4 -0.7 130 0 1 4
0.2 7.8 -0.7 115 0 1 4
0.2 10.2 0.2 145 0 1 5
0.2 11.3 0.8 143 0 1 5
0.2 12.4 1.2 147 0 1 5
0.2 13.5 1.5 151 0 1 5
0.2 14.6 1.5 158 0 1 5
0.3 3.5 0 128 0 1 1
0.3 3.8 -0.1 122 0 1 4
0.3 4.2 -0.2 144 0 1 4
0.3 8.2 -0.6 130 0 1 4
0.3 8.7 -0.6 140 0 1 4
0.3 9.2 -0.4 146 0 1 4
0.3 9.7 -0.2 137 0 1 4
0.3 10.1 -0.1 139 0 1 1
0.3 10.5 0 143 0 1 1
0.3 10.6 0.3 151 0 1 5
0.3 10.9 0 100 0 1 1
0.3 11.3 0 139 0 1 1
0.3 11.7 0.8 135 0 1 5
0.3 12.8 1.2 145 0 1 5
0.3 13.9 1.4 160 0 1 5
0.4 8.6 -0.7 123 0 1 4
0.4 10.1 0 117 0 1 5
0.4 13.1 1.2 143 0 1 5
0.4 14.2 1.3 131 0 1 5
0.5 3.5 -0.1 128 0 1 1
0.5 10.9 0.4 148 0 1 5
0.5 12 0.8 142 0 1 5
0.6 6 -1.1 139 0 1 4
0.6 6.4 -1.1 125 0 1 4
0.6 6.8 -1.1 139 0 1 4
0.6 7.2 -1.1 141 0 1 4
0.6 7.6 -1.1 101 0 1 4
0.6 8 -1 141 0 1 4
0.6 8.5 -0.9 126 0 1 4
0.6 11.3 0.4 150 0 1 5
0.6 12.4 0.8 115 0 1 5
0.6 13.5 1.1 144 0 1 5
0.7 3.5 -0.1 138 0 1 1
0.7 3.8 -0.2 136 0 1 4
0.7 9.6 -0.4 136 0 1 4
0.7 10.5 -0.1 140 0 1 1
0.7 10.6 0.1 149 0 1 5
0.7 10.9 -0.1 125 0 1 1
0.7 11.6 0.5 137 0 1 5
0.7 12.7 0.8 126 0 1 5
0.7 13.8 1.1 152 0 1 5
0.8 8.7 -0.9 137 0 1 4
0.8 10.9 0.1 141 0 1 5
0.8 12 0.5 139 0 1 5
0.8 13.1 0.8 136 0 1 5
0.8 14.2 1 125 0 1 5
0.9 3.5 -0.1 132 0 1 1
0.9 6.2 -1.5 132 0 1 4
0.9 6.6 -1.5 146 0 1 4
0.9 7 -1.5 142 0 1 4
0.9 7.4 -1.5 142 0 1 4
0.9 7.8 -1.3 136 0 1 4
0.9 12.3 0.5 146 0 1 5
0.9 13.4 0.8 143 0 1 5
0.9 14.5 0.9 108 0 1 5
1 8.3 -1.2 136 0 1 4
1 8.9 -0.9 122 0 1 4
1 9.2 -0.7 143 0 1 4
1 11.3 0.2 142 0 1 5
1 13.8 0.7 146 0 1 5
1.1 3.1 -0.1 135 0 1 1
1.1 3.5 -0.1 129 0 1 1
1.1 9.5 -0.6 124 0 1 4
1.1 9.7 -0.4 133 0 1 4
1.1 10 -0.3 129 0 1 4
1.1 10.3 -0.2 136 0 1 4
1.1 10.5 -0.1 132 0 1 1
1.1 11.3 0 150 0 1 1
1.1 11.6 0.2 153 0 1 5
1.1 11.7 0 141 0 1 1
1.1 12.1 0 133 0 1 1
1.1 12.7 0.5 144 0 1 5
1.2 10.9 -0.1 137 0 1 5
1.2 12 0.2 134 0 1 5
1.2 13 0.4 136 0 1 5
1.2 14.1 0.7 153 0 1 5
1.2 15.2 0.7 152 0 1 5
1.3 3.5 -0.1 130 0 1 1
1.3 6.5 -1.7 144 0 1 4
1.3 6.9 -1.7 87 0 1 4
1.3 7.2 -1.7 135 0 1 4
1.3 7.7 -1.5 133 0 1 4
1.3 8.2 -1.3 143 0 1 4
1.3 10.5 -0.1 101 0 1 1
1.3 12.3 0.2 144 0 1 5
1.3 13.4 0.4 138 0 1 5
1.3 14.5 0.6 145 0 1 5
1.4 8.8 -1 140 0 1 4
1.4 9.4 -0.6 145 0 1 4
1.4 11.6 -0.1 138 0 1 5
1.4 12.7 0.1 146 0 1 5
1.4 13.7 0.4 137 0 1 5
1.4 14.8 0.5 156 0 1 5
1.5 2.7 0 121 0 1 1
1.5 3.4 -0.1 146 0 1 1
1.5 10 -0.4 130 0 1 4
1.5 10.5 -0.1 95 0 1 1
1.5 11.3 0 140 0 1 1
1.5 11.7 0 127 0 1 1
1.5 12.1 0 134 0 1 1
1.5 12.5 0 138 0 1 1
1.5 13 0.1 135 0 1 5
1.5 14.1 0.4 149 0 1 5
1.5 15.2 0.4 148 0 1 5
1.6 14.4 0.3 147 0 1 5
1.7 3.4 -0.1 136 0 1 1
1.7 6.7 -1.9 137 0 1 4
1.7 7.1 -1.9 147 0 1 4
1.7 7.6 -1.7 134 0 1 4
1.7 8.1 -1.5 129 0 1 4
1.7 10.5 -0.1 133 0 1 1
1.7 13.4 0.1 148 0 1 5
1.8 8.7 -1.1 119 0 1 4
1.8 9.4 -0.7 138 0 1 4
1.8 13.7 0.1 146 0 1 5
1.8 14.8 0.4 146 0 1 5
1.9 2.3 0 110 0 1 1
1.9 2.7 0 108 0 1 1
1.9 3.1 -0.1 147 0 1 1
1.9 3.4 -0.1 131 0 1 1
1.9 9.9 -0.4 133 0 1 4
1.9 10.5 -0.1 133 0 1 1
1.9 10.9 -0.1 139 0 1 1
1.9 11.3 0 138 0 1 1
1.9 11.7 0 136 0 1 1
1.9 12.1 0 133 0 1 1
1.9 12.5 0 143 0 1 1
1.9 12.9 0 134 0 1 1
1.9 13.3 0 128 0 1 1
1.9 13.7 0 131 0 1 1
1.9 14.1 0.1 139 0 1 5
1.9 15.1 0.4 142 0 1 5
2 6.7 -1.9 125 0 1 4
2 7.1 -1.9 114 0 1 4
2 14.4 0.2 144 0 1 5
2.1 3.4 -0.1 134 0 1 1
2.1 7.6 -1.7 116 0 1 4
2.1 8.1 -1.5 128 0 1 4
2.1 10.5 -0.1 120 0 1 1
2.1 12.5 0 45 0 1 3
2.1 14.8 0.2 136 0 1 5
2.2 8.7 -1.1 153 0 1 4
2.2 9.4 -0.7 129 0 1 4
2.2 9.9 -0.4 117 0 1 4
2.2 12.8 0 130 0 1 3
2.3 1.9 0 129 0 1 1
2.3 2.3 0 132 0 1 1
2.3 2.7 0 124 0 1 1
2.3 3.4 -0.1 128 0 1 1
2.3 10.5 -0.1 132 0 1 1
2.3 11.3 0 138 0 1 1
2.3 11.7 0 126 0 1 1
2.3 12.1 0 79 0 1 1
2.3 12.2 0.3 88 0 1 3
2.3 13.1 0.1 121 0 1 3
2.3 13.7 0 134 0 1 1
2.3 14.1 0 139 0 1 1
2.3 14.5 0 117 0 1 1
2.3 14.9 0 131 0 1 1
2.3 15.2 0 126 0 1 1
2.3 19.2 0 154 0 1 1
2.3 19.5 0 143 0 1 1
2.3 19.7 0 130 0 1 1
2.4 6.7 -1.9 131 0 1 4
2.4 7.1 -1.9 138 0 1 4
2.4 11.9 0.1 46 0 1 3
2.4 12.9 0.2 118 0 1 3
2.4 14.4 0.1 128 0 1 5
2.5 3.4 -0.1 135 0 1 1
2.5 7.6 -1.7 130 0 1 4
2.5 8.1 -1.5 132 0 1 4
2.5 8.7 -1.1 135 0 1 4
2.5 10.5 -0.1 128 0 1 1
2.5 12.9 0.3 75 0 1 3
2.6 9.4 -0.7 129 0 1 4
2.6 9.9 -0.4 126 0 1 4
2.6 11.4 0.2 77 0 1 3
2.6 12.1 0.2 70 0 1 3
2.6 12.3 0.3 85 0 1 3
2.6 12.6 0.5 49 0 1 3
2.6 12.7 0.3 52 0 1 3
2.6 12.8 0.7 50 0 1 3
2.6 13 0.5 37 0 1 3
2.6 13.1 0.3 55 0 1 3
2.6 13.4 0.3 49 0 1 3
2.6 15.1 0.1 127 0 1 5
2.7 1.9 0 137 0 1 1
2.7 2.3 0 113 0 1 1
2.7 2.7 0 89 0 1 1
2.7 3.1 -0.1 91 0 1 1
2.7 3.4 -0.1 128 0 1 1
2.7 10.5 -0.1 125 0 1 1
2.7 10.9 -0.1 132 0 1 1
2.7 11.3 0 118 0 1 1
2.7 11.3 0.1 37 0 1 3
2.7 12.3 0.4 43 0 1 3
2.7 12.4 0.5 45 0 1 3
2.7 12.5 0.7 48 0 1 3
2.7 13.3 0.7 58 0 1 3
2.7 13.4 0.5 111 0 1 3
2.7 14.9 0 133 0 1 1
2.7 15.2 0 131 0 1 1
2.7 16.4 0 89 0 1 1
2.7 16.8 0 131 0 1 1
2.7 17.2 0 132 0 1 1
2.7 17.6 0 135 0 1 1
2.7 18 0 131 0 1 1
2.7 18.4 0 140 0 1 1
2.7 18.8 0 140 0 1 1
2.7 19.2 0 137 0 1 1
2.7 19.4 0 133 0 1 1
2.7 19.7 0 88 0 1 1
2.8 6.7 -1.9 139 0 1 4
2.8 7.1 -1.9 139 0 1 4
2.8 11.6 0.2 85 0 1 3
2.8 11.9 0.3 65 0 1 3
2.8 12.1 0.4 44 0 1 3
2.9 3.4 -0.1 137 0 1 1
2.9 7.6 -1.7 118 0 1 4
2.9 8.1 -1.5 139 0 1 4
2.9 8.7 -1.1 137 0 1 4
2.9 10.5 -0.1 119 0 1 1
2.9 11.4 0.3 86 0 1 3
2.9 12 0.6 42 0 1 3
3 9.4 -0.7 127 0 1 4
3 9.9 -0.4 133 0 1 4
3 11.3 0.3 46 0 1 3
3 11.4 0.6 48 0 1 3
3 11.5 0.5 49 0 1 3
3 11.5 0.7 49 0 1 3
3 11.6 0.6 51 0 1 3
3 11.6 0.8 43 0 1 3
3 11.7 0.4 47 0 1 3
3 11.8 0.7 46 0 1 3
3 12.6 1 105 0 1 3
3 12.9 1.1 71 0 1 3
3 13.4 1.1 76 0 1 3
3.1 1.9 0 121 0 1 1
3.1 2.3 0 131 0 1 1
3.1 2.7 0 104 0 1 1
3.1 3.4 -0.1 120 0 1 1
3.1 10.5 -0.1 131 0 1 1
3.1 16 0 126 0 1 1
3.1 16.4 0 126 0 1 1
3.1 16.8 0 130 0 1 1
3.1 17.2 0 130 0 1 1
3.1 17.6 0 110 0 1 1
3.1 18 0 133 0 1 1
3.1 18.4 0 136 0 1 1
3.1 18.8 0 139 0 1 1
3.1 19.2 0 129 0 1 1
3.1 19.4 0 127 0 1 1
3.1 19.7 0 95 0 1 1
3.2 6.4 -1.9 143 0 1 4
3.2 6.7 -1.9 139 0 1 4
3.2 7.1 -1.9 141 0 1 4
3.2 7.6 -1.7 97 0 1 4
3.2 11.3 0.6 47 0 1 3
3.2 11.3 0.8 85 0 1 3
3.2 11.5 0.9 99 0 1 3
3.2 11.7 0.9 81 0 1 3
3.2 11.9 0.9 73 0 1 3
3.2 12.7 1.1 110 0 1 3
3.3 3.4 -0.1 132 0 1 1
3.3 8.1 -1.5 108 0 1 4
3.3 8.7 -1.1 140 0 1 4
3.3 10.5 -0.1 110 0 1 1
3.3 12.9 1.2 127 0 1 3
3.3 13.2 1.2 107 0 1 3
3.4 9.4 -0.7 118 0 1 4
3.4 9.9 -0.4 136 0 1 4
3.4 11.9 1.1 107 0 1 3
3.4 12.2 1.1 98 0 1 3
3.4 12.5 1.2 88 0 1 3
3.4 12.9 1.2 124 0 1 3
3.5 1.5 -0.1 149 0 1 1
3.5 1.9 0 146 0 1 1
3.5 2.3 0 139 0 1 1
3.5 2.7 0 123 0 1 1
3.5 3.1 -0.1 119 0 1 1
3.5 3.4 -0.1 123 0 1 1
3.5 10.5 -0.1 76 0 1 4
3.5 10.6 -0.1 92 0 1 1
3.5 10.9 -0.1 146 0 1 1
3.5 11.6 1.1 101 0 1 3
3.5 18 0 127 0 1 1
3.5 18.4 0 125 0 1 1
3.5 18.8 0 127 0 1 1
3.5 19.2 0 124 0 1 1
3.5 19.4 0 126 0 1 1
3.5 19.6 0 105 0 1 1
3.6 6.4 -1.9 109 0 1 4
3.6 6.7 -1.9 130 0 1 4
3.6 7.1 -1.9 137 0 1 4
3.6 7.6 -1.7 146 0 1 4
3.6 10.5 -0.1 129 0 1 1
3.7 3.4 -0.1 114 0 1 1
3.7 8.1 -1.5 139 0 1 4
3.7 8.7 -1.1 149 0 1 4
3.7 11.2 0.3 54 0 1 3
3.7 11.4 1 101 0 1 3
3.7 11.4 1.1 103 0 1 3
3.7 11.5 1.2 129 0 1 3
3.7 11.6 1.2 122 0 1 3
3.7 12.2 1.2 86 0 1 3
3.7 19.6 -0.1 84 0 1 1
3.8 9.4 -0.7 142 0 1 4
3.8 9.9 -0.4 127 0 1 4
3.8 10.5 -0.1 137 0 1 1
3.8 11.7 1.3 95 0 1 3
3.9 1.9 0 141 0 1 1
3.9 2.3 0 136 0 1 1
3.9 2.7 0 124 0 1 1
3.9 3.4 -0.1 102 0 1 1
3.9 10.5 -0.1 135 0 1 4
3.9 19.2 0 49 0 1 1
3.9 19.6 -0.1 115 0 1 1
4 6.4 -1.9 135 0 1 4
4 6.7 -1.9 122 0 1 4
4 7.1 -1.9 147 0 1 4
4 7.6 -1.7 144 0 1 4
4 10.5 -0.1 137 0 1 1
4.1 1.1 -0.2 131 0 1 1
4.1 3.4 -0.1 129 0 1 1
4.1 8.1 -1.5 141 0 1 4
4.1 8.7 -1.1 126 0 1 4
4.1 11.2 0.5 72 0 1 3
4.1 11.3 0.9 94 0 1 3
4.1 11.5 1.1 103 0 1 3
4.1 11.5 1.2 149 0 1 3
4.1 11.6 1.2 125 0 1 3
4.2 9.4 -0.7 111 0 1 4
4.2 9.9 -0.4 135 0 1 4
4.2 10.5 -0.1 135 0 1 1
4.3 1.1 -0.2 128 0 1 1
4.3 1.5 -0.1 141 0 1 1
4.3 1.9 0 149 0 1 1
4.3 2.3 0 142 0 1 1
4.3 2.7 0 123 0 1 1
4.3 3.1 -0.1 127 0 1 1
4.3 3.4 -0.1 125 0 1 1
4.3 10.5 -0.1 140 0 1 4
4.3 10.9 -0.1 118 0 1 1
4.4 3.4 -0.1 122 0 1 1
4.4 6.4 -1.9 82 0 1 4
4.4 6.7 -1.9 141 0 1 4
4.4 7.1 -1.9 152 0 1 4
4.4 7.6 -1.7 134 0 1 4
4.4 10.5 -0.1 143 0 1 1
4.5 1.1 -0.2 133 0 1 1
4.5 8.1 -1.5 147 0 1 4
4.5 8.7 -1.1 149 0 1 4
4.5 11.3 0.7 103 0 1 3
4.5 11.4 0.9 111 0 1 3
4.5 11.5 1.2 136 0 1 3
4.6 3.4 -0.1 97 0 1 1
4.6 9.4 -0.7 142 0 1 4
4.6 9.9 -0.4 142 0 1 4
4.6 10.5 -0.1 139 0 1 4
4.7 1.1 -0.1 115 0 1 1
4.7 1.9 0 149 0 1 1
4.7 2.3 0 146 0 1 1
4.7 2.7 0 111 0 1 1
4.7 11.2 0.5 102 0 1 3
4.8 3.4 -0.1 117 0 1 1
4.8 6.4 -1.9 138 0 1 4
4.8 6.7 -1.9 136 0 1 4
4.8 7.1 -1.9 146 0 1 4
4.8 7.6 -1.7 150 0 1 4
4.8 8.1 -1.5 144 0 1 4
4.8 10.5 -0.1 137 0 1 1
4.8 11.3 0.6 97 0 1 3
4.8 11.4 0.7 106 0 1 3
4.8 11.5 1 134 0 1 3
4.8 11.8 1.1 145 0 1 3
4.9 1.1 -0.1 115 0 1 1
4.9 8.7 -1.1 145 0 1 4
4.9 11.6 1 151 0 1 3
5 0.7 -0.1 114 0 1 1
5 0.9 -0.1 107 0 1 1
5 1.1 0 115 0 1 1
5 1.5 0 133 0 1 1
5 1.9 0 150 0 1 1
5 2.3 0 146 0 1 1
5 2.7 0 143 0 1 1
5 3.1 -0.1 146 0 1 1
5 3.4 -0.1 101 0 1 1
5 9.4 -0.7 151 0 1 4
5 9.9 -0.4 143 0 1 4
5 10.5 -0.1 139 0 1 4
5 10.9 -0.1 123 0 1 1
5 11.1 0.3 110 0 1 3
5 11.2 0.4 124 0 1 3
5 11.3 0.5 101 0 1 3
5.1 11.1 0.1 92 0 1 3
5.1 11.4 0.6 85 0 1 3
5.1 12 1 120 0 1 3
5.2 3.4 -0.1 127 0 1 1
5.2 6.4 -1.9 140 0 1 4
5.2 6.7 -1.9 128 0 1 4
5.2 7.1 -1.9 141 0 1 4
5.2 7.6 -1.7 149 0 1 4
5.2 8.1 -1.5 154 0 1 4
5.2 10.5 -0.1 134 0 1 1
5.2 11.4 0.7 109 0 1 3
5.2 11.5 0.8 133 0 1 3
5.2 11.7 0.9 151 0 1 3
5.2 11.8 1 152 0 1 3
5.3 8.7 -1.1 155 0 1 4
5.3 9.4 -0.7 135 0 1 4
5.3 11.3 0 68 0 1 3
5.3 11.3 0.2 102 0 1 3
5.3 11.4 0.4 78 0 1 3
5.3 11.8 0.9 152 0 1 3
5.3 12 1 148 0 1 3
5.3 12.1 1 135 0 1 3
5.4 1.1 0 148 0 1 1
5.4 1.5 0 148 0 1 1
5.4 1.9 0 148 0 1 1
5.4 2.3 0 132 0 1 1
5.4 2.7 0 152 0 1 1
5.4 3.4 -0.1 79 0 1 1
5.4 9.9 -0.4 146 0 1 4
5.4 10.5 -0.1 137 0 1 4
5.4 11.3 0 148 0 1 1
5.4 11.4 0 57 0 1 3
5.4 11.4 0.2 61 0 1 3
5.4 11.9 0.9 88 0 1 3
5.4 12.1 0.9 139 0 1 3
5.4 12.2 1 142 0 1 3
5.5 11.4 0.4 92 0 1 3
5.6 3.4 -0.1 132 0 1 1
5.6 6.4 -1.9 108 0 1 4
5.6 6.7 -1.9 118 0 1 4
5.6 7.1 -1.9 121 0 1 4
5.6 7.6 -1.7 131 0 1 4
5.6 8.1 -1.5 134 0 1 4
5.6 10.5 -0.1 141 0 1 1
5.6 11.4 0.1 58 0 1 3
5.6 11.7 0.7 123 0 1 3
5.6 12.2 0.8 150 0 1 3
5.7 8.7 -1.1 137 0 1 4
5.7 9.4 -0.7 145 0 1 4
5.7 11.5 0.4 141 0 1 3
5.8 1.1 0 149 0 1 1
5.8 1.5 0 149 0 1 1
5.8 1.9 0 145 0 1 1
5.8 2.3 0 144 0 1 1
5.8 2.7 0 151 0 1 1
5.8 3.1 -0.1 135 0 1 1
5.8 3.4 -0.1 126 0 1 1
5.8 9.9 -0.4 148 0 1 4
5.8 10.5 -0.1 126 0 1 1
5.8 10.9 -0.1 131 0 1 1
5.8 11.3 -0.1 110 0 1 1
5.8 11.6 0.2 127 0 1 3
5.8 11.7 0 133 0 1 1
6 3.4 -0.1 106 0 1 1
6 6.1 -1.7 119 0 1 4
6 6.5 -1.7 122 0 1 4
6 6.9 -1.7 114 0 1 4
6 7.2 -1.7 115 0 1 4
6 7.7 -1.5 123 0 1 4
6 8.2 -1.3 135 0 1 4
6 10.5 -0.1 140 0 1 1
6.1 8.8 -1 140 0 1 4
6.1 9.4 -0.6 138 0 1 4
6.2 1.1 0 147 0 1 1
6.2 1.5 0 148 0 1 1
6.2 1.9 0 153 0 1 1
6.2 2.3 0 150 0 1 1
6.2 2.7 0 141 0 1 1
6.2 3.4 -0.1 131 0 1 1
6.2 10 -0.4 144 0 1 4
6.2 10.5 -0.1 113 0 1 1
6.2 11.3 0 122 0 1 1
6.2 11.7 0 121 0 1 1
6.2 12.1 0 124 0 1 1
6.2 12.5 0 139 0 1 1
6.4 3.5 -0.1 128 0 1 1
6.4 5.8 -1.5 112 0 1 4
6.4 6 -1.5 106 0 1 4
6.4 6.2 -1.5 62 0 1 4
6.4 6.4 -1.5 98 0 1 4
6.4 6.6 -1.5 96 0 1 4
6.4 6.8 -1.5 97 0 1 4
6.4 7 -1.5 107 0 1 4
6.4 7.2 -1.5 94 0 1 4
6.4 7.4 -1.5 101 0 1 4
6.4 7.6 -1.4 97 0 1 4
6.4 7.8 -1.3 109 0 1 4
6.4 8.1 -1.3 122 0 1 4
6.4 10.5 -0.1 109 0 1 1
6.5 8.3 -1.2 106 0 1 4
6.5 8.6 -1 126 0 1 4
6.5 8.9 -0.9 117 0 1 4
6.5 9.5 -0.6 137 0 1 4
6.6 1.1 0 144 0 1 1
6.6 1.5 0 65 0 1 2
6.6 1.6 0 47 0 1 2
6.6 1.9 0 147 0 1 1
6.6 2.3 0 147 0 1 1
6.6 2.7 0 141 0 1 1
6.6 3.1 -0.1 137 0 1 1
6.6 3.5 -0.1 130 0 1 1
6.6 10 -0.3 141 0 1 4
6.6 10.5 -0.1 130 0 1 1
6.6 10.9 -0.1 90 0 1 1
6.6 11.3 -0.1 108 0 1 1
6.6 11.7 0 134 0 1 1
6.6 12.1 0 131 0 1 1
6.6 12.5 0 138 0 1 1
6.6 12.9 0 139 0 1 1
6.6 13.3 0 108 0 1 1
6.7 1.4 0 75 0 1 2
6.7 1.5 0.1 45 0 1 2
6.7 1.6 0 48 0 1 2
6.7 1.6 0.2 104 0 1 2
6.7 1.8 0.1 65 0 1 2
6.7 1.9 0.1 100 0 1 2
6.7 9.2 -0.6 127 0 1 4
6.8 1.4 0 88 0 1 2
6.8 1.4 0.1 94 0 1 2
6.8 1.5 0.2 103 0 1 2
6.8 2.1 0 83 0 1 2
6.8 2.1 0.1 89 0 1 2
6.8 3.5 -0.1 141 0 1 1
6.8 10.5 -0.1 140 0 1 1
6.9 1.3 0 113 0 1 2
6.9 1.4 0 114 0 1 2
6.9 1.6 0.2 149 0 1 2
6.9 2.1 0.1 136 0 1 2
6.9 2.2 0 118 0 1 2
6.9 4.3 -0.6 76 0 1 4
6.9 5.2 -1.1 93 0 1 4
6.9 6 -1.1 81 0 1 4
6.9 6.8 -1.1 92 0 1 4
6.9 7.6 -1.1 96 0 1 4
6.9 8.5 -0.9 102 0 1 4
7 1.1 0 149 0 1 1
7 1.5 0.1 99 0 1 2
7 2.3 0 154 0 1 1
7 2.7 0 148 0 1 1
7 3.5 -0.1 134 0 1 1
7 3.8 -0.2 126 0 1 4
7 4.1 -0.4 110 0 1 4
7 9.6 -0.4 131 0 1 4
7 10 -0.2 130 0 1 4
7 10.5 -0.1 125 0 1 1
7 11.3 0 129 0 1 1
7 11.7 0 133 0 1 1
7 12.1 0 142 0 1 1
7 12.5 0 136 0 1 1
7 12.9 0 147 0 1 1
7 13.3 0 148 0 1 1
7 13.7 0 117 0 1 1
7 14.1 0 110 0 1 1
7.1 1.3 0 142 0 1 2
7.1 1.4 0 131 0 1 2
7.1 1.5 0 107 0 1 2
7.1 1.5 0.1 142 0 1 2
7.1 1.5 0.2 119 0 1 2
7.1 2 0.2 147 0 1 2
7.1 5.3 -0.9 105 0 1 4
7.2 1.6 0.2 131 0 1 2
7.2 1.9 0.2 151 0 1 2
7.2 2 0.1 150 0 1 2
7.2 3.5 -0.1 120 0 1 1
7.2 9.6 -0.3 128 0 1 4
7.2 10.5 -0.1 121 0 1 1
7.3 4.6 -0.5 78 0 1 1
7.3 4.8 -0.6 103 0 1 1
7.3 4.9 -0.6 100 0 1 1
7.3 5.1 -0.6 106 0 1 1
7.3 5.3 -0.7 97 0 1 1
7.3 5.4 -0.7 90 0 1 1
7.3 5.8 -0.7 94 0 1 1
7.3 6.2 -0.7 85 0 1 1
7.3 6.6 -0.7 91 0 1 1
7.3 7 -0.7 98 0 1 1
7.3 7.4 -0.7 90 0 1 1
7.3 7.8 -0.7 95 0 1 1
7.3 8.2 -0.6 119 0 1 1
7.3 8.7 -0.6 106 0 1 1
7.4 1.1 0 157 0 1 1
7.4 2.3 0 126 0 1 1
7.4 2.7 0 150 0 1 1
7.4 3.1 0 148 0 1 1
7.4 3.5 0 142 0 1 1
7.4 3.7 -0.1 132 0 1 1
7.4 3.8 -0.1 131 0 1 1
7.4 4 -0.2 131 0 1 1
7.4 4.2 -0.2 119 0 1 1
7.4 4.3 -0.3 107 0 1 1
7.4 4.5 -0.4 85 0 1 1
7.4 6 -0.1 112 0 1 5
7.4 7.7 -0.3 101 0 1 5
7.4 9.2 -0.4 108 0 1 1
7.4 9.7 -0.2 109 0 1 1
7.4 9.9 -0.2 105 0 1 1
7.4 10.1 -0.1 131 0 1 1
7.4 10.3 -0.1 136 0 1 1
7.4 10.5 0 135 0 1 1
7.4 10.9 0 134 0 1 1
7.4 11.3 0 132 0 1 1
7.4 11.7 0 141 0 1 1
7.4 12.1 0 138 0 1 1
7.4 12.5 0 140 0 1 1
7.4 12.9 0 148 0 1 1
7.4 13.3 0 145 0 1 1
7.4 13.7 0 115 0 1 1
7.4 14.1 0 112 0 1 1
7.4 14.5 0 135 0 1 1
7.5 5.1 0 70 0 1 5
7.5 5.7 -0.1 111 0 1 5
7.5 7.1 -0.2 100 0 1 5
7.6 4.5 -0.1 113 0 1 5
7.6 6.6 0 110 0 1 5
7.6 8 -0.3 105 0 1 5
7.6 8.6 -0.4 117 0 1 5
7.7 4 -0.1 116 0 1 5
7.7 5.4 0.1 106 0 1 5
7.7 5.6 -0.4 91 0 1 1
7.7 6 -0.4 113 0 1 1
7.7 6 0 114 0 1 5
7.7 6.4 -0.4 100 0 1 1
7.7 6.8 -0.4 100 0 1 1
7.7 7.2 -0.4 79 0 1 1
7.7 7.4 -0.2 118 0 1 5
7.7 7.6 -0.4 66 0 1 1
7.7 7.7 -0.2 118 0 1 5
7.7 8 -0.4 104 0 1 1
7.7 8.4 -0.4 85 0 1 1
7.8 1.1 0 148 0 1 1
7.8 1.5 0 151 0 1 1
7.8 2.3 0 147 0 1 1
7.8 2.7 0 155 0 1 1
7.8 3.1 0 143 0 1 1
7.8 3.5 0 141 0 1 1
7.8 4.8 0.1 106 0 1 5
7.8 4.9 -0.3 123 0 1 1
7.8 6.9 0 113 0 1 5
7.8 8.3 -0.3 110 0 1 5
7.8 8.8 -0.3 102 0 1 1
7.8 9.3 -0.2 97 0 1 1
7.8 9.7 -0.1 133 0 1 1
7.8 10.5 0 137 0 1 1
7.8 10.9 0 136 0 1 1
7.8 11.3 0 136 0 1 1
7.8 11.7 0 143 0 1 1
7.8 12.1 0 148 0 1 1
7.8 12.5 0 144 0 1 1
7.8 12.9 0 141 0 1 1
7.8 13.3 0 148 0 1 1
7.8 13.7 0 127 0 1 1
7.8 14.1 0 128 0 1 1
7.8 14.5 0 131 0 1 1
7.8 14.9 0 144 0 1 1
7.8 15.2 0 145 0 1 1
7.8 15.6 0 126 0 1 1
7.9 4.3 0.1 110 0 1 5
7.9 5.7 0.2 99 0 1 5
7.9 6.3 0.1 91 0 1 5
7.9 7.8 -0.2 105 0 1 5
7.9 11.9 -0.1 135 0 1 3
7.9 12.3 0.1 63 0 1 3
8 3.1 0 124 0 1 5
8 3.7 0 103 0 1 5
8 5.2 0.3 94 0 1 5
8 7.2 0 104 0 1 5
8.1 4.6 0.3 115 0 1 5
8.1 6 0.3 112 0 1 5
8.1 6.6 0.1 91 0 1 5
8.1 8.1 -0.2 110 0 1 5
8.1 11.8 0 75 0 1 3
8.1 11.8 0.3 46 0 1 3
8.2 1.5 0 157 0 1 1
8.2 1.9 0 148 0 1 1
8.2 2.3 0 151 0 1 1
8.2 2.7 0 149 0 1 1
8.2 3.5 0.2 116 0 1 5
8.2 4 0.2 116 0 1 5
8.2 5.5 0.4 109 0 1 5
8.2 6.6 -0.1 111 0 1 1
8.2 6.9 0.1 118 0 1 5
8.2 7.5 0 113 0 1 5
8.2 8.1 -0.1 117 0 1 1
8.2 8.5 -0.1 116 0 1 1
8.2 8.9 -0.1 103 0 1 1
8.2 9.4 -0.1 85 0 1 1
8.2 9.8 0 113 0 1 1
8.2 10.1 0 137 0 1 1
8.2 10.5 0 140 0 1 1
8.2 10.9 0 137 0 1 1
8.2 11.3 0 114 0 1 1
8.2 11.5 0 130 0 1 3
8.2 11.7 0.1 46 0 1 3
8.2 12 0.2 47 0 1 3
8.2 12 0.5 43 0 1 3
8.2 12.4 0.2 113 0 1 3
8.2 12.7 0.2 97 0 1 3
8.2 12.8 0 112 0 1 3
8.2 12.9 0 127 0 1 1
8.2 13.3 0 133 0 1 1
8.2 13.7 0 126 0 1 1
8.2 14.1 0 144 0 1 1
8.2 14.5 0 137 0 1 1
8.2 14.9 0 137 0 1 1
8.2 15.2 0 149 0 1 1
8.2 15.6 0 136 0 1 1
8.2 16 0 145 0 1 1
8.2 16.4 0 135 0 1 1
8.3 2.9 0.1 129 0 1 5
8.3 4.9 0.4 117 0 1 5
8.3 6.4 0.3 120 0 1 5
8.3 11.7 0.6 47 0 1 3
8.4 3.8 0.4 117 0 1 5
8.4 4.3 0.4 121 0 1 5
8.4 5.8 0.4 105 0 1 5
8.4 7.2 0.1 122 0 1 5
8.4 7.8 0 121 0 1 5
8.4 11.5 0.1 51 0 1 3
8.4 12.1 0.9 86 0 1 3
8.4 12.6 0.7 50 0 1 3
8.5 3.2 0.3 128 0 1 5
8.5 4.7 0.6 117 0 1 5
8.5 5.2 0.5 120 0 1 5
8.5 6.7 0.3 129 0 1 5
8.5 11.2 0 85 0 1 3
8.5 11.4 0.3 21 0 1 3
8.5 12.7 0.3 47 0 1 3
8.5 13.1 0.2 130 0 1 3
8.6 1.5 0 155 0 1 1
8.6 1.9 0 150 0 1 1
8.6 2.1 0 129 0 1 5
8.6 2.6 0.1 129 0 1 5
8.6 4.1 0.5 129 0 1 5
8.6 6.1 0.4 132 0 1 5
8.6 7.6 0.2 115 0 1 5
8.6 8.1 0 109 0 1 5
8.6 9 -0.1 137 0 1 1
8.6 9.4 -0.1 110 0 1 1
8.6 9.8 0 138 0 1 1
8.6 10.1 0 138 0 1 1
8.6 10.5 0 137 0 1 1
8.6 10.9 0 132 0 1 1
8.6 11.3 0.1 84 0 1 3
8.6 12.6 1 89 0 1 3
8.6 13.7 0 133 0 1 1
8.6 14.1 0 147 0 1 1
8.6 14.5 0 143 0 1 1
8.6 14.9 0 147 0 1 1
8.6 15.2 0 147 0 1 1
8.6 15.6 0 137 0 1 1
8.6 16 0 143 0 1 1
8.6 16.4 0 133 0 1 1
8.6 16.8 0 139 0 1 1
8.6 17.2 0 126 0 1 1
8.6 17.6 0 127 0 1 1
8.7 3.5 0.5 132 0 1 5
8.7 5 0.7 116 0 1 5
8.7 5.5 0.6 117 0 1 5
8.7 7 0.3 111 0 1 5
8.7 8.4 0.1 99 0 1 5
8.7 11.3 0.5 70 0 1 3
8.7 12.2 1.1 133 0 1 3
8.7 13.4 0.4 51 0 1 3
8.8 2.4 0.2 127 0 1 5
8.8 2.9 0.4 126 0 1 5
8.8 4.4 0.7 128 0 1 5
8.8 6.4 0.5 120 0 1 5
8.8 7.9 0.2 104 0 1 5
8.8 11.2 0.1 85 0 1 3
8.8 11.8 1 120 0 1 3
8.9 1.8 0.1 123 0 1 5
8.9 3.8 0.7 136 0 1 5
8.9 5.3 0.8 117 0 1 5
8.9 5.9 0.6 116 0 1 5
8.9 7.3 0.4 113 0 1 5
8.9 8.8 0 124 0 1 5
8.9 10.8 0 125 0 1 5
8.9 13.3 0.9 103 0 1 3
9 2.7 0.5 134 0 1 5
9 3.3 0.6 135 0 1 5
9 4.7 0.8 118 0 1 5
9 6.2 0.7 109 0 1 5
9 6.7 0.5 116 0 1 5
9 8.2 0.3 113 0 1 5
9 9.4 0 125 0 1 1
9 9.8 0 140 0 1 1
9 10.1 0 139 0 1 1
9 10.2 -0.1 139 0 1 5
9 10.5 0 118 0 1 1
9 11.2 0.3 50 0 1 3
9 12 1.1 139 0 1 3
9 14.1 0 141 0 1 1
9 14.5 0 139 0 1 1
9 14.9 0 144 0 1 1
9 15.2 0 136 0 1 1
9 15.6 0 129 0 1 1
9 16 0 143 0 1 1
9 16.4 0 132 0 1 1
9 16.8 0 128 0 1 1
9 17.2 0 133 0 1 1
9 17.6 0 116 0 1 1
9 17.7 0 115 0 1 1
9.1 2.1 0.3 115 0 1 5
9.1 4.1 0.8 130 0 1 5
9.1 5.6 0.8 111 0 1 5
9.1 7.6 0.5 104 0 1 5
9.1 9.1 0 129 0 1 5
9.1 10.8 0 140 0 1 3
9.1 11.3 0.5 106 0 1 3
9.1 11.6 0.9 164 0 1 3
9.1 12.2 1.1 114 0 1 3
9.1 17.6 0 117 0 1 1
9.2 1.5 0.2 118 0 1 5
9.2 3 0.7 159 0 1 5
9.2 3.6 0.8 155 0 1 5
9.2 5 0.9 120 0 1 5
9.2 6.5 0.7 105 0 1 5
9.2 7.1 0.6 105 0 1 5
9.2 8.5 0.2 119 0 1 5
9.2 10.5 0 130 0 1 5
9.2 11.1 0.2 145 0 1 3
9.2 11.2 0.3 80 0 1 3
9.2 11.9 1 162 0 1 3
9.2 14 0.6 79 0 1 3
9.2 17.6 0 118 0 1 1
9.3 2.4 0.6 144 0 1 5
9.3 3.9 0.9 166 0 1 5
9.3 4.5 1 135 0 1 5
9.3 5.9 0.9 109 0 1 5
9.3 7.9 0.5 118 0 1 5
9.3 11.2 0.2 74 0 1 3
9.4 1.9 0.4 125 0 1 5
9.4 3.3 0.8 170 0 1 5
9.4 5.3 1 116 0 1 5
9.4 6.8 0.8 115 0 1 5
9.4 7.4 0.7 115 0 1 5
9.4 9.4 0 130 0 1 1
9.4 9.8 0 141 0 1 1
9.4 10.1 0 127 0 1 1
9.4 10.3 0 124 0 1 5
9.4 10.8 0.1 126 0 1 5
9.4 14.5 0 65 0 1 1
9.4 14.5 0.3 66 0 1 3
9.4 14.9 0 143 0 1 1
9.4 15.2 0 134 0 1 1
9.4 15.6 0 147 0 1 1
9.4 16 0 147 0 1 1
9.4 16.4 0 123 0 1 1
9.4 16.8 0 133 0 1 1
9.5 2.7 0.7 155 0 1 5
9.5 4.2 1.1 168 0 1 5
9.5 4.8 1.1 132 0 1 5
9.5 6.2 0.9 111 0 1 5
9.5 7.7 0.8 97 0 1 5
9.5 8.2 0.4 120 0 1 5
9.5 11.2 0.3 73 0 1 3
9.5 12 1.1 118 0 1 3
9.5 17.4 0 131 0 1 1
9.6 1.6 0.5 134 0 1 5
9.6 2.2 0.6 156 0 1 5
9.6 3.6 0.9 167 0 1 5
9.6 5.7 1.1 107 0 1 5
9.6 7.1 0.9 115 0 1 5
9.6 9.1 0 113 0 1 5
9.6 10.6 0.1 128 0 1 5
9.6 11.2 0.2 90 0 1 5
9.7 3.1 0.8 157 0 1 5
9.7 4.5 1.2 164 0 1 5
9.7 5.1 1.2 129 0 1 5
9.7 6.5 1 100 0 1 5
9.7 8 0.7 104 0 1 5
9.7 11.2 0.4 93 0 1 3
9.8 1.9 0.7 154 0 1 5
9.8 2.5 0.7 158 0 1 5
9.8 3.9 1 164 0 1 5
9.8 5.4 1.3 126 0 1 5
9.8 6 1.2 114 0 1 5
9.8 7.4 0.9 113 0 1 5
9.8 9.4 0 138 0 1 1
9.8 9.8 0 135 0 1 1
9.8 10.1 0 132 0 1 1
9.8 10.9 0.2 135 0 1 5
9.8 11.8 1 157 0 1 3
9.8 15.2 0 115 0 1 1
9.8 15.6 0 143 0 1 1
9.8 16 0 135 0 1 1
9.8 16.4 0 138 0 1 1
9.8 16.8 0 131 0 1 1
9.8 17.1 0 133 0 1 1
9.8 17.3 0 90 0 1 1
9.9 3.4 0.9 159 0 1 5
9.9 4.8 1.3 171 0 1 5
9.9 6.9 1.1 115 0 1 5
9.9 8.3 0.5 112 0 1 5
9.9 10.3 0 138 0 1 5
9.9 11.4 0.8 103 0 1 3
9.9 12.1 1.2 89 0 1 3
10 2.2 0.7 151 0 1 5
10 2.8 0.7 157 0 1 5
10 4.3 1.2 154 0 1 5
10 5.7 1.4 118 0 1 5
10 6.3 1.2 113 0 1 5
10 7.7 1 119 0 1 5
10 9.8 -0.1 139 0 1 5
10 11.2 0.5 62 0 1 3
10.1 3.1 0.8 151 0 1 5
10.1 3.7 1 149 0 1 5
10.1 5.1 1.4 156 0 1 5
10.1 7.2 1.1 129 0 1 5
10.1 9.8 0 137 0 1 1
10.1 10.6 0.2 133 0 1 5
10.1 11.1 0.4 46 0 1 3
10.1 11.1 0.6 51 0 1 3
10.1 11.3 0.8 115 0 1 3
10.1 11.6 1 144 0 1 3
10.1 15.6 0 119 0 1 1
10.1 16 0 139 0 1 1
10.1 16.4 0 122 0 1 1
10.1 16.8 0 139 0 1 1
10.1 17 0 143 0 1 1
10.1 17.1 0 114 0 1 1
10.2 2.6 0.7 153 0 1 5
10.2 4.6 1.3 157 0 1 5
10.2 6 1.4 140 0 1 5
10.2 6.6 1.2 126 0 1 5
10.2 8.1 0.9 108 0 1 5
10.2 9.5 0 125 0 1 5
10.2 10.1 0 137 0 1 5
10.3 2 0.6 151 0 1 5
10.3 4 1 142 0 1 5
10.3 5.5 1.5 139 0 1 5
10.3 7.5 1.1 126 0 1 5
10.3 11 0.3 139 0 1 5
10.3 11 0.6 92 0 1 3
10.3 11.3 0.8 154 0 1 3
10.3 11.6 1 163 0 1 3
10.4 4.9 1.4 160 0 1 5
10.4 6.3 1.4 127 0 1 5
10.4 6.9 1.2 122 0 1 5
10.4 9.8 0.1 130 0 1 5
10.4 10.4 0.1 151 0 1 5
10.4 11 0.4 79 0 1 3
10.4 11.9 1.2 109 0 1 3
10.5 4.3 1.2 137 0 1 5
10.5 5.8 1.5 133 0 1 5
10.5 7.2 1.3 124 0 1 5
10.5 7.8 1.2 126 0 1 5
10.5 9.3 0.2 124 0 1 5
10.5 11.1 0.7 97 0 1 3
10.5 16.4 0 147 0 1 1
10.5 16.8 0 131 0 1 1
10.5 16.9 0 129 0 1 1
10.6 4.6 1.3 140 0 1 5
10.6 5.2 1.5 165 0 1 5
10.6 6.7 1.3 133 0 1 5
10.6 10.1 0.1 135 0 1 5
10.6 10.7 0.3 142 0 1 5
10.6 11.1 0.5 140 0 1 3
10.6 11.7 1.1 88 0 1 3
10.6 16.8 0 127 0 1 1
10.7 6.1 1.5 138 0 1 5
10.7 7.5 1.3 137 0 1 5
10.7 8.1 1 127 0 1 5
10.7 9.6 0.2 124 0 1 5
10.7 11 0.4 143 0 1 5
10.7 11.6 0.9 116 0 1 3
10.7 16.8 0 128 0 1 1
10.8 5 1.4 151 0 1 5
10.8 5.5 1.6 162 0 1 5
10.8 7 1.4 137 0 1 5
10.8 9 0.5 99 0 1 5
10.8 10.5 0.3 129 0 1 5
10.9 4.4 1 146 0 1 5
10.9 6.4 1.5 137 0 1 5
10.9 7.9 1.3 128 0 1 5
10.9 8.4 0.9 119 0 1 5
10.9 9.9 0.3 92 0 1 5
10.9 11.3 0.5 115 0 1 5
11 5.3 1.5 162 0 1 5
11 5.8 1.6 152 0 1 5
11 7.3 1.4 123 0 1 5
11 8.7 0.8 112 0 1 5
11 9.3 0.4 88 0 1 5
11 10.8 0.4 136 0 1 5
11.1 4.7 1.2 138 0 1 5
11.1 6.7 1.5 136 0 1 5
11.1 8.2 1.2 137 0 1 5
11.1 10.2 0.3 119 0 1 5
11.2 5.6 1.6 167 0 1 5
11.2 6.2 1.6 149 0 1 5
11.2 7.6 1.4 138 0 1 5
11.2 9.1 0.7 122 0 1 5
11.2 9.6 0.4 124 0 1 5
11.2 11.1 0.5 143 0 1 5
11.3 5 1.4 148 0 1 5
11.3 6.5 1.6 134 0 1 5
11.3 7 1.5 135 0 1 5
11.3 8.5 1.2 122 0 1 5
11.3 10.5 0.4 134 0 1 5
11.4 5.9 1.6 157 0 1 5
11.4 7.9 1.4 124 0 1 5
11.4 9.4 0.7 103 0 1 5
11.4 9.9 0.5 126 0 1 5
11.4 11.4 0.5 127 0 1 5
11.5 5.3 1.5 154 0 1 5
11.5 6.8 1.6 132 0 1 5
11.5 7.4 1.5 138 0 1 5
11.5 8.8 1 121 0 1 5
11.5 10.8 0.5 139 0 1 5
11.6 4.8 1.1 131 0 1 5
11.6 6.2 1.7 120 0 1 5
11.6 8.2 1.3 121 0 1 5
11.6 9.7 0.7 127 0 1 5
11.6 10.3 0.5 127 0 1 5
11.7 5.6 1.7 163 0 1 5
11.7 7.1 1.6 132 0 1 5
11.7 7.7 1.5 130 0 1 5
11.7 9.1 1 116 0 1 5
11.7 10.6 0.6 113 0 1 5
11.7 11.1 0.5 136 0 1 5
11.8 4.5 0.9 130 0 1 5
11.8 5.1 1.3 119 0 1 5
11.8 6.5 1.7 133 0 1 5
11.8 8 1.5 132 0 1 5
11.8 8.6 1.3 107 0 1 5
11.8 10 0.7 123 0 1 5
11.9 6 1.8 140 0 1 5
11.9 7.4 1.6 135 0 1 5
11.9 9.4 0.9 115 0 1 5
11.9 10.9 0.5 106 0 1 5
12 4.8 1.2 123 0 1 5
12 5.4 1.6 140 0 1 5
12 6.8 1.7 120 0 1 5
12 8.3 1.5 125 0 1 5
12 8.9 1.2 122 0 1 5
12 10.3 0.7 128 0 1 5
12.1 4.2 0.8 123 0 1 5
12.1 5.7 1.8 171 0 1 5
12.1 6.3 1.9 141 0 1 5
12.1 7.7 1.6 126 0 1 5
12.1 9.8 0.9 91 0 1 5
12.2 5.1 1.4 128 0 1 5
12.2 7.2 1.8 124 0 1 5
12.2 8.6 1.4 115 0 1 5
12.2 9.2 1.1 87 0 1 5
12.3 4.6 1 140 0 1 5
12.3 6 2 156 0 1 5
12.3 6.6 1.9 124 0 1 5
12.3 8 1.6 132 0 1 5
12.3 10.1 0.8 119 0 1 5
12.4 3.4 0.4 146 0 1 5
12.4 4 0.7 144 0 1 5
12.4 5.4 1.7 135 0 1 5
12.4 7.5 1.8 126 0 1 5
12.4 8.9 1.3 89 0 1 5
12.5 2.9 0.4 151 0 1 5
12.5 4.9 1.3 123 0 1 5
12.5 6.3 2.2 130 0 1 5
12.5 6.9 2 124 0 1 5
12.5 8.4 1.6 122 0 1 5
12.6 2.3 0.3 117 0 1 5
12.6 3.7 0.7 132 0 1 5
12.6 4.3 0.9 133 0 1 5
12.6 5.8 2.1 163 0 1 5
12.6 7.8 1.8 128 0 1 5
12.7 3.2 0.6 115 0 1 5
12.7 5.2 1.6 107 0 1 5
12.7 6.6 2.2 126 0 1 5
12.7 7.2 2 125 0 1 5
12.7 8.7 1.6 98 0 1 5
12.8 2.6 0.5 117 0 1 5
12.8 4.1 0.9 131 0 1 5
12.8 4.6 1.2 129 0 1 5
12.8 6.1 2.2 173 0 1 5
12.8 7.5 2 119 0 1 5
12.8 8.1 1.8 131 0 1 5
12.9 2 0.5 111 0 1 5
12.9 3.5 0.8 122 0 1 5
12.9 4.9 1.5 131 0 1 5
12.9 5.5 1.9 138 0 1 5
12.9 7 2.2 142 0 1 5
13 2.9 0.7 99 0 1 5
13 4.4 1.2 135 0 1 5
13 6.4 2.4 165 0 1 5
13 7.8 2 120 0 1 5
13 8.4 1.8 109 0 1 5
13.1 2.3 0.7 93 0 1 5
13.1 3.8 1 127 0 1 5
13.1 5.3 1.8 103 0 1 5
13.1 5.8 2.3 160 0 1 5
13.1 7.3 2.2 120 0 1 5
13.2 2.7 0.9 106 0 1 5
13.2 3.2 1 109 0 1 5
13.2 4.7 1.5 131 0 1 5
13.2 6.7 2.4 135 0 1 5
13.2 8.2 2 107 0 1 5
13.2 8.7 1.7 117 0 1 5
13.3 2.1 0.9 94 0 1 5
13.3 4.1 1.3 132 0 1 5
13.3 5.6 2.1 138 0 1 5
13.3 6.1 2.4 171 0 1 5
13.3 7.6 2.2 115 0 1 5
13.4 3 1.2 97 0 1 5
13.4 3.5 1.2 113 0 1 5
13.4 5 1.8 133 0 1 5
13.4 7 2.4 114 0 1 5
13.4 8.5 1.9 119 0 1 5
13.5 2.4 1.1 100 0 1 5
13.5 4.4 1.5 145 0 1 5
13.5 5.9 2.3 115 0 1 5
13.5 6.5 2.5 115 0 1 5
13.5 7.9 2.2 94 0 1 5
13.6 3.3 1.4 108 0 1 5
13.6 3.9 1.4 111 0 1 5
13.6 5.3 2 127 0 1 5
13.6 6.8 2.4 141 0 1 5
13.6 7.3 2.3 121 0 1 5
13.7 2.7 1.4 80 0 1 5
13.7 4.7 1.7 164 0 1 5
13.7 6.2 2.4 146 0 1 5
13.7 8.2 2.1 119 0 1 5
13.8 2.2 1.4 93 0 1 5
13.8 3.6 1.6 107 0 1 5
13.8 4.2 1.6 138 0 1 5
13.8 5.6 2.1 139 0 1 5
13.8 7.1 2.4 132 0 1 5
13.8 7.7 2.3 115 0 1 5
13.9 3 1.7 92 0 1 5
13.9 4.5 1.8 166 0 1 5
13.9 5.1 1.9 143 0 1 5
13.9 6.5 2.5 132 0 1 5
14 2.5 1.7 77 0 1 5
14 3.9 1.8 124 0 1 5
14 5.9 2.3 107 0 1 5
14.1 3.4 1.9 106 0 1 5
14.1 4.8 1.9 169 0 1 5
14.1 5.4 2 150 0 1 5
14.2 2.8 1.9 98 0 1 5
14.2 4.2 1.9 142 0 1 5
14.3 3.7 2 119 0 1 5
14.3 5.1 2 171 0 1 5
14.3 5.7 2.1 145 0 1 5
14.4 2.5 2.1 124 0 1 5
14.4 3.1 2.1 123 0 1 5
14.4 4.6 2 148 0 1 5
14.5 4 2.1 140 0 1 5
14.5 5.4 2 150 0 1 5
14.6 2.8 2.3 170 0 1 5
14.6 3.4 2.2 141 0 1 5
14.6 4.9 2 150 0 1 5
14.7 3.7 2.3 140 0 1 5
14.7 4.3 2.1 134 0 1 5
14.8 3.2 2.4 178 0 1 5
14.9 2.6 2.4 120 0 1 5
14.9 4 2.3 150 0 1 5
14.9 4.6 2.1 135 0 1 5
15 3.5 2.5 165 0 1 5
15.1 2.9 2.4 154 0 1 5
15.1 4.4 2.2 112 0 1 5
15.1 4.9 2 146 0 1 5
15.2 3.8 2.5 138 0 1 5
15.3 3.2 2.5 136 0 1 5
15.3 4.7 2.1 134 0 1 5
15.4 2.6 2.4 150 0 1 5
15.4 4.1 2.4 132 0 1 5
15.5 5 2 144 0 1 5
15.6 4.4 2.3 126 0 1 5
15.7 5.3 2 144 0 1 5
15.8 6.2 2.1 152 0 1 5
15.9 5.6 2 145 0 1 5
16 5 2.1 129 0 1 5
16.1 5.9 2.1 176 0 1 5
16.2 5.4 2.1 145 0 1 5
16.3 6.2 2.1 144 0 1 5
16.4 5.7 2.1 134 0 1 5
