-11.7 12.1 1 107 0 1 3
-11.1 11.2 0.8 155 0 1 3
-10.9 12.2 0.6 135 0 1 3
-10.7 12.7 0.5 81 0 1 3
-10.5 10.4 0.1 95 0 1 3
-10.5 10.6 0.5 139 0 1 3
-10.2 10.1 0 128 0 1 1
-10.2 10.5 0 128 0 1 1
-10.2 11.4 0.4 137 0 1 3
-9.9 9.8 0 129 0 1 1
-9.5 9.4 0 136 0 1 1
-8.7 8.7 0.1 114 0 1 5
-8.5 9.1 0.4 89 0 1 5
-8.4 8.3 0.1 98 0 1 5
-8.3 8.7 0.3 76 0 1 5
-8.2 7.9 0 111 0 1 5
-8.2 9 0.6 99 0 1 5
-8.1 9.4 0.8 135 0 1 5
-8 8.3 0.2 90 0 1 5
-7.9 7.8 0 126 0 1 1
-7.9 8.6 0.4 105 0 1 5
-7.9 9.7 1 88 0 1 5
-7.8 7.9 0 109 0 1 5
-7.8 9 0.7 104 0 1 5
-7.8 10.1 1.2 75 0 1 5
-7.7 8.2 0.2 106 0 1 5
-7.7 9.3 0.9 112 0 1 5
-7.6 8.6 0.5 109 0 1 5
-7.6 9.7 1.1 106 0 1 5
-7.5 7.4 0 139 0 1 1
-7.5 10 1.3 85 0 1 5
-7.4 7.9 0.1 115 0 1 5
-7.4 8.9 0.7 116 0 1 5
-7.3 8.2 0.3 108 0 1 5
-7.3 9.3 0.9 110 0 1 5
-7.3 10.4 1.6 79 0 1 5
-7.2 8.6 0.5 108 0 1 5
-7.2 9.6 1.2 109 0 1 5
-7.1 7 0 132 0 1 1
-7.1 7.4 0 125 0 1 1
-7.1 7.8 0.1 110 0 1 5
-7.1 8.9 0.7 115 0 1 5
-7.1 10 1.4 83 0 1 5
-7 9.3 1 111 0 1 5
-7 10.3 1.7 118 0 1 5
-6.9 8.2 0.3 109 0 1 5
-6.9 10.7 1.9 91 0 1 5
-6.8 7.4 -0.1 122 0 1 5
-6.8 8.5 0.6 110 0 1 5
-6.8 9.6 1.2 113 0 1 5
-6.7 6.6 0 130 0 1 1
-6.7 7 0 134 0 1 1
-6.7 7.4 0 117 0 1 1
-6.7 7.8 0.2 78 0 1 5
-6.7 8.9 0.8 109 0 1 5
-6.7 9.9 1.5 106 0 1 5
-6.6 8.1 0.4 112 0 1 5
-6.6 9.2 1 115 0 1 5
-6.6 10.3 1.7 125 0 1 5
-6.5 7.4 0 86 0 1 5
-6.5 8.5 0.6 109 0 1 5
-6.5 9.6 1.2 101 0 1 5
-6.5 10.6 2 82 0 1 5
-6.4 9.9 1.5 110 0 1 5
-6.4 11 2.2 74 0 1 5
-6.3 6.2 0 123 0 1 1
-6.3 6.6 0 135 0 1 1
-6.3 7 0 141 0 1 1
-6.3 7.7 0.2 117 0 1 5
-6.3 8.8 0.8 102 0 1 5
-6.2 8.1 0.4 111 0 1 5
-6.2 9.2 1.1 106 0 1 5
-6.2 10.3 1.8 109 0 1 5
-6.1 7.3 0 100 0 1 5
-6.1 8.4 0.7 114 0 1 5
-6.1 9.5 1.3 111 0 1 5
-6.1 10.6 2.1 90 0 1 5
-6 7.7 0.2 115 0 1 5
-6 8.8 0.9 107 0 1 5
-6 9.9 1.6 114 0 1 5
-6 11 2.3 117 0 1 5
-5.9 5.8 0 121 0 1 1
-5.9 6.2 0 129 0 1 1
-5.9 6.6 0 139 0 1 1
-5.9 7 0 134 0 1 1
-5.9 9.1 1.1 101 0 1 5
-5.9 10.2 1.8 77 0 1 5
-5.9 11.3 2.4 107 0 1 5
-5.8 8 0.4 110 0 1 5
-5.8 10.6 2.1 109 0 1 5
-5.7 5.8 -0.1 129 0 1 1
-5.7 7.3 0 73 0 1 5
-5.7 8.4 0.7 77 0 1 5
-5.7 9.5 1.4 95 0 1 5
-5.6 7.6 0.2 118 0 1 5
-5.6 8.7 0.9 127 0 1 5
-5.6 9.8 1.6 57 0 1 5
-5.6 10.9 2.4 108 0 1 5
-5.5 5.8 -0.1 110 0 1 1
-5.5 6.6 0 99 0 1 1
-5.5 7 0 133 0 1 1
-5.5 8 0.5 110 0 1 5
-5.5 9.1 1.2 117 0 1 5
-5.5 10.2 1.9 95 0 1 5
-5.4 7.3 0 115 0 1 5
-5.4 8.3 0.7 81 0 1 5
-5.4 9.4 1.4 106 0 1 5
-5.4 10.5 2.2 82 0 1 5
-5.3 5.4 -0.3 128 0 1 4
-5.3 5.8 -0.1 107 0 1 1
-5.3 9.8 1.7 96 0 1 5
-5.3 10.9 2.4 118 0 1 5
-5.2 7.6 0.2 136 0 1 5
-5.2 8.7 1 61 0 1 5
-5.2 11.2 2.5 78 0 1 5
-5.1 5 -0.5 104 0 1 4
-5.1 6.2 -0.1 132 0 1 1
-5.1 6.6 0 83 0 1 1
-5.1 7 0 92 0 1 1
-5.1 8 0.5 97 0 1 5
-5.1 9 1.2 81 0 1 5
-5.1 10.1 2 109 0 1 5
-5 5.8 -0.2 116 0 1 1
-5 7.2 0.1 113 0 1 5
-5 8.3 0.7 99 0 1 5
-5 9.4 1.5 99 0 1 5
-5 10.5 2.3 116 0 1 5
-4.9 7.6 0.2 115 0 1 5
-4.9 8.7 1 114 0 1 5
-4.9 9.7 1.8 90 0 1 5
-4.9 10.8 2.5 105 0 1 5
-4.8 5.8 -0.2 106 0 1 1
-4.8 6.6 0 86 0 1 1
-4.8 7 0 102 0 1 1
-4.8 9 1.2 99 0 1 5
-4.8 10.1 2.1 115 0 1 5
-4.8 11.2 2.5 121 0 1 5
-4.7 5.4 -0.5 132 0 1 4
-4.7 7.9 0.4 137 0 1 5
-4.7 10.4 2.3 124 0 1 5
-4.6 5.8 -0.2 86 0 1 1
-4.6 7.2 0 116 0 1 5
-4.6 8.3 0.7 116 0 1 5
-4.6 9.4 1.5 115 0 1 5
-4.5 7.5 0.2 122 0 1 5
-4.5 8.6 0.9 116 0 1 5
-4.5 9.7 1.8 114 0 1 5
-4.5 10.8 2.4 89 0 1 5
-4.4 4.3 -0.8 133 0 1 4
-4.4 4.7 -0.8 122 0 1 4
-4.4 5 -0.8 80 0 1 4
-4.4 5.8 -0.2 80 0 1 1
-4.4 6.6 0 61 0 1 1
-4.4 7 0 61 0 1 1
-4.4 7.9 0.4 71 0 1 5
-4.4 9 1.2 130 0 1 5
-4.4 10 2.1 116 0 1 5
-4.4 11.1 2.5 84 0 1 5
-4.3 5.4 -0.5 111 0 1 4
-4.3 6.2 -0.1 128 0 1 1
-4.3 8.2 0.6 119 0 1 5
-4.3 9.3 1.4 115 0 1 5
-4.3 10.4 2.2 121 0 1 5
-4.2 5.8 -0.2 79 0 1 1
-4.2 7.1 0 115 0 1 5
-4.2 9.7 1.7 114 0 1 5
-4.2 10.7 2.4 141 0 1 5
-4.1 7.5 0.2 109 0 1 5
-4.1 8.6 0.8 138 0 1 5
-4.1 11.1 2.4 138 0 1 5
-4 4.3 -0.8 130 0 1 4
-4 4.7 -0.8 123 0 1 4
-4 5 -0.8 112 0 1 4
-4 5.8 -0.2 93 0 1 1
-4 6.6 0 76 0 1 1
-4 7 0 92 0 1 1
-4 7.8 0.4 107 0 1 5
-4 8.9 1.1 125 0 1 5
-4 10 1.9 131 0 1 5
-3.9 5.4 -0.5 75 0 1 4
-3.9 7.1 0 118 0 1 5
-3.9 8.2 0.6 122 0 1 5
-3.9 9.3 1.3 88 0 1 5
-3.9 10.4 2.1 133 0 1 5
-3.9 11.4 2.3 146 0 1 5
-3.8 5.8 -0.2 84 0 1 1
-3.8 7.4 0.1 115 0 1 5
-3.8 8.5 0.7 105 0 1 5
-3.8 9.6 1.5 123 0 1 5
-3.8 10.7 2.2 134 0 1 5
-3.8 14 2.1 134 0 1 5
-3.7 5.8 -0.2 95 0 1 1
-3.7 8.9 0.9 122 0 1 5
-3.7 10 1.8 128 0 1 5
-3.7 11.1 2.3 128 0 1 5
-3.7 14.3 2.3 81 0 1 5
-3.6 4.3 -0.8 114 0 1 4
-3.6 4.7 -0.8 130 0 1 4
-3.6 5 -0.8 105 0 1 4
-3.6 6.6 0 107 0 1 1
-3.6 7 0 134 0 1 1
-3.6 7.8 0.3 90 0 1 5
-3.6 10.3 1.9 129 0 1 5
-3.6 13.6 2.1 109 0 1 5
-3.5 5.4 -0.5 99 0 1 4
-3.5 5.8 -0.2 82 0 1 1
-3.5 6.2 -0.1 131 0 1 1
-3.5 8.1 0.5 99 0 1 5
-3.5 9.2 1.2 135 0 1 5
-3.5 13.9 2.3 77 0 1 5
-3.4 7.4 0.1 125 0 1 5
-3.4 8.5 0.7 116 0 1 5
-3.4 9.6 1.4 95 0 1 5
-3.4 10.7 2.1 138 0 1 5
-3.3 5.8 -0.1 110 0 1 1
-3.3 7.7 0.2 122 0 1 5
-3.3 8.8 0.8 125 0 1 5
-3.3 9.9 1.6 131 0 1 5
-3.3 11 2.1 138 0 1 5
-3.3 13.2 2.1 115 0 1 5
-3.2 6.6 0 126 0 1 1
-3.2 7 0 89 0 1 1
-3.2 8.1 0.4 125 0 1 5
-3.2 9.2 1 130 0 1 5
-3.2 10.3 1.8 122 0 1 5
-3.2 11.4 2.1 120 0 1 5
-3.2 13.5 2.3 109 0 1 5
-3.1 5.4 -0.5 69 0 1 4
-3.1 5.8 -0.1 91 0 1 1
-3.1 9.5 1.2 136 0 1 5
-3.1 10.6 1.9 140 0 1 5
-3.1 13.9 2.4 118 0 1 5
-3 5.8 -0.1 111 0 1 1
-3 7.4 -0.1 77 0 1 5
-3 8.4 0.5 122 0 1 5
-3 11 2 137 0 1 5
-3 13.2 2.2 126 0 1 5
-3 14.2 2.5 95 0 1 5
-2.9 5.4 -0.3 75 0 1 4
-2.9 7.7 0.1 114 0 1 5
-2.9 8.8 0.7 127 0 1 5
-2.9 9.9 1.4 136 0 1 5
-2.9 13.5 2.3 110 0 1 5
-2.8 5.6 -0.1 92 0 1 1
-2.8 5.8 0 107 0 1 1
-2.8 6.2 0 97 0 1 1
-2.8 6.6 0 113 0 1 1
-2.8 7 0 75 0 1 1
-2.8 7.4 0 127 0 1 1
-2.8 8.1 0.3 116 0 1 5
-2.8 9.1 0.9 133 0 1 5
-2.8 10.2 1.6 128 0 1 5
-2.8 11.3 2.1 136 0 1 5
-2.7 3.1 -0.2 124 0 1 1
-2.7 3.3 -0.2 119 0 1 1
-2.7 3.5 -0.2 125 0 1 1
-2.7 3.7 -0.2 125 0 1 1
-2.7 3.9 -0.2 126 0 1 1
-2.7 4.1 -0.2 117 0 1 1
-2.7 4.3 -0.2 124 0 1 1
-2.7 4.5 -0.2 121 0 1 1
-2.7 4.7 -0.2 121 0 1 1
-2.7 4.9 -0.2 117 0 1 1
-2.7 5 -0.2 110 0 1 1
-2.7 5.2 -0.1 111 0 1 1
-2.7 5.4 -0.1 105 0 1 1
-2.7 8.4 0.4 131 0 1 5
-2.7 9.5 1.1 125 0 1 5
-2.7 10.6 1.8 138 0 1 5
-2.7 13.9 2.5 92 0 1 5
-2.6 8.8 0.6 127 0 1 5
-2.6 9.8 1.3 131 0 1 5
-2.6 10.9 1.9 131 0 1 5
-2.6 13.1 2.2 124 0 1 5
-2.5 7.7 0 130 0 1 5
-2.5 10.2 1.5 138 0 1 5
-2.5 11.3 2.1 120 0 1 5
-2.5 13.5 2.4 121 0 1 5
-2.4 5.8 0 130 0 1 1
-2.4 6.2 0 127 0 1 1
-2.4 6.6 0 114 0 1 1
-2.4 7 0 101 0 1 1
-2.4 7.4 0 125 0 1 1
-2.4 8 0.1 132 0 1 5
-2.4 9.1 0.7 137 0 1 5
-2.4 12.7 2.1 129 0 1 5
-2.4 13.8 2.4 118 0 1 5
-2.3 3.5 -0.1 118 0 1 1
-2.3 4.3 -0.1 131 0 1 1
-2.3 5 -0.1 123 0 1 1
-2.3 8.4 0.3 133 0 1 5
-2.3 9.4 0.9 136 0 1 5
-2.3 10.5 1.7 136 0 1 5
-2.3 14.2 2.4 87 0 1 5
-2.2 8.7 0.4 137 0 1 5
-2.2 9.8 1.1 136 0 1 5
-2.2 10.9 1.9 129 0 1 5
-2.2 13.1 2.3 121 0 1 5
-2.1 8 -0.1 107 0 1 5
-2.1 9.1 0.6 137 0 1 5
-2.1 10.1 1.3 131 0 1 5
-2.1 11.2 2 137 0 1 5
-2.1 13.4 2.3 132 0 1 5
-2 3.1 0 136 0 1 1
-2 3.5 0 131 0 1 1
-2 3.8 0 106 0 1 2
-2 3.8 0.1 125 0 1 2
-2 4.1 0.2 111 0 1 2
-2 4.2 0 98 0 1 2
-2 5 0 121 0 1 1
-2 5.4 0 119 0 1 1
-2 5.8 0 126 0 1 1
-2 6.2 0 126 0 1 1
-2 6.6 0 120 0 1 1
-2 6.8 -0.1 135 0 1 2
-2 7 0 125 0 1 1
-2 9.4 0.7 150 0 1 5
-2 10.5 1.5 85 0 1 5
-2 11.6 2.1 125 0 1 5
-2 12.7 2.2 119 0 1 5
-2 13.8 2.4 108 0 1 5
-1.9 3.7 0 61 0 1 2
-1.9 3.7 0.1 93 0 1 2
-1.9 6.9 0 59 0 1 2
-1.9 6.9 0.1 67 0 1 2
-1.9 6.9 0.2 120 0 1 2
-1.9 8.3 0.1 138 0 1 5
-1.9 10.8 1.7 108 0 1 5
-1.9 11.9 2.1 137 0 1 5
-1.9 13 2.3 118 0 1 5
-1.8 4.1 0.2 117 0 1 2
-1.8 4.2 0.2 111 0 1 2
-1.8 6.8 0 86 0 1 2
-1.8 6.9 0.2 121 0 1 2
-1.8 7.2 0.2 118 0 1 2
-1.8 8.7 0.2 142 0 1 5
-1.8 9.8 0.9 138 0 1 5
-1.8 13.4 2.3 133 0 1 5
-1.7 6.7 -0.1 131 0 1 2
-1.7 6.8 0.1 74 0 1 2
-1.7 9 0.4 143 0 1 5
-1.7 10.1 1.1 134 0 1 5
-1.7 11.2 1.9 133 0 1 5
-1.7 12.3 2.2 129 0 1 5
-1.6 3.1 0 118 0 1 1
-1.6 3.5 0 132 0 1 1
-1.6 3.7 0.1 70 0 1 2
-1.6 3.8 0.2 121 0 1 2
-1.6 4.1 0.2 97 0 1 2
-1.6 4.3 0.2 127 0 1 2
-1.6 5 0 123 0 1 1
-1.6 5.4 0 126 0 1 1
-1.6 5.8 0 125 0 1 1
-1.6 6.2 0 127 0 1 1
-1.6 6.6 0 117 0 1 1
-1.6 6.7 0 109 0 1 2
-1.6 6.8 0 109 0 1 2
-1.6 6.8 0.1 117 0 1 2
-1.6 6.9 0.2 107 0 1 2
-1.6 7 0.2 72 0 1 2
-1.6 8.2 0 136 0 1 1
-1.6 9.4 0.5 138 0 1 5
-1.6 10.5 1.3 116 0 1 5
-1.6 11.5 2 136 0 1 5
-1.6 12.6 2.2 129 0 1 5
-1.6 13.7 2.3 128 0 1 5
-1.5 4.1 0.2 133 0 1 2
-1.5 4.3 0.1 125 0 1 2
-1.5 4.3 0.2 132 0 1 2
-1.5 7.2 0.2 131 0 1 2
-1.5 8.6 0.1 133 0 1 5
-1.5 9.7 0.7 143 0 1 5
-1.5 10.8 1.6 138 0 1 5
-1.5 11.9 2.1 119 0 1 5
-1.5 13 2.2 137 0 1 5
-1.5 14.1 2.3 129 0 1 5
-1.4 3.9 0.2 142 0 1 2
-1.4 4 0.2 138 0 1 2
-1.4 4.1 0.1 135 0 1 2
-1.4 4.2 0.1 133 0 1 2
-1.4 4.3 0 129 0 1 2
-1.4 6.7 0 77 0 1 2
-1.4 6.8 0 127 0 1 2
-1.4 6.8 0.1 135 0 1 2
-1.4 6.9 0.2 126 0 1 2
-1.4 7 0.2 139 0 1 2
-1.4 7.2 0.2 143 0 1 2
-1.4 7.4 0.2 129 0 1 2
-1.4 10.1 0.9 124 0 1 5
-1.4 11.2 1.7 124 0 1 5
-1.4 12.2 2.1 128 0 1 5
-1.4 13.3 2.2 133 0 1 5
-1.3 3.8 0 135 0 1 2
-1.3 3.8 0.1 142 0 1 2
-1.3 4 0 131 0 1 2
-1.3 4 0.1 135 0 1 2
-1.3 4.2 0 127 0 1 2
-1.3 4.3 0 118 0 1 2
-1.3 7.1 0 111 0 1 2
-1.3 7.2 -0.1 112 0 1 2
-1.3 7.2 0.1 124 0 1 2
-1.3 7.3 0 98 0 1 2
-1.3 7.4 0 132 0 1 2
-1.3 9 0.2 142 0 1 5
-1.3 12.6 2.2 129 0 1 5
-1.3 13.7 2.2 100 0 1 5
-1.2 3.1 0 134 0 1 1
-1.2 3.5 0 137 0 1 1
-1.2 3.9 0 121 0 1 1
-1.2 4.1 -0.1 138 0 1 2
-1.2 4.3 0 139 0 1 1
-1.2 4.7 0 118 0 1 1
-1.2 5 0 132 0 1 1
-1.2 5.4 0 125 0 1 1
-1.2 5.8 0 83 0 1 1
-1.2 6.2 0 126 0 1 1
-1.2 6.6 0 129 0 1 1
-1.2 7 0 121 0 1 1
-1.2 7.4 0 125 0 1 1
-1.2 7.8 0 120 0 1 1
-1.2 8.2 0 139 0 1 1
-1.2 8.6 0 132 0 1 1
-1.2 9.3 0.3 138 0 1 5
-1.2 10.4 1.1 143 0 1 5
-1.2 11.5 1.9 148 0 1 5
-1.2 14 2.2 140 0 1 5
-1.1 9.7 0.5 144 0 1 5
-1.1 10.8 1.4 145 0 1 5
-1.1 11.9 2 129 0 1 5
-1.1 12.9 2.1 142 0 1 5
-1 8.9 0 142 0 1 5
-1 10 0.7 110 0 1 5
-1 11.1 1.6 149 0 1 5
-1 12.2 2 144 0 1 5
-1 13.3 2.2 132 0 1 5
-0.9 9.3 0.1 143 0 1 5
-0.9 10.4 0.9 146 0 1 5
-0.9 11.5 1.7 147 0 1 5
-0.9 12.6 2 148 0 1 5
-0.9 13.6 2.1 144 0 1 5
-0.8 3.1 0 137 0 1 1
-0.8 3.5 0 112 0 1 1
-0.8 4.3 0 97 0 1 1
-0.8 5 -0.1 124 0 1 1
-0.8 5.8 -0.1 89 0 1 1
-0.8 6.6 -0.1 134 0 1 1
-0.8 7.4 -0.1 140 0 1 1
-0.8 8.2 -0.1 125 0 1 1
-0.8 10.7 1.1 154 0 1 5
-0.8 11.8 1.8 149 0 1 5
-0.8 12.9 2 142 0 1 5
-0.8 14 2.1 104 0 1 5
-0.7 9.1 0 135 0 1 5
-0.7 9.6 0.3 130 0 1 5
-0.7 13.3 2 142 0 1 5
-0.6 10 0.5 140 0 1 5
-0.6 11.1 1.3 148 0 1 5
-0.6 12.2 1.8 150 0 1 5
-0.5 5.4 -0.1 119 0 1 1
-0.5 5.6 -0.1 116 0 1 1
-0.5 5.8 -0.1 122 0 1 1
-0.5 6 -0.1 121 0 1 1
-0.5 6.2 -0.1 97 0 1 1
-0.5 6.4 -0.1 88 0 1 1
-0.5 6.6 -0.1 132 0 1 1
-0.5 6.8 -0.1 125 0 1 1
-0.5 7 -0.1 130 0 1 1
-0.5 7.2 -0.1 132 0 1 1
-0.5 7.4 -0.1 126 0 1 1
-0.5 7.5 -0.1 129 0 1 1
-0.5 7.7 -0.1 130 0 1 1
-0.5 7.9 -0.1 142 0 1 1
-0.5 8.1 -0.1 144 0 1 1
-0.5 8.3 -0.1 138 0 1 1
-0.5 8.5 -0.1 150 0 1 1
-0.5 9.2 0 141 0 1 5
-0.5 10.3 0.7 150 0 1 5
-0.5 11.4 1.4 149 0 1 5
-0.5 12.5 1.8 149 0 1 5
-0.5 13.6 2 105 0 1 5
-0.4 3.1 0 139 0 1 1
-0.4 3.5 0 140 0 1 1
-0.4 3.7 0 117 0 1 1
-0.4 3.9 0 109 0 1 1
-0.4 4.1 0 125 0 1 1
-0.4 4.3 0 130 0 1 1
-0.4 4.5 -0.1 147 0 1 1
-0.4 4.6 -0.1 127 0 1 1
-0.4 4.8 -0.1 130 0 1 1
-0.4 5 -0.1 105 0 1 1
-0.4 5.2 -0.1 140 0 1 1
-0.4 8.7 -0.1 150 0 1 1
-0.4 8.9 -0.1 128 0 1 1
-0.4 9.4 -0.1 145 0 1 1
-0.4 9.6 0.1 97 0 1 5
-0.4 10.7 0.8 154 0 1 5
-0.4 11.8 1.5 153 0 1 5
-0.4 12.9 1.8 141 0 1 5
-0.4 14 1.9 140 0 1 5
-0.3 8.9 -0.2 146 0 1 4
-0.3 9.9 0.2 128 0 1 5
-0.3 11 1 139 0 1 5
-0.3 12.1 1.6 143 0 1 5
-0.3 13.2 1.8 139 0 1 5
-0.3 14.3 1.8 144 0 1 5
-0.2 3.5 0 133 0 1 1
-0.2 12.5 1.5 149 0 1 5
-0.2 13.6 1.7 150 0 1 5
0 3.5 0 133 0 1 1
-0.1 3.8 -0.1 140 0 1 4
-0.1 4.2 -0.1 138 0 1 4
-0.1 4.6 -0.2 155 0 1 4
-0.1 4.9 -0.3 148 0 1 4
-0.1 5.2 -0.4 142 0 1 4
-0.1 5.6 -0.4 142 0 1 4
-0.1 6 -0.4 145 0 1 4
-0.1 6.4 -0.4 139 0 1 4
-0.1 6.8 -0.4 143 0 1 4
-0.1 7.2 -0.4 140 0 1 4
-0.1 7.6 -0.4 148 0 1 4
-0.1 8 -0.4 140 0 1 4
-0.1 8.4 -0.4 143 0 1 4
-0.1 8.8 -0.3 147 0 1 4
0 9.5 -0.1 135 0 1 5
-0.1 9.7 -0.1 140 0 1 1
-0.1 9.7 0.1 125 0 1 5
-0.1 10.1 -0.1 147 0 1 1
-0.1 10.3 0.4 149 0 1 5
0 10.6 0.6 147 0 1 5
-0.1 11.4 1.1 129 0 1 5
0 11.7 1.2 145 0 1 5
0 12.8 1.6 144 0 1 5
-0.1 13.9 1.7 114 0 1 5
0.1 3.5 0 133 0 1 1
0.1 8.7 -0.4 132 0 1 4
0.1 9.9 0.1 110 0 1 5
0.1 11 0.7 152 0 1 5
0.1 12.1 1.2 128 0 1 5
0.1 13.2 1.5 143 0 1 5
0.1 14.3 1.6 153 0 1 5
0.2 5.4 -0.7 144 0 1 4
0.2 5.8 -0.7 142 0 1 4
0.2 6.2 -0.7 90 0 1 4
0.2 6.6 -0.7 136 0 1 4
0.2 7 -0.7 139 0 1 4
0.2 7.4 -0.7 132 0 1 4
0.2 7.8 -0.7 113 0 1 4
0.2 10.2 0.2 149 0 1 5
0.2 11.3 0.8 145 0 1 5
0.2 12.4 1.2 148 0 1 5
0.2 13.5 1.5 150 0 1 5
0.2 14.6 1.5 153 0 1 5
0.3 3.1 0 116 0 1 1
0.3 3.5 0 127 0 1 1
0.3 3.8 -0.1 137 0 1 4
0.3 4.2 -0.2 144 0 1 4
0.3 5.1 -0.6 143 0 1 4
0.3 8.2 -0.6 128 0 1 4
0.3 8.7 -0.6 140 0 1 4
0.3 9.2 -0.4 145 0 1 4
0.3 9.7 -0.2 141 0 1 4
0.3 10.1 -0.1 136 0 1 1
0.3 10.6 0.3 149 0 1 5
0.3 10.9 0 106 0 1 1
0.3 11.3 0 139 0 1 1
0.3 11.7 0.8 135 0 1 5
0.3 12.8 1.2 144 0 1 5
0.3 13.9 1.4 158 0 1 5
0.4 8.6 -0.7 107 0 1 4
0.4 10.1 0 91 0 1 5
0.4 13.1 1.2 125 0 1 5
0.4 14.2 1.3 120 0 1 5
0.5 3.5 -0.1 129 0 1 1
0.5 10.9 0.4 147 0 1 5
0.5 12 0.8 141 0 1 5
0.5 14.6 1.2 152 0 1 5
0.6 6 -1.1 142 0 1 4
0.6 6.4 -1.1 132 0 1 4
0.6 6.8 -1.1 139 0 1 4
0.6 7.2 -1.1 141 0 1 4
0.6 7.6 -1.1 107 0 1 4
0.6 8 -1 145 0 1 4
0.6 8.5 -0.9 126 0 1 4
0.6 11.3 0.4 147 0 1 5
0.6 12.4 0.8 127 0 1 5
0.6 13.5 1.1 143 0 1 5
0.7 3.5 -0.1 135 0 1 1
0.7 3.8 -0.2 138 0 1 4
0.7 9.6 -0.4 120 0 1 4
0.7 10.5 -0.1 139 0 1 1
0.7 10.6 0.1 146 0 1 5
0.7 10.9 -0.1 126 0 1 1
0.7 11.6 0.5 138 0 1 5
0.7 12.7 0.8 130 0 1 5
0.7 13.8 1.1 152 0 1 5
0.8 8.7 -0.9 134 0 1 4
0.8 10.9 0.1 141 0 1 5
0.8 12 0.5 139 0 1 5
0.8 13.1 0.8 136 0 1 5
0.8 14.2 1 142 0 1 5
0.9 3.5 -0.1 129 0 1 1
0.9 6.2 -1.5 126 0 1 4
0.9 6.6 -1.5 143 0 1 4
0.9 7 -1.5 140 0 1 4
0.9 7.4 -1.5 140 0 1 4
0.9 7.8 -1.3 137 0 1 4
0.9 12.3 0.5 145 0 1 5
0.9 13.4 0.8 160 0 1 5
0.9 14.5 0.9 135 0 1 5
1 8.3 -1.2 137 0 1 4
1 8.9 -0.9 125 0 1 4
1 9.2 -0.7 142 0 1 4
1 11.3 0.2 140 0 1 5
1 13.8 0.7 144 0 1 5
1 14.9 0.8 153 0 1 5
1.1 3.1 -0.1 135 0 1 1
1.1 3.5 -0.1 135 0 1 1
1.1 9.5 -0.6 123 0 1 4
1.1 9.7 -0.4 134 0 1 4
1.1 10 -0.3 128 0 1 4
1.1 10.3 -0.2 129 0 1 4
1.1 10.5 -0.1 131 0 1 1
1.1 11.6 0.2 152 0 1 5
1.1 11.7 0 146 0 1 1
1.1 12.1 0 133 0 1 1
1.1 12.7 0.5 144 0 1 5
1.2 12 0.2 136 0 1 5
1.2 13 0.4 137 0 1 5
1.2 14.1 0.7 152 0 1 5
1.2 15.2 0.7 151 0 1 5
1.3 3.5 -0.1 130 0 1 1
1.3 6.5 -1.7 144 0 1 4
1.3 6.9 -1.7 89 0 1 4
1.3 7.2 -1.7 137 0 1 4
1.3 7.7 -1.5 135 0 1 4
1.3 8.2 -1.3 146 0 1 4
1.3 10.5 -0.1 119 0 1 1
1.3 12.3 0.2 146 0 1 5
1.3 13.4 0.4 137 0 1 5
1.3 14.5 0.6 144 0 1 5
1.4 8.8 -1 140 0 1 4
1.4 9.4 -0.6 144 0 1 4
1.4 11.6 -0.1 138 0 1 5
1.4 12.7 0.1 146 0 1 5
1.4 13.7 0.4 138 0 1 5
1.4 14.8 0.5 149 0 1 5
1.5 3.4 -0.1 155 0 1 1
1.5 10 -0.4 125 0 1 4
1.5 10.5 -0.1 104 0 1 1
1.5 11.3 0 139 0 1 1
1.5 11.7 0 129 0 1 1
1.5 12.1 0 133 0 1 1
1.5 13 0.1 136 0 1 5
1.5 14.1 0.4 150 0 1 5
1.5 15.2 0.4 112 0 1 5
1.6 14.4 0.3 145 0 1 5
1.7 3.4 -0.1 134 0 1 1
1.7 6.7 -1.9 143 0 1 4
1.7 7.1 -1.9 147 0 1 4
1.7 7.6 -1.7 136 0 1 4
1.7 8.1 -1.5 132 0 1 4
1.7 10.5 -0.1 135 0 1 1
1.7 13.4 0.1 145 0 1 5
1.8 8.7 -1.1 121 0 1 4
1.8 9.4 -0.7 136 0 1 4
1.8 13.7 0.1 145 0 1 5
1.8 14.8 0.4 147 0 1 5
1.9 3.1 -0.1 146 0 1 1
1.9 3.4 -0.1 132 0 1 1
1.9 9.9 -0.4 136 0 1 4
1.9 10.5 -0.1 138 0 1 1
1.9 10.9 -0.1 139 0 1 1
1.9 11.3 0 139 0 1 1
1.9 11.7 0 135 0 1 1
1.9 12.1 0 134 0 1 1
1.9 12.5 0 142 0 1 1
1.9 12.9 0 133 0 1 1
1.9 13.3 0 134 0 1 1
1.9 13.7 0 130 0 1 1
1.9 14.1 0.1 138 0 1 5
1.9 15.1 0.4 141 0 1 5
2 6.7 -1.9 129 0 1 4
2 7.1 -1.9 111 0 1 4
2 14.4 0.2 143 0 1 5
2.1 3.4 -0.1 130 0 1 1
2.1 7.6 -1.7 117 0 1 4
2.1 8.1 -1.5 128 0 1 4
2.1 10.5 -0.1 123 0 1 1
2.1 12.5 0 46 0 1 3
2.1 14.8 0.2 139 0 1 5
2.2 8.7 -1.1 153 0 1 4
2.2 9.4 -0.7 128 0 1 4
2.2 9.9 -0.4 116 0 1 4
2.2 12.8 0 116 0 1 3
2.3 3.4 -0.1 135 0 1 1
2.3 10.5 -0.1 133 0 1 1
2.3 11.3 0 138 0 1 1
2.3 11.7 0 131 0 1 1
2.3 12.1 0 78 0 1 1
2.3 12.2 0.3 89 0 1 3
2.3 13.1 0.1 101 0 1 3
2.3 13.7 0 137 0 1 1
2.3 14.1 0 138 0 1 1
2.3 14.5 0 117 0 1 1
2.3 14.9 0 131 0 1 1
2.3 15.1 0.2 137 0 1 5
2.3 15.2 0 127 0 1 1
2.3 19.2 0 152 0 1 1
2.3 19.5 0 145 0 1 1
2.3 19.7 0 90 0 1 1
2.4 6.7 -1.9 130 0 1 4
2.4 7.1 -1.9 139 0 1 4
2.4 11.9 0.1 47 0 1 3
2.4 12.9 0.2 109 0 1 3
2.4 13.3 0.1 78 0 1 3
2.4 14.4 0.1 130 0 1 5
2.5 3.4 -0.1 134 0 1 1
2.5 7.6 -1.7 129 0 1 4
2.5 8.1 -1.5 131 0 1 4
2.5 8.7 -1.1 135 0 1 4
2.5 10.5 -0.1 127 0 1 1
2.5 12.9 0.3 83 0 1 3
2.5 13.3 0.2 72 0 1 3
2.6 9.4 -0.7 129 0 1 4
2.6 9.9 -0.4 126 0 1 4
2.6 11.4 0.2 79 0 1 3
2.6 12.1 0.2 76 0 1 3
2.6 12.3 0.3 85 0 1 3
2.6 12.6 0.5 48 0 1 3
2.6 12.7 0.3 54 0 1 3
2.6 12.8 0.7 50 0 1 3
2.6 13 0.5 38 0 1 3
2.6 13.1 0.3 53 0 1 3
2.6 15.1 0.1 125 0 1 5
2.7 3.1 -0.1 92 0 1 1
2.7 3.4 -0.1 133 0 1 1
2.7 10.5 -0.1 116 0 1 1
2.7 10.9 -0.1 132 0 1 1
2.7 11.3 0 75 0 1 1
2.7 11.3 0.1 40 0 1 3
2.7 12.3 0.4 43 0 1 3
2.7 12.4 0.5 40 0 1 3
2.7 12.5 0.7 48 0 1 3
2.7 13.3 0.7 69 0 1 3
2.7 13.4 0.5 65 0 1 3
2.7 14.9 0 134 0 1 1
2.7 15.2 0 130 0 1 1
2.7 15.6 0 131 0 1 1
2.7 16 0 49 0 1 1
2.7 16.4 0 89 0 1 1
2.7 16.8 0 130 0 1 1
2.7 17.2 0 133 0 1 1
2.7 17.6 0 134 0 1 1
2.7 18 0 132 0 1 1
2.7 18.4 0 140 0 1 1
2.7 18.8 0 139 0 1 1
2.7 19.2 0 136 0 1 1
2.7 19.4 0 134 0 1 1
2.7 19.7 0 126 0 1 1
2.8 6.7 -1.9 140 0 1 4
2.8 7.1 -1.9 139 0 1 4
2.8 11.6 0.2 83 0 1 3
2.8 11.9 0.3 63 0 1 3
2.8 12.1 0.4 43 0 1 3
2.9 3.4 -0.1 140 0 1 1
2.9 7.6 -1.7 117 0 1 4
2.9 8.1 -1.5 140 0 1 4
2.9 8.7 -1.1 134 0 1 4
2.9 10.5 -0.1 115 0 1 1
2.9 11.4 0.3 89 0 1 3
2.9 12 0.6 42 0 1 3
3 9.4 -0.7 131 0 1 4
3 9.9 -0.4 133 0 1 4
3 11.3 0.3 47 0 1 3
3 11.4 0.6 47 0 1 3
3 11.5 0.5 48 0 1 3
3 11.5 0.7 47 0 1 3
3 11.6 0.6 50 0 1 3
3 11.6 0.8 41 0 1 3
3 11.7 0.4 48 0 1 3
3 11.8 0.7 47 0 1 3
3 12.6 1 105 0 1 3
3 12.9 1.1 74 0 1 3
3 13.4 1.1 74 0 1 3
3.1 3.4 -0.1 110 0 1 1
3.1 10.5 -0.1 132 0 1 1
3.1 16 0 132 0 1 1
3.1 16.4 0 127 0 1 1
3.1 16.8 0 131 0 1 1
3.1 17.2 0 130 0 1 1
3.1 17.6 0 109 0 1 1
3.1 18 0 134 0 1 1
3.1 18.4 0 140 0 1 1
3.1 18.8 0 135 0 1 1
3.1 19.2 0 127 0 1 1
3.1 19.4 0 126 0 1 1
3.1 19.7 0 114 0 1 1
3.2 6.4 -1.9 141 0 1 4
3.2 6.7 -1.9 139 0 1 4
3.2 7.1 -1.9 139 0 1 4
3.2 7.6 -1.7 98 0 1 4
3.2 11.3 0.6 46 0 1 3
3.2 11.3 0.8 85 0 1 3
3.2 11.5 0.9 99 0 1 3
3.2 11.7 0.9 84 0 1 3
3.2 11.9 0.9 73 0 1 3
3.2 12.7 1.1 111 0 1 3
3.3 3.4 -0.1 134 0 1 1
3.3 8.1 -1.5 108 0 1 4
3.3 8.7 -1.1 140 0 1 4
3.3 10.5 -0.1 112 0 1 1
3.3 12.9 1.2 104 0 1 3
3.3 13.2 1.2 87 0 1 3
3.4 9.4 -0.7 117 0 1 4
3.4 9.9 -0.4 136 0 1 4
3.4 11.9 1.1 104 0 1 3
3.4 12.2 1.1 103 0 1 3
3.4 12.5 1.2 102 0 1 3
3.4 12.9 1.2 125 0 1 3
3.5 3.4 -0.1 118 0 1 1
3.5 10.5 -0.1 77 0 1 4
3.5 10.6 -0.1 127 0 1 1
3.5 10.9 -0.1 149 0 1 1
3.5 11.6 1.1 101 0 1 3
3.5 17.6 0 133 0 1 1
3.5 18 0 125 0 1 1
3.5 18.4 0 122 0 1 1
3.5 18.8 0 127 0 1 1
3.5 19.2 0 125 0 1 1
3.5 19.4 0 126 0 1 1
3.5 19.6 0 107 0 1 1
3.6 6.4 -1.9 115 0 1 4
3.6 6.7 -1.9 128 0 1 4
3.6 7.1 -1.9 139 0 1 4
3.6 7.6 -1.7 145 0 1 4
3.6 10.5 -0.1 114 0 1 1
3.7 8.1 -1.5 143 0 1 4
3.7 8.7 -1.1 149 0 1 4
3.7 11.2 0.3 57 0 1 3
3.7 11.4 1 99 0 1 3
3.7 11.4 1.1 102 0 1 3
3.7 11.5 1.2 129 0 1 3
3.7 11.6 1.2 123 0 1 3
3.7 12.2 1.2 108 0 1 3
3.7 19.6 -0.1 105 0 1 1
3.8 9.4 -0.7 142 0 1 4
3.8 9.9 -0.4 127 0 1 4
3.8 10.5 -0.1 141 0 1 1
3.8 11.7 1.3 97 0 1 3
3.9 10.5 -0.1 136 0 1 4
3.9 19.6 -0.1 101 0 1 1
4 6.4 -1.9 135 0 1 4
4 6.7 -1.9 119 0 1 4
4 7.1 -1.9 148 0 1 4
4 7.6 -1.7 144 0 1 4
4 10.5 -0.1 137 0 1 1
4.1 8.1 -1.5 146 0 1 4
4.1 8.7 -1.1 125 0 1 4
4.1 11.2 0.5 72 0 1 3
4.1 11.3 0.9 94 0 1 3
4.1 11.5 1.1 106 0 1 3
4.1 11.5 1.2 145 0 1 3
4.1 11.6 1.2 122 0 1 3
4.2 9.4 -0.7 111 0 1 4
4.2 9.9 -0.4 132 0 1 4
4.2 10.5 -0.1 135 0 1 1
4.3 10.5 -0.1 145 0 1 4
4.3 10.9 -0.1 116 0 1 1
4.4 6.4 -1.9 83 0 1 4
4.4 6.7 -1.9 139 0 1 4
4.4 7.1 -1.9 149 0 1 4
4.4 7.6 -1.7 133 0 1 4
4.4 10.5 -0.1 140 0 1 1
4.5 8.1 -1.5 149 0 1 4
4.5 8.7 -1.1 149 0 1 4
4.5 11.3 0.7 100 0 1 3
4.5 11.4 0.9 111 0 1 3
4.5 11.5 1.2 108 0 1 3
4.6 9.4 -0.7 142 0 1 4
4.6 9.9 -0.4 143 0 1 4
4.6 10.5 -0.1 139 0 1 4
4.7 11.2 0.5 103 0 1 3
4.8 6.4 -1.9 138 0 1 4
4.8 6.7 -1.9 137 0 1 4
4.8 7.1 -1.9 149 0 1 4
4.8 7.6 -1.7 151 0 1 4
4.8 8.1 -1.5 145 0 1 4
4.8 10.5 -0.1 136 0 1 1
4.8 11.3 0.6 99 0 1 3
4.8 11.4 0.7 107 0 1 3
4.8 11.5 1 135 0 1 3
4.8 11.8 1.1 129 0 1 3
4.9 8.7 -1.1 147 0 1 4
4.9 11.6 1 151 0 1 3
5 9.4 -0.7 149 0 1 4
5 9.9 -0.4 143 0 1 4
5 10.5 -0.1 136 0 1 4
5 10.9 -0.1 124 0 1 1
5 11.1 0.3 110 0 1 3
5 11.2 0.4 124 0 1 3
5 11.3 0.5 99 0 1 3
5.1 11.1 0.1 92 0 1 3
5.1 11.4 0.6 91 0 1 3
5.1 12 1 100 0 1 3
5.2 6.4 -1.9 140 0 1 4
5.2 6.7 -1.9 128 0 1 4
5.2 7.1 -1.9 141 0 1 4
5.2 7.6 -1.7 147 0 1 4
5.2 8.1 -1.5 156 0 1 4
5.2 10.5 -0.1 133 0 1 1
5.2 11.4 0.7 107 0 1 3
5.2 11.5 0.8 134 0 1 3
5.2 11.7 0.9 152 0 1 3
5.2 11.8 1 152 0 1 3
5.3 8.7 -1.1 154 0 1 4
5.3 9.4 -0.7 143 0 1 4
5.3 11.3 0 67 0 1 3
5.3 11.3 0.2 93 0 1 3
5.3 11.4 0.4 74 0 1 3
5.3 11.8 0.9 152 0 1 3
5.3 12 1 148 0 1 3
5.3 12.1 1 145 0 1 3
5.4 9.9 -0.4 146 0 1 4
5.4 10.5 -0.1 138 0 1 1
5.4 11.3 0 149 0 1 1
5.4 11.4 0 60 0 1 3
5.4 11.4 0.2 62 0 1 3
5.4 11.9 0.9 117 0 1 3
5.4 12.1 0.9 121 0 1 3
5.4 12.2 1 130 0 1 3
5.5 11.4 0.4 90 0 1 3
5.6 6.4 -1.9 89 0 1 4
5.6 6.7 -1.9 122 0 1 4
5.6 7.1 -1.9 130 0 1 4
5.6 7.6 -1.7 129 0 1 4
5.6 8.1 -1.5 135 0 1 4
5.6 10.5 -0.1 131 0 1 1
5.6 11.4 0.1 128 0 1 3
5.6 11.7 0.7 114 0 1 3
5.6 12.2 0.8 148 0 1 3
5.7 8.7 -1.1 137 0 1 4
5.7 9.4 -0.7 139 0 1 4
5.7 11.5 0.4 121 0 1 3
5.8 9.9 -0.4 147 0 1 4
5.8 10.5 -0.1 122 0 1 1
5.8 10.9 -0.1 129 0 1 1
5.8 11.3 -0.1 107 0 1 1
5.8 11.6 0.2 95 0 1 3
5.8 11.7 0 132 0 1 1
6 6.1 -1.7 119 0 1 4
6 6.5 -1.7 120 0 1 4
6 6.9 -1.7 113 0 1 4
6 7.2 -1.7 113 0 1 4
6 7.7 -1.5 125 0 1 4
6 8.2 -1.3 135 0 1 4
6 10.5 -0.1 127 0 1 1
6.1 8.8 -1 140 0 1 4
6.1 9.4 -0.6 138 0 1 4
6.2 10 -0.4 146 0 1 4
6.2 10.5 -0.1 111 0 1 1
6.2 11.3 0 118 0 1 1
6.2 11.7 0 112 0 1 1
6.2 12.1 0 132 0 1 1
6.2 12.5 0 137 0 1 1
6.4 6.2 -1.5 79 0 1 4
6.4 6.4 -1.5 99 0 1 4
6.4 6.6 -1.5 95 0 1 4
6.4 6.8 -1.5 101 0 1 4
6.4 7 -1.5 102 0 1 4
6.4 7.2 -1.5 94 0 1 4
6.4 7.4 -1.5 100 0 1 4
6.4 7.6 -1.4 99 0 1 4
6.4 7.8 -1.3 116 0 1 4
6.4 8.1 -1.3 122 0 1 4
6.4 10.5 -0.1 114 0 1 1
6.5 8.3 -1.2 110 0 1 4
6.5 8.6 -1 126 0 1 4
6.5 8.9 -0.9 123 0 1 4
6.5 9.5 -0.6 136 0 1 4
6.6 10 -0.3 144 0 1 4
6.6 10.5 -0.1 134 0 1 1
6.6 10.9 -0.1 86 0 1 1
6.6 11.3 -0.1 107 0 1 1
6.6 11.7 0 133 0 1 1
6.6 12.1 0 132 0 1 1
6.6 12.5 0 137 0 1 1
6.6 12.9 0 141 0 1 1
6.6 13.3 0 120 0 1 1
6.7 9.2 -0.6 129 0 1 4
6.8 10.5 -0.1 139 0 1 1
6.9 6.8 -1.1 93 0 1 4
6.9 7.6 -1.1 95 0 1 4
6.9 8.5 -0.9 100 0 1 4
7 9.6 -0.4 128 0 1 4
7 10 -0.2 130 0 1 4
7 10.5 -0.1 125 0 1 1
7 11.3 0 132 0 1 1
7 11.7 0 125 0 1 1
7 12.1 0 140 0 1 1
7 12.5 0 135 0 1 1
7 12.9 0 147 0 1 1
7 13.3 0 147 0 1 1
7 13.7 0 117 0 1 1
7 14.1 0 107 0 1 1
7.2 9.6 -0.3 106 0 1 4
7.2 10.5 -0.1 121 0 1 1
7.3 7.4 -0.7 93 0 1 1
7.3 7.8 -0.7 93 0 1 1
7.3 8.2 -0.6 114 0 1 1
7.3 8.7 -0.6 97 0 1 1
7.4 7.7 -0.3 101 0 1 5
7.4 9.2 -0.4 104 0 1 1
7.4 9.7 -0.2 116 0 1 1
7.4 9.9 -0.2 103 0 1 1
7.4 10.1 -0.1 131 0 1 1
7.4 10.3 -0.1 124 0 1 1
7.4 10.5 0 135 0 1 1
7.4 10.9 0 130 0 1 1
7.4 11.3 0 132 0 1 1
7.4 11.7 0 140 0 1 1
7.4 12.1 0 141 0 1 1
7.4 12.5 0 140 0 1 1
7.4 12.9 0 147 0 1 1
7.4 13.3 0 145 0 1 1
7.4 13.7 0 125 0 1 1
7.4 14.1 0 113 0 1 1
7.4 14.5 0 133 0 1 1
7.5 7.4 -0.2 104 0 1 5
7.5 8.9 -0.4 117 0 1 5
7.6 8 -0.3 95 0 1 5
7.6 8.3 -0.3 111 0 1 5
7.6 8.6 -0.4 117 0 1 5
7.7 7.6 -0.4 66 0 1 1
7.7 7.7 -0.2 118 0 1 5
7.7 8 -0.4 107 0 1 1
7.7 8.4 -0.4 81 0 1 1
7.8 8.3 -0.3 111 0 1 5
7.8 8.8 -0.3 104 0 1 1
7.8 9.3 -0.2 93 0 1 1
7.8 9.7 -0.1 130 0 1 1
7.8 10.5 0 137 0 1 1
7.8 10.9 0 135 0 1 1
7.8 11.3 0 136 0 1 1
7.8 11.7 0 141 0 1 1
7.8 12.1 0 146 0 1 1
7.8 12.5 0 141 0 1 1
7.8 12.9 0 142 0 1 1
7.8 13.3 0 149 0 1 1
7.8 13.7 0 138 0 1 1
7.8 14.1 0 128 0 1 1
7.8 14.5 0 138 0 1 1
7.8 14.9 0 143 0 1 1
7.8 15.2 0 140 0 1 1
7.8 15.6 0 123 0 1 1
7.9 7.8 -0.2 108 0 1 5
7.9 8 -0.2 108 0 1 5
7.9 12.3 0.1 61 0 1 3
8.1 8.1 -0.2 112 0 1 5
8.1 11.8 0 75 0 1 3
8.1 11.8 0.3 47 0 1 3
8.2 8.1 -0.1 132 0 1 1
8.2 8.5 -0.1 105 0 1 1
8.2 8.9 -0.1 112 0 1 1
8.2 9.4 -0.1 86 0 1 1
8.2 9.8 0 116 0 1 1
8.2 10.1 0 137 0 1 1
8.2 10.5 0 138 0 1 1
8.2 10.9 0 136 0 1 1
8.2 11.3 0 115 0 1 1
8.2 11.5 0 109 0 1 3
8.2 11.7 0.1 45 0 1 3
8.2 12 0.2 47 0 1 3
8.2 12 0.5 39 0 1 3
8.2 12.4 0.2 113 0 1 3
8.2 12.7 0.2 98 0 1 3
8.2 12.8 0 112 0 1 3
8.2 12.9 0 131 0 1 1
8.2 13.3 0 131 0 1 1
8.2 13.7 0 120 0 1 1
8.2 14.1 0 143 0 1 1
8.2 14.5 0 136 0 1 1
8.2 14.9 0 137 0 1 1
8.2 15.2 0 150 0 1 1
8.2 15.6 0 134 0 1 1
8.2 16 0 148 0 1 1
8.2 16.4 0 136 0 1 1
8.3 11.7 0.6 49 0 1 3
8.4 11.5 0.1 54 0 1 3
8.4 12.1 0.9 87 0 1 3
8.4 12.6 0.7 52 0 1 3
8.5 8.4 0 119 0 1 5
8.5 11.2 0 94 0 1 3
8.5 11.4 0.3 20 0 1 3
8.5 12.7 0.3 45 0 1 3
8.5 13.1 0.2 78 0 1 3
8.6 9 -0.1 137 0 1 1
8.6 9.4 -0.1 103 0 1 1
8.6 9.8 0 138 0 1 1
8.6 10.1 0 139 0 1 1
8.6 10.5 0 136 0 1 1
8.6 10.9 0 132 0 1 1
8.6 11.3 0.1 77 0 1 3
8.6 12.6 1 82 0 1 3
8.6 13.7 0 136 0 1 1
8.6 14.1 0 148 0 1 1
8.6 14.5 0 141 0 1 1
8.6 14.9 0 146 0 1 1
8.6 15.2 0 148 0 1 1
8.6 15.6 0 134 0 1 1
8.6 16 0 150 0 1 1
8.6 16.4 0 131 0 1 1
8.6 16.8 0 140 0 1 1
8.6 17.2 0 134 0 1 1
8.6 17.6 0 129 0 1 1
8.7 8.7 0 113 0 1 5
8.7 11.3 0.5 69 0 1 3
8.7 12.2 1.1 136 0 1 3
8.7 13.4 0.4 49 0 1 3
8.8 11.2 0.1 87 0 1 3
8.8 11.8 1 119 0 1 3
8.9 9 0 128 0 1 5
8.9 10.5 0 124 0 1 5
8.9 10.8 0 127 0 1 5
8.9 13.3 0.9 89 0 1 3
9 9.4 0 125 0 1 1
9 9.8 0 143 0 1 1
9 10.1 0 141 0 1 1
9 11.2 0.3 53 0 1 3
9 12 1.1 140 0 1 3
9 14.1 0 143 0 1 1
9 14.5 0 140 0 1 1
9 14.9 0 144 0 1 1
9 15.2 0 137 0 1 1
9 15.6 0 122 0 1 1
9 16 0 142 0 1 1
9 16.4 0 122 0 1 1
9 16.8 0 124 0 1 1
9 17.2 0 129 0 1 1
9 17.6 0 131 0 1 1
9 17.7 0 94 0 1 1
9.1 9.1 0 125 0 1 5
9.1 10.8 0 145 0 1 5
9.1 11.3 0.5 104 0 1 3
9.1 11.6 0.9 165 0 1 3
9.1 12.2 1.1 90 0 1 3
9.1 17.6 0 122 0 1 1
9.1 17.7 0 124 0 1 1
9.2 10.2 0 135 0 1 5
9.2 10.5 0 126 0 1 5
9.2 11.1 0.2 141 0 1 3
9.2 11.2 0.3 80 0 1 3
9.2 11.9 1 163 0 1 3
9.2 14 0.6 79 0 1 3
9.2 17.6 0 101 0 1 1
9.3 11.1 0.1 102 0 1 5
9.3 11.2 0.2 84 0 1 3
9.4 9.4 0 132 0 1 1
9.4 9.8 0 139 0 1 1
9.4 10.1 0 120 0 1 1
9.4 10.3 0 134 0 1 5
9.4 10.6 0.1 130 0 1 5
9.4 10.8 0.1 128 0 1 5
9.4 14.5 0 65 0 1 1
9.4 14.5 0.3 68 0 1 3
9.4 14.9 0 138 0 1 1
9.4 15.2 0 130 0 1 1
9.4 15.6 0 142 0 1 1
9.4 16 0 146 0 1 1
9.4 16.4 0 133 0 1 1
9.4 16.8 0 129 0 1 1
9.5 11.2 0.3 75 0 1 3
9.5 12 1.1 129 0 1 3
9.5 17.4 0 114 0 1 1
9.6 10.6 0.1 132 0 1 5
9.6 10.9 0.2 129 0 1 5
9.7 10.3 0 151 0 1 5
9.7 11.2 0.4 92 0 1 3
9.8 9.8 0 132 0 1 1
9.8 10.1 0 132 0 1 1
9.8 10.9 0.2 132 0 1 5
9.8 11.8 1 158 0 1 3
9.8 15.2 0 105 0 1 1
9.8 15.6 0 143 0 1 1
9.8 16 0 136 0 1 1
9.8 16.4 0 136 0 1 1
9.8 16.8 0 129 0 1 1
9.8 17.1 0 133 0 1 1
9.8 17.3 0 117 0 1 1
9.9 10.3 0 147 0 1 5
9.9 10.6 0.1 140 0 1 5
9.9 11.4 0.8 103 0 1 3
9.9 12.1 1.2 94 0 1 3
10 11.2 0.5 61 0 1 3
10.1 10.4 0.1 155 0 1 5
10.1 10.6 0.2 137 0 1 5
10.1 10.9 0.3 146 0 1 5
10.1 11.1 0.4 47 0 1 3
10.1 11.1 0.6 53 0 1 3
10.1 11.3 0.8 113 0 1 3
10.1 11.6 1 144 0 1 3
10.1 15.6 0 138 0 1 1
10.1 16 0 136 0 1 1
10.1 16.4 0 118 0 1 1
10.1 16.8 0 138 0 1 1
10.1 17 0 139 0 1 1
10.1 17.1 0 104 0 1 1
10.2 10.1 0 137 0 1 5
10.3 10.7 0.2 140 0 1 5
10.3 11 0.3 143 0 1 5
10.3 11 0.6 90 0 1 3
10.3 11.3 0.8 155 0 1 3
10.3 11.6 1 162 0 1 3
10.4 10.4 0.1 153 0 1 5
10.4 11 0.4 83 0 1 3
10.4 11.9 1.2 97 0 1 3
10.5 11 0.4 146 0 1 5
10.5 11.1 0.7 89 0 1 3
10.5 16.4 0 147 0 1 1
10.5 16.8 0 134 0 1 1
10.6 10.7 0.3 145 0 1 5
10.6 11.1 0.5 131 0 1 3
10.6 11.7 1.1 147 0 1 3
10.6 16.8 0 123 0 1 1
10.7 11 0.4 149 0 1 5
10.7 11.6 0.9 127 0 1 3
10.7 16.8 0 110 0 1 1
10.8 10.7 0.3 130 0 1 5
10.9 11.3 0.5 102 0 1 5
10.9 16.7 -0.1 48 0 1 1
11 11.1 0.4 133 0 1 5
11.2 11.4 0.5 89 0 1 5
11.4 11.4 0.5 122 0 1 5
