-2.4 -19.8 0 64 0 1 1
-2.4 -19.5 0 67 0 1 1
-2.4 -19.3 0 137 0 1 1
-2.3 -14.9 0.7 122 0 1 5
-2.2 -14.5 0.6 110 0 1 5
-2.1 -15.1 0.4 126 0 1 5
-2.1 -13.7 0.7 132 0 1 5
-2 -19.8 0 68 0 1 1
-2 -19.6 0 63 0 1 1
-2 -19.3 0 106 0 1 1
-2 -18.9 0 135 0 1 1
-2 -18.5 0 130 0 1 1
-2 -18.1 0 134 0 1 1
-2 -14.2 0.6 136 0 1 5
-2 -12.8 0.6 127 0 1 5
-1.9 -14.8 0.4 137 0 1 5
-1.9 -13.3 0.5 133 0 1 5
-1.9 -11.9 0.4 144 0 1 5
-1.8 -13.9 0.5 125 0 1 5
-1.8 -12.4 0.4 140 0 1 5
-1.8 -11.5 0.2 140 0 1 5
-1.7 -14.5 0.4 128 0 1 5
-1.7 -13 0.4 141 0 1 5
-1.7 -12.1 0.2 144 0 1 5
-1.7 -10.7 0 137 0 1 5
-1.6 -19.9 0 68 0 1 1
-1.6 -19.6 0 67 0 1 1
-1.6 -19.3 0 102 0 1 1
-1.6 -18.9 0 118 0 1 1
-1.6 -18.5 0 132 0 1 1
-1.6 -18.1 0 122 0 1 1
-1.6 -17.7 0 130 0 1 1
-1.6 -17.3 0 130 0 1 1
-1.6 -16.9 0 120 0 1 1
-1.6 -15 0.2 130 0 1 5
-1.6 -13.6 0.4 130 0 1 5
-1.6 -11.2 0 140 0 1 5
-1.6 -10.6 0 119 0 1 1
-1.6 -10.2 0 134 0 1 1
-1.6 -9.9 0 133 0 1 1
-1.5 -14.1 0.3 123 0 1 5
-1.5 -12.7 0.3 135 0 1 5
-1.5 -11.8 0.1 131 0 1 5
-1.4 -14.7 0.2 127 0 1 5
-1.4 -13.2 0.3 136 0 1 5
-1.4 -12.4 0.1 137 0 1 5
-1.4 -9 -0.2 131 0 1 1
-1.3 -15.3 0 126 0 1 5
-1.3 -13.8 0.2 134 0 1 5
-1.3 -12.9 0.1 136 0 1 5
-1.2 -19.9 0 85 0 1 1
-1.2 -19.6 0 128 0 1 1
-1.2 -19.3 0 122 0 1 1
-1.2 -18.9 0 129 0 1 1
-1.2 -18.5 0 135 0 1 1
-1.2 -18.1 0 121 0 1 1
-1.2 -17.7 0 130 0 1 1
-1.2 -17.3 0 130 0 1 1
-1.2 -16.9 0 126 0 1 1
-1.2 -16.5 0 126 0 1 1
-1.2 -16.1 0 123 0 1 1
-1.2 -15.7 0 121 0 1 1
-1.2 -14.4 0.1 133 0 1 5
-1.2 -13.5 0.1 117 0 1 5
-1.2 -12.2 0 139 0 1 1
-1.2 -11.8 0 119 0 1 1
-1.2 -11.4 0 130 0 1 1
-1.2 -11 0 140 0 1 1
-1.2 -10.6 0 131 0 1 1
-1.2 -10.2 0 126 0 1 1
-1.2 -9.9 0 138 0 1 1
-1.2 -9.4 -0.1 134 0 1 1
-1.2 -9 -0.2 127 0 1 1
-1.2 -8.2 -0.6 136 0 1 4
-1.1 -14.9 0 129 0 1 5
-1.1 -14.1 0.1 137 0 1 5
-1.1 -12.6 -0.1 128 0 1 5
-1 -14.6 0 134 0 1 5
-1 -13.2 0 136 0 1 5
-1 -9 -0.2 127 0 1 1
-1 -5.8 -0.2 120 0 1 1
-0.9 -15.4 0.5 64 0 1 3
-0.9 -15.3 0.8 57 0 1 3
-0.9 -15.2 0.5 61 0 1 3
-0.9 -13.7 -0.1 129 0 1 5
-0.8 -17.3 0 99 0 1 1
-0.8 -16.9 0 126 0 1 1
-0.8 -16.5 0 127 0 1 1
-0.8 -16.1 0 137 0 1 1
-0.8 -15.7 0 133 0 1 1
-0.8 -15.3 0 102 0 1 1
-0.8 -15.1 0.8 45 0 1 3
-0.8 -15 0 110 0 1 1
-0.8 -14.6 0 121 0 1 1
-0.8 -14.2 0 116 0 1 1
-0.8 -13.8 0 125 0 1 1
-0.8 -13.4 0 137 0 1 1
-0.8 -13 0 131 0 1 1
-0.8 -12.6 0 136 0 1 1
-0.8 -12.2 0 127 0 1 1
-0.8 -11.8 0 129 0 1 1
-0.8 -11.4 0 131 0 1 1
-0.8 -11 0 138 0 1 1
-0.8 -10.6 0 128 0 1 1
-0.8 -10.2 0 131 0 1 1
-0.8 -9.9 0 142 0 1 1
-0.8 -9 -0.2 134 0 1 1
-0.8 -8.2 -0.6 128 0 1 4
-0.8 -5.8 -0.2 127 0 1 1
-0.8 -5.1 0 133 0 1 1
-0.8 -4.8 0 126 0 1 1
-0.7 -15.4 1.1 70 0 1 3
-0.7 -15.1 0.2 99 0 1 3
-0.7 -15.1 0.4 48 0 1 3
-0.7 -15.1 0.6 43 0 1 3
-0.7 -14.9 0.6 44 0 1 3
-0.7 -14.6 0.5 48 0 1 3
-0.6 -15 0.8 37 0 1 3
-0.6 -14.9 0.3 54 0 1 3
-0.6 -14.6 0.2 52 0 1 3
-0.6 -9 -0.2 106 0 1 1
-0.6 -5.8 -0.2 137 0 1 1
-0.5 -14.9 1.1 60 0 1 3
-0.5 -14.7 0.1 99 0 1 3
-0.5 -14.7 0.9 50 0 1 3
-0.5 -14.6 0.6 66 0 1 3
-0.4 -15.2 1.3 77 0 1 3
-0.4 -15 0 97 0 1 1
-0.4 -14.6 0 130 0 1 1
-0.4 -14.5 0.1 78 0 1 3
-0.4 -14.4 0.2 45 0 1 3
-0.4 -14.2 0 129 0 1 1
-0.4 -13.8 0 130 0 1 1
-0.4 -13.4 0 136 0 1 1
-0.4 -13 0 132 0 1 1
-0.4 -12.6 0 136 0 1 1
-0.4 -12.2 0 134 0 1 1
-0.4 -11.8 0 129 0 1 1
-0.4 -11.4 0 132 0 1 1
-0.4 -11 0 134 0 1 1
-0.4 -10.6 0 109 0 1 1
-0.4 -10.2 0 128 0 1 1
-0.4 -9.9 0 147 0 1 1
-0.4 -9.4 -0.1 140 0 1 1
-0.4 -9 -0.2 133 0 1 1
-0.4 -8.2 -0.6 132 0 1 4
-0.4 -5.8 -0.2 125 0 1 1
-0.4 -5.5 -0.1 123 0 1 1
-0.4 -5.1 0 120 0 1 1
-0.4 -4.8 0 130 0 1 1
-0.4 -4.4 0 122 0 1 1
-0.2 -9 -0.2 131 0 1 1
-0.2 -5.8 -0.2 123 0 1 1
-0.1 -15.4 1.4 105 0 1 3
0 -14.4 1.1 76 0 1 3
-0.1 -14.3 0 55 0 1 3
-0.1 -14.2 0 134 0 1 1
-0.1 -14.2 0.3 50 0 1 3
-0.1 -13.8 0 92 0 1 1
-0.1 -13.4 0 127 0 1 1
-0.1 -13 0 128 0 1 1
-0.1 -12.6 0 92 0 1 1
-0.1 -12.2 0 120 0 1 1
-0.1 -11.8 0 131 0 1 1
-0.1 -11.4 0 118 0 1 1
-0.1 -11 0 79 0 1 1
-0.1 -9.9 0 59 0 1 1
-0.1 -9.8 0 115 0 1 2
-0.1 -9.8 0.1 99 0 1 2
-0.1 -9.7 0 51 0 1 2
0 -9.7 0.2 90 0 1 2
0 -9.6 0 53 0 1 2
-0.1 -9.6 0.1 51 0 1 2
-0.1 -9.6 0.2 90 0 1 2
0 -9.5 0 54 0 1 2
-0.1 -9.5 0.1 43 0 1 2
0 -9 -0.2 129 0 1 1
0 -8.2 -0.6 117 0 1 4
0 -5.8 -0.2 130 0 1 1
-0.1 -5.1 0 111 0 1 1
-0.1 -4.8 0 126 0 1 1
-0.1 -4.4 0 120 0 1 1
0 -4.2 0 67 0 1 2
0 -4.1 0 87 0 1 2
-0.1 -4 0 84 0 1 1
0.1 -14.6 1.5 95 0 1 3
0.1 -9.9 0.2 102 0 1 2
0.1 -9.7 0 118 0 1 2
0.1 -9.6 0 52 0 1 2
0.1 -9.5 0.2 119 0 1 2
0.1 -9.4 0 50 0 1 2
0.1 -4.3 0 75 0 1 2
0.1 -4 0 47 0 1 2
0.1 -4 0.1 89 0 1 2
0.1 -3.9 0 47 0 1 2
0.2 -9.6 -0.1 80 0 1 2
0.2 -9 -0.2 136 0 1 1
0.2 -5.8 -0.2 125 0 1 1
0.2 -4.4 0.1 131 0 1 2
0.2 -3.9 0.1 93 0 1 2
0.2 -3.8 0.1 72 0 1 2
0.3 -13.8 0 97 0 1 1
0.3 -13.4 0 81 0 1 1
0.3 -13 0 113 0 1 1
0.3 -12.6 0 134 0 1 1
0.3 -12.2 0 132 0 1 1
0.3 -11.8 0 130 0 1 1
0.3 -11.4 0 90 0 1 1
0.3 -9.9 0.2 118 0 1 2
0.3 -9.7 0.2 127 0 1 2
0.3 -9.6 0.2 135 0 1 2
0.3 -9.5 0.2 106 0 1 2
0.3 -9.4 -0.1 135 0 1 1
0.3 -5.5 -0.1 128 0 1 1
0.3 -5.1 0 127 0 1 1
0.3 -4.8 0 132 0 1 1
0.3 -3.9 0.2 111 0 1 2
0.3 -3.8 0 45 0 1 2
0.3 -3.8 0.1 91 0 1 2
0.3 -3.6 0 136 0 1 1
0.4 -9.8 0.1 118 0 1 2
0.4 -9.8 0.2 114 0 1 2
0.4 -9.7 0.1 136 0 1 2
0.4 -9.6 0 77 0 1 2
0.4 -9.6 0.2 137 0 1 2
0.4 -9.5 0 97 0 1 2
0.4 -9.5 0.1 131 0 1 2
0.4 -9.5 0.2 126 0 1 2
0.4 -9 -0.2 127 0 1 1
0.4 -8.2 -0.6 132 0 1 4
0.4 -5.8 -0.2 102 0 1 1
0.4 -3.8 0 66 0 1 2
0.5 -9.8 0 112 0 1 2
0.5 -9.8 0.1 137 0 1 2
0.5 -9.7 0 87 0 1 2
0.5 -9.7 0.1 134 0 1 2
0.5 -9.6 0 62 0 1 2
0.5 -9.5 0 95 0 1 2
0.5 -9 -0.2 135 0 1 1
0.5 -5.8 -0.2 88 0 1 1
0.5 -4.5 0.1 116 0 1 2
0.5 -4.3 0.2 118 0 1 2
0.5 -4 0.2 104 0 1 2
0.6 -13.9 0 54 0 1 3
0.6 -13.9 0.6 61 0 1 3
0.6 -4.4 0.1 124 0 1 2
0.6 -4.1 0.2 134 0 1 2
0.7 -14.1 1.4 99 0 1 3
0.7 -13.8 0 74 0 1 1
0.7 -13.4 0 123 0 1 1
0.7 -13 0 121 0 1 1
0.7 -12.6 0 137 0 1 1
0.7 -12.2 0 130 0 1 1
0.7 -11.8 0 130 0 1 1
0.7 -11.4 0 113 0 1 1
0.7 -11 0 71 0 1 1
0.7 -10.6 0 132 0 1 1
0.7 -10.2 0 133 0 1 1
0.7 -9.9 0 88 0 1 1
0.7 -9 -0.2 122 0 1 1
0.7 -5.8 -0.2 102 0 1 1
0.7 -5.1 0 101 0 1 1
0.7 -4.8 0 133 0 1 1
0.7 -4.4 0.1 129 0 1 2
0.7 -4 0 114 0 1 1
0.7 -4 0.2 126 0 1 2
0.7 -3.6 0 144 0 1 1
0.7 -3.2 0 143 0 1 1
0.8 -14.4 1.6 125 0 1 3
0.8 -14.2 1.6 136 0 1 3
0.8 -8.2 -0.6 134 0 1 4
0.8 -4.3 0 130 0 1 2
0.8 -4 0 93 0 1 2
0.8 -4 0.1 134 0 1 2
0.9 -9 -0.2 130 0 1 1
0.9 -5.8 -0.2 119 0 1 1
0.9 -4.1 0.1 126 0 1 2
1 -14.2 1.5 138 0 1 3
1 -13.7 1 81 0 1 3
1.1 -13.7 1.2 121 0 1 3
1.1 -13.4 0 132 0 1 1
1.1 -13 0 130 0 1 1
1.1 -12.6 0 127 0 1 1
1.1 -12.2 0 123 0 1 1
1.1 -11.8 0 126 0 1 1
1.1 -11.4 0 60 0 1 1
1.1 -11 0 81 0 1 1
1.1 -10.6 0 114 0 1 1
1.1 -10.2 0 105 0 1 1
1.1 -9.9 0 126 0 1 1
1.1 -9.4 -0.1 141 0 1 1
1.1 -9 -0.2 125 0 1 1
1.1 -5.8 -0.2 128 0 1 1
1.1 -5.5 -0.1 117 0 1 1
1.1 -5.1 0 134 0 1 1
1.1 -4.8 0 131 0 1 1
1.1 -4.4 0 115 0 1 1
1.1 -4 0 129 0 1 1
1.1 -3.6 0 139 0 1 1
1.1 -3.2 0 135 0 1 1
1.2 -14.8 1.6 82 0 1 3
1.2 -14.3 1.5 140 0 1 3
1.2 -14 1.3 141 0 1 3
1.2 -13.6 0.2 48 0 1 3
1.2 -8.2 -0.6 128 0 1 4
1.3 -14.1 1.3 142 0 1 3
1.3 -13.8 0.8 130 0 1 3
1.3 -13.8 1.1 133 0 1 3
1.3 -13.7 1 125 0 1 3
1.3 -13.6 0.7 89 0 1 3
1.3 -13.5 0 62 0 1 3
1.3 -9 -0.2 139 0 1 1
1.3 -5.8 -0.2 134 0 1 1
1.4 -14.6 1.5 112 0 1 3
1.4 -14.2 1.3 138 0 1 3
1.4 -13.9 1 127 0 1 3
1.4 -13.9 1.2 100 0 1 3
1.4 -13.6 0.7 139 0 1 3
1.5 -14.9 1.6 108 0 1 3
1.5 -14 1.1 126 0 1 3
1.5 -13.9 0.8 133 0 1 3
1.5 -13.7 -0.1 108 0 1 3
1.5 -13.5 0.2 50 0 1 3
1.5 -13.5 0.5 75 0 1 3
1.5 -13.4 0 106 0 1 1
1.5 -13 0 127 0 1 1
1.5 -12.6 0 134 0 1 1
1.5 -12.2 0 134 0 1 1
1.5 -11.8 0 125 0 1 1
1.5 -11.4 0 92 0 1 1
1.5 -11 0 99 0 1 1
1.5 -10.6 0 127 0 1 1
1.5 -10.2 0 125 0 1 1
1.5 -9.9 0 134 0 1 1
1.5 -9 -0.2 138 0 1 1
1.5 -5.8 -0.2 126 0 1 1
1.5 -5.1 0 128 0 1 1
1.5 -4.8 0 134 0 1 1
1.5 -4.4 0 120 0 1 1
1.5 -4 0 142 0 1 1
1.5 -3.6 0 124 0 1 1
1.5 -3.2 0 128 0 1 1
1.5 -2.8 0 141 0 1 1
1.6 -13.8 0.6 133 0 1 3
1.6 -13.5 0.1 41 0 1 3
1.6 -13.5 0.5 145 0 1 3
1.6 -8.2 -0.6 139 0 1 4
1.7 -14.2 1 132 0 1 3
1.7 -14 0.7 137 0 1 3
1.7 -13.4 0.3 80 0 1 3
1.7 -9 -0.2 136 0 1 1
1.7 -5.8 -0.2 131 0 1 1
1.8 -15.2 1.6 141 0 1 3
1.8 -14.9 1.5 139 0 1 3
1.8 -13.7 0.1 42 0 1 3
1.9 -15.1 1.6 99 0 1 3
1.9 -14.2 0.8 125 0 1 3
1.9 -13.9 0 45 0 1 3
1.9 -13.8 0 134 0 1 1
1.9 -13.4 0 105 0 1 1
1.9 -13 0 118 0 1 1
1.9 -12.6 0 132 0 1 1
1.9 -12.2 0 133 0 1 1
1.9 -11.8 0 134 0 1 1
1.9 -11.4 0 106 0 1 1
1.9 -11 0 119 0 1 1
1.9 -10.6 0 129 0 1 1
1.9 -10.2 0 130 0 1 1
1.9 -9.9 0 136 0 1 1
1.9 -9.4 -0.1 133 0 1 1
1.9 -9 -0.2 137 0 1 1
1.9 -8.2 -0.6 133 0 1 4
1.9 -5.8 -0.2 130 0 1 1
1.9 -5.5 -0.1 122 0 1 1
1.9 -5.1 0 133 0 1 1
1.9 -4.8 0 126 0 1 1
1.9 -4.4 0 128 0 1 1
1.9 -4 0 133 0 1 1
1.9 -3.6 0 97 0 1 1
1.9 -3.2 0 137 0 1 1
1.9 -2.8 0 130 0 1 1
1.9 -2.6 -0.1 135 0 1 1
2 -14.7 1.4 141 0 1 3
2 -14.3 0.8 111 0 1 3
2 -14.1 0.6 132 0 1 3
2 -14 0.1 42 0 1 3
2 -13.9 0.2 43 0 1 3
2 -13.8 0.5 129 0 1 3
2 -13.7 0.3 84 0 1 3
2.1 -15.3 1.5 101 0 1 3
2.1 -14.4 1.1 142 0 1 3
2.1 -14.3 0.7 140 0 1 3
2.1 -14.3 0.9 128 0 1 3
2.1 -9 -0.2 137 0 1 1
2.1 -5.8 -0.2 119 0 1 1
2.1 -2.8 -0.1 141 0 1 1
2.2 -15 1.5 122 0 1 3
2.2 -13.9 0.2 83 0 1 3
2.3 -14.5 0.9 125 0 1 3
2.3 -14 0.6 137 0 1 3
2.3 -13.8 0 71 0 1 1
2.3 -13.4 0 69 0 1 1
2.3 -13 0 129 0 1 1
2.3 -12.6 0 133 0 1 1
2.3 -12.2 0 129 0 1 1
2.3 -11.8 0 127 0 1 1
2.3 -11.4 0 130 0 1 1
2.3 -11 0 133 0 1 1
2.3 -10.6 0 132 0 1 1
2.3 -10.2 0 131 0 1 1
2.3 -9.9 0 143 0 1 1
2.3 -9 -0.2 129 0 1 1
2.3 -8.2 -0.6 143 0 1 4
2.3 -5.8 -0.2 127 0 1 1
2.3 -5.1 0 131 0 1 1
2.3 -4.8 0 128 0 1 1
2.3 -4.4 0 125 0 1 1
2.3 -4 0 104 0 1 1
2.3 -3.6 0 112 0 1 1
2.3 -2.8 -0.1 131 0 1 1
2.4 -15.4 1.4 84 0 1 3
2.4 -14.7 1.1 133 0 1 3
2.4 -14.5 0.7 135 0 1 3
2.4 -11.6 0 115 0 1 5
2.4 -4 0.1 122 0 1 2
2.5 -14.8 0.9 82 0 1 3
2.5 -14.7 0.7 131 0 1 3
2.5 -14 0 73 0 1 3
2.5 -13.9 0.1 85 0 1 3
2.5 -12.3 0 120 0 1 5
2.5 -11.1 0 113 0 1 5
2.5 -9 -0.2 132 0 1 1
2.5 -5.8 -0.2 131 0 1 1
2.5 -4.1 0.1 121 0 1 2
2.5 -4 0 101 0 1 2
2.5 -4 0.1 77 0 1 2
2.5 -3.9 0 49 0 1 2
2.5 -3.9 0.1 44 0 1 2
2.5 -3.9 0.2 105 0 1 2
2.5 -3.8 0.1 43 0 1 2
2.5 -3.8 0.2 93 0 1 2
2.5 -3.7 0 45 0 1 2
2.5 -3.7 0.1 62 0 1 2
2.5 -2.8 -0.2 136 0 1 1
2.6 -15.1 1.1 104 0 1 3
2.6 -14.9 0.7 136 0 1 3
2.6 -14.6 0.6 138 0 1 3
2.6 -14.1 0.4 124 0 1 3
2.6 -11.9 0.1 96 0 1 5
2.6 -10.7 0 119 0 1 5
2.6 -4.1 0.2 109 0 1 2
2.6 -3.8 0 104 0 1 2
2.6 -3.7 0 83 0 1 2
2.6 -3.7 0.1 70 0 1 2
2.6 -3.7 0.2 126 0 1 2
2.7 -15.3 0.6 84 0 1 3
2.7 -15.2 0.7 123 0 1 3
2.7 -15.2 0.8 79 0 1 3
2.7 -15 0.5 135 0 1 3
2.7 -14.2 0 127 0 1 1
2.7 -13.8 0 73 0 1 1
2.7 -13.4 0 126 0 1 1
2.7 -13 0 127 0 1 1
2.7 -11.4 0.1 115 0 1 5
2.7 -10.2 0 119 0 1 1
2.7 -9.9 0 126 0 1 1
2.7 -9.4 -0.1 132 0 1 1
2.7 -9 -0.2 123 0 1 1
2.7 -8.2 -0.6 141 0 1 4
2.7 -5.8 -0.2 135 0 1 1
2.7 -5.5 -0.1 135 0 1 1
2.7 -5.1 0 133 0 1 1
2.7 -4.8 0 138 0 1 1
2.7 -3.6 0 133 0 1 1
2.7 -3.2 -0.1 133 0 1 1
2.7 -2.8 -0.2 117 0 1 1
2.8 -15.4 0.5 109 0 1 3
2.8 -15 0.5 131 0 1 3
2.8 -14.7 0.5 95 0 1 3
2.8 -14.4 0.4 134 0 1 3
2.8 -14.2 0.1 98 0 1 3
2.8 -12.6 0 114 0 1 5
2.8 -11 0.1 102 0 1 5
2.8 -3.7 0.2 117 0 1 2
2.9 -14.5 0.2 126 0 1 3
2.9 -12.2 0.1 116 0 1 5
2.9 -10.5 0.1 94 0 1 5
2.9 -9 -0.2 132 0 1 1
2.9 -5.8 -0.2 92 0 1 1
2.9 -4.1 0.2 131 0 1 2
2.9 -4 0.2 143 0 1 2
2.9 -3.9 0.2 135 0 1 2
2.9 -3.8 0.2 140 0 1 2
2.9 -2.8 -0.2 129 0 1 1
3 -15.3 0.3 123 0 1 3
3 -14.6 0 101 0 1 3
3 -12.9 0.1 112 0 1 5
3 -11.7 0.2 122 0 1 5
3 -10.1 0 119 0 1 5
3 -4 0.1 136 0 1 2
3 -3.7 0 87 0 1 2
3 -3.7 0.2 119 0 1 2
3.1 -15.1 0 133 0 1 3
3.1 -15 0 67 0 1 1
3.1 -14.6 0 84 0 1 1
3.1 -14.2 0 125 0 1 1
3.1 -13.8 0 101 0 1 1
3.1 -13.4 0 119 0 1 1
3.1 -12.5 0.2 120 0 1 5
3.1 -11.3 0.2 98 0 1 5
3.1 -9.6 0 120 0 1 5
3.1 -9 -0.1 133 0 1 1
3.1 -8.4 -0.3 132 0 1 4
3.1 -7.8 -0.6 74 0 1 4
3.1 -7.5 -0.6 86 0 1 4
3.1 -7.1 -0.6 76 0 1 4
3.1 -5.9 -0.1 75 0 1 1
3.1 -5.1 0 125 0 1 1
3.1 -4.8 0 134 0 1 1
3.1 -3.7 0 126 0 1 2
3.1 -3.6 0 111 0 1 1
3.1 -2.8 -0.2 104 0 1 1
3.2 -13.2 0.1 107 0 1 5
3.2 -12 0.3 122 0 1 5
3.2 -10.8 0.2 121 0 1 5
3.2 -10.4 0.1 120 0 1 5
3.3 -12.7 0.2 117 0 1 5
3.3 -11.5 0.3 95 0 1 5
3.3 -9.9 0.1 116 0 1 5
3.3 -9 -0.1 133 0 1 1
3.3 -5.9 -0.1 107 0 1 1
3.3 -2.8 -0.2 93 0 1 1
3.4 -12.3 0.3 127 0 1 5
3.4 -11.1 0.3 107 0 1 5
3.4 -9.4 -0.1 137 0 1 5
3.5 -17.7 0 131 0 1 1
3.5 -17.3 0 126 0 1 1
3.5 -16.9 0 132 0 1 1
3.5 -16.5 0 127 0 1 1
3.5 -16.1 0 111 0 1 1
3.5 -15.7 0 99 0 1 1
3.5 -15.3 0 117 0 1 1
3.5 -15 0 74 0 1 1
3.5 -14.6 0 132 0 1 1
3.5 -14.2 0 126 0 1 1
3.5 -11.8 0.4 124 0 1 5
3.5 -10.6 0.3 97 0 1 5
3.5 -9.5 0 131 0 1 1
3.5 -9.1 0 137 0 1 1
3.5 -8.8 -0.1 123 0 1 1
3.5 -8.6 -0.1 127 0 1 1
3.5 -8.4 -0.2 125 0 1 1
3.5 -8.2 -0.2 127 0 1 1
3.5 -8 -0.2 89 0 1 1
3.5 -7.8 -0.2 97 0 1 1
3.5 -7.6 -0.2 87 0 1 1
3.5 -7.4 -0.2 113 0 1 1
3.5 -7.2 -0.2 120 0 1 1
3.5 -7 -0.2 108 0 1 1
3.5 -6.8 -0.2 104 0 1 1
3.5 -6.6 -0.2 81 0 1 1
3.5 -6.4 -0.2 118 0 1 1
3.5 -6.3 -0.1 73 0 1 1
3.5 -6.1 -0.1 103 0 1 1
3.5 -5.9 0 134 0 1 1
3.5 -5.5 0 86 0 1 1
3.5 -5.1 0 95 0 1 1
3.5 -4.8 0 138 0 1 1
3.5 -4.4 0 125 0 1 1
3.5 -4 0 133 0 1 1
3.5 -3.6 0 137 0 1 1
3.5 -3.2 -0.1 134 0 1 1
3.5 -2.8 -0.2 113 0 1 1
3.5 -2.6 -0.8 108 0 1 4
3.6 -13 0.2 123 0 1 5
3.6 -11.4 0.4 99 0 1 5
3.6 -10.2 0.2 122 0 1 5
3.7 -12.6 0.4 117 0 1 5
3.7 -10.9 0.4 112 0 1 5
3.7 -9.7 0.1 111 0 1 5
3.7 -2.8 -0.2 108 0 1 1
3.8 -12.1 0.5 130 0 1 5
3.8 -10.5 0.3 122 0 1 5
3.9 -19.6 -0.1 90 0 1 1
3.9 -19.3 0 72 0 1 1
3.9 -18.9 0 99 0 1 1
3.9 -18.5 0 108 0 1 1
3.9 -18.1 0 110 0 1 1
3.9 -17.7 0 127 0 1 1
3.9 -17.3 0 131 0 1 1
3.9 -16.9 0 129 0 1 1
3.9 -16.5 0 128 0 1 1
3.9 -16.1 0 119 0 1 1
3.9 -15.7 0 67 0 1 1
3.9 -15.3 0 69 0 1 1
3.9 -15 0 98 0 1 1
3.9 -11.7 0.5 127 0 1 5
3.9 -11.2 0.5 144 0 1 5
3.9 -10 0.2 119 0 1 5
3.9 -9.1 0 141 0 1 1
3.9 -8.2 -0.1 133 0 1 1
3.9 -7.4 -0.1 133 0 1 1
3.9 -6.7 -0.1 137 0 1 1
3.9 -5.9 0 134 0 1 1
3.9 -5.5 0 138 0 1 1
3.9 -5.1 0 135 0 1 1
3.9 -4.8 0 132 0 1 1
3.9 -4.4 0 129 0 1 1
3.9 -4 0 113 0 1 1
3.9 -3.6 0 131 0 1 1
3.9 -2.8 -0.2 109 0 1 1
3.9 -2.6 -0.8 121 0 1 4
4 -10.8 0.4 124 0 1 5
4 -9.6 0.1 132 0 1 5
4.1 -19.6 -0.1 78 0 1 1
4.1 -10.3 0.4 125 0 1 5
4.1 -2.8 -0.2 140 0 1 1
4.2 -11.5 0.5 132 0 1 5
4.2 -9.9 0.2 126 0 1 5
4.3 -19.5 0 69 0 1 1
4.3 -19.4 0 59 0 1 1
4.3 -19.3 0 59 0 1 1
4.3 -18.9 0 69 0 1 1
4.3 -18.5 0 76 0 1 1
4.3 -18.1 0 116 0 1 1
4.3 -17.7 0 134 0 1 1
4.3 -17.3 0 134 0 1 1
4.3 -16.9 0 130 0 1 1
4.3 -16.5 0 129 0 1 1
4.3 -16.1 0 123 0 1 1
4.3 -15.7 0 88 0 1 1
4.3 -15.3 0 99 0 1 1
4.3 -11 0.5 114 0 1 5
4.3 -9.4 0 127 0 1 5
4.3 -9.1 0 138 0 1 1
4.3 -8.7 0 131 0 1 1
4.3 -8.3 0 133 0 1 1
4.3 -7.9 0 126 0 1 1
4.3 -7.5 0 142 0 1 1
4.3 -7.1 0 126 0 1 1
4.3 -6.7 0 139 0 1 1
4.3 -6.3 0 120 0 1 1
4.3 -5.9 0 135 0 1 1
4.3 -5.5 0 140 0 1 1
4.3 -5.1 0 142 0 1 1
4.3 -4.8 0 136 0 1 1
4.3 -4.4 0 91 0 1 1
4.3 -4 0 136 0 1 1
4.3 -3.6 0 130 0 1 1
4.3 -3.2 -0.1 77 0 1 1
4.3 -2.8 -0.2 129 0 1 1
4.3 -2.6 -0.8 95 0 1 4
4.4 -10.6 0.5 121 0 1 5
4.5 -11.3 0.5 142 0 1 5
4.5 -10.1 0.4 118 0 1 5
4.5 -4 0 59 0 1 2
4.5 -4 0.1 50 0 1 2
4.5 -3.9 0.1 107 0 1 2
4.5 -3.8 0 42 0 1 2
4.5 -2.8 -0.2 128 0 1 1
4.6 -10.9 0.5 97 0 1 5
4.6 -9.7 0.2 123 0 1 5
4.6 -8 -0.1 140 0 1 5
4.6 -4.3 0.1 53 0 1 2
4.6 -4.2 0.1 86 0 1 2
4.6 -3.9 0 79 0 1 2
4.6 -2.2 -0.8 60 0 1 4
4.6 -1.8 -0.8 58 0 1 4
4.7 -19.3 0 63 0 1 1
4.7 -18.9 0 70 0 1 1
4.7 -18.5 0 116 0 1 1
4.7 -18.1 0 136 0 1 1
4.7 -17.7 0 131 0 1 1
4.7 -17.3 0 135 0 1 1
4.7 -16.9 0 136 0 1 1
4.7 -16.5 0 132 0 1 1
4.7 -16.1 0 121 0 1 1
4.7 -15.7 0 131 0 1 1
4.7 -10.4 0.5 118 0 1 5
4.7 -9.2 0.1 115 0 1 5
4.7 -8.3 0 92 0 1 1
4.7 -7.9 0 140 0 1 1
4.7 -7.6 0.1 119 0 1 5
4.7 -7.5 0 132 0 1 1
4.7 -7.1 0 130 0 1 1
4.7 -6.7 0 150 0 1 1
4.7 -6.3 0 144 0 1 1
4.7 -5.9 0 136 0 1 1
4.7 -5.5 0 124 0 1 1
4.7 -5.1 0 89 0 1 1
4.7 -4.8 0 142 0 1 1
4.7 -4.5 0 94 0 1 2
4.7 -4.4 0 86 0 1 1
4.7 -3.8 0 43 0 1 2
4.7 -3.8 0.2 135 0 1 2
4.7 -3.6 0 70 0 1 1
4.7 -2.8 -0.1 106 0 1 1
4.7 -2.5 -0.5 89 0 1 4
4.8 -11.2 0.6 96 0 1 5
4.8 -10 0.4 121 0 1 5
4.8 -8.8 0.1 107 0 1 5
4.8 -6.6 0.1 53 0 1 2
4.8 -4.6 -0.1 120 0 1 2
4.8 -4.5 0 77 0 1 2
4.8 -4.4 0.2 128 0 1 2
4.8 -3.8 0.1 139 0 1 2
4.8 -3.7 0 42 0 1 2
4.9 -10.7 0.6 113 0 1 5
4.9 -9.5 0.2 122 0 1 5
4.9 -8.3 0.1 96 0 1 5
4.9 -7.9 0.2 96 0 1 5
4.9 -7 0.1 76 0 1 2
4.9 -6.8 0.1 51 0 1 2
4.9 -6.7 0.2 83 0 1 2
4.9 -6.5 0 44 0 1 2
4.9 -6.5 0.1 108 0 1 2
4.9 -4.4 0.1 123 0 1 2
4.9 -4.2 0.2 135 0 1 2
4.9 -3.9 0.2 138 0 1 2
4.9 -3.8 0 111 0 1 2
4.9 -3.7 0.1 115 0 1 2
4.9 -2.8 -0.1 104 0 1 1
5 -19.3 0 68 0 1 1
5 -18.9 0 102 0 1 1
5 -18.5 0 121 0 1 1
5 -18.1 0 124 0 1 1
5 -17.7 0 140 0 1 1
5 -17.3 0 134 0 1 1
5 -16.9 0 136 0 1 1
5 -16.5 0 132 0 1 1
5 -10.3 0.5 113 0 1 5
5 -9.1 0.2 103 0 1 5
5 -7.9 0 137 0 1 1
5 -7.5 0 115 0 1 1
5 -7.1 0 110 0 1 2
5 -7 0.1 113 0 1 2
5 -6.9 0.2 140 0 1 2
5 -6.6 -0.1 126 0 1 2
5 -6.5 0 49 0 1 2
5 -6.5 0.1 42 0 1 2
5 -6.5 0.2 128 0 1 2
5 -6.3 0 126 0 1 1
5 -5.9 0 128 0 1 1
5 -5.5 0 124 0 1 1
5 -5.1 0 134 0 1 1
5 -4.8 0 115 0 1 1
5 -3.8 0 123 0 1 2
5 -3.6 0 97 0 1 1
5 -3.2 0 130 0 1 1
5 -2.8 0 101 0 1 1
5 -2.6 -0.1 109 0 1 1
5 -2.4 -0.1 110 0 1 1
5 -2.2 -0.2 87 0 1 1
5 -2.1 -0.2 86 0 1 1
5 -1.9 -0.2 92 0 1 1
5 -1.7 -0.2 91 0 1 1
5 -1.5 -0.2 108 0 1 1
5 -1.3 -0.2 119 0 1 1
5 -1.1 -0.2 103 0 1 1
5 -0.9 -0.2 125 0 1 1
5.1 -19.3 0 68 0 1 1
5.1 -9.8 0.4 119 0 1 5
5.1 -8.6 0.2 96 0 1 5
5.1 -6.8 0.2 131 0 1 2
5.1 -6.6 0 92 0 1 2
5.1 -6.5 0 92 0 1 2
5.1 -6.4 0.1 41 0 1 2
5.1 -6.4 0.2 147 0 1 2
5.1 -4.1 0.2 146 0 1 2
5.2 -11 0.7 119 0 1 5
5.2 -9.4 0.4 105 0 1 5
5.2 -8.2 0.4 113 0 1 5
5.2 -6.5 0 50 0 1 2
5.2 -6.5 0.1 102 0 1 2
5.2 -6.5 0.2 142 0 1 2
5.2 -6.4 0.1 113 0 1 2
5.3 -10.5 0.7 90 0 1 5
5.3 -8.9 0.4 101 0 1 5
5.3 -7.7 0.2 129 0 1 5
5.3 -6.7 0.2 137 0 1 2
5.3 -6.5 0 122 0 1 2
5.3 -6.5 0.1 135 0 1 2
5.4 -18.5 0 119 0 1 1
5.4 -18.1 0 134 0 1 1
5.4 -17.7 0 134 0 1 1
5.4 -17.3 0 137 0 1 1
5.4 -16.9 0 139 0 1 1
5.4 -16.5 0 118 0 1 1
5.4 -16.1 0 132 0 1 1
5.4 -15.7 0 126 0 1 1
5.4 -11.3 0.7 94 0 1 5
5.4 -10.1 0.6 124 0 1 5
5.4 -8.4 0.4 128 0 1 5
5.4 -8.3 0 139 0 1 1
5.4 -7.9 0 141 0 1 1
5.4 -6.3 0 85 0 1 1
5.4 -5.9 0 124 0 1 1
5.4 -5.5 0 141 0 1 1
5.4 -5.1 0 135 0 1 1
5.4 -4 0 135 0 1 1
5.4 -3.6 0 137 0 1 1
5.4 -3.2 0 143 0 1 1
5.4 -2.8 0 130 0 1 1
5.4 -2 -0.1 139 0 1 1
5.4 -1.3 -0.1 129 0 1 1
5.5 -19.2 0 92 0 1 1
5.5 -10.8 0.8 112 0 1 5
5.5 -9.6 0.5 113 0 1 5
5.5 -8 0.4 128 0 1 5
5.6 -11.6 0.7 124 0 1 5
5.6 -10.4 0.7 122 0 1 5
5.6 -9.2 0.5 102 0 1 5
5.6 -8.7 0.7 86 0 1 5
5.6 -7.5 0.2 138 0 1 5
5.7 -11.1 0.9 94 0 1 5
5.7 -9.9 0.7 98 0 1 5
5.7 -8.3 0.5 122 0 1 5
5.8 -19 0 88 0 1 1
5.8 -18.8 0 117 0 1 1
5.8 -18.5 0 131 0 1 1
5.8 -18.1 0 126 0 1 1
5.8 -17.7 0 138 0 1 1
5.8 -17.3 0 137 0 1 1
5.8 -16.9 0 132 0 1 1
5.8 -16.5 0 114 0 1 1
5.8 -16.1 0 128 0 1 1
5.8 -15.7 0 133 0 1 1
5.8 -10.7 0.9 88 0 1 5
5.8 -9.5 0.7 90 0 1 5
5.8 -8.7 0 132 0 1 1
5.8 -8.3 0 136 0 1 1
5.8 -7.8 0.3 127 0 1 5
5.8 -7.1 0 140 0 1 1
5.8 -6.7 0 140 0 1 1
5.8 -6.3 0 93 0 1 1
5.8 -5.9 0 80 0 1 1
5.8 -5.5 0 143 0 1 1
5.8 -5.1 0 131 0 1 1
5.8 -4.8 0 133 0 1 1
5.8 -4.4 0 143 0 1 1
5.8 -4 0 83 0 1 1
5.8 -3.6 0 131 0 1 1
5.8 -3.2 0 143 0 1 1
5.8 -2.8 0 141 0 1 1
5.8 -2.4 0 116 0 1 1
5.8 -2 0 99 0 1 1
5.8 -1.6 0 136 0 1 1
5.8 -1.2 0 133 0 1 1
5.9 -14.2 0.2 105 0 1 5
5.9 -11.9 0.7 115 0 1 5
5.9 -10.2 0.8 95 0 1 5
5.9 -9 0.8 107 0 1 5
5.9 -7.4 0.1 118 0 1 5
6 -13.8 0.3 93 0 1 5
6 -11.4 0.9 95 0 1 5
6 -9.8 0.8 106 0 1 5
6 -8.6 0.8 115 0 1 5
6.1 -13.3 0.4 101 0 1 5
6.1 -12.1 0.7 96 0 1 5
6.1 -11 1 85 0 1 5
6.1 -9.3 0.8 99 0 1 5
6.1 -8.1 0.6 121 0 1 5
6.2 -18.9 0 116 0 1 1
6.2 -18.7 0 132 0 1 1
6.2 -18.5 0 131 0 1 1
6.2 -18.1 0 127 0 1 1
6.2 -17.7 0 135 0 1 1
6.2 -17.3 0 134 0 1 1
6.2 -16.9 0 105 0 1 1
6.2 -16.5 0 78 0 1 1
6.2 -16.1 0 122 0 1 1
6.2 -15.7 0 140 0 1 1
6.2 -14.5 0.3 106 0 1 5
6.2 -12.9 0.6 83 0 1 5
6.2 -11.7 1 98 0 1 5
6.2 -10.5 1 108 0 1 5
6.2 -8.8 1 102 0 1 5
6.2 -7.9 0 136 0 1 1
6.2 -7.7 0.4 126 0 1 5
6.2 -7.5 0 138 0 1 1
6.2 -6.7 0 99 0 1 1
6.2 -6.3 0 105 0 1 1
6.2 -5.9 0 113 0 1 1
6.2 -5.5 0 144 0 1 1
6.2 -5.1 0 146 0 1 1
6.2 -4.3 -0.1 140 0 1 1
6.2 -3.5 -0.1 141 0 1 1
6.2 -2.7 -0.1 145 0 1 1
6.2 -2 -0.1 141 0 1 1
6.2 -1.2 0 140 0 1 1
6.3 -14.1 0.4 103 0 1 5
6.3 -12.4 0.8 89 0 1 5
6.3 -11.2 1.1 102 0 1 5
6.3 -10 1 100 0 1 5
6.3 -9.6 1 91 0 1 5
6.3 -8.4 0.9 114 0 1 5
6.3 -7.2 0.1 131 0 1 5
6.4 -13.6 0.5 80 0 1 5
6.4 -12 1 102 0 1 5
6.4 -10.8 1.2 101 0 1 5
6.4 -9.1 1.2 95 0 1 5
6.4 -7.9 0.7 119 0 1 5
6.5 -14.4 0.5 94 0 1 5
6.5 -13.2 0.7 86 0 1 5
6.5 -11.5 1.2 102 0 1 5
6.5 -10.3 1.2 93 0 1 5
6.5 -8.7 1.2 98 0 1 5
6.5 -7.5 0.4 116 0 1 5
6.6 -18.8 0 92 0 1 1
6.6 -18.6 0 125 0 1 1
6.6 -18.5 0 129 0 1 1
6.6 -18.1 0 131 0 1 1
6.6 -17.7 0 132 0 1 1
6.6 -17.3 0 125 0 1 1
6.6 -16.9 0 107 0 1 1
6.6 -16.5 0 122 0 1 1
6.6 -13.9 0.7 83 0 1 5
6.6 -12.7 0.9 94 0 1 5
6.6 -11.1 1.3 84 0 1 5
6.6 -9.9 1.2 88 0 1 5
6.6 -8.2 1 119 0 1 5
6.6 -7.1 0 125 0 1 1
6.6 -7 0.1 127 0 1 5
6.6 -6.7 0 134 0 1 1
6.6 -6.3 0 136 0 1 1
6.6 -5.9 0 101 0 1 1
6.6 -5.5 0 143 0 1 1
6.6 -5.1 0 144 0 1 1
6.6 -4.9 -0.1 152 0 1 1
6.6 -4.7 -0.1 145 0 1 1
6.6 -4.5 -0.2 141 0 1 1
6.6 -4.2 -0.2 137 0 1 1
6.6 -4.1 -0.2 134 0 1 1
6.6 -3.9 -0.2 141 0 1 1
6.6 -3.7 -0.2 138 0 1 1
6.6 -3.5 -0.2 137 0 1 1
6.6 -3.3 -0.2 146 0 1 1
6.6 -3.1 -0.2 145 0 1 1
6.6 -2.9 -0.2 143 0 1 1
6.6 -2.7 -0.2 139 0 1 1
6.6 -2.5 -0.2 128 0 1 1
6.6 -2.3 -0.2 127 0 1 1
6.6 -2.1 -0.2 138 0 1 1
6.6 -1.9 -0.2 134 0 1 1
6.6 -1.7 -0.2 126 0 1 1
6.6 -1.6 -0.1 134 0 1 1
6.6 -1.4 -0.1 138 0 1 1
6.6 -1.2 0 134 0 1 1
6.7 -14.7 0.5 98 0 1 5
6.7 -13.5 0.9 91 0 1 5
6.7 -12.3 1.2 114 0 1 5
6.7 -10.6 1.4 92 0 1 5
6.7 -9.4 1.3 86 0 1 5
6.7 -7.8 0.7 115 0 1 5
6.8 -14.2 0.8 87 0 1 5
6.8 -13 1 94 0 1 5
6.8 -11.8 1.3 98 0 1 5
6.8 -10.2 1.5 88 0 1 5
6.8 -9 1.5 102 0 1 5
6.8 -7.3 0.4 119 0 1 5
6.8 -5.1 -0.1 144 0 1 1
6.8 -1.2 -0.1 137 0 1 1
6.9 -13.7 1 97 0 1 5
6.9 -12.5 1.2 108 0 1 5
6.9 -11.4 1.4 95 0 1 5
6.9 -10.9 1.6 112 0 1 5
6.9 -9.7 1.5 84 0 1 5
6.9 -8.5 1.3 118 0 1 5
6.9 -6.9 0.1 116 0 1 5
7 -18.7 0 100 0 1 1
7 -18.6 0 126 0 1 1
7 -18.5 0 124 0 1 1
7 -18.1 0 130 0 1 1
7 -17.7 0 127 0 1 1
7 -17.3 0 115 0 1 1
7 -16.9 0 117 0 1 1
7 -13.3 1.2 93 0 1 5
7 -12.1 1.3 107 0 1 5
7 -10.4 1.7 99 0 1 5
7 -9.3 1.6 98 0 1 5
7 -8.1 1.1 123 0 1 5
7 -6.3 0 139 0 1 1
7 -5.9 0 135 0 1 1
7 -5.1 -0.1 138 0 1 1
7 -1.2 -0.1 141 0 1 1
7.1 -12.8 1.3 115 0 1 5
7.1 -11.6 1.5 111 0 1 5
7.1 -10 1.8 93 0 1 5
7.1 -8.8 1.6 110 0 1 5
7.1 -7.6 0.8 121 0 1 5
7.2 -12.4 1.4 112 0 1 5
7.2 -11.2 1.6 100 0 1 5
7.2 -9.5 1.9 89 0 1 5
7.2 -8.3 1.4 141 0 1 5
7.2 -7.2 0.4 116 0 1 5
7.2 -5.1 -0.2 133 0 1 1
7.2 -1.1 -0.2 148 0 1 1
7.3 -11.9 1.5 115 0 1 5
7.3 -10.7 1.8 108 0 1 5
7.3 -9.1 1.8 119 0 1 5
7.3 -7.9 1.1 118 0 1 5
7.3 -6.7 0.1 137 0 1 5
7.4 -18.6 0 126 0 1 1
7.4 -18.5 0 127 0 1 1
7.4 -18.1 0 121 0 1 1
7.4 -17.7 0 125 0 1 1
7.4 -10.3 1.9 101 0 1 5
7.4 -8.6 1.7 123 0 1 5
7.4 -7.4 0.8 114 0 1 5
7.4 -6.7 0 138 0 1 1
7.4 -6.3 0 134 0 1 1
7.4 -5.9 0 144 0 1 1
7.4 -5.5 -0.1 102 0 1 1
7.4 -5 -0.2 115 0 1 1
7.5 -18.5 -0.1 91 0 1 1
7.5 -12.7 1.4 103 0 1 5
7.5 -11 1.8 93 0 1 5
7.5 -9.8 2 101 0 1 5
7.5 -8.2 1.5 121 0 1 5
7.5 -7 0.5 129 0 1 5
7.6 -18.5 -0.1 100 0 1 1
7.6 -12.2 1.5 110 0 1 5
7.6 -11.8 1.6 111 0 1 5
7.6 -10.6 2 103 0 1 5
7.6 -9.4 2 117 0 1 5
7.6 -7.7 1.2 108 0 1 5
7.6 -6.5 0.2 134 0 1 5
7.6 -5 -0.2 137 0 1 1
7.7 -13 1.4 100 0 1 5
7.7 -10.1 2.1 107 0 1 5
7.7 -8.9 1.9 127 0 1 5
7.7 -7.3 0.8 114 0 1 5
7.8 -10.9 2 101 0 1 5
7.8 -9.7 2.1 114 0 1 5
7.8 -8.5 1.7 130 0 1 5
7.8 -6.8 0.5 133 0 1 5
7.8 -6.3 0 134 0 1 1
7.8 -5.9 0 152 0 1 1
7.8 -5 -0.2 124 0 1 1
7.9 -18.3 0 105 0 1 1
7.9 -10.4 2.2 102 0 1 5
7.9 -9.2 2.1 122 0 1 5
7.9 -8 1.5 126 0 1 5
7.9 -6.4 0.2 131 0 1 5
8 -9.9 2.2 120 0 1 5
8 -8.8 2 125 0 1 5
8 -7.6 1.2 134 0 1 5
8 -7.1 0.8 112 0 1 5
8 -6.1 0.1 121 0 1 5
8 -5 -0.2 143 0 1 1
8.1 -11.1 2 97 0 1 5
8.1 -9.5 2.2 124 0 1 5
8.1 -8.3 1.8 118 0 1 5
8.1 -6.7 0.5 132 0 1 5
8.1 -4.3 -0.6 130 0 1 4
8.2 -13.5 1.3 107 0 1 5
8.2 -10.7 2.2 103 0 1 5
8.2 -9 2.1 127 0 1 5
8.2 -7.8 1.6 130 0 1 5
8.2 -6.7 0 139 0 1 1
8.2 -6.3 0 138 0 1 1
8.2 -6.3 0.2 150 0 1 5
8.2 -5.9 0 115 0 1 1
8.2 -5.5 -0.1 140 0 1 1
8.2 -5 -0.2 153 0 1 1
8.3 -10.2 2.3 119 0 1 5
8.3 -8.6 2 128 0 1 5
8.3 -7.4 1.2 139 0 1 5
8.3 -5 -0.2 148 0 1 1
8.4 -13.8 1.4 110 0 1 5
8.4 -9.8 2.3 126 0 1 5
8.4 -8.1 1.8 114 0 1 5
8.4 -6.9 0.8 138 0 1 5
8.5 -13.4 1.5 107 0 1 5
8.5 -10.5 2.3 123 0 1 5
8.5 -9.3 2.2 127 0 1 5
8.5 -7.7 1.5 142 0 1 5
8.5 -6.5 0.5 147 0 1 5
8.5 -5 -0.2 141 0 1 1
8.5 -4.3 -0.6 143 0 1 4
8.6 -14.1 1.4 89 0 1 5
8.6 -10.1 2.4 116 0 1 5
8.6 -8.9 2.2 127 0 1 5
8.6 -8.4 2 136 0 1 5
8.6 -7.2 1.2 140 0 1 5
8.6 -6.7 0 129 0 1 1
8.6 -6.3 0 137 0 1 1
8.6 -6 0.2 143 0 1 5
8.6 -5.9 0 126 0 1 1
8.7 -10.8 2.4 82 0 1 5
8.7 -9.6 2.3 123 0 1 5
8.7 -8 1.8 142 0 1 5
8.7 -6.8 0.8 144 0 1 5
8.7 -5 -0.2 146 0 1 1
8.8 -10.4 2.4 122 0 1 5
8.8 -9.2 2.2 128 0 1 5
8.8 -7.5 1.6 146 0 1 5
8.8 -4.3 -0.6 154 0 1 4
8.9 -9.9 2.4 133 0 1 5
8.9 -8.7 2.1 135 0 1 5
8.9 -7.1 1.2 155 0 1 5
8.9 -6 0.2 148 0 1 5
8.9 -5 -0.2 144 0 1 1
9 -9.4 2.3 143 0 1 5
9 -8.3 2 133 0 1 5
9 -6.6 0.8 153 0 1 5
9 -6.3 0 131 0 1 1
9 -5.9 0 139 0 1 1
9 -5.5 -0.1 145 0 1 1
9.1 -9 2.2 109 0 1 5
9.1 -7.8 1.8 150 0 1 5
9.1 -6.1 0.4 157 0 1 5
9.1 -5 -0.2 151 0 1 1
9.2 -10.2 2.4 131 0 1 5
9.2 -8.5 2.2 113 0 1 5
9.2 -7.3 1.5 164 0 1 5
9.2 -6 0.3 160 0 1 5
9.2 -5.9 0.2 156 0 1 5
9.2 -4.3 -0.6 147 0 1 4
9.2 -3.6 -0.9 141 0 1 4
9.2 -3.2 -0.9 133 0 1 4
9.2 -2.8 -0.9 142 0 1 4
9.2 -2.4 -0.9 130 0 1 4
9.3 -10.9 2.5 89 0 1 5
9.3 -9.3 2.3 131 0 1 5
9.3 -8.1 2 145 0 1 5
9.3 -6.9 1.1 147 0 1 5
9.3 -5 -0.2 152 0 1 1
9.4 -10.5 2.5 89 0 1 5
9.4 -8.8 2.2 120 0 1 5
9.4 -7.6 1.8 160 0 1 5
9.4 -6.4 0.7 154 0 1 5
9.4 -6.3 0 129 0 1 1
9.4 -6.1 0.3 154 0 1 5
9.4 -5.9 0 141 0 1 1
9.5 -10 2.4 131 0 1 5
9.5 -8.4 2.1 137 0 1 5
9.5 -7.2 1.4 161 0 1 5
9.5 -5 -0.2 142 0 1 1
9.5 -3.6 -0.9 146 0 1 4
9.5 -3.2 -0.9 143 0 1 4
9.5 -2.8 -0.9 122 0 1 4
9.5 -2.4 -0.9 129 0 1 4
9.5 -2 -0.9 139 0 1 4
9.6 -9.6 2.3 137 0 1 5
9.6 -7.9 2 137 0 1 5
9.6 -6.7 1 145 0 1 5
9.6 -4.3 -0.6 151 0 1 4
9.7 -7.5 1.7 159 0 1 5
9.7 -6.3 0.6 144 0 1 5
9.7 -5.5 -0.1 150 0 1 1
9.7 -5 -0.2 152 0 1 1
9.8 -8.7 2.2 139 0 1 5
9.8 -7 1.3 150 0 1 5
9.8 -6.7 0 138 0 1 1
9.8 -6.3 0 142 0 1 1
9.8 -5.9 0 146 0 1 1
9.8 -5.9 0.2 144 0 1 5
9.8 -5.8 0.2 143 0 1 5
9.9 -8.2 2.1 128 0 1 5
9.9 -6.6 0.8 148 0 1 5
9.9 -5.8 0.2 144 0 1 5
9.9 -5 -0.2 154 0 1 1
9.9 -3.6 -0.9 147 0 1 4
9.9 -3.2 -0.9 136 0 1 4
9.9 -2.8 -0.9 138 0 1 4
9.9 -2.4 -0.9 131 0 1 4
9.9 -2 -0.9 143 0 1 4
9.9 -1.6 -0.9 144 0 1 4
10 -7.7 1.9 160 0 1 5
10 -4.3 -0.6 132 0 1 4
10.1 -8.5 2.1 106 0 1 5
10.1 -7.3 1.6 153 0 1 5
10.1 -6.7 0 140 0 1 1
10.1 -6.3 0 145 0 1 1
10.1 -5.9 0 140 0 1 1
10.1 -5 -0.2 127 0 1 1
10.2 -8 2 144 0 1 5
10.2 -6.8 1.1 147 0 1 5
10.2 -5.9 0.2 150 0 1 5
10.3 -7.6 1.7 139 0 1 5
10.3 -6.4 0.7 141 0 1 5
10.3 -5 -0.2 148 0 1 1
10.3 -3.6 -0.9 146 0 1 4
10.3 -3.2 -0.9 130 0 1 4
10.3 -2.8 -0.9 138 0 1 4
10.3 -2.4 -0.9 136 0 1 4
10.3 -2 -0.9 139 0 1 4
10.3 -1.6 -0.9 127 0 1 4
10.4 -8.3 2.1 129 0 1 5
10.4 -7.1 1.4 148 0 1 5
10.4 -5.9 0.2 136 0 1 5
10.4 -4.3 -0.6 142 0 1 4
10.5 -7.9 1.9 148 0 1 5
10.5 -6.7 0 129 0 1 1
10.5 -6.7 0.9 138 0 1 5
10.5 -6.3 0 134 0 1 1
10.5 -5.9 0 142 0 1 1
10.5 -5.5 -0.1 149 0 1 1
10.5 -5 -0.2 150 0 1 1
10.5 -4.7 -0.4 131 0 1 4
10.6 -7.4 1.6 148 0 1 5
10.6 -6.2 0.5 135 0 1 5
10.6 -5.9 0.2 132 0 1 5
10.6 -4 -0.8 165 0 1 4
10.7 -7 1.1 143 0 1 5
10.7 -3.6 -0.9 144 0 1 4
10.7 -3.2 -0.9 142 0 1 4
10.7 -2.8 -0.9 134 0 1 4
10.7 -2.4 -0.9 133 0 1 4
10.7 -2 -0.9 126 0 1 4
10.7 -1.6 -0.9 143 0 1 4
10.8 -8.2 2 157 0 1 5
10.8 -6.5 0.7 92 0 1 5
10.9 -7.7 1.7 139 0 1 5
10.9 -6.3 0 139 0 1 1
10.9 -6.1 0.3 129 0 1 5
10.9 -5.9 0 134 0 1 1
10.9 -5.9 0.2 136 0 1 5
10.9 -5.5 -0.1 156 0 1 1
10.9 -5 -0.2 155 0 1 1
10.9 -3.6 -0.9 150 0 1 4
11 -8.4 2.1 139 0 1 5
11 -7.2 1.3 128 0 1 5
11 -6.8 0.9 126 0 1 5
11.1 -8 1.9 157 0 1 5
11.1 -6.3 0.5 140 0 1 5
11.1 -3.6 -0.9 149 0 1 4
11.1 -3.2 -0.9 135 0 1 4
11.1 -2.8 -0.9 125 0 1 4
11.1 -2.4 -0.9 103 0 1 4
11.1 -2 -0.9 111 0 1 4
11.2 -7.5 1.5 119 0 1 5
11.2 -6 0.2 147 0 1 5
11.2 -4.3 -0.6 134 0 1 4
11.3 -8.3 1.9 154 0 1 5
11.3 -7.1 1.1 146 0 1 5
11.3 -6.3 0 139 0 1 1
11.3 -5.9 0 151 0 1 1
11.3 -5.5 -0.1 121 0 1 1
11.3 -5 -0.2 152 0 1 1
11.3 -3.6 -0.9 144 0 1 4
11.4 -7.8 1.7 152 0 1 5
11.4 -6.6 0.7 136 0 1 5
11.5 -7.4 1.3 145 0 1 5
11.5 -6.2 0.3 141 0 1 5
11.5 -5.9 0.2 144 0 1 5
11.5 -3.6 -0.9 133 0 1 4
11.5 -3.2 -0.9 137 0 1 4
11.5 -2.8 -0.9 122 0 1 4
11.6 -8.6 2 149 0 1 5
11.6 -6.9 0.9 140 0 1 5
11.6 -2.6 -0.8 94 0 1 4
11.6 -2.4 -0.6 80 0 1 4
11.6 -2 -0.6 105 0 1 4
11.7 -9.3 2.2 119 0 1 5
11.7 -8.1 1.8 157 0 1 5
11.7 -7.7 1.5 154 0 1 5
11.7 -6.5 0.5 141 0 1 5
11.7 -6.3 0 142 0 1 1
11.7 -5.9 0 141 0 1 1
11.7 -5.5 -0.1 149 0 1 1
11.7 -5 -0.2 133 0 1 1
11.7 -4 -0.8 121 0 1 4
11.8 -10 2.2 127 0 1 5
11.8 -8.8 2.1 141 0 1 5
11.8 -7.2 1.1 151 0 1 5
11.8 -6.1 0.3 143 0 1 5
11.9 -9.6 2.3 124 0 1 5
11.9 -8.4 1.9 159 0 1 5
11.9 -6.7 0.7 152 0 1 5
11.9 -3.6 -0.9 138 0 1 4
11.9 -3.2 -0.9 106 0 1 4
12 -9.1 2.3 134 0 1 5
12 -7.9 1.6 150 0 1 5
12 -6.3 0.4 147 0 1 5
12 -4.7 -0.4 149 0 1 4
12 -4.3 -0.6 152 0 1 4
12 -2.7 -0.6 52 0 1 4
12.1 -10.3 2.3 126 0 1 5
12.1 -8.7 2.1 153 0 1 5
12.1 -7.5 1.3 144 0 1 5
12.1 -6.3 0 104 0 1 1
12.1 -5.9 0 150 0 1 1
12.1 -5.9 0.1 141 0 1 5
12.1 -5.5 -0.1 151 0 1 1
12.1 -5 -0.2 159 0 1 1
12.1 -2.7 -0.2 67 0 1 4
12.1 -2.3 -0.2 125 0 1 1
12.1 -2.1 -0.2 128 0 1 1
12.1 -1.9 -0.2 101 0 1 1
12.2 -9.9 2.4 118 0 1 5
12.2 -8.2 1.8 148 0 1 5
12.2 -7 0.9 151 0 1 5
12.3 -10.6 2.3 91 0 1 5
12.3 -9.4 2.4 131 0 1 5
12.3 -7.8 1.4 153 0 1 5
12.3 -6.6 0.6 147 0 1 5
12.3 -5.1 -0.2 159 0 1 1
12.3 -2.5 -0.2 137 0 1 1
12.4 -10.2 2.5 94 0 1 5
12.4 -9 2.2 147 0 1 5
12.4 -8.5 1.9 154 0 1 5
12.4 -7.3 1.1 144 0 1 5
12.4 -6.2 0.3 151 0 1 5
12.4 -4.5 -0.3 147 0 1 4
12.4 -3.9 -0.6 125 0 1 4
12.4 -3.5 -0.6 103 0 1 4
12.4 -3.1 -0.6 72 0 1 4
12.4 -2.9 -0.3 77 0 1 4
12.5 -9.7 2.5 132 0 1 5
12.5 -8.1 1.6 148 0 1 5
12.5 -6.9 0.7 153 0 1 5
12.5 -6.3 0 142 0 1 1
12.5 -5.9 0 145 0 1 1
12.5 -5.1 -0.1 159 0 1 1
12.5 -2.7 -0.1 119 0 1 1
12.5 -2 -0.1 126 0 1 1
12.6 -10.4 2.5 123 0 1 5
12.6 -9.3 2.4 152 0 1 5
12.6 -7.6 1.2 149 0 1 5
12.6 -6.4 0.4 147 0 1 5
12.7 -10 2.5 126 0 1 5
12.7 -8.8 2.1 152 0 1 5
12.7 -7.2 0.9 154 0 1 5
12.7 -6 0.1 145 0 1 5
12.7 -5.1 -0.1 147 0 1 1
12.7 -2.8 -0.1 121 0 1 1
12.8 -9.5 2.4 153 0 1 5
12.8 -8.3 1.8 139 0 1 5
12.8 -6.7 0.6 142 0 1 5
12.8 -6 0.1 145 0 1 5
12.9 -10.7 2.4 105 0 1 5
12.9 -9.1 2.2 158 0 1 5
12.9 -7.9 1.4 126 0 1 5
12.9 -6.3 0 135 0 1 1
12.9 -5.9 0 147 0 1 1
12.9 -5.5 0 140 0 1 1
12.9 -5.1 0 145 0 1 1
12.9 -4.9 -0.1 146 0 1 1
12.9 -4.7 -0.1 145 0 1 1
12.9 -4.5 -0.2 136 0 1 1
12.9 -4.2 -0.2 129 0 1 1
12.9 -4.1 -0.2 132 0 1 1
12.9 -3.9 -0.2 125 0 1 1
12.9 -3.7 -0.2 105 0 1 1
12.9 -3.5 -0.2 110 0 1 1
12.9 -3.3 -0.2 113 0 1 1
12.9 -3.1 -0.1 121 0 1 1
12.9 -3 -0.1 119 0 1 1
12.9 -2.8 0 139 0 1 1
12.9 -2.4 0 131 0 1 1
12.9 -2 0 128 0 1 1
13 -10.3 2.5 86 0 1 5
13 -9.8 2.5 119 0 1 5
13 -8.6 1.9 148 0 1 5
13 -7.4 1 147 0 1 5
13 -6 0.1 148 0 1 5
13.1 -9.4 2.3 124 0 1 5
13.1 -8.2 1.5 146 0 1 5
13.1 -7 0.7 155 0 1 5
13.2 -8.9 2.1 118 0 1 5
13.2 -7.7 1.2 148 0 1 5
13.2 -6.5 0.4 151 0 1 5
13.3 -8.5 1.7 139 0 1 5
13.3 -7.3 0.8 151 0 1 5
13.3 -6.3 0 143 0 1 1
13.3 -6.1 0.1 144 0 1 5
13.3 -6 0.1 147 0 1 5
13.3 -5.9 0 143 0 1 1
13.3 -5.5 0 141 0 1 1
13.3 -5.1 0 134 0 1 1
13.3 -4.3 -0.1 140 0 1 1
13.3 -3.5 -0.1 139 0 1 1
13.3 -2.8 0 146 0 1 1
13.3 -2.4 0 143 0 1 1
13.4 -8 1.3 144 0 1 5
13.4 -6.8 0.5 148 0 1 5
13.5 -7.6 0.9 150 0 1 5
13.5 -6.4 0.3 162 0 1 5
13.5 -6 0 144 0 1 5
13.6 -7.1 0.7 149 0 1 5
13.7 -8.3 1.4 128 0 1 5
13.7 -6.6 0.4 147 0 1 5
13.7 -6.3 0 144 0 1 1
13.7 -5.9 0 148 0 1 1
13.7 -5.5 0 120 0 1 1
13.7 -5.1 0 144 0 1 1
13.7 -4.8 0 151 0 1 1
13.7 -4.4 0 126 0 1 1
13.7 -4 0 137 0 1 1
13.7 -3.6 0 150 0 1 1
13.7 -3.2 0 137 0 1 1
13.7 -2.8 0 143 0 1 1
13.7 -2.4 0 141 0 1 1
13.8 -7.8 1.1 149 0 1 5
13.8 -6.2 0.1 136 0 1 5
13.8 -6 0 143 0 1 5
13.9 -8.6 1.5 146 0 1 5
13.9 -7.4 0.7 144 0 1 5
14 -8.1 1.2 139 0 1 5
14 -6.9 0.5 151 0 1 5
14.1 -7.7 0.8 129 0 1 5
14.1 -6.5 0.2 149 0 1 5
14.1 -6.2 0 145 0 1 5
14.1 -5.9 0 145 0 1 1
14.1 -5.5 0 132 0 1 1
14.1 -5.1 0 153 0 1 1
14.1 -4.8 0 150 0 1 1
14.1 -4.4 0 144 0 1 1
14.1 -4 0 158 0 1 1
14.1 -3.6 0 139 0 1 1
14.1 -3.2 0 145 0 1 1
14.1 -2.8 0 141 0 1 1
14.1 -2.4 0 121 0 1 1
14.2 -7.2 0.6 115 0 1 5
14.3 -8 0.9 140 0 1 5
14.3 -6.8 0.3 150 0 1 5
14.4 -7.5 0.6 145 0 1 5
14.4 -6.3 0.1 150 0 1 5
14.4 -6.2 0 141 0 1 5
14.5 -7.1 0.4 116 0 1 5
14.5 -5.9 0 135 0 1 1
14.5 -5.5 0 152 0 1 1
14.5 -5.1 0 134 0 1 1
14.5 -4.8 0 144 0 1 1
14.5 -4.4 0 150 0 1 1
14.5 -4 0 129 0 1 1
14.5 -3.6 0 107 0 1 1
14.5 -3.2 0 134 0 1 1
14.5 -2.8 0 141 0 1 1
14.5 -2.4 0 111 0 1 1
14.6 -6.6 0.1 152 0 1 5
14.7 -6.3 0 152 0 1 5
14.8 -6.9 0.2 151 0 1 5
14.9 -6.3 0 126 0 1 1
14.9 -5.9 0 127 0 1 1
14.9 -5.5 0 131 0 1 1
14.9 -5.1 0 140 0 1 1
14.9 -4.8 0 157 0 1 1
14.9 -4.4 0 133 0 1 1
14.9 -4 0 161 0 1 1
14.9 -3.6 0 140 0 1 1
14.9 -3.2 0 138 0 1 1
14.9 -2.8 0 114 0 1 1
14.9 -2.4 0 148 0 1 1
15.2 -6.7 0 148 0 1 5
15.2 -6.3 0 142 0 1 1
15.2 -5.9 0 133 0 1 1
15.2 -5.5 0 150 0 1 1
15.2 -5.1 0 143 0 1 1
15.2 -4.8 0 144 0 1 1
15.2 -4.4 0 139 0 1 1
15.2 -4 0 119 0 1 1
15.2 -3.6 0 139 0 1 1
15.2 -3.2 0 142 0 1 1
15.2 -2.8 0 144 0 1 1
15.2 -2.4 0 133 0 1 1
15.6 -6.7 0 132 0 1 1
15.6 -6.3 0 141 0 1 1
15.6 -5.9 0 137 0 1 1
15.6 -5.5 0 150 0 1 1
15.6 -5.1 0 142 0 1 1
15.6 -4.8 0 151 0 1 1
15.6 -4.4 0 151 0 1 1
15.6 -4 0 155 0 1 1
15.6 -3.6 0 130 0 1 1
15.6 -3.2 0 140 0 1 1
15.6 -2.8 0 149 0 1 1
16 -7.1 0 144 0 1 1
16 -6.7 0 138 0 1 1
16 -6.3 0 146 0 1 1
16 -5.9 0 141 0 1 1
16 -5.5 0 111 0 1 1
16 -5.1 0 150 0 1 1
16 -4.8 0 150 0 1 1
16 -4.4 0 148 0 1 1
16 -4 0 145 0 1 1
16 -3.6 0 130 0 1 1
16 -3.2 0 142 0 1 1
16 -2.8 0 145 0 1 1
16.4 -7.5 0 153 0 1 1
16.4 -7.1 0 150 0 1 1
16.4 -6.7 0 127 0 1 1
16.4 -6.3 0 144 0 1 1
16.4 -5.9 0 136 0 1 1
16.4 -5.5 0 134 0 1 1
16.4 -5.1 0 149 0 1 1
16.4 -4.8 0 146 0 1 1
16.4 -4.4 0 152 0 1 1
16.4 -4 0 139 0 1 1
16.4 -3.6 0 129 0 1 1
16.4 -3.2 0 143 0 1 1
16.4 -2.8 0 147 0 1 1
16.8 -7.5 0 157 0 1 1
16.8 -7.1 0 142 0 1 1
16.8 -6.7 0 134 0 1 1
16.8 -6.3 0 124 0 1 1
16.8 -5.9 0 147 0 1 1
16.8 -5.5 0 150 0 1 1
16.8 -5.1 0 146 0 1 1
16.8 -4.8 0 150 0 1 1
16.8 -4.4 0 145 0 1 1
16.8 -4 0 146 0 1 1
16.8 -3.6 0 151 0 1 1
16.8 -3.2 0 137 0 1 1
16.8 -2.8 0 142 0 1 1
17.2 -7.9 0 139 0 1 1
17.2 -7.5 0 154 0 1 1
17.2 -7.1 0 145 0 1 1
17.2 -6.7 0 146 0 1 1
17.2 -6.3 0 146 0 1 1
17.2 -5.9 0 145 0 1 1
17.2 -5.5 0 120 0 1 1
17.2 -5.1 0 154 0 1 1
17.2 -4.8 0 149 0 1 1
17.2 -4.4 0 152 0 1 1
17.2 -4 0 153 0 1 1
17.2 -3.6 0 157 0 1 1
17.2 -3.2 0 131 0 1 1
17.2 -2.8 0 141 0 1 1
17.6 -8.3 0 146 0 1 1
17.6 -7.9 0 136 0 1 1
17.6 -7.5 0 140 0 1 1
17.6 -7.1 0 147 0 1 1
17.6 -6.7 0 140 0 1 1
17.6 -6.3 0 146 0 1 1
17.6 -5.9 0 139 0 1 1
17.6 -5.5 0 104 0 1 1
17.6 -5.1 0 164 0 1 1
17.6 -4.8 0 152 0 1 1
17.6 -4.4 0 155 0 1 1
17.6 -4 0 134 0 1 1
17.6 -3.6 0 131 0 1 1
17.6 -3.2 0 129 0 1 1
17.6 -2.8 0 140 0 1 1
17.9 -8.3 0 148 0 1 1
18 -7.5 0 143 0 1 1
18 -7.1 0 121 0 1 1
18 -6.7 0 130 0 1 1
18 -6.3 0 134 0 1 1
18 -5.9 0 127 0 1 1
18 -5.5 0 137 0 1 1
18 -5.1 0 160 0 1 1
18 -4.8 0 154 0 1 1
18 -4.4 0 153 0 1 1
18 -4 0 152 0 1 1
18 -3.6 0 136 0 1 1
18 -3.2 0 143 0 1 1
18.1 -8.3 0 121 0 1 1
18.2 -8 0 132 0 1 1
18.4 -7.8 0 134 0 1 1
18.4 -7.7 0 117 0 1 1
18.4 -7.6 0 105 0 1 1
18.4 -7.5 0 138 0 1 1
18.4 -7.1 0 139 0 1 1
18.4 -6.7 0 142 0 1 1
18.4 -6.3 0 126 0 1 1
18.4 -5.9 0 144 0 1 1
18.4 -5.5 0 148 0 1 1
18.4 -5.1 0 149 0 1 1
18.4 -4.8 0 153 0 1 1
18.4 -4.4 0 154 0 1 1
18.4 -4 0 151 0 1 1
18.4 -3.6 0 152 0 1 1
18.4 -3.2 0 147 0 1 1
18.5 -7.6 0 93 0 1 1
18.5 -7.5 0 136 0 1 1
18.5 -7.1 0 141 0 1 1
18.6 -7.1 0 97 0 1 1
18.6 -6.7 0 135 0 1 1
18.6 -6.3 0 117 0 1 1
18.7 -6.7 0 100 0 1 1
18.7 -5.9 0 130 0 1 1
18.8 -6.3 0 125 0 1 1
18.8 -5.1 0 108 0 1 1
18.8 -4.8 0 119 0 1 1
18.8 -4.4 0 153 0 1 1
18.8 -4 0 152 0 1 1
18.8 -3.6 0 151 0 1 1
18.8 -3.2 0 140 0 1 1
19 -5.9 0 121 0 1 1
19.1 -5.6 0 104 0 1 1
19.2 -5.2 0 91 0 1 1
19.2 -5.1 0 131 0 1 1
19.2 -4.8 0 90 0 1 1
19.2 -4.4 0 132 0 1 1
19.2 -4 0 153 0 1 1
19.2 -3.6 0 150 0 1 1
19.2 -3.2 0 135 0 1 1
19.3 -4.8 0 77 0 1 1
19.3 -4.4 0 124 0 1 1
19.4 -4.4 0 81 0 1 1
19.4 -3.6 0 155 0 1 1
19.4 -3.2 0 141 0 1 1
19.5 -4.1 -0.1 130 0 1 1
19.6 -3.9 -0.1 135 0 1 1
19.6 -3.8 -0.1 123 0 1 1
19.6 -3.6 0 117 0 1 1
19.6 -3.2 0 110 0 1 1
