-19.2 -5.6 0 89 0 1 1
-19.1 -5.9 0 81 0 1 1
-18.8 -5.9 0 109 0 1 1
-18.5 -5.5 0 119 0 1 1
-18.1 -5.5 0 126 0 1 1
-17.7 -5.5 0 107 0 1 1
-17.2 -3.6 0.5 82 0 1 5
-17 -4.7 0.2 125 0 1 5
-17 -4.3 0.3 137 0 1 5
-16.9 -3.9 0.5 89 0 1 5
-16.8 -3.6 0.4 134 0 1 5
-16.7 -5 0.1 116 0 1 5
-16.7 -4.6 0.2 122 0 1 5
-16.6 -4.3 0.4 101 0 1 5
-16.5 -3.9 0.3 131 0 1 5
-16.5 11.3 0 108 0 1 1
-16.4 -5 0.1 119 0 1 5
-16.3 -4.6 0.2 107 0 1 5
-16.3 3.3 2.1 131 0 1 5
-16.3 11.3 0 113 0 1 1
-16.3 11.5 0 96 0 1 1
-16.2 -4.3 0.2 124 0 1 5
-16.2 -3.9 0.2 110 0 1 5
-16.1 2.6 2.2 127 0 1 5
-16.1 11.3 0 115 0 1 1
-16.1 11.5 0 128 0 1 1
-16.1 11.8 0 121 0 1 1
-16 -5 0 119 0 1 5
-16 3 2.2 93 0 1 5
-16 3.3 2.1 126 0 1 5
-16 11.9 0 86 0 1 1
-15.9 -4.6 0.1 121 0 1 5
-15.9 -4.3 0.1 111 0 1 5
-15.9 3.7 2.1 111 0 1 5
-15.8 0.1 2 124 0 1 5
-15.8 12.1 0 116 0 1 1
-15.7 2.6 2.2 118 0 1 5
-15.7 3 2.1 126 0 1 5
-15.7 10.9 0 107 0 1 1
-15.7 11.3 0 132 0 1 1
-15.6 -4.6 0 120 0 1 5
-15.6 3.3 2.1 131 0 1 5
-15.6 12.1 0 98 0 1 1
-15.5 -4.2 0 108 0 1 5
-15.5 3.7 2.1 124 0 1 5
-15.4 0.5 2.2 77 0 1 5
-15.4 2.3 2.3 117 0 1 5
-15.4 2.6 2.1 127 0 1 5
-15.3 -4.8 0 124 0 1 1
-15.3 -4.4 0 125 0 1 1
-15.3 3 2 130 0 1 5
-15.3 10.9 0 125 0 1 1
-15.3 11.3 0 113 0 1 1
-15.3 11.7 0 128 0 1 1
-15.3 12.1 0 99 0 1 1
-15.2 -0.6 1.6 108 0 1 5
-15.1 -0.3 1.8 119 0 1 5
-15.1 0.1 2 103 0 1 5
-15.1 1.9 2.4 100 0 1 5
-15.1 2.3 2.2 125 0 1 5
-15 -4.4 0 124 0 1 1
-15 0.5 2.2 111 0 1 5
-15 2.6 2 128 0 1 5
-15 10.5 0 129 0 1 1
-15 10.9 0 129 0 1 1
-15 11.3 0 128 0 1 1
-15 11.7 0 103 0 1 1
-14.9 0.8 2.4 108 0 1 5
-14.8 -0.6 1.6 116 0 1 5
-14.8 -0.3 1.8 117 0 1 5
-14.8 1.6 2.5 109 0 1 5
-14.7 0.1 2 123 0 1 5
-14.7 1.9 2.3 125 0 1 5
-14.7 2.3 2.2 127 0 1 5
-14.6 -4.4 0 123 0 1 1
-14.6 -1.3 1.4 114 0 1 5
-14.6 0.5 2.2 104 0 1 5
-14.6 0.8 2.4 150 0 1 5
-14.6 2.6 2 125 0 1 5
-14.6 10.5 0 133 0 1 1
-14.6 10.9 0 129 0 1 1
-14.6 11.3 0 115 0 1 1
-14.5 -1 1.5 117 0 1 5
-14.5 1.2 2.5 107 0 1 5
-14.4 -0.2 1.8 115 0 1 5
-14.4 1.6 2.4 127 0 1 5
-14.4 1.9 2.3 124 0 1 5
-14.3 -1.7 1.3 105 0 1 5
-14.3 0.1 2 123 0 1 5
-14.3 0.5 2.2 121 0 1 5
-14.3 2.3 2.1 124 0 1 5
-14.3 2.7 2 124 0 1 5
-14.2 -1.3 1.4 104 0 1 5
-14.2 0.9 2.4 148 0 1 5
-14.2 10.1 0 107 0 1 1
-14.2 10.5 0 128 0 1 1
-14.2 10.9 0 116 0 1 1
-14.1 -0.6 1.6 120 0 1 5
-14.1 1.2 2.4 130 0 1 5
-14.1 1.6 2.3 89 0 1 5
-14 -2 1.2 97 0 1 5
-14 -0.2 1.7 115 0 1 5
-14 0.1 1.9 126 0 1 5
-14 1.9 2.1 127 0 1 5
-13.9 -1.7 1.3 124 0 1 5
-13.9 -1.3 1.4 116 0 1 5
-13.9 0.5 2.2 116 0 1 5
-13.9 2.3 2 127 0 1 5
-13.9 2.7 2 127 0 1 5
-13.8 -0.9 1.5 124 0 1 5
-13.8 0.9 2.2 134 0 1 5
-13.8 1.2 2.3 138 0 1 5
-13.8 3 2 115 0 1 5
-13.8 3.4 2.1 116 0 1 5
-13.8 10.1 0 125 0 1 1
-13.8 10.5 0 128 0 1 1
-13.7 -2.4 1 102 0 1 5
-13.7 -0.2 1.7 122 0 1 5
-13.7 1.6 2.1 135 0 1 5
-13.7 3.8 2.2 112 0 1 5
-13.6 -3.8 0.1 113 0 1 5
-13.6 -2 1.1 119 0 1 5
-13.6 -1.7 1.3 118 0 1 5
-13.6 0.2 1.9 132 0 1 5
-13.6 2 2 122 0 1 5
-13.6 2.3 1.9 102 0 1 5
-13.5 -3.5 0.3 116 0 1 5
-13.5 -1.3 1.4 123 0 1 5
-13.5 0.5 2 133 0 1 5
-13.5 0.9 2.1 135 0 1 5
-13.5 2.7 1.9 125 0 1 5
-13.5 10.5 -0.1 53 0 1 3
-13.4 -3.1 0.5 120 0 1 5
-13.4 -2.7 0.8 114 0 1 5
-13.4 -0.6 1.6 131 0 1 5
-13.4 1.2 1.9 143 0 1 5
-13.4 3 2 118 0 1 5
-13.4 3.4 2.1 77 0 1 5
-13.4 9.8 0 125 0 1 1
-13.4 10.1 0 125 0 1 1
-13.4 10.6 0.2 103 0 1 3
-13.3 -2.4 0.9 114 0 1 5
-13.3 -2 1.1 114 0 1 5
-13.3 -0.2 1.7 100 0 1 5
-13.3 1.6 1.8 111 0 1 5
-13.3 2 1.8 123 0 1 5
-13.3 3.8 2.3 103 0 1 5
-13.3 4.1 2.5 93 0 1 5
-13.2 -3.8 0 90 0 1 5
-13.2 -1.6 1.2 116 0 1 5
-13.2 0.2 1.8 82 0 1 5
-13.2 0.5 1.8 139 0 1 5
-13.2 2.3 1.7 134 0 1 5
-13.2 10.3 0.2 101 0 1 3
-13.2 10.8 0.4 85 0 1 3
-13.1 -3.4 0.2 113 0 1 5
-13.1 -3.1 0.5 115 0 1 5
-13.1 0.9 1.7 142 0 1 5
-13.1 2.7 1.8 104 0 1 5
-13.1 3.1 1.9 116 0 1 5
-13.1 4.9 2.5 118 0 1 5
-13 -2.7 0.7 122 0 1 5
-13 -0.5 1.6 126 0 1 5
-13 1.3 1.6 117 0 1 5
-13 1.6 1.5 145 0 1 5
-13 3.4 2.1 122 0 1 5
-13 9.8 0 128 0 1 1
-13 10.1 0 109 0 1 1
-13 10.8 0.5 56 0 1 3
-12.9 -2.4 0.9 118 0 1 5
-12.9 -2 1.1 118 0 1 5
-12.9 -0.2 1.6 132 0 1 5
-12.9 0.2 1.7 112 0 1 5
-12.9 2 1.5 141 0 1 5
-12.9 3.8 2.3 115 0 1 5
-12.9 4.1 2.5 124 0 1 5
-12.9 10.2 0.3 103 0 1 3
-12.9 11.2 0.9 85 0 1 3
-12.8 -3.4 0.2 119 0 1 5
-12.8 -1.6 1.2 121 0 1 5
-12.8 0.5 1.6 131 0 1 5
-12.8 2.3 1.5 136 0 1 5
-12.8 2.7 1.6 131 0 1 5
-12.8 4.5 2.5 95 0 1 5
-12.8 10.7 0.8 66 0 1 3
-12.7 -3.1 0.4 120 0 1 5
-12.7 -0.9 1.5 107 0 1 5
-12.7 0.9 1.4 137 0 1 5
-12.7 1.3 1.3 139 0 1 5
-12.7 3.1 1.8 122 0 1 5
-12.7 9.9 0 69 0 1 3
-12.7 10.4 0.3 101 0 1 3
-12.7 10.6 0.6 66 0 1 3
-12.6 -2.7 0.6 118 0 1 5
-12.6 -2.3 0.8 123 0 1 5
-12.6 -0.2 1.6 127 0 1 5
-12.6 1.6 1.2 143 0 1 5
-12.6 3.4 2 110 0 1 5
-12.6 3.8 2.2 105 0 1 5
-12.6 9.4 0 129 0 1 1
-12.6 9.8 0 124 0 1 1
-12.6 10.3 0.1 89 0 1 3
-12.6 10.5 0.5 49 0 1 3
-12.6 11.5 1.2 79 0 1 3
-12.5 -3.6 0.1 98 0 1 3
-12.5 -2 1 109 0 1 5
-12.5 0.2 1.5 143 0 1 5
-12.5 2 1.2 147 0 1 5
-12.5 2.4 1.3 142 0 1 5
-12.5 4.2 2.4 121 0 1 5
-12.5 10.4 0.4 49 0 1 3
-12.5 10.5 0.7 77 0 1 3
-12.4 -4.3 0.9 69 0 1 3
-12.4 -3.4 0.1 119 0 1 5
-12.4 -1.6 1.2 116 0 1 5
-12.4 -1.3 1.4 124 0 1 5
-12.4 0.6 1.3 121 0 1 5
-12.4 0.9 1.2 130 0 1 5
-12.4 2.7 1.4 124 0 1 5
-12.4 4.5 2.4 119 0 1 5
-12.4 4.9 2.4 96 0 1 5
-12.4 11 1.2 75 0 1 3
-12.3 -4.1 0.8 75 0 1 3
-12.3 -3.1 0.3 116 0 1 5
-12.3 -2.7 0.5 122 0 1 5
-12.3 -0.9 1.5 123 0 1 5
-12.3 -0.5 1.6 138 0 1 5
-12.3 1.3 1 154 0 1 5
-12.3 3.1 1.6 121 0 1 5
-12.3 3.4 1.9 118 0 1 5
-12.3 10.2 0.2 89 0 1 3
-12.3 10.8 1 110 0 1 3
-12.3 11.4 1.2 117 0 1 3
-12.2 -4.9 1.4 94 0 1 3
-12.2 -2.3 0.7 115 0 1 5
-12.2 -0.2 1.5 144 0 1 5
-12.2 1.6 0.9 143 0 1 5
-12.2 2 0.9 139 0 1 5
-12.2 3.8 2.1 116 0 1 5
-12.2 9.4 0 129 0 1 1
-12.2 9.9 0 92 0 1 3
-12.2 10.2 0.5 66 0 1 3
-12.2 11.7 1.2 120 0 1 3
-12.1 -4.1 0.8 121 0 1 3
-12.1 -2 0.9 113 0 1 5
-12.1 -1.6 1.2 117 0 1 5
-12.1 0.2 1.4 142 0 1 5
-12.1 0.6 1.1 132 0 1 5
-12.1 2.4 1 141 0 1 5
-12.1 4.2 2.3 131 0 1 5
-12.1 4.5 2.4 128 0 1 5
-12.1 10.9 1 119 0 1 3
-12.1 11.1 1.1 134 0 1 3
-12 -5.8 1.3 76 0 1 3
-12 -4.2 1.1 94 0 1 3
-12 -3 0.3 126 0 1 5
-12 -1.2 1.4 121 0 1 5
-12 -0.9 1.5 118 0 1 5
-12 0.9 0.9 137 0 1 5
-12 2.7 1.2 135 0 1 5
-12 3.1 1.4 137 0 1 5
-12 4.9 2.3 130 0 1 5
-12 5.3 2.1 115 0 1 5
-12 9.7 0 99 0 1 3
-12 11.2 1.1 112 0 1 3
-11.9 -4.9 1.4 81 0 1 3
-11.9 -2.7 0.5 123 0 1 5
-11.9 -0.5 1.5 122 0 1 5
-11.9 1.3 0.8 127 0 1 5
-11.9 1.7 0.7 153 0 1 5
-11.9 3.5 1.7 121 0 1 5
-11.9 9.7 0 68 0 1 3
-11.9 10 0.5 60 0 1 3
-11.8 -4.4 1.3 94 0 1 3
-11.8 -2.3 0.7 114 0 1 5
-11.8 -2 0.9 114 0 1 5
-11.8 -0.1 1.4 143 0 1 5
-11.8 0.2 1.2 141 0 1 5
-11.8 2 0.7 136 0 1 5
-11.8 3.8 1.9 116 0 1 5
-11.8 4.2 2.1 118 0 1 5
-11.8 9 0 133 0 1 1
-11.8 9.4 0 100 0 1 1
-11.8 9.8 0 80 0 1 1
-11.8 9.8 0.2 79 0 1 3
-11.8 9.8 0.4 59 0 1 3
-11.8 10.8 1.1 111 0 1 3
-11.7 -1.6 1.1 117 0 1 5
-11.7 0.6 0.9 147 0 1 5
-11.7 2.4 0.8 136 0 1 5
-11.7 2.7 1 129 0 1 5
-11.7 4.6 2.2 126 0 1 5
-11.7 10.1 0.6 98 0 1 3
-11.7 10.6 0.8 102 0 1 3
-11.7 12.1 1 88 0 1 3
-11.6 -3 0.3 118 0 1 5
-11.6 -1.2 1.3 125 0 1 5
-11.6 -0.9 1.4 133 0 1 5
-11.6 0.9 0.7 133 0 1 5
-11.6 1.3 0.5 142 0 1 5
-11.6 3.1 1.2 125 0 1 5
-11.6 4.9 2.2 113 0 1 5
-11.6 9.8 0.2 68 0 1 3
-11.6 9.8 0.4 98 0 1 3
-11.6 10 0.5 112 0 1 3
-11.6 10.3 0.8 109 0 1 3
-11.5 -3.2 0.2 109 0 1 3
-11.5 -2.7 0.4 128 0 1 5
-11.5 -2.3 0.6 118 0 1 5
-11.5 -0.5 1.4 135 0 1 5
-11.5 -0.1 1.3 129 0 1 5
-11.5 1.7 0.5 147 0 1 5
-11.5 3.5 1.4 112 0 1 5
-11.5 3.8 1.7 109 0 1 5
-11.4 -1.9 0.8 118 0 1 5
-11.4 0.2 1 117 0 1 5
-11.4 2 0.4 132 0 1 5
-11.4 2.4 0.6 122 0 1 5
-11.4 4.2 1.9 112 0 1 5
-11.4 9 0 116 0 1 1
-11.4 9.4 0 112 0 1 1
-11.4 9.8 0 134 0 1 1
-11.4 10.2 0.7 109 0 1 3
-11.4 10.8 1 111 0 1 3
-11.3 -4.8 1.4 98 0 1 3
-11.3 -3.5 0.3 102 0 1 3
-11.3 -1.6 1 124 0 1 5
-11.3 -1.2 1.2 127 0 1 5
-11.3 0.6 0.8 135 0 1 5
-11.3 1 0.5 134 0 1 5
-11.3 2.8 0.7 112 0 1 5
-11.3 4.6 2 122 0 1 5
-11.3 4.9 2 126 0 1 5
-11.2 -3.6 0.8 106 0 1 3
-11.2 -3 0.3 116 0 1 5
-11.2 -2.7 0.4 108 0 1 5
-11.2 -0.8 1.3 142 0 1 5
-11.2 1.3 0.4 132 0 1 5
-11.2 3.1 0.9 133 0 1 5
-11.2 3.5 1.1 136 0 1 5
-11.2 5.3 1.9 115 0 1 5
-11.1 -2.3 0.6 120 0 1 5
-11.1 -0.5 1.3 137 0 1 5
-11.1 -0.1 1.2 135 0 1 5
-11.1 1.7 0.2 132 0 1 5
-11.1 2 0.3 142 0 1 5
-11.1 3.8 1.4 130 0 1 5
-11.1 5.7 1.7 124 0 1 5
-11.1 10.1 0.5 103 0 1 3
-11.1 10.1 0.7 125 0 1 3
-11.1 10.3 0.8 129 0 1 3
-11.1 11.2 0.8 158 0 1 3
-11 -5.4 1.3 142 0 1 3
-11 -4.4 1.4 114 0 1 3
-11 -3.5 0.5 78 0 1 3
-11 -1.9 0.8 126 0 1 5
-11 -1.6 0.9 127 0 1 5
-11 0.2 0.9 119 0 1 5
-11 0.6 0.7 134 0 1 5
-11 2.4 0.4 131 0 1 5
-11 4.2 1.6 122 0 1 5
-11 4.6 1.7 114 0 1 5
-11 8.6 0 129 0 1 1
-11 9 0 103 0 1 1
-11 9.4 0 128 0 1 1
-11 9.8 0 98 0 1 1
-11 10.1 0 109 0 1 1
-10.9 -3.4 0.3 100 0 1 3
-10.9 -3 0.2 105 0 1 5
-10.9 -1.2 1.1 129 0 1 5
-10.9 1 0.4 134 0 1 5
-10.9 2.8 0.5 130 0 1 5
-10.9 3.1 0.7 110 0 1 5
-10.9 4.9 1.8 120 0 1 5
-10.9 12.2 0.6 135 0 1 3
-10.8 -3.4 0.8 109 0 1 3
-10.8 -2.6 0.4 114 0 1 5
-10.8 -0.8 1.2 117 0 1 5
-10.8 -0.5 1.2 128 0 1 5
-10.8 3.5 0.9 120 0 1 5
-10.8 5.3 1.7 128 0 1 5
-10.8 5.7 1.6 111 0 1 5
-10.7 -3.3 0.3 102 0 1 3
-10.7 -3.1 0.2 111 0 1 3
-10.7 -2.3 0.5 125 0 1 5
-10.7 -1.9 0.7 125 0 1 5
-10.7 -0.1 1 132 0 1 5
-10.7 2.1 0.1 131 0 1 5
-10.7 3.9 1.1 126 0 1 5
-10.7 4.2 1.3 124 0 1 5
-10.7 6 1.3 122 0 1 5
-10.7 12.7 0.5 76 0 1 3
-10.6 -4.2 1.3 132 0 1 3
-10.6 -3.8 1.3 72 0 1 3
-10.6 -3.4 0.5 50 0 1 3
-10.6 -1.5 0.8 130 0 1 5
-10.6 0.3 0.9 126 0 1 5
-10.6 0.6 0.6 119 0 1 5
-10.6 2.4 0.2 132 0 1 5
-10.6 2.8 0.3 117 0 1 5
-10.6 4.6 1.4 119 0 1 5
-10.6 6.4 1.1 116 0 1 5
-10.6 6.8 0.9 109 0 1 5
-10.6 8.6 0 123 0 1 1
-10.6 9 0 77 0 1 1
-10.6 9.4 0 123 0 1 1
-10.6 9.8 0 131 0 1 1
-10.6 10.1 0 131 0 1 1
-10.5 -4.4 1.3 107 0 1 3
-10.5 -3 0.1 117 0 1 5
-10.5 -1.2 1 126 0 1 5
-10.5 -0.8 1.1 126 0 1 5
-10.5 3.1 0.5 125 0 1 5
-10.5 5 1.5 130 0 1 5
-10.5 5.3 1.5 121 0 1 5
-10.5 7.1 0.7 101 0 1 5
-10.5 10.4 0.1 98 0 1 3
-10.5 10.6 0.5 135 0 1 3
-10.4 -3.3 0.3 113 0 1 3
-10.4 -2.6 0.3 111 0 1 5
-10.4 -2.3 0.4 126 0 1 5
-10.4 -0.5 1 143 0 1 5
-10.4 3.5 0.7 128 0 1 5
-10.4 3.9 0.8 130 0 1 5
-10.4 5.7 1.3 121 0 1 5
-10.3 -1.9 0.6 125 0 1 5
-10.3 -0.1 1 138 0 1 5
-10.3 0.3 0.8 128 0 1 5
-10.3 2.1 0 130 0 1 5
-10.3 2.4 0 135 0 1 5
-10.3 4.2 1 139 0 1 5
-10.3 6 1.2 123 0 1 5
-10.3 6.4 1 138 0 1 5
-10.3 8.2 0 125 0 1 5
-10.2 -4.1 1.3 133 0 1 3
-10.2 -3.5 0.8 114 0 1 3
-10.2 -3.2 0.1 114 0 1 3
-10.2 -3.1 0 106 0 1 3
-10.2 -1.5 0.7 136 0 1 5
-10.2 -1.2 0.8 119 0 1 5
-10.2 0.6 0.6 115 0 1 5
-10.2 2.8 0.1 123 0 1 5
-10.2 4.6 1.1 118 0 1 5
-10.2 5 1.2 126 0 1 5
-10.2 6.8 0.8 93 0 1 5
-10.2 8.6 0 126 0 1 1
-10.2 9 0 110 0 1 1
-10.2 9.4 0 126 0 1 1
-10.2 9.8 0 133 0 1 1
-10.2 10.1 0 128 0 1 1
-10.2 10.5 0 129 0 1 1
-10.2 11.4 0.4 139 0 1 3
-10.1 -3.4 0.3 117 0 1 3
-10.1 -3 0 108 0 1 5
-10.1 -2.6 0.1 122 0 1 5
-10.1 -0.8 0.9 137 0 1 5
-10.1 3.2 0.3 137 0 1 5
-10.1 3.5 0.5 107 0 1 5
-10.1 5.3 1.1 108 0 1 5
-10.1 7.1 0.6 135 0 1 5
-10.1 7.5 0.3 124 0 1 5
-10 -3.8 1.2 135 0 1 3
-10 -3.4 0.5 107 0 1 3
-10 -2.2 0.3 132 0 1 5
-10 -0.4 0.9 136 0 1 5
-10 -0.1 0.9 141 0 1 5
-10 3.9 0.6 119 0 1 5
-10 5.7 1.1 130 0 1 5
-10 6.1 0.9 128 0 1 5
-10 7.9 0.1 131 0 1 5
-9.9 -4.4 1.3 134 0 1 3
-9.9 -3.6 0.4 131 0 1 3
-9.9 -3.4 0.2 133 0 1 3
-9.9 -3.2 0 125 0 1 1
-9.9 -2.8 0 123 0 1 1
-9.9 -1.9 0.4 132 0 1 5
-9.9 -1.5 0.5 139 0 1 5
-9.9 0.3 0.8 132 0 1 5
-9.9 2.4 0 137 0 1 5
-9.9 4.3 0.8 132 0 1 5
-9.9 4.6 0.9 142 0 1 5
-9.9 6.4 0.8 136 0 1 5
-9.9 8.2 0 127 0 1 1
-9.9 8.6 0 130 0 1 1
-9.9 9 0 128 0 1 1
-9.9 9.4 0 134 0 1 1
-9.9 9.8 0 129 0 1 1
-9.8 -3.7 0.7 109 0 1 3
-9.8 -3.4 0.1 131 0 1 3
-9.8 -1.2 0.7 136 0 1 5
-9.8 0.6 0.6 128 0 1 5
-9.8 2.8 0 133 0 1 5
-9.8 3.2 0.1 127 0 1 5
-9.8 5 0.9 142 0 1 5
-9.8 6.8 0.6 105 0 1 5
-9.8 7.1 0.4 129 0 1 5
-9.7 -4.4 0.5 131 0 1 3
-9.7 -4.3 0.9 133 0 1 3
-9.7 -4 0.4 132 0 1 3
-9.7 -0.8 0.8 135 0 1 5
-9.7 -0.4 0.8 136 0 1 5
-9.7 3.5 0.3 113 0 1 5
-9.7 5.3 0.8 135 0 1 5
-9.7 5.7 0.7 134 0 1 5
-9.7 7.5 0.1 127 0 1 5
-9.6 -2.2 0.1 131 0 1 5
-9.6 -1.9 0.2 132 0 1 5
-9.6 -0.1 0.8 129 0 1 5
-9.6 3.9 0.5 134 0 1 5
-9.6 4.3 0.6 105 0 1 5
-9.6 6.1 0.6 136 0 1 5
-9.6 7.9 0 127 0 1 5
-9.5 -4.2 0.4 130 0 1 3
-9.5 -3.7 0.3 138 0 1 3
-9.5 -3.6 0 123 0 1 1
-9.5 -3.2 0 124 0 1 1
-9.5 -2.8 0 127 0 1 1
-9.5 -2.4 0 122 0 1 1
-9.5 -1.5 0.4 125 0 1 5
-9.5 0.3 0.7 135 0 1 5
-9.5 0.7 0.7 116 0 1 5
-9.5 2.7 0 128 0 1 1
-9.5 2.8 -0.1 122 0 1 5
-9.5 4.6 0.6 138 0 1 5
-9.5 6.4 0.4 120 0 1 5
-9.5 6.8 0.3 131 0 1 5
-9.5 7.8 0 134 0 1 1
-9.5 8.2 0 141 0 1 1
-9.5 8.6 0 142 0 1 1
-9.5 9 0 124 0 1 1
-9.5 9.4 0 135 0 1 1
-9.4 -4.8 0 120 0 1 5
-9.4 -4.8 0.4 132 0 1 3
-9.4 -4.3 0.2 123 0 1 3
-9.4 -1.1 0.5 140 0 1 5
-9.4 -0.8 0.6 131 0 1 5
-9.4 3.2 0 123 0 1 5
-9.4 5 0.6 148 0 1 5
-9.4 5.4 0.5 122 0 1 5
-9.4 7.2 0.1 135 0 1 5
-9.3 -0.4 0.7 138 0 1 5
-9.3 3.6 0.2 67 0 1 5
-9.3 3.9 0.3 129 0 1 5
-9.3 5.7 0.3 128 0 1 5
-9.2 -1.9 0 121 0 1 5
-9.2 -0.1 0.7 101 0 1 5
-9.2 0.3 0.7 136 0 1 5
-9.2 4.3 0.4 143 0 1 5
-9.2 6.1 0.2 132 0 1 5
-9.2 6.4 0.1 132 0 1 5
-9.1 -4.4 0 121 0 1 1
-9.1 -4 0 133 0 1 1
-9.1 -3.6 0 121 0 1 1
-9.1 -3.2 0 117 0 1 1
-9.1 -2.4 0 130 0 1 1
-9.1 -2 0 122 0 1 1
-9.1 -1.5 0.2 128 0 1 5
-9.1 -1.1 0.3 144 0 1 5
-9.1 0.7 0.7 130 0 1 5
-9.1 2.7 0 117 0 1 1
-9.1 3.1 0 108 0 1 1
-9.1 4.6 0.4 127 0 1 5
-9.1 5 0.3 129 0 1 5
-9.1 6.6 0 137 0 1 1
-9.1 6.8 0 143 0 1 5
-9.1 7 0 129 0 1 1
-9.1 7.4 0 129 0 1 1
-9.1 7.8 0 129 0 1 1
-9.1 8.2 0 136 0 1 1
-9.1 8.6 0 133 0 1 1
-9 -0.8 0.4 138 0 1 5
-9 1 0.6 133 0 1 5
-9 3.2 0 128 0 1 5
-9 3.6 0.1 127 0 1 5
-9 5.4 0.1 130 0 1 5
-8.9 -0.4 0.5 145 0 1 5
-8.9 0 0.6 135 0 1 5
-8.9 3.9 0.2 109 0 1 5
-8.9 5.7 0 129 0 1 5
-8.8 -1.5 0 135 0 1 5
-8.8 0.3 0.6 133 0 1 5
-8.8 4.3 0.3 139 0 1 5
-8.8 4.7 0.2 142 0 1 5
-8.8 8.4 0 114 0 1 5
-8.7 -4.4 0 127 0 1 1
-8.7 -4 0 127 0 1 1
-8.7 -3.6 0 122 0 1 1
-8.7 -3.2 0 124 0 1 1
-8.7 -2.5 0.1 110 0 1 2
-8.7 -2.3 0 99 0 1 2
-8.7 -2 0 123 0 1 1
-8.7 -1.6 0 124 0 1 1
-8.7 -1.1 0.1 141 0 1 5
-8.7 0.7 0.7 129 0 1 5
-8.7 1 0.6 138 0 1 5
-8.7 2.7 0 116 0 1 1
-8.7 3.1 0 131 0 1 1
-8.7 3.2 -0.1 129 0 1 5
-8.7 5 0 126 0 1 1
-8.7 5.4 0 114 0 1 1
-8.7 5.8 0 121 0 1 1
-8.7 6.2 0 134 0 1 1
-8.7 6.6 0 134 0 1 1
-8.7 7 0 124 0 1 1
-8.7 7.4 0 132 0 1 1
-8.7 7.8 0 140 0 1 1
-8.7 8.2 0 140 0 1 1
-8.7 8.7 0.1 118 0 1 5
-8.6 -2.7 0.1 121 0 1 2
-8.6 -2.4 0.1 117 0 1 2
-8.6 -2.3 0 100 0 1 2
-8.6 -0.8 0.1 147 0 1 5
-8.6 -0.4 0.2 149 0 1 5
-8.6 1.4 0.5 130 0 1 5
-8.6 3.6 0 137 0 1 5
-8.5 0 0.3 135 0 1 5
-8.5 1.8 0.3 122 0 1 5
-8.5 2.1 0.2 134 0 1 5
-8.5 3.9 0.1 137 0 1 5
-8.5 4.3 0.1 121 0 1 5
-8.5 9.1 0.4 91 0 1 5
-8.4 -2.6 0.1 124 0 1 2
-8.4 -2.4 0.1 108 0 1 2
-8.4 0.3 0.4 142 0 1 5
-8.4 0.7 0.5 142 0 1 5
-8.4 2.5 0 119 0 1 5
-8.4 4.7 0 140 0 1 5
-8.4 8.3 0.1 98 0 1 5
-8.3 -4 0 127 0 1 1
-8.3 -3.6 0 125 0 1 1
-8.3 -3.2 0 117 0 1 1
-8.3 -2.8 0 113 0 1 2
-8.3 -2.7 0 117 0 1 2
-8.3 -2.7 0.1 120 0 1 2
-8.3 -2.6 0.1 125 0 1 2
-8.3 -2.4 0 141 0 1 2
-8.3 -2.4 0.1 135 0 1 2
-8.3 -2 0 123 0 1 1
-8.3 -1.6 0 121 0 1 1
-8.3 -1.2 0 124 0 1 1
-8.3 -0.8 0 126 0 1 1
-8.3 1.1 0.6 141 0 1 5
-8.3 2.9 -0.1 130 0 1 5
-8.3 3.1 0 130 0 1 1
-8.3 3.2 -0.1 124 0 1 5
-8.3 4.7 0 126 0 1 1
-8.3 5 0 122 0 1 1
-8.3 5.4 0 119 0 1 1
-8.3 6.2 0 116 0 1 1
-8.3 6.6 0 128 0 1 1
-8.3 7 0 128 0 1 1
-8.3 7.4 0 136 0 1 1
-8.3 7.8 0 140 0 1 1
-8.3 8.7 0.3 79 0 1 5
-8.2 -2.8 -0.1 135 0 1 2
-8.2 -2.7 0 126 0 1 2
-8.2 -2.6 0 127 0 1 2
-8.2 -2.6 0.1 137 0 1 2
-8.2 -2.5 0 132 0 1 2
-8.2 -2.4 0 114 0 1 2
-8.2 -0.4 0 146 0 1 5
-8.2 1.4 0.5 144 0 1 5
-8.2 1.8 0.4 136 0 1 5
-8.2 3.6 0 124 0 1 5
-8.2 4 0 131 0 1 5
-8.2 7.9 0 112 0 1 5
-8.2 9 0.6 99 0 1 5
-8.1 -2.5 -0.1 131 0 1 2
-8.1 0 0.1 146 0 1 5
-8.1 0.3 0.2 144 0 1 5
-8.1 2.1 0.2 135 0 1 5
-8.1 4.3 0.1 139 0 1 5
-8.1 9.4 0.8 120 0 1 5
-8 0.7 0.2 136 0 1 5
-8 2.5 0.1 118 0 1 5
-8 2.9 0 111 0 1 5
-8 8.3 0.2 77 0 1 5
-7.9 -2 0 128 0 1 1
-7.9 -1.6 0 122 0 1 1
-7.9 -1.2 0 124 0 1 1
-7.9 -0.8 0 109 0 1 1
-7.9 -0.4 0 123 0 1 1
-7.9 -0.1 0 120 0 1 1
-7.9 1.1 0.3 136 0 1 5
-7.9 1.4 0.4 147 0 1 5
-7.9 3.2 -0.1 129 0 1 5
-7.9 3.5 0 125 0 1 1
-7.9 3.9 0 98 0 1 1
-7.9 4.3 0 133 0 1 1
-7.9 4.7 0 122 0 1 1
-7.9 5 0 119 0 1 1
-7.9 6.2 0 89 0 1 1
-7.9 6.6 0 129 0 1 1
-7.9 7 0 143 0 1 1
-7.9 7.4 0 136 0 1 1
-7.9 7.8 0 125 0 1 1
-7.9 8.6 0.4 106 0 1 5
-7.9 9.7 1 85 0 1 5
-7.8 -3.5 -0.1 124 0 1 1
-7.8 -2.8 -0.1 134 0 1 1
-7.8 1.8 0.3 145 0 1 5
-7.8 7.9 0 111 0 1 5
-7.8 9 0.7 105 0 1 5
-7.8 10.1 1.2 73 0 1 5
-7.7 2.2 0.2 125 0 1 5
-7.7 2.5 0.1 112 0 1 5
-7.7 5.2 0 61 0 1 2
-7.7 8.2 0.2 106 0 1 5
-7.7 9.3 0.9 111 0 1 5
-7.6 0.7 0 147 0 1 5
-7.6 1.1 0.1 135 0 1 5
-7.6 2.9 0 125 0 1 5
-7.6 5.1 0.1 102 0 1 2
-7.6 5.4 0.2 128 0 1 2
-7.6 8.6 0.5 109 0 1 5
-7.6 9.7 1.1 105 0 1 5
-7.5 -2.2 -0.1 126 0 1 1
-7.5 -2 0 130 0 1 1
-7.5 -1.6 0 130 0 1 1
-7.5 -1.2 0 128 0 1 1
-7.5 -0.8 0 125 0 1 1
-7.5 -0.4 0 128 0 1 1
-7.5 -0.1 0 120 0 1 1
-7.5 0.3 0 133 0 1 1
-7.5 1.4 0.2 138 0 1 5
-7.5 3.5 0 120 0 1 1
-7.5 3.9 0 69 0 1 1
-7.5 4.3 0 117 0 1 1
-7.5 4.7 0 95 0 1 1
-7.5 5 0 127 0 1 1
-7.5 5.1 -0.1 123 0 1 2
-7.5 5.8 0 133 0 1 1
-7.5 6.2 0 128 0 1 1
-7.5 6.6 0 132 0 1 1
-7.5 7 0 136 0 1 1
-7.5 7.4 0 138 0 1 1
-7.5 10 1.3 90 0 1 5
-7.4 -3.7 -0.2 128 0 1 1
-7.4 -3.5 -0.2 135 0 1 1
-7.4 -3.3 -0.2 132 0 1 1
-7.4 -3.1 -0.2 130 0 1 1
-7.4 -2.9 -0.2 132 0 1 1
-7.4 -2.7 -0.2 122 0 1 1
-7.4 -2.5 -0.2 134 0 1 1
-7.4 -2.4 -0.1 131 0 1 1
-7.4 1.8 0.2 146 0 1 5
-7.4 2.2 0.2 134 0 1 5
-7.4 5.1 0.1 65 0 1 2
-7.4 5.1 0.2 105 0 1 2
-7.4 5.4 0.2 126 0 1 2
-7.4 7.9 0.1 115 0 1 5
-7.4 8.9 0.7 116 0 1 5
-7.3 -2 -0.1 129 0 1 1
-7.3 2.5 0.1 126 0 1 5
-7.3 5 0.1 45 0 1 2
-7.3 5.1 0.2 78 0 1 2
-7.3 5.3 0.2 124 0 1 2
-7.3 5.4 0.2 130 0 1 2
-7.3 8.2 0.3 107 0 1 5
-7.3 9.3 0.9 111 0 1 5
-7.3 10.4 1.6 84 0 1 5
-7.2 2.9 0 115 0 1 5
-7.2 3.3 -0.1 144 0 1 5
-7.2 5 -0.1 118 0 1 2
-7.2 5 0.1 111 0 1 2
-7.2 5.1 0.2 123 0 1 2
-7.2 5.2 0.2 123 0 1 2
-7.2 5.3 0.2 132 0 1 2
-7.2 5.4 0.1 132 0 1 2
-7.2 5.5 0.2 115 0 1 2
-7.2 8.6 0.5 109 0 1 5
-7.2 9.6 1.2 108 0 1 5
-7.1 -2 -0.1 127 0 1 1
-7.1 -1.2 0 128 0 1 1
-7.1 -0.8 0 130 0 1 1
-7.1 -0.4 0 120 0 1 1
-7.1 -0.1 0 117 0 1 1
-7.1 1.1 0 136 0 1 1
-7.1 1.5 0 131 0 1 5
-7.1 1.8 0 132 0 1 5
-7.1 4.3 0 129 0 1 1
-7.1 4.7 0 123 0 1 1
-7.1 5 0 66 0 1 1
-7.1 5.1 0.1 119 0 1 2
-7.1 5.2 0.1 136 0 1 2
-7.1 5.3 0 72 0 1 2
-7.1 5.3 0.1 131 0 1 2
-7.1 5.4 0 117 0 1 1
-7.1 5.5 0 115 0 1 2
-7.1 5.5 0.1 129 0 1 2
-7.1 5.8 0 100 0 1 1
-7.1 6.2 0 128 0 1 1
-7.1 6.6 0 135 0 1 1
-7.1 7 0 133 0 1 1
-7.1 7.4 0 126 0 1 1
-7.1 7.8 0.1 109 0 1 5
-7.1 8.9 0.7 115 0 1 5
-7.1 10 1.4 83 0 1 5
-7 2.2 0.1 142 0 1 5
-7 3.5 -0.1 128 0 1 1
-7 5.1 0 81 0 1 2
-7 5.2 -0.1 90 0 1 2
-7 5.3 0 94 0 1 2
-7 5.3 0.1 130 0 1 2
-7 5.4 0 112 0 1 2
-7 9.3 1 109 0 1 5
-7 10.3 1.7 118 0 1 5
-6.9 -2.2 -0.4 114 0 1 4
-6.9 2.6 0 144 0 1 5
-6.9 2.9 0 133 0 1 5
-6.9 8.2 0.3 110 0 1 5
-6.9 10.7 1.9 76 0 1 5
-6.8 -2 -0.2 120 0 1 1
-6.8 0.3 0.1 105 0 1 2
-6.8 0.6 0.2 117 0 1 2
-6.8 0.7 0.2 117 0 1 2
-6.8 2.4 0 135 0 1 5
-6.8 7.4 -0.1 124 0 1 5
-6.8 8.5 0.6 110 0 1 5
-6.8 9.6 1.2 114 0 1 5
-6.7 -3.3 -0.6 127 0 1 4
-6.7 -2.9 -0.6 135 0 1 4
-6.7 -2.5 -0.6 129 0 1 4
-6.7 -1.6 -0.1 131 0 1 1
-6.7 -1.2 0 124 0 1 1
-6.7 -0.8 0 121 0 1 1
-6.7 -0.4 0 120 0 1 1
-6.7 -0.1 0 128 0 1 1
-6.7 0.8 0.1 86 0 1 2
-6.7 1.1 0 74 0 1 1
-6.7 1.5 0 104 0 1 1
-6.7 1.9 0 125 0 1 1
-6.7 2.3 -0.1 116 0 1 1
-6.7 3.1 -0.1 132 0 1 5
-6.7 3.9 -0.1 122 0 1 1
-6.7 4.1 -0.1 116 0 1 1
-6.7 4.3 0 129 0 1 1
-6.7 4.7 0 128 0 1 1
-6.7 5 0 129 0 1 1
-6.7 5.4 0 128 0 1 1
-6.7 5.8 0 127 0 1 1
-6.7 6.2 0 130 0 1 1
-6.7 6.6 0 129 0 1 1
-6.7 7 0 134 0 1 1
-6.7 7.4 0 116 0 1 1
-6.7 7.8 0.2 77 0 1 5
-6.7 8.9 0.8 105 0 1 5
-6.7 9.9 1.5 107 0 1 5
-6.6 -1.9 -0.2 126 0 1 1
-6.6 0.3 0.2 120 0 1 2
-6.6 0.7 0.2 131 0 1 2
-6.6 0.8 0 76 0 1 2
-6.6 2.2 -0.1 138 0 1 5
-6.6 2.6 0 138 0 1 5
-6.6 2.7 -0.2 131 0 1 1
-6.6 3.1 -0.2 134 0 1 1
-6.6 3.5 -0.2 132 0 1 1
-6.6 3.7 -0.1 101 0 1 1
-6.6 8.1 0.4 111 0 1 5
-6.6 9.2 1 115 0 1 5
-6.6 10.3 1.7 120 0 1 5
-6.5 0.3 0.1 89 0 1 2
-6.5 4.3 -0.1 119 0 1 1
-6.5 7.4 0 90 0 1 5
-6.5 8.5 0.6 109 0 1 5
-6.5 9.6 1.2 102 0 1 5
-6.5 10.6 2 87 0 1 5
-6.4 0.3 0.2 115 0 1 2
-6.4 0.5 0.2 126 0 1 2
-6.4 0.6 0.2 137 0 1 2
-6.4 0.7 0.2 116 0 1 2
-6.4 9.9 1.5 112 0 1 5
-6.4 11 2.2 83 0 1 5
-6.3 -2.1 -0.6 109 0 1 4
-6.3 -1.8 -0.4 123 0 1 1
-6.3 -1.2 -0.1 136 0 1 1
-6.3 -0.8 -0.1 126 0 1 1
-6.3 -0.4 0 124 0 1 1
-6.3 -0.1 0 125 0 1 1
-6.3 0.3 0 124 0 1 2
-6.3 0.3 0.1 125 0 1 2
-6.3 0.4 0.2 131 0 1 2
-6.3 0.5 0.1 133 0 1 2
-6.3 0.6 0.2 141 0 1 2
-6.3 0.7 0 67 0 1 2
-6.3 0.7 0.1 129 0 1 2
-6.3 0.7 0.2 131 0 1 2
-6.3 1.1 0 119 0 1 1
-6.3 1.5 -0.1 128 0 1 1
-6.3 1.9 -0.1 117 0 1 1
-6.3 4.3 -0.1 117 0 1 1
-6.3 5 -0.1 117 0 1 1
-6.3 5.8 0 112 0 1 1
-6.3 6.2 0 123 0 1 1
-6.3 6.6 0 134 0 1 1
-6.3 7 0 140 0 1 1
-6.3 7.7 0.2 116 0 1 5
-6.3 8.8 0.8 102 0 1 5
-6.2 0.4 0 129 0 1 2
-6.2 0.4 0.1 135 0 1 2
-6.2 0.5 -0.1 115 0 1 2
-6.2 0.5 0.1 138 0 1 2
-6.2 0.6 0 49 0 1 2
-6.2 0.7 0 110 0 1 2
-6.2 3.5 -0.3 131 0 1 4
-6.2 8.1 0.4 112 0 1 5
-6.2 9.2 1.1 107 0 1 5
-6.2 10.3 1.8 111 0 1 5
-6.1 2.3 -0.3 131 0 1 4
-6.1 3.9 -0.3 135 0 1 4
-6.1 7.3 0 97 0 1 5
-6.1 8.4 0.7 113 0 1 5
-6.1 9.5 1.3 109 0 1 5
-6.1 10.6 2.1 87 0 1 5
-6 4.5 -0.1 114 0 1 1
-6 7.7 0.2 117 0 1 5
-6 8.8 0.9 106 0 1 5
-6 9.9 1.6 113 0 1 5
-6 11 2.3 116 0 1 5
-5.9 -0.4 0 115 0 1 1
-5.9 -0.1 0 122 0 1 1
-5.9 0.3 0 75 0 1 1
-5.9 0.7 0 118 0 1 1
-5.9 1.1 0 112 0 1 1
-5.9 1.5 -0.1 110 0 1 1
-5.9 2.7 -0.5 131 0 1 4
-5.9 3.5 -0.5 128 0 1 4
-5.9 5.4 -0.1 124 0 1 1
-5.9 5.6 -0.1 116 0 1 1
-5.9 5.8 0 127 0 1 1
-5.9 6.2 0 129 0 1 1
-5.9 6.6 0 138 0 1 1
-5.9 7 0 135 0 1 1
-5.9 9.1 1.1 105 0 1 5
-5.9 10.2 1.8 82 0 1 5
-5.8 -1.2 -0.2 131 0 1 1
-5.8 1.9 -0.2 124 0 1 1
-5.8 4.3 -0.2 135 0 1 4
-5.8 4.7 -0.2 111 0 1 1
-5.8 4.9 -0.2 124 0 1 1
-5.8 5 -0.2 129 0 1 1
-5.8 5.2 -0.1 129 0 1 1
-5.8 8 0.4 110 0 1 5
-5.8 10.6 2.1 109 0 1 5
-5.7 -1.2 -0.2 132 0 1 1
-5.7 5.8 -0.1 124 0 1 1
-5.7 7.3 0 72 0 1 5
-5.7 8.4 0.7 83 0 1 5
-5.7 9.5 1.4 93 0 1 5
-5.6 1.9 -0.2 124 0 1 1
-5.6 7.6 0.2 118 0 1 5
-5.6 8.7 0.9 116 0 1 5
-5.6 9.8 1.6 58 0 1 5
-5.5 -1.2 -0.1 124 0 1 1
-5.5 -0.4 0 125 0 1 1
-5.5 -0.1 0 95 0 1 1
-5.5 0.3 0 79 0 1 1
-5.5 0.7 0 130 0 1 1
-5.5 1.1 0 119 0 1 1
-5.5 2.3 -0.5 120 0 1 4
-5.5 3.5 -0.6 130 0 1 4
-5.5 3.9 -0.5 122 0 1 4
-5.5 5.8 -0.1 123 0 1 1
-5.5 6.6 0 97 0 1 1
-5.5 7 0 134 0 1 1
-5.5 8 0.5 110 0 1 5
-5.5 9.1 1.2 118 0 1 5
-5.5 10.2 1.9 94 0 1 5
-5.4 1.9 -0.2 120 0 1 1
-5.4 7.3 0 114 0 1 5
-5.4 8.3 0.7 80 0 1 5
-5.4 9.4 1.4 104 0 1 5
-5.3 -1.2 -0.1 125 0 1 1
-5.3 -0.9 0.1 114 0 1 2
-5.3 -0.8 0.1 111 0 1 2
-5.3 -0.6 0.2 113 0 1 2
-5.3 -0.5 0.1 98 0 1 2
-5.3 5.4 -0.3 129 0 1 4
-5.3 5.8 -0.1 97 0 1 1
-5.3 9.8 1.7 96 0 1 5
-5.2 -0.7 0.2 110 0 1 2
-5.2 -0.5 0.1 93 0 1 2
-5.2 1.9 -0.2 129 0 1 1
-5.2 7.6 0.2 137 0 1 5
-5.2 8.7 1 61 0 1 5
-5.1 -1.6 -0.1 122 0 1 1
-5.1 -1.4 -0.1 125 0 1 1
-5.1 -1.2 0 132 0 1 1
-5.1 -0.9 0.2 116 0 1 2
-5.1 -0.5 0 117 0 1 2
-5.1 -0.5 0.2 116 0 1 2
-5.1 -0.4 0 129 0 1 1
-5.1 -0.1 0 103 0 1 1
-5.1 0.3 0 86 0 1 1
-5.1 0.7 0 127 0 1 1
-5.1 1.1 0 119 0 1 1
-5.1 1.5 -0.1 127 0 1 1
-5.1 2.1 -0.3 76 0 1 4
-5.1 2.7 -0.8 128 0 1 4
-5.1 3.1 -0.8 128 0 1 4
-5.1 3.5 -0.8 123 0 1 4
-5.1 4.3 -0.5 88 0 1 4
-5.1 4.7 -0.5 128 0 1 4
-5.1 5 -0.5 104 0 1 4
-5.1 6.2 -0.1 132 0 1 1
-5.1 6.6 0 86 0 1 1
-5.1 7 0 88 0 1 1
-5.1 8 0.5 97 0 1 5
-5.1 9 1.2 81 0 1 5
-5 -1.9 -0.2 132 0 1 4
-5 1.9 -0.2 105 0 1 1
-5 5.8 -0.2 119 0 1 1
-5 7.2 0.1 109 0 1 5
-5 8.3 0.7 102 0 1 5
-5 9.4 1.5 99 0 1 5
-4.9 -1.8 -0.1 122 0 1 1
-4.9 -0.9 0.2 133 0 1 2
-4.9 -0.7 0.2 126 0 1 2
-4.9 -0.5 0.2 95 0 1 2
-4.9 3.5 -0.8 120 0 1 4
-4.9 3.9 -0.6 119 0 1 4
-4.9 7.6 0.2 117 0 1 5
-4.9 8.7 1 116 0 1 5
-4.8 -1.2 0 70 0 1 1
-4.8 -1 0.1 115 0 1 2
-4.8 -0.9 0.1 118 0 1 2
-4.8 -0.8 0.2 113 0 1 2
-4.8 -0.6 0 51 0 1 2
-4.8 -0.6 0.1 146 0 1 2
-4.8 -0.6 0.2 137 0 1 2
-4.8 -0.5 0 120 0 1 2
-4.8 -0.5 0.1 128 0 1 2
-4.8 -0.5 0.2 122 0 1 2
-4.8 -0.4 0 133 0 1 1
-4.8 -0.1 0 115 0 1 1
-4.8 0.3 0 122 0 1 1
-4.8 0.7 0 117 0 1 1
-4.8 1.1 0 127 0 1 1
-4.8 1.9 -0.2 118 0 1 1
-4.8 5.8 -0.2 108 0 1 1
-4.8 6.6 0 83 0 1 1
-4.8 7 0 103 0 1 1
-4.8 9 1.2 96 0 1 5
-4.7 -2 -0.1 121 0 1 1
-4.7 -1 0 104 0 1 2
-4.7 -0.9 -0.1 117 0 1 2
-4.7 -0.8 -0.1 118 0 1 2
-4.7 -0.8 0.1 142 0 1 2
-4.7 -0.7 0 48 0 1 2
-4.7 -0.7 0.1 139 0 1 2
-4.7 -0.5 0 114 0 1 2
-4.7 2.3 -0.5 111 0 1 4
-4.7 2.7 -0.8 122 0 1 4
-4.7 3.5 -0.8 114 0 1 4
-4.7 5.4 -0.5 123 0 1 4
-4.7 7.9 0.4 136 0 1 5
-4.6 -0.8 0 96 0 1 2
-4.6 1.9 -0.2 125 0 1 1
-4.6 5.8 -0.2 94 0 1 1
-4.6 7.2 0 119 0 1 5
-4.6 8.3 0.7 116 0 1 5
-4.5 -2 -0.1 132 0 1 1
-4.5 2.5 -0.6 117 0 1 4
-4.5 3.3 -0.8 122 0 1 4
-4.5 7.5 0.2 122 0 1 5
-4.5 8.6 0.9 114 0 1 5
-4.4 -2 0 136 0 1 1
-4.4 -1.6 0 125 0 1 1
-4.4 -1.2 0 134 0 1 1
-4.4 -0.8 0 127 0 1 1
-4.4 -0.4 0 130 0 1 1
-4.4 -0.1 0 134 0 1 1
-4.4 0.3 0 128 0 1 1
-4.4 0.7 0 122 0 1 1
-4.4 1.1 0 121 0 1 1
-4.4 1.9 -0.2 124 0 1 1
-4.4 2.7 -0.8 123 0 1 4
-4.4 2.9 -0.8 123 0 1 4
-4.4 3.1 -0.8 127 0 1 4
-4.4 3.5 -0.8 123 0 1 4
-4.4 3.9 -0.8 120 0 1 4
-4.4 4.3 -0.8 129 0 1 4
-4.4 4.7 -0.8 121 0 1 4
-4.4 5 -0.8 88 0 1 4
-4.4 5.8 -0.2 87 0 1 1
-4.4 6.6 0 60 0 1 1
-4.4 7 0 59 0 1 1
-4.4 7.9 0.4 71 0 1 5
-4.3 -2.2 -0.1 125 0 1 1
-4.3 1.5 -0.1 124 0 1 1
-4.3 2.3 -0.5 94 0 1 4
-4.3 5.4 -0.5 111 0 1 4
-4.3 6.2 -0.1 126 0 1 1
-4.3 8.2 0.6 116 0 1 5
-4.2 1.9 -0.2 132 0 1 1
-4.2 5.8 -0.2 98 0 1 1
-4.2 7.1 0 112 0 1 5
-4.1 7.5 0.2 114 0 1 5
-4 -2 0 139 0 1 1
-4 -1.6 0 137 0 1 1
-4 -1.2 0 138 0 1 1
-4 -0.8 0 134 0 1 1
-4 -0.4 0 133 0 1 1
-4 -0.1 0 122 0 1 1
-4 0.3 0 126 0 1 1
-4 0.7 0 124 0 1 1
-4 1.1 0 121 0 1 1
-4 1.9 -0.2 125 0 1 1
-4 3.1 -0.8 128 0 1 4
-4 3.5 -0.8 122 0 1 4
-4 3.9 -0.8 127 0 1 4
-4 4.3 -0.8 130 0 1 4
-4 4.7 -0.8 123 0 1 4
-4 5 -0.8 121 0 1 4
-4 5.8 -0.2 100 0 1 1
-4 6.6 0 80 0 1 1
-4 7 0 102 0 1 1
-4 7.8 0.4 110 0 1 5
-3.9 2.3 -0.5 117 0 1 4
-3.9 5.4 -0.5 75 0 1 4
-3.9 7.1 0 119 0 1 5
-3.8 1.9 -0.2 103 0 1 1
-3.8 5.8 -0.2 87 0 1 1
-3.7 1.9 -0.2 120 0 1 1
-3.7 5.8 -0.2 118 0 1 1
-3.6 -1.2 0 129 0 1 1
-3.6 -0.8 0 133 0 1 1
-3.6 -0.4 0 134 0 1 1
-3.6 -0.1 0 116 0 1 1
-3.6 0.3 0 119 0 1 1
-3.6 0.7 0 132 0 1 1
-3.6 1.1 0 126 0 1 1
-3.6 3.5 -0.8 119 0 1 4
-3.6 3.9 -0.8 125 0 1 4
-3.6 4.3 -0.8 114 0 1 4
-3.6 4.7 -0.8 129 0 1 4
-3.6 5 -0.8 114 0 1 4
-3.6 6.6 0 107 0 1 1
-3.6 7 0 135 0 1 1
-3.5 1.5 -0.1 120 0 1 1
-3.5 1.9 -0.2 130 0 1 1
-3.5 5.4 -0.5 98 0 1 4
-3.5 5.8 -0.2 79 0 1 1
-3.5 6.2 -0.1 132 0 1 1
-3.3 1.9 -0.1 128 0 1 1
-3.3 5.8 -0.1 113 0 1 1
-3.2 -0.1 0 128 0 1 1
-3.2 0.3 0 81 0 1 1
-3.2 0.7 0 118 0 1 1
-3.2 1.1 0 124 0 1 1
-3.1 1.9 -0.1 120 0 1 1
-3.1 5.4 -0.5 90 0 1 4
-3.1 5.8 -0.1 80 0 1 1
-3 1.9 -0.1 121 0 1 1
-3 5.8 -0.1 114 0 1 1
-2.9 5.4 -0.3 83 0 1 4
-2.8 1.1 0 127 0 1 1
-2.8 1.5 0 127 0 1 1
-2.8 1.9 0 121 0 1 1
-2.8 2.1 -0.1 83 0 1 1
-2.7 2.3 -0.1 132 0 1 1
-2.7 2.5 -0.1 131 0 1 1
-2.7 2.7 -0.2 121 0 1 1
-2.7 2.9 -0.2 117 0 1 1
-2.7 3.1 -0.2 120 0 1 1
-2.7 3.3 -0.2 120 0 1 1
-2.7 3.5 -0.2 127 0 1 1
-2.7 3.7 -0.2 115 0 1 1
-2.7 3.9 -0.2 120 0 1 1
-2.7 4.1 -0.2 115 0 1 1
-2.7 4.3 -0.2 114 0 1 1
-2.7 4.5 -0.2 119 0 1 1
-2.7 4.7 -0.2 86 0 1 1
-2.7 4.9 -0.2 75 0 1 1
-2.7 5 -0.2 89 0 1 1
-2.7 5.2 -0.1 88 0 1 1
-2.7 5.4 -0.1 114 0 1 1
-2.3 3.5 -0.1 119 0 1 1
-2.3 4.3 -0.1 131 0 1 1
-2 3.5 0 136 0 1 1
-2 3.9 0 122 0 1 1
