-19.2 -5.6 0 78 0 1 1
-19.1 -5.9 0 101 0 1 1
-18.8 -5.9 0 113 0 1 1
-18.5 -5.5 0 127 0 1 1
-18.1 -5.5 0 119 0 1 1
-17.7 -5.5 0 87 0 1 1
-17.2 -3.6 0.5 79 0 1 5
-17 -4.7 0.2 128 0 1 5
-16.9 -3.9 0.5 86 0 1 5
-16.8 -3.6 0.4 137 0 1 5
-16.7 -5 0.1 116 0 1 5
-16.7 -4.6 0.2 115 0 1 5
-16.6 -4.3 0.4 86 0 1 5
-16.5 -3.9 0.3 130 0 1 5
-16.4 -11.4 0 127 0 1 1
-16.4 -5 0.1 113 0 1 5
-16.3 -11.6 0 101 0 1 1
-16.3 -11.4 0 115 0 1 1
-16.3 -4.6 0.2 103 0 1 5
-16.2 -4.3 0.2 127 0 1 5
-16.2 -3.9 0.2 112 0 1 5
-16.1 -11.8 0 113 0 1 1
-16.1 -11.6 0 107 0 1 1
-16.1 -11.4 0 123 0 1 1
-16 -12 0 90 0 1 1
-16 -5 0 121 0 1 5
-15.9 -4.6 0.1 120 0 1 5
-15.9 -4.3 0.1 114 0 1 5
-15.8 -12.2 0 106 0 1 1
-15.8 -3.9 0 114 0 1 5
-15.7 -11.4 0 135 0 1 1
-15.7 -11 0 128 0 1 1
-15.6 -12.5 0 81 0 1 1
-15.6 -12.2 0 121 0 1 1
-15.6 -4.6 0 122 0 1 5
-15.5 -4.2 0 110 0 1 5
-15.3 -12.9 0 101 0 1 1
-15.3 -12.8 0 102 0 1 1
-15.3 -12.5 0 118 0 1 1
-15.3 -12.2 0 118 0 1 1
-15.3 -11.8 0 117 0 1 1
-15.3 -11.4 0 125 0 1 1
-15.3 -11 0 119 0 1 1
-15.3 -4.8 0 122 0 1 1
-15.3 -4.4 0 123 0 1 1
-15 -12.2 0 125 0 1 1
-15 -11.8 0 121 0 1 1
-15 -11.4 0 124 0 1 1
-15 -11 0 127 0 1 1
-15 -10.6 0 123 0 1 1
-15 -4.4 0 125 0 1 1
-14.6 -11.8 0 117 0 1 1
-14.6 -11.4 0 122 0 1 1
-14.6 -11 0 122 0 1 1
-14.6 -10.6 0 123 0 1 1
-14.6 -4.4 0 125 0 1 1
-14.2 -11.4 0 120 0 1 1
-14.2 -11 0 128 0 1 1
-14.2 -10.6 0 126 0 1 1
-14.2 -10.2 0 122 0 1 1
-13.8 -11 0 132 0 1 1
-13.8 -10.6 0 139 0 1 1
-13.8 -10.2 0 108 0 1 1
-13.7 -2.4 1 95 0 1 5
-13.6 -3.8 0.1 111 0 1 5
-13.5 -3.5 0.3 110 0 1 5
-13.4 -10.2 0 114 0 1 1
-13.4 -9.9 0 114 0 1 1
-13.4 -3.1 0.5 121 0 1 5
-13.4 -2.7 0.8 122 0 1 5
-13.3 -2.4 0.9 114 0 1 5
-13.1 -3.4 0.2 112 0 1 5
-13.1 -3.1 0.5 114 0 1 5
-13 -9.9 0 90 0 1 1
-13 -9.5 0 114 0 1 1
-13 -2.7 0.7 124 0 1 5
-12.9 -2.4 0.9 122 0 1 5
-12.8 -3.4 0.2 119 0 1 5
-12.7 -3.1 0.4 120 0 1 5
-12.6 -2.7 0.6 113 0 1 5
-12.6 -2.3 0.8 123 0 1 5
-12.5 -3.6 0.1 94 0 1 3
-12.4 -4.3 0.9 70 0 1 3
-12.4 -3.4 0.1 121 0 1 5
-12.3 -4.1 0.8 84 0 1 3
-12.3 -3.1 0.3 114 0 1 5
-12.3 -2.7 0.5 121 0 1 5
-12.2 -4.9 1.4 108 0 1 3
-12.2 -2.3 0.7 115 0 1 5
-12.1 -4.1 0.8 120 0 1 3
-12.1 -2 0.9 113 0 1 5
-12 -5.8 1.3 83 0 1 3
-12 -4.2 1.1 95 0 1 3
-12 -3.4 0.1 91 0 1 5
-12 -3 0.3 125 0 1 5
-11.9 -4.9 1.4 81 0 1 3
-11.9 -2.7 0.5 122 0 1 5
-11.8 -9.6 0.3 111 0 1 5
-11.8 -4.4 1.3 105 0 1 3
-11.8 -2.3 0.7 114 0 1 5
-11.8 -2 0.9 114 0 1 5
-11.6 -3 0.3 118 0 1 5
-11.5 -9.8 0.5 102 0 1 5
-11.5 -3.2 0.2 108 0 1 3
-11.5 -2.7 0.4 129 0 1 5
-11.5 -2.3 0.6 118 0 1 5
-11.4 -1.9 0.8 115 0 1 5
-11.3 -9.5 0.4 111 0 1 5
-11.3 -6.5 1.1 114 0 1 3
-11.3 -4.8 1.4 103 0 1 3
-11.3 -3.5 0.3 102 0 1 3
-11.2 -10.1 0.8 91 0 1 5
-11.2 -3.6 0.8 105 0 1 3
-11.2 -3 0.3 113 0 1 5
-11.2 -2.7 0.4 106 0 1 5
-11.1 -6.8 1.1 98 0 1 3
-11.1 -2.3 0.6 119 0 1 5
-11 -9.7 0.7 93 0 1 5
-11 -5.4 1.3 141 0 1 3
-11 -4.4 1.4 112 0 1 3
-11 -3.5 0.5 109 0 1 3
-11 -1.9 0.8 125 0 1 5
-10.9 -9.4 0.5 98 0 1 5
-10.9 -3.4 0.3 101 0 1 3
-10.9 -3 0.2 103 0 1 5
-10.8 -10 1 89 0 1 5
-10.8 -3.4 0.8 115 0 1 3
-10.8 -2.6 0.4 114 0 1 5
-10.7 -6.9 1 108 0 1 3
-10.7 -3.3 0.3 101 0 1 3
-10.7 -3.1 0.2 103 0 1 3
-10.7 -2.3 0.5 125 0 1 5
-10.7 -1.9 0.7 125 0 1 5
-10.6 -9.6 0.9 106 0 1 5
-10.6 -4.2 1.3 127 0 1 3
-10.6 -3.8 1.3 72 0 1 3
-10.6 -3.4 0.5 48 0 1 3
-10.5 -4.4 1.3 114 0 1 3
-10.5 -3 0.1 117 0 1 5
-10.4 -9.3 0.7 98 0 1 5
-10.4 -3.3 0.3 112 0 1 3
-10.4 -2.6 0.3 107 0 1 5
-10.4 -2.3 0.4 127 0 1 5
-10.3 -9.9 1.2 87 0 1 5
-10.3 -1.9 0.6 124 0 1 5
-10.2 -4.1 1.3 133 0 1 3
-10.2 -3.5 0.8 113 0 1 3
-10.2 -3.2 0.1 113 0 1 3
-10.2 -3.1 0 107 0 1 3
-10.1 -9.6 1 107 0 1 5
-10.1 -6.1 1 131 0 1 3
-10.1 -3.7 1 119 0 1 3
-10.1 -3.4 0.3 117 0 1 3
-10.1 -3 0 109 0 1 5
-10.1 -2.6 0.1 122 0 1 5
-10 -10.1 1.3 100 0 1 5
-10 -9.2 0.9 105 0 1 5
-10 -7.1 0.6 125 0 1 3
-10 -3.8 1.2 134 0 1 3
-10 -3.4 0.5 111 0 1 3
-10 -2.2 0.3 132 0 1 5
-9.9 -4.4 1.3 135 0 1 3
-9.9 -4.1 1.2 138 0 1 3
-9.9 -3.7 1 126 0 1 3
-9.9 -3.6 0.4 130 0 1 3
-9.9 -3.6 0.5 112 0 1 3
-9.9 -3.4 0.2 133 0 1 3
-9.9 -3.2 0 127 0 1 1
-9.9 -2.8 0 122 0 1 1
-9.9 -1.9 0.4 132 0 1 5
-9.8 -9.8 1.3 108 0 1 5
-9.8 -8.9 0.8 102 0 1 5
-9.8 -4.8 1.2 120 0 1 3
-9.8 -4.3 1.1 141 0 1 3
-9.8 -4.1 1.1 145 0 1 3
-9.8 -4 0.4 139 0 1 3
-9.8 -4 0.6 106 0 1 3
-9.8 -4 0.8 108 0 1 3
-9.8 -3.8 0.4 117 0 1 3
-9.8 -3.7 0.7 115 0 1 3
-9.8 -3.4 0.1 131 0 1 3
-9.7 -9.5 1.2 116 0 1 5
-9.7 -5.2 1.2 135 0 1 3
-9.7 -4.7 1 132 0 1 3
-9.7 -4.4 0.5 128 0 1 3
-9.7 -4.3 0.7 103 0 1 3
-9.7 -4.3 0.9 129 0 1 3
-9.7 -4.2 0.5 125 0 1 3
-9.7 -4 0.4 134 0 1 3
-9.6 -6.7 0.7 125 0 1 3
-9.6 -6.6 0.8 95 0 1 3
-9.6 -5.6 1 135 0 1 3
-9.6 -5.2 0.9 118 0 1 3
-9.6 -4.8 0.6 128 0 1 3
-9.6 -4.7 0.8 122 0 1 3
-9.6 -4.6 0.5 133 0 1 3
-9.6 -4.3 0.5 131 0 1 3
-9.6 -4.1 0.4 131 0 1 3
-9.6 -2.2 0.1 132 0 1 5
-9.6 -1.9 0.2 135 0 1 5
-9.5 -9.2 1.2 120 0 1 5
-9.5 -6.8 0.6 141 0 1 3
-9.5 -6.3 0.8 131 0 1 3
-9.5 -6 0.8 133 0 1 3
-9.5 -5.6 0.7 116 0 1 3
-9.5 -5.2 0.6 119 0 1 3
-9.5 -5 0.5 133 0 1 3
-9.5 -4.5 0.4 117 0 1 3
-9.5 -4.3 0.3 137 0 1 3
-9.5 -4.2 0.4 132 0 1 3
-9.5 -3.7 0.3 137 0 1 3
-9.5 -3.6 0 128 0 1 1
-9.5 -3.2 0 124 0 1 1
-9.5 -2.8 0 127 0 1 1
-9.5 -2.4 0 122 0 1 1
-9.5 -1.5 0.4 123 0 1 5
-9.4 -9.7 1.4 101 0 1 5
-9.4 -6.8 0.5 131 0 1 5
-9.4 -6.6 0.5 127 0 1 3
-9.4 -5.9 0.4 113 0 1 5
-9.4 -5.3 0.2 125 0 1 3
-9.4 -4.8 0.4 132 0 1 3
-9.4 -4.5 0.3 118 0 1 3
-9.4 -4.3 0.2 122 0 1 3
-9.3 -8.8 1 111 0 1 5
-9.3 -6.5 0.5 118 0 1 5
-9.3 -6.4 0.5 121 0 1 5
-9.3 -5 0.1 109 0 1 5
-9.2 -9.4 1.3 108 0 1 5
-9.2 -7.1 0.6 103 0 1 5
-9.2 -5.6 0.3 89 0 1 5
-9.2 -1.9 0 119 0 1 5
-9.1 -8.5 1 104 0 1 5
-9.1 -6.2 0.4 126 0 1 5
-9.1 -4.8 0 121 0 1 1
-9.1 -4.4 0 121 0 1 1
-9.1 -4 0 134 0 1 1
-9.1 -3.6 0 121 0 1 1
-9.1 -3.2 0 117 0 1 1
-9.1 -2.4 0 131 0 1 1
-9.1 -2 0 123 0 1 1
-9.1 -1.5 0.2 130 0 1 5
-9 -9.1 1.3 93 0 1 5
-9 -8.2 0.9 102 0 1 5
-9 -6.7 0.5 97 0 1 5
-9 -5.3 0.1 124 0 1 5
-8.9 -8.8 1.2 109 0 1 5
-8.9 -7.3 0.7 117 0 1 5
-8.9 -5.8 0.3 126 0 1 5
-8.8 -9.3 1.5 87 0 1 5
-8.8 -7.9 0.9 88 0 1 5
-8.8 -6.4 0.5 126 0 1 5
-8.8 -5 0 127 0 1 5
-8.8 -1.5 0 134 0 1 5
-8.7 -8.4 1.1 109 0 1 5
-8.7 -7 0.6 118 0 1 5
-8.7 -5.5 0.2 128 0 1 5
-8.7 -4.8 0 128 0 1 1
-8.7 -4.4 0 127 0 1 1
-8.7 -4 0 128 0 1 1
-8.7 -3.6 0 121 0 1 1
-8.7 -3.2 0 122 0 1 1
-8.7 -2.5 0.1 120 0 1 2
-8.7 -2.3 0 97 0 1 2
-8.7 -2 0 124 0 1 1
-8.7 -1.6 0 124 0 1 1
-8.6 -9 1.4 105 0 1 5
-8.6 -7.5 0.8 119 0 1 5
-8.6 -6.1 0.4 130 0 1 5
-8.6 -5.2 0.1 122 0 1 5
-8.6 -2.7 0.1 112 0 1 2
-8.6 -2.4 0.1 124 0 1 2
-8.6 -2.3 0 116 0 1 2
-8.5 -8.1 1 97 0 1 5
-8.5 -6.7 0.5 122 0 1 5
-8.5 -5.8 0.2 127 0 1 5
-8.4 -8.7 1.3 91 0 1 5
-8.4 -7.2 0.7 95 0 1 5
-8.4 -6.3 0.4 122 0 1 5
-8.4 -4.9 0 122 0 1 5
-8.4 -2.6 0.1 125 0 1 2
-8.4 -2.4 0.1 109 0 1 2
-8.3 -9.2 1.6 108 0 1 5
-8.3 -7.8 0.9 96 0 1 5
-8.3 -6.9 0.5 117 0 1 5
-8.3 -5.4 0.1 112 0 1 5
-8.3 -4.8 0 128 0 1 1
-8.3 -4.4 0 129 0 1 1
-8.3 -4 0 129 0 1 1
-8.3 -3.6 0 125 0 1 1
-8.3 -3.2 0 121 0 1 1
-8.3 -2.8 0 119 0 1 2
-8.3 -2.7 0 118 0 1 2
-8.3 -2.7 0.1 122 0 1 2
-8.3 -2.6 0.1 117 0 1 2
-8.3 -2.4 0 136 0 1 2
-8.3 -2.4 0.1 134 0 1 2
-8.3 -2 0 122 0 1 1
-8.3 -1.6 0 119 0 1 1
-8.2 -8.3 1.2 113 0 1 5
-8.2 -7.5 0.7 128 0 1 5
-8.2 -6 0.2 131 0 1 5
-8.2 -2.7 -0.1 129 0 1 2
-8.2 -2.6 0 136 0 1 2
-8.2 -2.5 0 131 0 1 2
-8.2 -2.4 -0.1 125 0 1 2
-8.1 -8.9 1.6 102 0 1 5
-8.1 -8 1 114 0 1 5
-8.1 -6.6 0.4 129 0 1 5
-8.1 -5.1 -0.1 117 0 1 5
-8 -9.5 1.8 88 0 1 5
-8 -7.1 0.6 131 0 1 5
-8 -5.7 0.1 137 0 1 5
-7.9 -8.6 1.4 106 0 1 5
-7.9 -7.7 0.8 109 0 1 5
-7.9 -6.2 0.2 131 0 1 5
-7.9 -5.1 0 96 0 1 1
-7.9 -4.8 0 126 0 1 1
-7.9 -4.4 0 136 0 1 1
-7.9 -2 0 129 0 1 1
-7.9 -1.6 0 122 0 1 1
-7.9 -1.2 0 124 0 1 1
-7.8 -9.2 1.8 113 0 1 5
-7.8 -8.3 1.2 110 0 1 5
-7.8 -6.8 0.4 126 0 1 5
-7.8 -3.5 -0.1 124 0 1 1
-7.8 -2.8 -0.1 133 0 1 1
-7.7 -8.8 1.7 111 0 1 5
-7.7 -7.4 0.7 110 0 1 5
-7.7 -5.9 0 132 0 1 5
-7.6 -9.4 2 100 0 1 5
-7.6 -7.9 1 113 0 1 5
-7.6 -6.5 0.2 127 0 1 5
-7.5 -10 2.2 94 0 1 5
-7.5 -8.5 1.5 108 0 1 5
-7.5 -7.1 0.5 122 0 1 5
-7.5 -5.5 0 123 0 1 1
-7.5 -5.1 0 106 0 1 1
-7.5 -4.8 0 118 0 1 1
-7.5 -4.4 0 122 0 1 1
-7.5 -4.1 -0.1 121 0 1 1
-7.5 -2.2 -0.1 116 0 1 1
-7.5 -2 0 130 0 1 1
-7.5 -1.6 0 131 0 1 1
-7.5 -1.2 0 128 0 1 1
-7.4 -10.5 2.4 104 0 1 5
-7.4 -9.1 1.9 113 0 1 5
-7.4 -7.6 0.8 117 0 1 5
-7.4 -6.2 0.1 126 0 1 5
-7.4 -3.9 -0.1 127 0 1 1
-7.4 -3.7 -0.2 131 0 1 1
-7.4 -3.5 -0.2 134 0 1 1
-7.4 -3.3 -0.2 131 0 1 1
-7.4 -3.1 -0.2 127 0 1 1
-7.4 -2.9 -0.2 131 0 1 1
-7.4 -2.7 -0.2 124 0 1 1
-7.4 -2.5 -0.2 131 0 1 1
-7.4 -2.4 -0.1 130 0 1 1
-7.3 -11.1 2.5 89 0 1 5
-7.3 -9.6 2.2 113 0 1 5
-7.3 -8.2 1.2 110 0 1 5
-7.3 -6.7 0.4 114 0 1 5
-7.3 -4.3 -0.1 134 0 1 1
-7.3 -2 -0.1 129 0 1 1
-7.2 -10.2 2.3 119 0 1 5
-7.2 -8.7 1.8 110 0 1 5
-7.2 -7.3 0.7 97 0 1 5
-7.2 -6.4 0.2 115 0 1 5
-7.1 -10.8 2.4 111 0 1 5
-7.1 -9.3 2.1 113 0 1 5
-7.1 -7.9 1 113 0 1 5
-7.1 -7 0.5 113 0 1 5
-7.1 -5.9 0 119 0 1 1
-7.1 -5.5 0 127 0 1 1
-7.1 -5.1 0 128 0 1 1
-7.1 -4.3 -0.1 128 0 1 1
-7.1 -2 -0.1 129 0 1 1
-7.1 -1.2 0 128 0 1 1
-7 -9.9 2.3 119 0 1 5
-7 -8.4 1.5 107 0 1 5
-7 -7.5 0.8 114 0 1 5
-7 -6.1 0.1 117 0 1 5
-6.9 -10.4 2.4 113 0 1 5
-6.9 -9 2 109 0 1 5
-6.9 -8.1 1.3 111 0 1 5
-6.9 -6.6 0.4 113 0 1 5
-6.9 -4.5 -0.1 129 0 1 1
-6.9 -3.8 -0.4 106 0 1 4
-6.9 -2.2 -0.4 111 0 1 4
-6.8 -11 2.5 91 0 1 5
-6.8 -9.6 2.2 121 0 1 5
-6.8 -8.7 1.9 104 0 1 5
-6.8 -7.2 0.8 120 0 1 5
-6.8 -2 -0.2 120 0 1 1
-6.7 -10.1 2.4 112 0 1 5
-6.7 -9.2 2.1 123 0 1 5
-6.7 -7.8 1.2 114 0 1 5
-6.7 -6.3 0.2 108 0 1 5
-6.7 -5.5 0 116 0 1 1
-6.7 -5.1 0 133 0 1 1
-6.7 -4.9 -0.1 134 0 1 1
-6.7 -4.7 -0.1 122 0 1 1
-6.7 -3.3 -0.6 128 0 1 4
-6.7 -2.9 -0.6 134 0 1 4
-6.7 -2.5 -0.6 130 0 1 4
-6.7 -1.6 -0.1 130 0 1 1
-6.7 -1.2 0 123 0 1 1
-6.6 -10.7 2.4 124 0 1 5
-6.6 -9.8 2.3 129 0 1 5
-6.6 -8.3 1.6 119 0 1 5
-6.6 -6.9 0.7 88 0 1 5
-6.6 -4.3 -0.2 114 0 1 4
-6.6 -1.9 -0.2 123 0 1 1
-6.5 -8.9 2 123 0 1 5
-6.5 -7.4 1 115 0 1 5
-6.5 -6 0.1 106 0 1 5
-6.5 -5.1 -0.1 118 0 1 1
-6.4 -10.4 2.4 123 0 1 5
-6.4 -9.5 2.2 127 0 1 5
-6.4 -8 1.5 121 0 1 5
-6.4 -6.6 0.4 136 0 1 5
-6.4 -5.7 -0.1 122 0 1 5
-6.3 -10.9 2.4 113 0 1 5
-6.3 -10 2.3 121 0 1 5
-6.3 -8.6 1.8 132 0 1 5
-6.3 -7.1 0.8 135 0 1 5
-6.3 -6.7 0 133 0 1 1
-6.3 -6.3 0 125 0 1 1
-6.3 -6.2 0.4 121 0 1 5
-6.3 -5.1 -0.1 118 0 1 1
-6.3 -3.7 -0.6 94 0 1 4
-6.3 -2.1 -0.6 110 0 1 4
-6.3 -1.8 -0.4 120 0 1 1
-6.3 -1.2 -0.1 136 0 1 1
-6.2 -10.6 2.3 132 0 1 5
-6.2 -9.1 2.1 128 0 1 5
-6.2 -7.7 1.2 117 0 1 5
-6.2 -6.8 0.5 132 0 1 5
-6.1 -9.7 2.2 129 0 1 5
-6.1 -8.3 1.6 125 0 1 5
-6.1 -7.4 0.9 132 0 1 5
-6.1 -5.9 0.2 112 0 1 5
-6.1 -4.6 -0.4 134 0 1 4
-6 -10.3 2.3 132 0 1 5
-6 -8.8 1.9 135 0 1 5
-6 -6.5 0.4 131 0 1 5
-6 -5.1 -0.2 137 0 1 1
-5.9 -10.8 2.3 128 0 1 5
-5.9 -9.4 2.1 129 0 1 5
-5.9 -7.9 1.3 136 0 1 5
-5.9 -7 0.6 135 0 1 5
-5.9 -6.3 0 94 0 1 1
-5.9 -5.9 0 102 0 1 1
-5.9 -5.6 0.1 103 0 1 5
-5.9 -5.5 -0.1 131 0 1 1
-5.9 -4.1 -0.6 111 0 1 4
-5.8 -13.7 2.3 91 0 1 5
-5.8 -10 2.2 125 0 1 5
-5.8 -8.5 1.7 135 0 1 5
-5.8 -7.6 1 138 0 1 5
-5.8 -6.2 0.2 130 0 1 5
-5.8 -5.1 -0.2 93 0 1 1
-5.8 -3.6 -0.8 109 0 1 4
-5.8 -1.2 -0.2 132 0 1 1
-5.7 -13.4 2.3 119 0 1 5
-5.7 -9.1 2 130 0 1 5
-5.7 -8.2 1.4 157 0 1 5
-5.7 -6.7 0.3 135 0 1 5
-5.7 -1.2 -0.2 125 0 1 1
-5.6 -14 2.5 120 0 1 5
-5.6 -9.6 2.2 129 0 1 5
-5.6 -8.7 1.7 139 0 1 5
-5.6 -7.3 0.7 136 0 1 5
-5.6 -5.1 -0.2 111 0 1 1
-5.5 -13.1 2.2 128 0 1 5
-5.5 -10.2 2.2 128 0 1 5
-5.5 -9.3 2 129 0 1 5
-5.5 -7.8 1.1 141 0 1 5
-5.5 -7.1 0 134 0 1 1
-5.5 -6.7 0 131 0 1 1
-5.5 -6.4 0.2 139 0 1 5
-5.5 -6.3 0 121 0 1 1
-5.5 -5.9 0 76 0 1 1
-5.5 -4.5 -0.6 117 0 1 4
-5.5 -1.2 -0.1 119 0 1 1
-5.4 -13.7 2.5 98 0 1 5
-5.4 -9.9 2.1 132 0 1 5
-5.4 -8.4 1.5 136 0 1 5
-5.4 -7 0.4 137 0 1 5
-5.4 -5.1 -0.2 129 0 1 1
-5.3 -14.2 2.5 93 0 1 5
-5.3 -12.8 2.1 156 0 1 5
-5.3 -10.4 2.2 114 0 1 5
-5.3 -9 1.8 130 0 1 5
-5.3 -7.5 0.7 133 0 1 5
-5.3 -6.1 0.1 126 0 1 5
-5.3 -5.3 -0.2 126 0 1 1
-5.3 -1.2 -0.1 124 0 1 1
-5.2 -13.3 2.4 117 0 1 5
-5.2 -9.5 2 131 0 1 5
-5.2 -8.1 1.1 136 0 1 5
-5.2 -6.6 0.1 123 0 1 5
-5.1 -13.9 2.5 115 0 1 5
-5.1 -10.1 2.2 109 0 1 5
-5.1 -8.7 1.5 132 0 1 5
-5.1 -7.2 0.4 129 0 1 5
-5.1 -6.7 0 131 0 1 1
-5.1 -6.3 0 130 0 1 1
-5.1 -5.9 0 129 0 1 1
-5.1 -5.7 -0.1 127 0 1 1
-5.1 -5.5 -0.1 124 0 1 1
-5.1 -4.5 -0.6 98 0 1 4
-5.1 -1.6 -0.1 121 0 1 1
-5.1 -1.4 -0.1 125 0 1 1
-5.1 -1.2 0 133 0 1 1
-5.1 -0.8 0 123 0 1 1
-5 -13 2.3 126 0 1 5
-5 -10.7 2.2 128 0 1 5
-5 -9.2 1.8 117 0 1 5
-5 -7.8 0.8 134 0 1 5
-5 -6.9 0.1 136 0 1 5
-5 -5.1 -0.2 144 0 1 4
-5 -1.9 -0.2 136 0 1 4
-4.9 -13.6 2.5 114 0 1 5
-4.9 -9.8 2 133 0 1 5
-4.9 -8.3 1.2 120 0 1 5
-4.9 -7.4 0.4 132 0 1 5
-4.9 -5.9 -0.1 145 0 1 1
-4.9 -1.8 -0.1 123 0 1 1
-4.8 -14.1 2.5 119 0 1 5
-4.8 -12.7 2.2 125 0 1 5
-4.8 -10.4 2.1 134 0 1 5
-4.8 -8.9 1.6 133 0 1 5
-4.8 -8 0.8 129 0 1 5
-4.8 -7.1 0 137 0 1 1
-4.8 -6.7 0 141 0 1 1
-4.8 -1.2 0 71 0 1 1
-4.8 -0.8 0 129 0 1 1
-4.7 -13.3 2.4 128 0 1 5
-4.7 -9.5 1.8 142 0 1 5
-4.7 -8.6 1.2 141 0 1 5
-4.7 -7.1 0.1 133 0 1 5
-4.7 -5.9 -0.1 133 0 1 1
-4.7 -4.5 -0.6 134 0 1 4
-4.7 -2 -0.1 129 0 1 1
-4.6 -13.8 2.4 131 0 1 5
-4.6 -12.9 2.3 128 0 1 5
-4.6 -10 2 143 0 1 5
-4.6 -9.1 1.5 143 0 1 5
-4.6 -7.7 0.4 126 0 1 5
-4.5 -13.5 2.4 139 0 1 5
-4.5 -10.6 2.1 108 0 1 5
-4.5 -8.2 0.8 118 0 1 5
-4.5 -5.9 -0.2 138 0 1 1
-4.5 -5.4 -0.4 140 0 1 4
-4.5 -2 -0.1 131 0 1 1
-4.4 -14.1 2.3 96 0 1 5
-4.4 -12.6 2.1 137 0 1 5
-4.4 -11.2 2.1 127 0 1 5
-4.4 -9.7 1.8 143 0 1 5
-4.4 -8.8 1.2 143 0 1 5
-4.4 -7.9 0 129 0 1 1
-4.4 -7.4 0.1 120 0 1 5
-4.4 -7.1 0 130 0 1 1
-4.4 -6.7 0 136 0 1 1
-4.4 -2 0 136 0 1 1
-4.4 -1.6 0 125 0 1 1
-4.4 -1.2 0 134 0 1 1
-4.3 -13.2 2.2 134 0 1 5
-4.3 -11.7 2.1 130 0 1 5
-4.3 -10.3 2 117 0 1 5
-4.3 -9.4 1.6 130 0 1 5
-4.3 -7.9 0.5 141 0 1 5
-4.3 -6.3 -0.1 119 0 1 1
-4.3 -5.9 -0.2 129 0 1 1
-4.3 -4.9 -0.6 150 0 1 4
-4.3 -2.7 -0.2 108 0 1 4
-4.3 -2.4 -0.1 108 0 1 1
-4.3 -2.2 -0.1 123 0 1 1
-4.2 -13.7 2.2 139 0 1 5
-4.2 -12.3 2 139 0 1 5
-4.2 -10.8 2 124 0 1 5
-4.2 -9.9 1.8 145 0 1 5
-4.2 -8.5 0.8 109 0 1 5
-4.1 -12.9 2.1 139 0 1 5
-4.1 -11.4 2 144 0 1 5
-4.1 -10.5 1.9 146 0 1 5
-4.1 -9.1 1.2 133 0 1 5
-4.1 -7.6 0.1 138 0 1 5
-4.1 -5.9 -0.2 116 0 1 1
-4.1 -2.6 -0.1 79 0 1 1
-4.1 -0.6 0.1 117 0 1 2
-4 -13.4 2.1 133 0 1 5
-4 -12 1.9 138 0 1 5
-4 -11.1 1.9 141 0 1 5
-4 -9.6 1.5 146 0 1 5
-4 -8.2 0.5 142 0 1 5
-4 -7.5 0 118 0 1 1
-4 -7.1 0 125 0 1 1
-4 -6.7 0 128 0 1 1
-4 -5.3 -0.6 102 0 1 4
-4 -2 0 138 0 1 1
-4 -1.6 0 137 0 1 1
-4 -1.2 0 138 0 1 1
-4 -0.8 0.2 103 0 1 2
-4 -0.6 0.1 101 0 1 2
-4 -0.6 0.2 114 0 1 2
-3.9 -14 2.1 116 0 1 5
-3.9 -12.5 1.9 144 0 1 5
-3.9 -11.6 1.9 140 0 1 5
-3.9 -10.2 1.7 141 0 1 5
-3.9 -8.7 0.8 138 0 1 5
-3.9 -5.9 -0.1 118 0 1 1
-3.9 -2.8 -0.1 92 0 1 1
-3.9 -1.1 0.1 104 0 1 2
-3.9 -0.9 0.2 111 0 1 2
-3.9 -0.6 0.2 126 0 1 2
-3.8 -13.1 1.9 138 0 1 5
-3.8 -12.2 1.8 143 0 1 5
-3.8 -10.8 1.7 119 0 1 5
-3.8 -9.3 1.2 141 0 1 5
-3.8 -7.8 0.2 140 0 1 5
-3.8 -1.1 0 95 0 1 2
-3.8 -1 0.1 121 0 1 2
-3.7 -13.7 1.9 142 0 1 5
-3.7 -12.8 1.8 126 0 1 5
-3.7 -11.3 1.7 118 0 1 5
-3.7 -9.9 1.4 143 0 1 5
-3.7 -8.4 0.5 131 0 1 5
-3.7 -5.9 -0.1 126 0 1 1
-3.7 -5.4 -0.4 60 0 1 4
-3.7 -2.8 -0.1 120 0 1 1
-3.6 -14.2 1.8 131 0 1 5
-3.6 -13.3 1.8 131 0 1 5
-3.6 -11.9 1.7 142 0 1 5
-3.6 -10.4 1.6 146 0 1 5
-3.6 -9 0.8 134 0 1 5
-3.6 -8.3 0 136 0 1 1
-3.6 -8.1 0.2 130 0 1 5
-3.6 -7.9 0 136 0 1 1
-3.6 -7.5 0 129 0 1 1
-3.6 -7.1 0 116 0 1 1
-3.6 -6.7 0 120 0 1 1
-3.6 -6.3 0 104 0 1 1
-3.6 -5.9 0 127 0 1 1
-3.6 -5.7 -0.1 103 0 1 1
-3.6 -4.9 -0.6 53 0 1 4
-3.6 -3 -0.1 122 0 1 1
-3.6 -2.8 0 119 0 1 1
-3.6 -2.4 0 124 0 1 1
-3.6 -2 0 134 0 1 1
-3.6 -1.6 0 124 0 1 1
-3.6 -1.2 0 129 0 1 1
-3.6 -1 0.1 127 0 1 2
-3.5 -12.4 1.6 137 0 1 5
-3.5 -11 1.6 141 0 1 5
-3.5 -9.5 1.1 129 0 1 5
-3.5 -8.6 0.5 134 0 1 5
-3.5 -5.5 -0.1 110 0 1 1
-3.5 -5.1 -0.2 55 0 1 4
-3.5 -3.5 -0.2 115 0 1 4
-3.5 -3.2 -0.1 117 0 1 1
-3.4 -13.9 1.7 130 0 1 5
-3.4 -13 1.6 141 0 1 5
-3.4 -11.6 1.5 91 0 1 5
-3.4 -10.1 1.3 138 0 1 5
-3.4 -9.2 0.8 140 0 1 5
-3.3 -14.5 1.5 120 0 1 5
-3.3 -13.6 1.5 137 0 1 5
-3.3 -12.1 1.5 147 0 1 5
-3.3 -10.7 1.4 146 0 1 5
-3.3 -9.8 1 135 0 1 5
-3.3 -8.3 0.2 146 0 1 5
-3.3 -5.3 -0.1 116 0 1 1
-3.3 -3.3 -0.1 116 0 1 1
-3.2 -14.1 1.4 138 0 1 5
-3.2 -12.7 1.4 146 0 1 5
-3.2 -11.2 1.3 116 0 1 5
-3.2 -10.3 1.1 145 0 1 5
-3.2 -9.1 0 128 0 1 1
-3.2 -8.9 0.4 146 0 1 5
-3.2 -8.6 -0.1 137 0 1 1
-3.2 -8.2 -0.1 137 0 1 1
-3.2 -7.4 -0.1 132 0 1 1
-3.2 -6.7 -0.1 123 0 1 1
-3.2 -5.9 0 132 0 1 1
-3.2 -2.8 0 132 0 1 1
-3.2 -2.4 0 130 0 1 1
-3.2 -2 0 107 0 1 1
-3.2 -1.6 0 126 0 1 1
-3.1 -14.7 1.2 145 0 1 5
-3.1 -13.3 1.4 114 0 1 5
-3.1 -11.8 1.3 137 0 1 5
-3.1 -9.5 0.7 149 0 1 5
-3.1 -8 -0.1 139 0 1 5
-3.1 -5.1 -0.1 117 0 1 1
-3.1 -3.5 -0.1 128 0 1 1
-3 -13.8 1.3 117 0 1 5
-3 -12.4 1.3 141 0 1 5
-3 -10.9 1.1 138 0 1 5
-3 -10 0.8 146 0 1 5
-3 -8.6 0.2 136 0 1 5
-3 -5.1 -0.1 124 0 1 1
-3 -4.6 -0.4 71 0 1 4
-3 -3.6 -0.1 131 0 1 1
-2.9 -14.4 1.2 126 0 1 5
-2.9 -12.9 1.2 143 0 1 5
-2.9 -11.5 1.1 141 0 1 5
-2.9 -10.6 0.9 135 0 1 5
-2.9 -9.1 0.4 143 0 1 5
-2.8 -14.9 1 135 0 1 5
-2.8 -13.5 1.2 139 0 1 5
-2.8 -12 1.1 143 0 1 5
-2.8 -11.1 0.9 116 0 1 5
-2.8 -9.7 0.6 140 0 1 5
-2.8 -8.6 -0.1 103 0 1 1
-2.8 -8.2 -0.2 132 0 1 1
-2.8 -8 -0.2 139 0 1 1
-2.8 -7.8 -0.2 138 0 1 1
-2.8 -7.6 -0.2 140 0 1 1
-2.8 -7.4 -0.2 133 0 1 1
-2.8 -7.2 -0.2 136 0 1 1
-2.8 -7 -0.2 114 0 1 1
-2.8 -6.8 -0.2 131 0 1 1
-2.8 -6.6 -0.2 132 0 1 1
-2.8 -6.4 -0.2 133 0 1 1
-2.8 -6.3 -0.1 129 0 1 1
-2.8 -6.1 -0.1 136 0 1 1
-2.8 -5.9 0 132 0 1 1
-2.8 -5.5 0 135 0 1 1
-2.8 -5.1 0 127 0 1 1
-2.8 -4.9 -0.1 137 0 1 1
-2.8 -3.8 -0.1 93 0 1 1
-2.8 -3.6 0 134 0 1 1
-2.8 -2.9 0.1 99 0 1 2
-2.8 -2.4 0 120 0 1 1
-2.8 -2 0 130 0 1 1
-2.7 -14.1 1.1 138 0 1 5
-2.7 -12.6 1.1 134 0 1 5
-2.7 -11.7 0.9 128 0 1 5
-2.7 -10.3 0.7 139 0 1 5
-2.7 -8.8 0.1 137 0 1 5
-2.7 -4.7 -0.1 115 0 1 1
-2.7 -4.5 -0.2 83 0 1 1
-2.7 -4.3 -0.2 103 0 1 1
-2.7 -4.1 -0.2 112 0 1 1
-2.7 -3.9 -0.1 119 0 1 1
-2.7 -3 0.1 111 0 1 2
-2.7 -2.8 0.2 115 0 1 2
-2.7 -2.7 0.2 121 0 1 2
-2.7 -2.6 0.1 110 0 1 2
-2.6 -14.6 0.9 118 0 1 5
-2.6 -13.2 1 140 0 1 5
-2.6 -12.3 0.9 141 0 1 5
-2.6 -10.8 0.7 75 0 1 5
-2.6 -9.4 0.3 144 0 1 5
-2.6 -8 -0.4 141 0 1 4
-2.6 -5.9 -0.1 132 0 1 1
-2.6 -3 0.2 103 0 1 2
-2.6 -2.6 0.2 113 0 1 2
-2.6 -2.5 0 123 0 1 2
-2.6 -2.5 0.1 116 0 1 2
-2.5 -13.7 0.9 138 0 1 5
-2.5 -12.8 0.9 144 0 1 5
-2.5 -11.4 0.7 140 0 1 5
-2.5 -9.9 0.4 138 0 1 5
-2.5 -8.5 -0.1 101 0 1 5
-2.4 -19.8 0 67 0 1 1
-2.4 -19.5 0 79 0 1 1
-2.4 -14.3 0.8 135 0 1 5
-2.4 -13.4 0.8 138 0 1 5
-2.4 -12 0.7 151 0 1 5
-2.4 -10.5 0.5 131 0 1 5
-2.4 -9 -0.1 117 0 1 1
-2.4 -9 0.1 143 0 1 5
-2.4 -7.8 -0.6 142 0 1 4
-2.4 -7.5 -0.6 136 0 1 4
-2.4 -7.1 -0.6 131 0 1 4
-2.4 -5.9 -0.1 136 0 1 1
-2.4 -5.1 0 139 0 1 1
-2.4 -3.6 0 122 0 1 1
-2.4 -2.8 0.2 128 0 1 2
-2.4 -2.6 0.2 94 0 1 2
-2.4 -2.4 0 133 0 1 1
-2.4 -2 0 139 0 1 1
-2.3 -14.9 0.7 105 0 1 5
-2.3 -14 0.7 122 0 1 5
-2.3 -12.5 0.7 146 0 1 5
-2.3 -11.1 0.5 136 0 1 5
-2.3 -9.6 0.2 145 0 1 5
-2.3 -4.3 -0.1 110 0 1 1
-2.3 -3.1 0.1 117 0 1 2
-2.3 -3 0.2 132 0 1 2
-2.3 -2.9 0.2 113 0 1 2
-2.3 -2.7 0.2 134 0 1 2
-2.3 -2.6 0.1 130 0 1 2
-2.3 -2.6 0.2 139 0 1 2
-2.2 -14.5 0.6 109 0 1 5
-2.2 -13.1 0.7 141 0 1 5
-2.2 -11.6 0.5 139 0 1 5
-2.2 -10.2 0.2 118 0 1 5
-2.2 -9.3 0 143 0 1 5
-2.2 -8 -0.6 141 0 1 4
-2.2 -5.8 -0.2 124 0 1 1
-2.2 -3.1 0 134 0 1 2
-2.2 -3 0.1 120 0 1 2
-2.2 -2.9 0.1 128 0 1 2
-2.2 -2.8 -0.1 101 0 1 2
-2.2 -2.8 0.1 135 0 1 2
-2.2 -2.7 0 96 0 1 2
-2.2 -2.6 0 115 0 1 2
-2.1 -15.1 0.4 125 0 1 5
-2.1 -13.7 0.7 132 0 1 5
-2.1 -12.2 0.6 138 0 1 5
-2.1 -10.7 0.3 123 0 1 5
-2.1 -9.9 0.1 129 0 1 5
-2.1 -2.9 0 128 0 1 2
-2.1 -2.8 0 72 0 1 2
-2.1 -2.8 0.1 133 0 1 2
-2 -19.6 0 69 0 1 1
-2 -19.3 0 112 0 1 1
-2 -18.9 0 135 0 1 1
-2 -18.5 0 132 0 1 1
-2 -18.1 0 138 0 1 1
-2 -14.2 0.6 133 0 1 5
-2 -12.8 0.6 136 0 1 5
-2 -11.3 0.3 133 0 1 5
-2 -10.4 0.1 75 0 1 5
-2 -9 -0.2 136 0 1 1
-2 -8.6 -0.4 141 0 1 4
-2 -8.2 -0.6 134 0 1 4
-2 -5.8 -0.2 135 0 1 1
-2 -5.5 -0.1 132 0 1 1
-2 -5.1 0 131 0 1 1
-2 -4.8 0 126 0 1 1
-2 -4.4 0 110 0 1 1
-2 -4 0 131 0 1 1
-2 -3.6 0 134 0 1 1
-2 -3.2 0 136 0 1 1
-2 -2.8 0 138 0 1 1
-2 -2.4 0 135 0 1 1
-1.9 -14.8 0.4 136 0 1 5
-1.9 -13.3 0.5 135 0 1 5
-1.9 -11.9 0.4 145 0 1 5
-1.9 -11 0.1 142 0 1 5
-1.8 -15.3 0.2 125 0 1 5
-1.8 -13.9 0.5 126 0 1 5
-1.8 -12.4 0.4 142 0 1 5
-1.8 -11.5 0.2 140 0 1 5
-1.8 -9 -0.2 135 0 1 1
-1.8 -5.8 -0.2 135 0 1 1
-1.8 -4.6 0 98 0 1 2
-1.7 -14.5 0.4 128 0 1 5
-1.7 -13 0.4 141 0 1 5
-1.7 -12.1 0.2 144 0 1 5
-1.7 -10.7 0 136 0 1 5
-1.7 -4.6 0.2 117 0 1 2
-1.6 -19.9 0 69 0 1 1
-1.6 -19.6 0 67 0 1 1
-1.6 -19.3 0 119 0 1 1
-1.6 -18.9 0 119 0 1 1
-1.6 -18.5 0 131 0 1 1
-1.6 -18.1 0 130 0 1 1
-1.6 -17.7 0 131 0 1 1
-1.6 -17.3 0 130 0 1 1
-1.6 -15 0.2 131 0 1 5
-1.6 -13.6 0.4 130 0 1 5
-1.6 -11.2 0 140 0 1 5
-1.6 -10.6 0 120 0 1 1
-1.6 -10.2 0 133 0 1 1
-1.6 -9.9 0 133 0 1 1
-1.6 -9 -0.2 131 0 1 1
-1.6 -8.2 -0.6 130 0 1 4
-1.6 -5.8 -0.2 133 0 1 1
-1.6 -4.3 0.1 60 0 1 2
-1.6 -4.2 0.1 85 0 1 2
-1.6 -4.1 0.1 107 0 1 2
-1.6 -4 0 131 0 1 1
-1.6 -3.6 0 131 0 1 1
-1.6 -3.2 0 133 0 1 1
-1.6 -2.8 0 139 0 1 1
-1.5 -14.1 0.3 124 0 1 5
-1.5 -12.7 0.3 134 0 1 5
-1.5 -11.8 0.1 132 0 1 5
-1.5 -4.6 0.2 125 0 1 2
-1.5 -4 0 61 0 1 2
-1.4 -14.7 0.2 126 0 1 5
-1.4 -13.2 0.3 141 0 1 5
-1.4 -12.4 0.1 137 0 1 5
-1.4 -9 -0.2 130 0 1 1
-1.4 -5.8 -0.2 130 0 1 1
-1.4 -4.5 0.2 127 0 1 2
-1.4 -4.1 0 84 0 1 2
-1.4 -4 0 86 0 1 2
-1.4 -4 0.1 123 0 1 2
-1.3 -15.3 0 129 0 1 5
-1.3 -13.8 0.2 134 0 1 5
-1.3 -12.9 0.1 138 0 1 5
-1.3 -4.6 0.2 88 0 1 2
-1.3 -4.1 0 43 0 1 2
-1.3 -4.1 0.2 127 0 1 2
-1.2 -19.9 0 92 0 1 1
-1.2 -19.6 0 128 0 1 1
-1.2 -19.3 0 123 0 1 1
-1.2 -18.9 0 131 0 1 1
-1.2 -18.5 0 136 0 1 1
-1.2 -18.1 0 123 0 1 1
-1.2 -17.7 0 130 0 1 1
-1.2 -17.3 0 127 0 1 1
-1.2 -16.9 0 126 0 1 1
-1.2 -16.5 0 127 0 1 1
-1.2 -16.1 0 123 0 1 1
-1.2 -15.7 0 121 0 1 1
-1.2 -14.4 0.1 133 0 1 5
-1.2 -13.5 0.1 127 0 1 5
-1.2 -12.2 0 139 0 1 1
-1.2 -11.8 0 120 0 1 1
-1.2 -11.4 0 129 0 1 1
-1.2 -11 0 139 0 1 1
-1.2 -10.6 0 133 0 1 1
-1.2 -10.2 0 125 0 1 1
-1.2 -9.9 0 138 0 1 1
-1.2 -9.4 -0.1 134 0 1 1
-1.2 -9 -0.2 121 0 1 1
-1.2 -8.2 -0.6 136 0 1 4
-1.2 -5.8 -0.2 111 0 1 1
-1.2 -5.5 -0.1 100 0 1 1
-1.2 -5.1 0 127 0 1 1
-1.2 -4.7 0.1 118 0 1 2
-1.2 -4.5 0.2 116 0 1 2
-1.2 -4.1 0 58 0 1 2
-1.2 -4 0 132 0 1 1
-1.2 -3.6 0 118 0 1 1
-1.2 -3.2 0 122 0 1 1
-1.1 -14.9 0 130 0 1 5
-1.1 -14.1 0.1 136 0 1 5
-1.1 -12.6 -0.1 132 0 1 5
-1.1 -4.3 0.2 130 0 1 2
-1.1 -4.2 0 55 0 1 2
-1.1 -4.1 0.1 149 0 1 2
-1 -14.6 0 137 0 1 5
-1 -13.2 0 135 0 1 5
-1 -9 -0.2 124 0 1 1
-1 -5.8 -0.2 106 0 1 1
-1 -4.3 0 112 0 1 2
-0.9 -13.7 -0.1 131 0 1 5
-0.8 -20 0 92 0 1 1
-0.8 -19.6 0 129 0 1 1
-0.8 -19.3 0 118 0 1 1
-0.8 -18.9 0 130 0 1 1
-0.8 -18.5 0 122 0 1 1
-0.8 -18.1 0 127 0 1 1
-0.8 -17.7 0 123 0 1 1
-0.8 -17.3 0 106 0 1 1
-0.8 -16.9 0 126 0 1 1
-0.8 -16.5 0 128 0 1 1
-0.8 -16.1 0 136 0 1 1
-0.8 -15.7 0 133 0 1 1
-0.8 -15.3 0 109 0 1 1
-0.8 -15 0 111 0 1 1
-0.8 -14.6 0 121 0 1 1
-0.8 -14.2 0 120 0 1 1
-0.8 -13.8 0 124 0 1 1
-0.8 -13.4 0 137 0 1 1
-0.8 -13 0 130 0 1 1
-0.8 -12.6 0 136 0 1 1
-0.8 -12.2 0 127 0 1 1
-0.8 -11.8 0 128 0 1 1
-0.8 -11.4 0 130 0 1 1
-0.8 -11 0 139 0 1 1
-0.8 -10.6 0 129 0 1 1
-0.8 -10.2 0 130 0 1 1
-0.8 -9.9 0 141 0 1 1
-0.8 -9 -0.2 126 0 1 1
-0.8 -8.2 -0.6 128 0 1 4
-0.8 -5.8 -0.2 131 0 1 1
-0.8 -5.1 0 133 0 1 1
-0.8 -4.8 0 126 0 1 1
-0.8 -4.4 0 128 0 1 1
-0.8 -4 0 118 0 1 1
-0.8 -3.6 0 131 0 1 1
-0.8 -3.2 0 138 0 1 1
-0.6 -9 -0.2 108 0 1 1
-0.6 -5.8 -0.2 138 0 1 1
-0.4 -20 0 134 0 1 1
-0.4 -19.6 0 133 0 1 1
-0.4 -19.3 0 128 0 1 1
-0.4 -18.9 0 118 0 1 1
-0.4 -18.5 0 127 0 1 1
-0.4 -18.1 0 129 0 1 1
-0.4 -17.7 0 121 0 1 1
-0.4 -17.3 0 118 0 1 1
-0.4 -16.9 0 127 0 1 1
-0.4 -16.5 0 130 0 1 1
-0.4 -16.1 0 119 0 1 1
-0.4 -15.7 0 112 0 1 1
-0.4 -15.3 0 84 0 1 1
-0.4 -15 0 104 0 1 1
-0.4 -14.6 0 139 0 1 1
-0.4 -14.2 0 128 0 1 1
-0.4 -13.8 0 130 0 1 1
-0.4 -13.4 0 133 0 1 1
-0.4 -13 0 132 0 1 1
-0.4 -12.6 0 137 0 1 1
-0.4 -12.2 0 133 0 1 1
-0.4 -11.8 0 127 0 1 1
-0.4 -11.4 0 131 0 1 1
-0.4 -11 0 134 0 1 1
-0.4 -10.6 0 106 0 1 1
-0.4 -10.2 0 132 0 1 1
-0.4 -9.9 0 146 0 1 1
-0.4 -9.4 -0.1 139 0 1 1
-0.4 -9 -0.2 133 0 1 1
-0.4 -8.2 -0.6 133 0 1 4
-0.4 -5.8 -0.2 132 0 1 1
-0.4 -5.5 -0.1 123 0 1 1
-0.4 -5.1 0 123 0 1 1
-0.4 -4.8 0 126 0 1 1
-0.4 -4.4 0 122 0 1 1
-0.4 -4 0 77 0 1 1
-0.4 -3.6 0 132 0 1 1
-0.2 -20 -0.1 100 0 1 1
-0.2 -15.7 0.3 116 0 1 3
-0.2 -14.3 0.2 113 0 1 3
-0.2 -14.2 0 126 0 1 3
-0.2 -14 0.2 48 0 1 3
-0.2 -14 0.5 48 0 1 3
-0.2 -9 -0.2 132 0 1 1
-0.2 -5.8 -0.2 127 0 1 1
-0.1 -15 0.6 59 0 1 3
0 -15 1.4 63 0 1 3
-0.1 -14.5 1 67 0 1 3
-0.1 -14.5 1.2 70 0 1 3
-0.1 -14.3 0.7 45 0 1 3
0 -14.3 0.8 91 0 1 3
-0.1 -14.3 1 49 0 1 3
0 -14.3 1.1 105 0 1 3
-0.1 -14.1 0.7 102 0 1 3
-0.1 -14 0.1 44 0 1 3
-0.1 -13.9 0.5 88 0 1 3
-0.1 -13.8 0 91 0 1 1
-0.1 -13.8 0.3 36 0 1 3
-0.1 -13.4 0 127 0 1 1
-0.1 -13 0 129 0 1 1
-0.1 -12.6 0 92 0 1 1
-0.1 -12.2 0 120 0 1 1
-0.1 -11.8 0 131 0 1 1
-0.1 -11.4 0 115 0 1 1
-0.1 -11 0 79 0 1 1
-0.1 -9.9 0 51 0 1 1
-0.1 -9.9 0.1 98 0 1 2
-0.1 -9.8 0 84 0 1 2
-0.1 -9.8 0.1 94 0 1 2
-0.1 -9.7 0 57 0 1 2
0 -9.7 0.2 89 0 1 2
0 -9.6 0 49 0 1 2
-0.1 -9.6 0.1 50 0 1 2
-0.1 -9.6 0.2 90 0 1 2
0 -9.5 0 49 0 1 2
-0.1 -9.5 0.1 45 0 1 2
0 -9 -0.2 126 0 1 1
0 -8.2 -0.6 117 0 1 4
0 -5.8 -0.2 128 0 1 1
-0.1 -5.1 0 110 0 1 1
-0.1 -4.8 0 125 0 1 1
-0.1 -4.4 0 119 0 1 1
0 -4.2 0 65 0 1 2
0 -4.1 0 76 0 1 2
-0.1 -4 0 84 0 1 1
0.1 -15 1.6 108 0 1 3
0.1 -14.5 1.3 112 0 1 3
0.1 -9.9 0.2 100 0 1 2
0.1 -9.7 0 74 0 1 2
0.1 -9.6 0 54 0 1 2
0.1 -9.5 0.2 119 0 1 2
0.1 -9.4 0 52 0 1 2
0.1 -4.3 0 96 0 1 2
0.1 -4 0 47 0 1 2
0.1 -4 0.1 91 0 1 2
0.1 -3.9 0 47 0 1 2
0.2 -14.3 1 96 0 1 3
0.2 -14.3 1.2 81 0 1 3
0.2 -14.1 0.6 104 0 1 3
0.2 -13.8 0.1 46 0 1 3
0.2 -9.6 -0.1 102 0 1 2
0.2 -9 -0.2 136 0 1 1
0.2 -5.8 -0.2 132 0 1 1
0.2 -4.4 0.1 114 0 1 2
0.2 -3.9 0.1 94 0 1 2
0.2 -3.8 0.1 72 0 1 2
0.3 -14.7 1.5 112 0 1 3
0.3 -14.4 1.3 123 0 1 3
0.3 -14.3 1.1 103 0 1 3
0.3 -14.2 0.8 105 0 1 3
0.3 -13.8 0 97 0 1 1
0.3 -13.6 0.3 39 0 1 3
0.3 -13.4 0 87 0 1 1
0.3 -13 0 112 0 1 1
0.3 -12.6 0 128 0 1 1
0.3 -12.2 0 131 0 1 1
0.3 -11.8 0 130 0 1 1
0.3 -11.4 0 91 0 1 1
0.3 -9.9 0.2 93 0 1 2
0.3 -9.7 0.2 127 0 1 2
0.3 -9.6 0.2 137 0 1 2
0.3 -9.5 0.2 104 0 1 2
0.3 -9.4 -0.1 135 0 1 1
0.3 -5.5 -0.1 129 0 1 1
0.3 -5.1 0 120 0 1 1
0.3 -4.8 0 133 0 1 1
0.3 -3.9 0.2 116 0 1 2
0.3 -3.8 0 45 0 1 2
0.3 -3.8 0.1 91 0 1 2
0.4 -15 1.6 94 0 1 3
0.4 -13.8 0 40 0 1 3
0.4 -13.7 0.2 43 0 1 3
0.4 -13.6 0.5 97 0 1 3
0.4 -9.8 0.1 119 0 1 2
0.4 -9.8 0.2 94 0 1 2
0.4 -9.7 0.1 137 0 1 2
0.4 -9.6 0 73 0 1 2
0.4 -9.6 0.2 138 0 1 2
0.4 -9.5 0 96 0 1 2
0.4 -9.5 0.1 128 0 1 2
0.4 -9.5 0.2 129 0 1 2
0.4 -9 -0.2 128 0 1 1
0.4 -8.2 -0.6 132 0 1 4
0.4 -5.8 -0.2 109 0 1 1
0.5 -14.6 1.5 129 0 1 3
0.5 -14.4 1.3 119 0 1 3
0.5 -14 0.7 94 0 1 3
0.5 -13.7 0.1 42 0 1 3
0.5 -9.8 0 133 0 1 2
0.5 -9.8 0.1 137 0 1 2
0.5 -9.7 0 86 0 1 2
0.5 -9.7 0.1 136 0 1 2
0.5 -9.6 0 71 0 1 2
0.5 -9.5 0 102 0 1 2
0.5 -9 -0.2 139 0 1 1
0.5 -5.8 -0.2 133 0 1 1
0.5 -4.5 0.1 124 0 1 2
0.5 -4.3 0.2 123 0 1 2
0.5 -4 0.2 100 0 1 2
0.6 -14.1 1 85 0 1 3
0.6 -13.6 0.2 43 0 1 3
0.6 -4.4 0.1 123 0 1 2
0.6 -4.1 0.2 134 0 1 2
0.7 -14 0.8 81 0 1 3
0.7 -13.8 0.6 94 0 1 3
0.7 -13.5 -0.1 92 0 1 3
0.7 -13.5 0.6 109 0 1 3
0.7 -13.4 0 115 0 1 1
0.7 -13.3 0.1 39 0 1 3
0.7 -13 0 119 0 1 1
0.7 -12.6 0 139 0 1 1
0.7 -12.2 0 131 0 1 1
0.7 -11.8 0 129 0 1 1
0.7 -11.4 0 120 0 1 1
0.7 -11 0 70 0 1 1
0.7 -10.6 0 128 0 1 1
0.7 -10.2 0 132 0 1 1
0.7 -9.9 0 84 0 1 1
0.7 -9 -0.2 133 0 1 1
0.7 -5.8 -0.2 82 0 1 1
0.7 -5.1 0 110 0 1 1
0.7 -4.8 0 133 0 1 1
0.7 -4.4 0.1 128 0 1 2
0.8 -14.6 1.5 114 0 1 3
0.8 -13.9 0.8 49 0 1 3
0.8 -13.8 0.7 100 0 1 3
0.8 -13.3 0 54 0 1 3
0.8 -8.2 -0.6 133 0 1 4
0.9 -14.9 1.6 93 0 1 3
0.9 -13.9 0.9 75 0 1 3
0.9 -13.3 0.4 97 0 1 3
0.9 -9 -0.2 131 0 1 1
0.9 -5.8 -0.2 133 0 1 1
1 -13.9 1.1 100 0 1 3
1.1 -14.6 1.6 91 0 1 3
1.1 -13.8 0.9 86 0 1 3
1.1 -13.1 0.1 48 0 1 3
1.1 -13 0 129 0 1 1
1.1 -12.6 0 126 0 1 1
1.1 -12.2 0 122 0 1 1
1.1 -11.8 0 127 0 1 1
1.1 -11.4 0 70 0 1 1
1.1 -11 0 80 0 1 1
1.1 -10.6 0 113 0 1 1
1.1 -10.2 0 104 0 1 1
1.1 -9.9 0 127 0 1 1
1.1 -9.4 -0.1 141 0 1 1
1.1 -9 -0.2 128 0 1 1
1.2 -14.3 1.5 123 0 1 3
1.2 -14.1 1.4 117 0 1 3
1.2 -13.7 0.7 105 0 1 3
1.2 -8.2 -0.6 127 0 1 4
1.3 -13.7 1.1 108 0 1 3
1.3 -13.3 0.4 129 0 1 3
1.3 -9 -0.2 139 0 1 1
1.4 -14.4 1.6 120 0 1 3
1.4 -13.6 0.7 116 0 1 3
1.4 -13.5 0.6 111 0 1 3
1.4 -13.2 0.2 118 0 1 3
1.5 -14.5 1.6 128 0 1 3
1.5 -14.1 1.5 102 0 1 3
1.5 -13.7 0.9 52 0 1 3
1.5 -13.4 0.5 151 0 1 3
1.5 -13.2 0 72 0 1 3
1.5 -13 0 127 0 1 1
1.5 -12.6 0 134 0 1 1
1.5 -12.2 0 133 0 1 1
1.5 -11.8 0 129 0 1 1
1.5 -11.4 0 90 0 1 1
1.5 -11 0 94 0 1 1
1.5 -10.6 0 128 0 1 1
1.5 -10.2 0 128 0 1 1
1.5 -9.9 0 135 0 1 1
1.7 -13.7 0.7 132 0 1 3
1.7 -13.4 0.1 137 0 1 3
1.7 -13.4 0.3 128 0 1 3
1.8 -14.3 1.5 129 0 1 3
1.8 -13.8 1.1 136 0 1 3
1.8 -13.6 0.5 131 0 1 3
1.8 -13.5 0.5 131 0 1 3
1.9 -13.7 0.7 131 0 1 3
1.9 -13.5 0.3 138 0 1 3
1.9 -13 0 113 0 1 1
1.9 -12.6 0 133 0 1 1
1.9 -12.2 0 132 0 1 1
1.9 -11.8 0 134 0 1 1
2 -14.1 1.4 140 0 1 3
2 -13.7 0.8 115 0 1 3
2 -13.3 0 103 0 1 3
2.1 -14.5 1.5 123 0 1 3
2.1 -13.9 0.7 134 0 1 3
2.1 -13.9 1.1 116 0 1 3
2.1 -13.7 0.6 151 0 1 3
2.1 -13.5 0.3 142 0 1 3
2.2 -15.2 1.4 121 0 1 3
2.2 -14.5 0.9 124 0 1 3
2.2 -14.5 1.2 90 0 1 3
2.2 -13.7 0.5 142 0 1 3
