0.6 -4.6 0.1 38 0 1 2
0.6 -4.6 0.4 72 0 1 2
0.6 -4.3 0 68 0 1 2
0.7 -5.2 0.4 84 0 1 2
0.7 -4.8 0.3 53 0 1 2
0.7 -4.6 0.3 65 0 1 2
0.7 -4.4 0.2 51 0 1 2
0.7 -4.3 0.2 55 0 1 2
0.8 -4.7 0.2 63 0 1 2
0.9 -5.4 0.3 115 0 1 2
0.9 -4.2 0.2 73 0 1 2
0.9 -4.1 0 47 0 1 2
1 -4.9 0.1 63 0 1 2
1 -4.4 0.3 96 0 1 2
1 -4.2 0.1 63 0 1 2
1.1 -7.9 0 88 0 1 1
1.1 -7.5 0 79 0 1 1
1.1 -7.1 0 82 0 1 1
1.1 -6.7 0 85 0 1 1
1.1 -5.1 0.2 92 0 1 2
1.1 -4.4 0 96 0 1 1
1.1 -4.3 -0.1 89 0 1 2
1.1 -4 0 81 0 1 1
1.1 -3.6 0 77 0 1 1
1.5 -10.2 0 81 0 1 1
1.5 -9.9 0 87 0 1 1
1.5 -9.5 0 74 0 1 1
1.5 -9.1 0 84 0 1 1
1.5 -8.7 0 71 0 1 1
1.5 -8.3 0 77 0 1 1
1.5 -7.9 0 63 0 1 1
1.5 -7.5 0 82 0 1 1
1.5 -7.1 0 83 0 1 1
1.5 -6.7 0 86 0 1 1
1.5 -6.3 0 90 0 1 1
1.5 -5.9 0 93 0 1 1
1.5 -5.5 0 96 0 1 1
1.5 -5.1 0 101 0 1 1
1.5 -4.8 0 100 0 1 1
1.5 -4.4 0 97 0 1 1
1.5 -4 0 91 0 1 1
1.5 -3.6 0 79 0 1 1
1.5 -3.2 0 72 0 1 1
1.6 -9.6 0.1 36 0 1 2
1.6 -9.5 0.1 86 0 1 2
1.6 -9.4 0 47 0 1 2
1.6 -9.3 0 40 0 1 2
1.6 -9.3 0.1 27 0 1 2
1.6 -9.2 0 29 0 1 2
1.7 -9.4 0.2 70 0 1 2
1.7 -9.2 0 29 0 1 2
1.7 -9.2 0.1 26 0 1 2
1.7 -9.2 0.2 53 0 1 2
1.8 -9.5 0.3 73 0 1 2
1.8 -9.1 0.1 26 0 1 2
1.9 -12.4 0.1 87 0 1 5
1.9 -11.8 0 84 0 1 1
1.9 -11.4 0 75 0 1 1
1.9 -11 0 84 0 1 1
1.9 -9.4 0.3 69 0 1 2
1.9 -9.3 0.2 74 0 1 2
1.9 -9.1 0 55 0 1 2
1.9 -9.1 0.2 77 0 1 2
1.9 -8.7 0 82 0 1 1
1.9 -8.3 0 74 0 1 1
1.9 -7.9 0 73 0 1 1
1.9 -7.5 0 52 0 1 1
1.9 -7.1 -0.1 83 0 1 1
1.9 -6.7 -0.1 80 0 1 1
1.9 -6.3 -0.1 89 0 1 1
1.9 -5.9 -0.1 90 0 1 1
1.9 -5.5 -0.1 95 0 1 1
1.9 -5.1 -0.1 77 0 1 1
1.9 -4.8 0 101 0 1 1
1.9 -4.4 0 93 0 1 1
1.9 -4 0 91 0 1 1
1.9 -3.6 0 89 0 1 1
1.9 -3.2 0 78 0 1 1
1.9 -2.8 0 76 0 1 1
1.9 -2.4 0 78 0 1 1
2 -9.6 0.2 71 0 1 2
2 -9.4 0.2 77 0 1 2
2 -9.3 0 57 0 1 2
2 -9.2 0.2 84 0 1 2
2 -9.1 0.1 69 0 1 2
2.1 -12.7 0.1 87 0 1 5
2.1 -9.5 0 67 0 1 2
2.1 -9.3 0.3 82 0 1 2
2.1 -9.2 0.1 39 0 1 2
2.2 -12.3 0 92 0 1 5
2.2 -12.1 -0.1 87 0 1 5
2.2 -9.5 0.1 80 0 1 2
2.2 -9.3 0 41 0 1 2
2.2 -9.3 0.1 70 0 1 2
2.3 -13 0.1 83 0 1 5
2.3 -12.2 0 61 0 1 1
2.3 -11.8 0 68 0 1 1
2.3 -11.4 0 86 0 1 1
2.3 -9.9 0 39 0 1 1
2.3 -9.5 0 71 0 1 1
2.3 -9.1 0 86 0 1 1
2.3 -8.7 0 79 0 1 1
2.3 -8.3 0 49 0 1 1
2.3 -7.9 0 77 0 1 1
2.3 -7.5 -0.2 68 0 1 1
2.3 -7.1 -0.4 74 0 1 1
2.3 -6.7 -0.5 86 0 1 1
2.3 -6.3 -0.5 96 0 1 1
2.3 -4.7 -0.2 100 0 1 1
2.3 -4.4 0 87 0 1 1
2.3 -4 0 92 0 1 1
2.3 -3.6 0 98 0 1 1
2.3 -3.2 0 94 0 1 1
2.3 -2.8 0 87 0 1 1
2.3 -2.4 0 78 0 1 1
2.3 -2 0 79 0 1 1
2.4 -12.6 0 45 0 1 5
2.5 -15.4 0.1 86 0 1 5
2.5 -13.3 0.1 80 0 1 5
2.6 -14.2 0.1 92 0 1 5
2.6 -13.5 0.1 89 0 1 5
2.6 -12.9 0 87 0 1 5
2.7 -17.3 0 89 0 1 1
2.7 -16.9 0 85 0 1 1
2.7 -16.5 0 87 0 1 1
2.7 -15.2 0 89 0 1 5
2.7 -14.7 0.1 89 0 1 5
2.7 -13.9 0.1 90 0 1 5
2.7 -13.1 0 86 0 1 5
2.7 -12.6 0 89 0 1 1
2.7 -12.2 0 55 0 1 1
2.7 -11.8 0 71 0 1 1
2.7 -11.4 0 73 0 1 1
2.7 -11 0 51 0 1 1
2.7 -10.6 0 85 0 1 1
2.7 -10.2 0 70 0 1 1
2.7 -9.9 0 78 0 1 1
2.7 -9.5 0 79 0 1 1
2.7 -9.1 0 74 0 1 1
2.7 -8.7 0 77 0 1 1
2.7 -8.3 0 81 0 1 1
2.7 -7.9 -0.1 86 0 1 1
2.7 -7.5 -0.4 73 0 1 1
2.7 -7.1 -0.8 74 0 1 4
2.7 -4.4 -0.1 87 0 1 1
2.7 -4 0 85 0 1 1
2.7 -3.6 0 94 0 1 1
2.7 -3.2 0 89 0 1 1
2.7 -2.8 0 90 0 1 1
2.7 -2.4 0 80 0 1 1
2.7 -2 0 80 0 1 1
2.7 -1.6 0 86 0 1 1
2.8 -13.7 0.1 87 0 1 5
2.9 -14.2 0 87 0 1 5
3 -14.8 0 86 0 1 5
3 -14 0 88 0 1 5
3.1 -19.7 0 76 0 1 1
3.1 -19.3 0 88 0 1 1
3.1 -18.9 0 89 0 1 1
3.1 -18.5 0 87 0 1 1
3.1 -18.1 0 86 0 1 1
3.1 -17.7 0 84 0 1 1
3.1 -17.3 0 89 0 1 1
3.1 -16.9 0 89 0 1 1
3.1 -16.5 0 83 0 1 1
3.1 -16.1 0 87 0 1 1
3.1 -15.7 0 87 0 1 1
3.1 -15.3 0 81 0 1 1
3.1 -15 0 86 0 1 1
3.1 -14.6 0 87 0 1 1
3.1 -14.2 0 86 0 1 1
3.1 -13.8 0 79 0 1 1
3.1 -13.4 0 78 0 1 1
3.1 -13 0 79 0 1 1
3.1 -12.6 0 77 0 1 1
3.1 -12.2 0 77 0 1 1
3.1 -11.8 0 59 0 1 1
3.1 -11.4 0 68 0 1 1
3.1 -11 0 71 0 1 1
3.1 -10.6 0 86 0 1 1
3.1 -10.2 0 77 0 1 1
3.1 -9.9 0 87 0 1 1
3.1 -9.5 0 82 0 1 1
3.1 -9.1 0 101 0 1 1
3.1 -8.7 0 72 0 1 1
3.1 -8.3 0 89 0 1 1
3.1 -7.9 -0.1 79 0 1 1
3.1 -7.5 -0.5 83 0 1 1
3.1 -7.1 -1 73 0 1 4
3.1 -4.4 -0.1 75 0 1 1
3.1 -4 0 87 0 1 1
3.1 -3.6 0 89 0 1 1
3.1 -3.2 0 91 0 1 1
3.1 -2.8 0 89 0 1 1
3.1 -2.4 0 86 0 1 1
3.1 -2 0 83 0 1 1
3.1 -1.6 0 85 0 1 1
3.1 -1.2 0 87 0 1 1
3.1 -0.8 0 86 0 1 1
3.2 -19.7 0 75 0 1 1
3.2 -14.3 0 86 0 1 5
3.5 -19.7 0 79 0 1 1
3.5 -19.3 0 85 0 1 1
3.5 -18.9 0 86 0 1 1
3.5 -18.5 0 89 0 1 1
3.5 -18.1 0 89 0 1 1
3.5 -17.7 0 86 0 1 1
3.5 -17.3 0 86 0 1 1
3.5 -16.9 0 89 0 1 1
3.5 -16.5 0 88 0 1 1
3.5 -16.1 0 88 0 1 1
3.5 -15.7 0 82 0 1 1
3.5 -15.3 0 84 0 1 1
3.5 -15 0 88 0 1 1
3.5 -14.6 0 86 0 1 1
3.5 -14.2 0 79 0 1 1
3.5 -13.8 0 83 0 1 1
3.5 -13.4 0 78 0 1 1
3.5 -13 0 79 0 1 1
3.5 -12.6 0 87 0 1 1
3.5 -12.2 0 74 0 1 1
3.5 -11.8 0 68 0 1 1
3.5 -11.4 0 74 0 1 1
3.5 -11 0 72 0 1 1
3.5 -10.6 0 73 0 1 1
3.5 -10.2 0 86 0 1 1
3.5 -9.9 0 69 0 1 1
3.5 -9.6 0 84 0 1 2
3.5 -9.6 0.1 43 0 1 2
3.5 -9.5 0 80 0 1 1
3.5 -9.5 0.1 34 0 1 2
3.5 -9.5 0.2 44 0 1 2
3.5 -9.4 0 63 0 1 2
3.5 -9.3 0 31 0 1 2
3.5 -9.3 0.1 35 0 1 2
3.5 -9.2 0 46 0 1 2
3.5 -9.2 0.2 39 0 1 2
3.5 -9.1 0 77 0 1 1
3.5 -8.7 0 77 0 1 1
3.5 -8.3 0 74 0 1 1
3.5 -7.9 -0.1 73 0 1 1
3.5 -7.5 -0.5 87 0 1 1
3.5 -7.1 -1 80 0 1 4
3.5 -4.4 -0.1 70 0 1 1
3.5 -4 0 82 0 1 1
3.5 -3.6 0 88 0 1 1
3.5 -3.2 0 88 0 1 1
3.5 -2.8 0 90 0 1 1
3.5 -2.4 0 91 0 1 1
3.5 -2 0 90 0 1 1
3.5 -1.6 0 89 0 1 1
3.5 -1.2 0 85 0 1 1
3.5 -0.8 0 90 0 1 1
3.5 -0.4 0 86 0 1 1
3.6 -9.3 0.2 68 0 1 2
3.6 -9.2 0.2 75 0 1 2
3.6 -9.1 0.1 38 0 1 2
3.7 -9.6 0.2 83 0 1 2
3.7 -9.4 0.2 69 0 1 2
3.7 -9.2 0 29 0 1 2
3.7 -9.1 0.1 67 0 1 2
3.8 -9.5 0.3 78 0 1 2
3.8 -9.4 0.3 81 0 1 2
3.8 -9.3 0.2 79 0 1 2
3.8 -9.2 0.3 79 0 1 2
3.8 -9.1 0 29 0 1 2
3.8 -9.1 0.1 62 0 1 2
3.8 -9.1 0.2 99 0 1 2
3.9 -19.7 0 82 0 1 1
3.9 -19.3 0 78 0 1 1
3.9 -18.9 0 86 0 1 1
3.9 -18.5 0 87 0 1 1
3.9 -18.1 0 90 0 1 1
3.9 -17.7 0 87 0 1 1
3.9 -17.3 0 88 0 1 1
3.9 -16.9 0 88 0 1 1
3.9 -16.5 0 89 0 1 1
3.9 -16.1 0 85 0 1 1
3.9 -15.7 0 81 0 1 1
3.9 -15.3 0 87 0 1 1
3.9 -15 0 88 0 1 1
3.9 -14.6 0 81 0 1 1
3.9 -14.2 0 85 0 1 1
3.9 -13.8 0 81 0 1 1
3.9 -13.4 0 67 0 1 1
3.9 -13 0 81 0 1 1
3.9 -12.6 0 63 0 1 1
3.9 -12.2 0 82 0 1 1
3.9 -11.8 0 83 0 1 1
3.9 -11.4 0 86 0 1 1
3.9 -11 0 79 0 1 1
3.9 -10.6 0 87 0 1 1
3.9 -9.1 0 81 0 1 1
3.9 -8.7 0 85 0 1 1
3.9 -8.3 0 65 0 1 1
3.9 -7.9 -0.1 84 0 1 1
3.9 -7.5 -0.5 78 0 1 1
3.9 -7.1 -1 83 0 1 4
3.9 -4.4 -0.1 57 0 1 1
3.9 -4 0 83 0 1 1
3.9 -3.6 0 87 0 1 1
3.9 -3.2 0 88 0 1 1
3.9 -2.8 0 90 0 1 1
3.9 -2.4 0 91 0 1 1
3.9 -2 0 91 0 1 1
3.9 -1.6 0 93 0 1 1
3.9 -1.2 0 94 0 1 1
3.9 -0.8 0 88 0 1 1
3.9 -0.4 0 77 0 1 1
3.9 -0.1 0 83 0 1 1
4 -9.5 0.2 90 0 1 2
4 -9.3 0.2 88 0 1 2
4 -9.2 0 46 0 1 2
4 -9.2 0.1 69 0 1 2
4 -9.2 0.2 82 0 1 2
4.1 -9.3 0.1 69 0 1 2
4.1 -9.2 0.1 63 0 1 2
4.1 -2.7 0 26 0 1 2
4.1 -2.6 0 43 0 1 2
4.2 -2.7 0.1 56 0 1 2
4.3 -19.5 0 72 0 1 1
4.3 -19.3 0 77 0 1 1
4.3 -18.9 0 82 0 1 1
4.3 -18.5 0 77 0 1 1
4.3 -18.1 0 86 0 1 1
4.3 -17.7 0 85 0 1 1
4.3 -17.3 0 88 0 1 1
4.3 -16.9 0 88 0 1 1
4.3 -16.5 0 85 0 1 1
4.3 -16.1 0 88 0 1 1
4.3 -15.7 0 87 0 1 1
4.3 -15.3 0 86 0 1 1
4.3 -15 0 91 0 1 1
4.3 -14.6 0 87 0 1 1
4.3 -14.2 0 82 0 1 1
4.3 -13.8 0 73 0 1 1
4.3 -13.4 0 83 0 1 1
4.3 -13 0 86 0 1 1
4.3 -12.6 0 79 0 1 1
4.3 -12.2 0 80 0 1 1
4.3 -11.8 0 76 0 1 1
4.3 -11.4 0 83 0 1 1
4.3 -9.5 0 70 0 1 1
4.3 -9.1 0 62 0 1 1
4.3 -8.7 0 82 0 1 1
4.3 -8.3 0 84 0 1 1
4.3 -7.9 -0.1 77 0 1 1
4.3 -7.5 -0.5 84 0 1 1
4.3 -7.1 -1 73 0 1 4
4.3 -4.4 -0.1 82 0 1 1
4.3 -4 0 94 0 1 1
4.3 -3.6 0 88 0 1 1
4.3 -3.2 0 84 0 1 1
4.3 -3 0 67 0 1 2
4.3 -2.9 0.1 53 0 1 2
4.3 -2.8 0.2 57 0 1 2
4.3 -2.6 0.3 62 0 1 2
4.3 -2.4 0.1 57 0 1 2
4.3 -2 0 94 0 1 1
4.3 -1.6 0 93 0 1 1
4.3 -1.2 0 72 0 1 1
4.3 -0.8 0 93 0 1 1
4.3 -0.4 0 91 0 1 1
4.3 -0.1 0 83 0 1 1
4.3 0.3 0 94 0 1 1
4.3 0.7 0 98 0 1 1
4.4 -2.8 0.2 60 0 1 2
4.4 -2.7 0.2 80 0 1 2
4.4 -2.5 0.3 61 0 1 2
4.4 -2.4 0.2 48 0 1 2
4.4 -2.3 0.1 102 0 1 2
4.4 -2.2 0 77 0 1 2
4.5 -2.6 0.3 57 0 1 2
4.5 -2.4 0.3 57 0 1 2
4.6 -2.5 0.4 78 0 1 2
4.7 -19.4 0 72 0 1 1
4.7 -19.3 0 74 0 1 1
4.7 -18.9 0 74 0 1 1
4.7 -18.5 0 81 0 1 1
4.7 -18.1 0 84 0 1 1
4.7 -17.7 0 84 0 1 1
4.7 -17.3 0 89 0 1 1
4.7 -16.9 0 88 0 1 1
4.7 -16.5 0 85 0 1 1
4.7 -16.1 0 88 0 1 1
4.7 -15.7 0 88 0 1 1
4.7 -15.3 0 92 0 1 1
4.7 -15 0 89 0 1 1
4.7 -14.6 0 89 0 1 1
4.7 -14.2 0 86 0 1 1
4.7 -13.8 0 78 0 1 1
4.7 -13.4 0 83 0 1 1
4.7 -13 0 79 0 1 1
4.7 -12.6 0 73 0 1 1
4.7 -12.2 0 76 0 1 1
4.7 -11.8 0 83 0 1 1
4.7 -11.4 0 81 0 1 1
4.7 -11 0 85 0 1 1
4.7 -10.6 0 83 0 1 1
4.7 -10.2 0 80 0 1 1
4.7 -9.9 0 89 0 1 1
4.7 -9.5 0 85 0 1 1
4.7 -9.1 0 88 0 1 1
4.7 -8.7 0 74 0 1 1
4.7 -8.3 0 61 0 1 1
4.7 -7.9 -0.1 67 0 1 1
4.7 -7.5 -0.5 83 0 1 1
4.7 -7.1 -1 79 0 1 4
4.7 -6.6 -1.2 80 0 1 4
4.7 -4.4 -0.1 71 0 1 1
4.7 -4 0 81 0 1 1
4.7 -3.6 0 89 0 1 1
4.7 -3.2 0 83 0 1 1
4.7 -2.5 0.4 86 0 1 2
4.7 -2.3 0.3 77 0 1 2
4.7 -2.2 0.2 55 0 1 2
4.7 -2.1 0.1 61 0 1 2
4.7 -2 0 92 0 1 1
4.7 -1.6 0 96 0 1 1
4.7 -1.2 -0.1 93 0 1 1
4.7 -0.8 -0.1 96 0 1 1
4.7 -0.4 -0.1 83 0 1 1
4.7 0 -0.1 95 0 1 1
4.7 0.3 -0.1 84 0 1 1
4.7 0.7 0 82 0 1 1
4.8 -2.4 0.3 91 0 1 2
4.8 -2.1 0 49 0 1 2
4.9 -2.3 0.2 82 0 1 2
5 -19.3 0 80 0 1 1
5 -18.9 0 77 0 1 1
5 -18.5 0 77 0 1 1
5 -18.1 0 80 0 1 1
5 -17.7 0 85 0 1 1
5 -17.3 0 85 0 1 1
5 -16.9 0 87 0 1 1
5 -16.5 0 87 0 1 1
5 -16.1 0 86 0 1 1
5 -15.7 0 86 0 1 1
5 -15.3 0 87 0 1 1
5 -15 0 89 0 1 1
5 -14.6 0 89 0 1 1
5 -14.2 0 93 0 1 1
5 -13.8 0 92 0 1 1
5 -13.4 0 83 0 1 1
5 -13 0 83 0 1 1
5 -12.6 0 81 0 1 1
5 -12.2 0 84 0 1 1
5 -11.8 0 78 0 1 1
5 -11.4 0 85 0 1 1
5 -11 0 92 0 1 1
5 -10.6 0 77 0 1 1
5 -10.2 0 72 0 1 1
5 -9.9 0 86 0 1 1
5 -9.5 0 73 0 1 1
5 -9.1 0 81 0 1 1
5 -8.7 0 87 0 1 1
5 -8.3 0 63 0 1 1
5 -7.9 -0.1 84 0 1 1
5 -7.5 -0.5 83 0 1 1
5 -7.1 -1 71 0 1 4
5 -6.6 -1.2 82 0 1 4
5 -4.4 -0.1 83 0 1 1
5 -4 0 82 0 1 1
5 -3.6 0 83 0 1 1
5 -3.2 0 92 0 1 1
5 -2.2 0.1 82 0 1 2
5 -2 0 96 0 1 1
5.1 -1.6 -0.2 97 0 1 1
5.1 0.7 -0.2 74 0 1 1
5.2 -19.3 0 78 0 1 1
5.4 -19.2 0 71 0 1 1
5.4 -18.9 0 82 0 1 1
5.4 -18.5 0 70 0 1 1
5.4 -18.1 0 78 0 1 1
5.4 -17.7 0 84 0 1 1
5.4 -17.3 0 88 0 1 1
5.4 -16.9 0 83 0 1 1
5.4 -16.5 0 85 0 1 1
5.4 -16.1 0 87 0 1 1
5.4 -15.7 0 87 0 1 1
5.4 -15.3 0 88 0 1 1
5.4 -15 0 92 0 1 1
5.4 -14.6 0 91 0 1 1
5.4 -14.2 0 92 0 1 1
5.4 -13.8 0 95 0 1 1
5.4 -13.4 0 91 0 1 1
5.4 -13 0 83 0 1 1
5.4 -12.6 0 84 0 1 1
5.4 -12.2 0 87 0 1 1
5.4 -11.8 0 81 0 1 1
5.4 -11.4 0 76 0 1 1
5.4 -11 0 89 0 1 1
5.4 -10.6 0 87 0 1 1
5.4 -10.2 0 79 0 1 1
5.4 -9.9 0 70 0 1 1
5.4 -9.5 0 77 0 1 1
5.4 -9.1 0 68 0 1 1
5.4 -8.7 0 89 0 1 1
5.4 -8.3 0 85 0 1 1
5.4 -7.9 -0.1 94 0 1 1
5.4 -7.5 -0.5 75 0 1 1
5.4 -7.1 -1 73 0 1 4
5.4 -6.6 -1.2 72 0 1 4
5.4 -4.4 -0.1 76 0 1 1
5.4 -4 0 80 0 1 1
5.4 -3.6 0 83 0 1 1
5.4 -3.2 0 83 0 1 1
5.4 -2.4 0 83 0 1 1
5.4 -2 -0.1 89 0 1 1
5.4 -1.6 -0.3 119 0 1 1
5.8 -19.1 0 62 0 1 1
5.8 -18.9 0 75 0 1 1
5.8 -18.5 0 78 0 1 1
5.8 -18.1 0 79 0 1 1
5.8 -17.7 0 72 0 1 1
5.8 -17.3 0 79 0 1 1
5.8 -16.9 0 77 0 1 1
5.8 -16.5 0 81 0 1 1
5.8 -16.1 0 86 0 1 1
5.8 -15.7 0 87 0 1 1
5.8 -15.3 0 92 0 1 1
5.8 -15 0 89 0 1 1
5.8 -14.6 0 90 0 1 1
5.8 -14.2 0 90 0 1 1
5.8 -13.8 0 94 0 1 1
5.8 -13.4 0 91 0 1 1
5.8 -13 0 93 0 1 1
5.8 -12.6 0 82 0 1 1
5.8 -12.2 0 85 0 1 1
5.8 -11.8 0 83 0 1 1
5.8 -11.4 0 84 0 1 1
5.8 -11 0 81 0 1 1
5.8 -10.6 0 86 0 1 1
5.8 -10.2 0 86 0 1 1
5.8 -9.9 0 86 0 1 1
5.8 -9.5 0 79 0 1 1
5.8 -9.1 0 87 0 1 1
5.8 -8.7 0 90 0 1 1
5.8 -8.3 0 85 0 1 1
5.8 -7.9 -0.1 92 0 1 1
5.8 -7.5 -0.5 81 0 1 1
5.8 -7.1 -1 73 0 1 4
5.8 -6.6 -1.2 70 0 1 4
5.8 -4.4 -0.1 78 0 1 1
5.8 -4 0 79 0 1 1
5.8 -3.6 0 71 0 1 1
5.8 -2.8 0 79 0 1 1
5.8 -2.4 0 86 0 1 1
5.8 -2 -0.1 79 0 1 1
5.8 -1.6 -0.4 65 0 1 4
6.2 -18.9 0 76 0 1 1
6.2 -18.5 0 85 0 1 1
6.2 -18.1 0 80 0 1 1
6.2 -17.7 0 76 0 1 1
6.2 -17.3 0 75 0 1 1
6.2 -16.9 0 78 0 1 1
6.2 -16.5 0 82 0 1 1
6.2 -16.1 0 83 0 1 1
6.2 -15.7 0 86 0 1 1
6.2 -15.3 0 89 0 1 1
6.2 -15 0 90 0 1 1
6.2 -14.6 0 90 0 1 1
6.2 -14.2 0 89 0 1 1
6.2 -13.8 0 80 0 1 1
6.2 -13.4 0 93 0 1 1
6.2 -13 0 96 0 1 1
6.2 -12.6 0 95 0 1 1
6.2 -12.2 0 88 0 1 1
6.2 -11.8 0 85 0 1 1
6.2 -11.4 0 86 0 1 1
6.2 -11 0 82 0 1 1
6.2 -10.6 0 82 0 1 1
6.2 -10.2 0 84 0 1 1
6.2 -9.9 0 56 0 1 1
6.2 -9.5 0 92 0 1 1
6.2 -9.1 0 79 0 1 1
6.2 -8.7 0 85 0 1 1
6.2 -8.3 0 94 0 1 1
6.2 -7.9 -0.1 94 0 1 1
6.2 -7.5 -0.5 83 0 1 1
6.2 -7.1 -1 88 0 1 4
6.2 -6.6 -1.2 86 0 1 4
6.2 -4.4 -0.1 66 0 1 1
6.2 -4 0 61 0 1 1
6.2 -3.6 0 87 0 1 1
6.2 -3.2 0 87 0 1 1
6.2 -2.8 0 88 0 1 1
6.2 -2.4 0 91 0 1 1
6.2 -2 -0.2 81 0 1 1
6.2 -1.6 -0.4 66 0 1 4
6.3 -18.9 0 78 0 1 1
6.5 -18.9 0 79 0 1 1
6.6 -18.8 0 75 0 1 1
6.6 -18.5 0 91 0 1 1
6.6 -18.1 0 84 0 1 1
6.6 -17.7 0 87 0 1 1
6.6 -17.3 0 79 0 1 1
6.6 -16.9 0 75 0 1 1
6.6 -16.5 0 72 0 1 1
6.6 -16.1 0 82 0 1 1
6.6 -15.7 0 79 0 1 1
6.6 -15.3 0 86 0 1 1
6.6 -15 0 90 0 1 1
6.6 -14.6 0 90 0 1 1
6.6 -14.2 0 89 0 1 1
6.6 -13.8 0 92 0 1 1
6.6 -13.4 0 90 0 1 1
6.6 -13 0 94 0 1 1
6.6 -12.6 0 99 0 1 1
6.6 -12.2 0 100 0 1 1
6.6 -11.8 0 90 0 1 1
6.6 -11.4 0 89 0 1 1
6.6 -11 0 87 0 1 1
6.6 -10.6 0 87 0 1 1
6.6 -10.2 0 82 0 1 1
6.6 -9.9 0 82 0 1 1
6.6 -9.5 0 91 0 1 1
6.6 -9.1 0 83 0 1 1
6.6 -8.7 0 80 0 1 1
6.6 -8.3 0 87 0 1 1
6.6 -7.9 -0.1 102 0 1 1
6.6 -7.5 -0.5 72 0 1 1
6.6 -7.1 -1 84 0 1 4
6.6 -6.6 -1.2 85 0 1 4
6.6 -4.4 -0.2 78 0 1 1
6.6 -4 0 71 0 1 1
6.6 -3.6 0 83 0 1 1
6.6 -3.2 0 88 0 1 1
6.6 -2.8 0 90 0 1 1
6.6 -2.4 -0.1 91 0 1 1
6.6 -2 -0.3 80 0 1 1
6.6 -1.2 -0.8 86 0 1 4
6.6 0.8 -0.8 66 0 1 4
7 -18.7 0 74 0 1 1
7 -18.5 0 87 0 1 1
7 -18.1 0 94 0 1 1
7 -17.7 0 77 0 1 1
7 -17.3 0 79 0 1 1
7 -16.9 0 71 0 1 1
7 -16.5 0 80 0 1 1
7 -16.1 0 80 0 1 1
7 -15.7 0 82 0 1 1
7 -15.3 0 83 0 1 1
7 -15 0 86 0 1 1
7 -14.6 0 89 0 1 1
7 -14.2 0 92 0 1 1
7 -13.8 0 90 0 1 1
7 -13.4 0 92 0 1 1
7 -13 0 91 0 1 1
7 -12.6 0 94 0 1 1
7 -12.2 0 103 0 1 1
7 -11.8 0 96 0 1 1
7 -11.4 0 87 0 1 1
7 -11 0 89 0 1 1
7 -10.6 0 87 0 1 1
7 -10.2 0 67 0 1 1
7 -9.9 0 86 0 1 1
7 -9.5 0 78 0 1 1
7 -9.1 0 50 0 1 1
7 -8.7 0 70 0 1 1
7 -8.3 0 90 0 1 1
7 -7.9 -0.1 76 0 1 1
7 -7.5 -0.5 56 0 1 1
7 -7.1 -1 80 0 1 4
7 -6.6 -1.2 67 0 1 4
7 -4 -0.1 75 0 1 1
7 -3.6 0 82 0 1 1
7 -3.2 0 96 0 1 1
7 -2.8 0 90 0 1 1
7 -2.4 -0.1 87 0 1 1
7 -2 -0.4 73 0 1 1
7 -1.6 -0.8 73 0 1 4
7 -0.8 -1 87 0 1 4
7 -0.4 -1 86 0 1 4
7 0 -1 90 0 1 4
7 0.4 -1 74 0 1 4
7 0.8 -0.8 59 0 1 4
7 1.2 -0.4 62 0 1 1
7.4 -18.6 0 75 0 1 1
7.4 -18.5 0 75 0 1 1
7.4 -18.1 0 73 0 1 1
7.4 -17.7 0 79 0 1 1
7.4 -17.3 0 81 0 1 1
7.4 -16.9 0 82 0 1 1
7.4 -16.5 0 72 0 1 1
7.4 -16.1 0 78 0 1 1
7.4 -15.7 0 80 0 1 1
7.4 -15.3 0 81 0 1 1
7.4 -15 0 84 0 1 1
7.4 -14.6 0 87 0 1 1
7.4 -14.2 0 88 0 1 1
7.4 -13.8 0 92 0 1 1
7.4 -13.4 0 93 0 1 1
7.4 -13 0 92 0 1 1
7.4 -12.6 0 92 0 1 1
7.4 -12.2 0 98 0 1 1
7.4 -11.8 0 102 0 1 1
7.4 -11.4 0 98 0 1 1
7.4 -11 0 90 0 1 1
7.4 -10.6 0 88 0 1 1
7.4 -10.2 0 87 0 1 1
7.4 -9.9 0 86 0 1 1
7.4 -9.5 0 83 0 1 1
7.4 -9.1 0 75 0 1 1
7.4 -8.7 0 92 0 1 1
7.4 -8.3 0 82 0 1 1
7.4 -7.9 -0.1 93 0 1 1
7.4 -7.5 -0.5 78 0 1 1
7.4 -7.1 -1 70 0 1 4
7.4 -6.6 -1.2 79 0 1 4
7.4 -4 -0.1 70 0 1 1
7.4 -3.6 0 85 0 1 1
7.4 -3.2 0 88 0 1 1
7.4 -2.8 0 90 0 1 1
7.4 -2.4 -0.1 69 0 1 1
7.4 -2 -0.4 81 0 1 1
7.4 -1.6 -0.8 72 0 1 4
7.4 -1.2 -1 84 0 1 4
7.4 -0.8 -1 80 0 1 4
7.4 -0.4 -1 82 0 1 4
7.4 0 -1 82 0 1 4
7.4 0.4 -1 73 0 1 4
7.4 0.8 -0.8 68 0 1 4
7.4 1.2 -0.4 73 0 1 1
7.5 -18.6 0 71 0 1 1
7.6 -18.5 0 81 0 1 1
7.7 -18.5 0 82 0 1 1
7.8 -18.4 0 75 0 1 1
7.8 -18.1 0 77 0 1 1
7.8 -17.7 0 82 0 1 1
7.8 -17.3 0 71 0 1 1
7.8 -16.9 0 80 0 1 1
7.8 -16.5 0 82 0 1 1
7.8 -16.1 0 81 0 1 1
7.8 -15.7 0 78 0 1 1
7.8 -15.3 0 82 0 1 1
7.8 -15 0 81 0 1 1
7.8 -14.6 0 78 0 1 1
7.8 -14.2 0 86 0 1 1
7.8 -13.8 0 87 0 1 1
7.8 -13.4 0 94 0 1 1
7.8 -13 0 93 0 1 1
7.8 -12.6 0 92 0 1 1
7.8 -12.2 0 92 0 1 1
7.8 -11.8 0 97 0 1 1
7.8 -11.4 0 106 0 1 1
7.8 -11 0 94 0 1 1
7.8 -10.6 0 92 0 1 1
7.8 -10.2 0 89 0 1 1
7.8 -9.9 0 88 0 1 1
7.8 -9.5 0 89 0 1 1
7.8 -9.1 0 84 0 1 1
7.8 -8.7 0 88 0 1 1
7.8 -8.3 0 87 0 1 1
7.8 -7.9 -0.1 91 0 1 1
7.8 -7.5 -0.5 80 0 1 1
7.8 -7.1 -1 65 0 1 4
7.8 -6.6 -1.2 70 0 1 4
7.8 -4 -0.1 81 0 1 1
7.8 -3.6 0 88 0 1 1
7.8 -3.2 0 85 0 1 1
7.8 -2.8 0 86 0 1 1
7.8 -2.4 -0.1 82 0 1 1
7.8 -2 -0.4 82 0 1 1
7.8 -1.6 -0.8 71 0 1 4
7.8 -1.2 -1 80 0 1 4
7.8 -0.8 -1 84 0 1 4
7.8 -0.4 -1 87 0 1 4
7.8 0 -1 58 0 1 4
7.8 0.4 -0.8 61 0 1 4
7.8 0.8 -0.7 43 0 1 4
7.8 1.1 -0.3 55 0 1 1
8.2 -18.2 0 76 0 1 1
8.2 -18.1 0 79 0 1 1
8.2 -17.7 0 80 0 1 1
8.2 -17.3 0 74 0 1 1
8.2 -16.9 0 70 0 1 1
8.2 -16.5 0 74 0 1 1
8.2 -16.1 0 76 0 1 1
8.2 -15.7 0 85 0 1 1
8.2 -15.3 0 67 0 1 1
8.2 -15 0 81 0 1 1
8.2 -14.6 0 81 0 1 1
8.2 -14.2 0 82 0 1 1
8.2 -13.8 0 84 0 1 1
8.2 -13.4 0 89 0 1 1
8.2 -13 0 94 0 1 1
8.2 -12.6 0 94 0 1 1
8.2 -12.2 0 92 0 1 1
8.2 -11.8 0 91 0 1 1
8.2 -11.4 0 99 0 1 1
8.2 -11 0 106 0 1 1
8.2 -10.6 0 96 0 1 1
8.2 -10.2 0 90 0 1 1
8.2 -9.9 0 82 0 1 1
8.2 -9.5 0 87 0 1 1
8.2 -9.1 0 91 0 1 1
8.2 -8.7 0 87 0 1 1
8.2 -8.3 0 90 0 1 1
8.2 -7.9 -0.1 90 0 1 1
8.2 -7.5 -0.4 81 0 1 1
8.2 -7.1 -0.8 72 0 1 4
8.2 -6.7 -1 68 0 1 4
8.2 -4 -0.1 83 0 1 1
8.2 -3.6 0 97 0 1 1
8.2 -3.2 0 91 0 1 1
8.2 -2.8 0 74 0 1 1
8.2 -2.4 -0.1 90 0 1 1
8.2 -2 -0.3 73 0 1 1
8.2 -1.6 -0.7 66 0 1 4
8.2 -1.2 -0.8 61 0 1 4
8.2 -0.8 -0.8 64 0 1 4
8.2 -0.4 -0.8 79 0 1 4
8.2 0 -0.8 81 0 1 4
8.2 0.4 -0.7 47 0 1 4
8.2 0.8 -0.3 48 0 1 1
8.2 1.1 -0.2 86 0 1 1
8.4 -18.1 0 75 0 1 1
8.6 -18 0 80 0 1 1
8.6 -17.7 0 83 0 1 1
8.6 -17.3 0 81 0 1 1
8.6 -16.9 0 78 0 1 1
8.6 -16.5 0 75 0 1 1
8.6 -16.1 0 83 0 1 1
8.6 -15.7 0 81 0 1 1
8.6 -15.3 0 84 0 1 1
8.6 -15 0 80 0 1 1
8.6 -14.6 0 81 0 1 1
8.6 -14.2 0 64 0 1 1
8.6 -13.8 0 78 0 1 1
8.6 -13.4 0 85 0 1 1
8.6 -13 0 92 0 1 1
8.6 -12.6 0 94 0 1 1
8.6 -12.2 0 94 0 1 1
8.6 -11.8 0 92 0 1 1
8.6 -11.4 0 93 0 1 1
8.6 -11 0 96 0 1 1
8.6 -10.6 0 101 0 1 1
8.6 -10.2 0 95 0 1 1
8.6 -9.9 0 89 0 1 1
8.6 -9.5 0 88 0 1 1
8.6 -9.1 0 86 0 1 1
8.6 -8.7 0 85 0 1 1
8.6 -8.3 0 86 0 1 1
8.6 -7.9 0 85 0 1 1
8.6 -7.5 -0.2 87 0 1 1
8.6 -7.1 -0.4 59 0 1 1
8.6 -6.7 -0.8 49 0 1 4
8.6 -6.3 -1 59 0 1 4
8.6 -4 -0.1 77 0 1 1
8.6 -3.6 0 98 0 1 1
8.6 -3.2 0 84 0 1 1
8.6 -2.8 0 89 0 1 1
8.6 -2.4 0 84 0 1 1
8.6 -2 -0.2 95 0 1 1
8.6 -1.6 -0.3 69 0 1 1
8.6 -1.2 -0.4 50 0 1 1
8.6 -0.8 -0.4 58 0 1 1
8.6 -0.4 -0.4 51 0 1 1
8.6 0 -0.4 53 0 1 1
8.6 0.4 -0.3 42 0 1 1
8.6 0.7 -0.2 71 0 1 1
8.6 1.1 0 101 0 1 1
9 -17.8 0 84 0 1 1
9 -17.7 0 86 0 1 1
9 -17.3 0 91 0 1 1
9 -16.9 0 68 0 1 1
9 -16.5 0 79 0 1 1
9 -16.1 0 79 0 1 1
9 -15.7 0 81 0 1 1
9 -15.3 0 82 0 1 1
9 -15 0 82 0 1 1
9 -14.6 0 83 0 1 1
9 -14.2 0 88 0 1 1
9 -13.8 0 77 0 1 1
9 -13.4 0 80 0 1 1
9 -13 0 86 0 1 1
9 -12.6 0 90 0 1 1
9 -12.2 0 95 0 1 1
9 -11.8 0 94 0 1 1
9 -11.4 0 94 0 1 1
9 -11 0 94 0 1 1
9 -10.6 0 97 0 1 1
9 -10.2 0 96 0 1 1
9 -9.9 0 94 0 1 1
9 -9.5 0 93 0 1 1
9 -9.1 0 87 0 1 1
9 -8.7 0 88 0 1 1
9 -8.3 0 93 0 1 1
9 -7.9 0 91 0 1 1
9 -7.5 0 88 0 1 1
9 -7.1 -0.2 75 0 1 1
9 -6.7 -0.4 54 0 1 1
9 -6.3 -0.5 44 0 1 4
9 -5.9 -0.8 61 0 1 4
9 -4 -0.1 79 0 1 1
9 -3.6 0 80 0 1 1
9 -3.2 0 99 0 1 1
9 -2.8 0 95 0 1 1
9 -2.4 0 95 0 1 1
9 -2 0 90 0 1 1
9 -1.6 -0.1 95 0 1 1
9 -1.2 -0.1 75 0 1 1
9 -0.8 -0.1 74 0 1 1
9 -0.4 -0.1 79 0 1 1
9 0 -0.1 82 0 1 1
9 0.3 -0.1 74 0 1 1
9 0.7 0 95 0 1 1
9 1.1 0 91 0 1 1
9.2 -17.7 0 78 0 1 1
9.4 -17.6 0 74 0 1 1
9.4 -17.3 0 82 0 1 1
9.4 -16.9 0 73 0 1 1
9.4 -16.5 0 75 0 1 1
9.4 -16.1 0 81 0 1 1
9.4 -15.7 0 82 0 1 1
9.4 -15.3 0 84 0 1 1
9.4 -15 0 83 0 1 1
9.4 -14.6 0 83 0 1 1
9.4 -14.2 0 82 0 1 1
9.4 -13.8 0 86 0 1 1
9.4 -13.4 0 79 0 1 1
9.4 -13 0 89 0 1 1
9.4 -12.6 0 84 0 1 1
9.4 -12.2 0 89 0 1 1
9.4 -11.8 0 97 0 1 1
9.4 -11.4 0 97 0 1 1
9.4 -11 0 94 0 1 1
9.4 -10.6 0 93 0 1 1
9.4 -10.2 0 94 0 1 1
9.4 -9.9 0 98 0 1 1
9.4 -9.5 0 93 0 1 1
9.4 -9.1 0 93 0 1 1
9.4 -8.7 0 83 0 1 1
9.4 -8.3 0 92 0 1 1
9.4 -7.9 0 87 0 1 1
9.4 -7.5 0 90 0 1 1
9.4 -7.1 0 83 0 1 1
9.4 -6.7 -0.1 52 0 1 1
9.4 -6.3 -0.2 75 0 1 1
9.4 -5.9 -0.4 50 0 1 1
9.4 -5.5 -0.5 60 0 1 1
9.4 -5.1 -0.5 44 0 1 1
9.4 -4.7 -0.4 42 0 1 1
9.4 -4.4 -0.2 62 0 1 1
9.4 -4 0 86 0 1 1
9.4 -3.6 0 107 0 1 1
9.4 -3.2 0 97 0 1 1
9.4 -2.8 0 99 0 1 1
9.4 -2.4 0 95 0 1 1
9.4 -2 0 98 0 1 1
9.4 -1.6 0 98 0 1 1
9.4 -1.2 0 91 0 1 1
9.4 -0.8 0 101 0 1 1
9.4 -0.4 0 96 0 1 1
9.4 -0.1 0 107 0 1 1
9.4 0.3 0 101 0 1 1
9.4 0.7 0 102 0 1 1
9.4 1.1 0 95 0 1 1
9.4 1.5 0 101 0 1 1
9.8 -17.4 0 73 0 1 1
9.8 -17.3 0 79 0 1 1
9.8 -16.9 0 80 0 1 1
9.8 -16.5 0 80 0 1 1
9.8 -16.1 0 79 0 1 1
9.8 -15.7 0 79 0 1 1
9.8 -15.3 0 83 0 1 1
9.8 -15 0 81 0 1 1
9.8 -14.6 0 83 0 1 1
9.8 -14.2 0 84 0 1 1
9.8 -13.8 0 88 0 1 1
9.8 -13.4 0 86 0 1 1
9.8 -13 0 83 0 1 1
9.8 -12.6 0 91 0 1 1
9.8 -12.2 0 85 0 1 1
9.8 -11.8 0 87 0 1 1
9.8 -11.4 0 98 0 1 1
9.8 -11 0 100 0 1 1
9.8 -10.6 0 95 0 1 1
9.8 -10.2 0 93 0 1 1
9.8 -9.9 0 93 0 1 1
9.8 -9.6 0.1 32 0 1 2
9.8 -9.5 0 94 0 1 1
9.8 -9.5 0.2 55 0 1 2
9.8 -9.4 0.1 43 0 1 2
9.8 -9.3 0 30 0 1 2
9.8 -9.3 0.2 46 0 1 2
9.8 -9.2 0.1 24 0 1 2
9.8 -9.1 0 95 0 1 1
9.8 -8.7 0 94 0 1 1
9.8 -8.3 0 91 0 1 1
9.8 -7.9 0 93 0 1 1
9.8 -7.5 0 91 0 1 1
9.8 -7.1 0 92 0 1 1
9.8 -6.7 0 76 0 1 1
9.8 -6.3 0 81 0 1 1
9.8 -5.9 -0.1 76 0 1 1
9.8 -5.5 -0.1 77 0 1 1
9.8 -5.1 -0.1 67 0 1 1
9.8 -4.8 -0.1 76 0 1 1
9.8 -4.4 0 91 0 1 1
9.8 -4 0 83 0 1 1
9.8 -3.6 0 92 0 1 1
9.8 -3.2 0 104 0 1 1
9.8 -2.8 0 106 0 1 1
9.8 -2.4 0 102 0 1 1
9.8 -2 0 97 0 1 1
9.8 -1.6 0 101 0 1 1
9.8 -1.2 0 80 0 1 1
9.8 -0.8 0 100 0 1 1
9.8 -0.4 0 96 0 1 1
9.8 -0.1 0 105 0 1 1
9.8 0.3 0 107 0 1 1
9.8 0.7 0 109 0 1 1
9.8 1.1 0 103 0 1 1
9.8 1.5 0 103 0 1 1
9.9 -17.3 0 76 0 1 1
9.9 -9.7 0 52 0 1 2
9.9 -9.7 0.1 55 0 1 2
9.9 -9.6 0.2 60 0 1 2
9.9 -9.4 0.3 73 0 1 2
9.9 -9.2 0.2 106 0 1 2
9.9 -9.1 0.1 42 0 1 2
10 -9.5 0.2 79 0 1 2
10 -9.4 0.3 82 0 1 2
10 -9.2 0.2 97 0 1 2
10 -9.1 0 63 0 1 2
10.1 -17.2 0 73 0 1 1
10.1 -16.9 0 79 0 1 1
10.1 -16.5 0 80 0 1 1
10.1 -16.1 0 72 0 1 1
10.1 -15.7 0 80 0 1 1
10.1 -15.3 0 79 0 1 1
10.1 -15 0 79 0 1 1
10.1 -14.6 0 84 0 1 1
10.1 -14.2 0 85 0 1 1
10.1 -13.8 0 87 0 1 1
10.1 -13.4 0 86 0 1 1
10.1 -13 0 86 0 1 1
10.1 -12.6 0 85 0 1 1
10.1 -12.2 0 86 0 1 1
10.1 -11.8 0 84 0 1 1
10.1 -11.4 0 88 0 1 1
10.1 -11 0 102 0 1 1
10.1 -10.6 0 100 0 1 1
10.1 -10.2 0 93 0 1 1
10.1 -9.6 0.3 86 0 1 2
10.1 -9.4 0.2 86 0 1 2
10.1 -9.1 0 93 0 1 1
10.1 -9.1 0.1 65 0 1 2
10.1 -8.7 0 90 0 1 1
10.1 -8.3 0 90 0 1 1
10.1 -7.9 0 94 0 1 1
10.1 -7.5 0 94 0 1 1
10.1 -7.1 0 97 0 1 1
10.1 -6.7 0 92 0 1 1
10.1 -6.3 0 92 0 1 1
10.1 -5.9 0 95 0 1 1
10.1 -5.5 0 95 0 1 1
10.1 -5.1 0 91 0 1 1
10.1 -4.8 0 88 0 1 1
10.1 -4.4 0 90 0 1 1
10.1 -4 0 100 0 1 1
10.1 -3.6 0 95 0 1 1
10.1 -3.2 0 103 0 1 1
10.1 -2.8 0 99 0 1 1
10.1 -2.4 0 85 0 1 1
10.1 -2 0 98 0 1 1
10.1 -1.6 0 104 0 1 1
10.1 -1.2 0 99 0 1 1
10.1 -0.8 0 97 0 1 1
10.1 -0.4 0 98 0 1 1
10.1 -0.1 0 100 0 1 1
10.1 0.3 0 99 0 1 1
10.1 0.7 0 106 0 1 1
10.1 1.1 0 105 0 1 1
10.1 1.5 0 100 0 1 1
10.2 -9.2 0.2 84 0 1 2
10.3 -17.1 0 79 0 1 1
10.3 -9.4 0.2 96 0 1 2
10.3 -9.3 0.2 87 0 1 2
10.5 -17 0 75 0 1 1
10.5 -16.9 0 75 0 1 1
10.5 -16.5 0 82 0 1 1
10.5 -16.1 0 84 0 1 1
10.5 -15.7 0 86 0 1 1
10.5 -15.3 0 80 0 1 1
10.5 -15 0 81 0 1 1
10.5 -14.6 0 80 0 1 1
10.5 -14.2 0 78 0 1 1
10.5 -13.8 0 87 0 1 1
10.5 -13.4 0 84 0 1 1
10.5 -13 0 88 0 1 1
10.5 -12.6 0 89 0 1 1
10.5 -12.2 0 76 0 1 1
10.5 -11.8 0 83 0 1 1
10.5 -11.4 0 87 0 1 1
10.5 -11 0 87 0 1 1
10.5 -10.6 0 85 0 1 1
10.5 -9.1 0 95 0 1 1
10.5 -8.7 0 94 0 1 1
10.5 -8.3 0 95 0 1 1
10.5 -7.9 0 93 0 1 1
10.5 -7.5 0 96 0 1 1
10.5 -7.1 0 100 0 1 1
10.5 -6.7 0 98 0 1 1
10.5 -6.3 0 94 0 1 1
10.5 -5.9 0 92 0 1 1
10.5 -5.5 0 95 0 1 1
10.5 -5.1 0 88 0 1 1
10.5 -4.8 0 95 0 1 1
10.5 -4.4 0 86 0 1 1
10.5 -4 0 93 0 1 1
10.5 -3.6 0 92 0 1 1
10.5 -3.2 0 92 0 1 1
10.5 -2.8 0 100 0 1 1
10.5 -2.4 0 106 0 1 1
10.5 -2 0 99 0 1 1
10.5 -1.6 0 97 0 1 1
10.5 -1.2 0 94 0 1 1
10.5 -0.8 0 102 0 1 1
10.5 -0.4 0 91 0 1 1
10.5 -0.1 0 95 0 1 1
10.5 0.3 0 102 0 1 1
10.5 0.7 0 104 0 1 1
10.5 1.1 0 104 0 1 1
10.5 1.5 0 103 0 1 1
10.6 -16.9 0 71 0 1 1
10.6 -6.3 0.1 63 0 1 2
10.6 -6.2 0.1 38 0 1 2
10.6 -6.1 0 45 0 1 2
10.6 -6 0 24 0 1 2
10.6 -5.9 0 27 0 1 2
10.6 -5.9 0.1 26 0 1 2
10.7 -6.1 -0.1 93 0 1 2
10.7 -6 0.2 74 0 1 2
10.7 -5.9 0.1 27 0 1 2
10.7 -5.9 0.2 59 0 1 2
10.7 -0.7 0.1 22 0 1 3
10.7 -0.7 0.4 23 0 1 3
10.7 -0.5 0.3 22 0 1 3
10.7 -0.4 0.2 24 0 1 3
10.8 -6.3 0 34 0 1 2
10.8 -6.3 0.2 84 0 1 2
10.8 -5.9 0 28 0 1 2
10.8 -1 0 27 0 1 3
10.8 -0.9 0.5 29 0 1 3
10.8 -0.7 0.7 48 0 1 3
10.8 -0.4 0.6 19 0 1 3
10.8 -0.2 0.4 15 0 1 3
10.8 0.2 0.2 22 0 1 3
10.9 -16.7 0 78 0 1 1
10.9 -16.5 0 84 0 1 1
10.9 -16.1 0 80 0 1 1
10.9 -15.7 0 92 0 1 1
10.9 -15.3 0 79 0 1 1
10.9 -15 0 77 0 1 1
10.9 -14.6 0 88 0 1 1
10.9 -14.2 0 88 0 1 1
10.9 -13.8 0 82 0 1 1
10.9 -13.4 0 85 0 1 1
10.9 -13 0 86 0 1 1
10.9 -12.6 0 90 0 1 1
10.9 -12.2 0 85 0 1 1
10.9 -11.8 0 86 0 1 1
10.9 -11.4 0 88 0 1 1
10.9 -11 0 87 0 1 1
10.9 -9.5 0 97 0 1 1
10.9 -9.1 0 97 0 1 1
10.9 -8.7 0 99 0 1 1
10.9 -8.3 0 95 0 1 1
10.9 -7.9 0 99 0 1 1
10.9 -7.5 0 90 0 1 1
10.9 -7.1 0 97 0 1 1
10.9 -6.7 0 98 0 1 1
10.9 -6.3 0.2 76 0 1 2
10.9 -6.2 0.3 82 0 1 2
10.9 -6.1 0.3 96 0 1 2
10.9 -6 0.2 91 0 1 2
10.9 -5.8 0 28 0 1 2
10.9 -5.8 0.1 28 0 1 2
10.9 -5.8 0.2 61 0 1 2
10.9 -5.5 0 100 0 1 1
10.9 -5.1 0 100 0 1 1
10.9 -4.8 0 93 0 1 1
10.9 -4.4 0 97 0 1 1
10.9 -4 0 92 0 1 1
10.9 -3.6 0 88 0 1 1
10.9 -3.2 0 93 0 1 1
10.9 -2.8 0 95 0 1 1
10.9 -2.4 0 93 0 1 1
10.9 -2 0 104 0 1 1
10.9 -1.6 0 107 0 1 1
10.9 -1.2 0 86 0 1 1
10.9 -1.1 0.1 29 0 1 3
10.9 -0.3 0.7 65 0 1 3
10.9 0.3 0 26 0 1 3
10.9 0.3 0.5 36 0 1 3
10.9 0.5 0.2 25 0 1 3
10.9 0.7 0 83 0 1 1
10.9 1.1 0 104 0 1 1
10.9 1.5 0 103 0 1 1
11 -6.1 0.2 98 0 1 2
11 -5.8 0 94 0 1 2
11 -5.8 0.2 97 0 1 2
11 -0.5 0.9 87 0 1 3
11 0 0.8 52 0 1 3
11 0.6 0.4 41 0 1 3
11 0.8 0.1 32 0 1 3
11.1 -6.2 0.2 75 0 1 2
11.1 -6 0.3 104 0 1 2
11.1 -5.7 0.1 103 0 1 2
11.1 -1.1 0.4 31 0 1 3
11.1 -0.8 0.8 73 0 1 3
11.1 -0.1 0.9 91 0 1 3
11.1 0.4 0.7 59 0 1 3
11.2 -1 0.8 48 0 1 3
11.2 0.2 0.9 78 0 1 3
11.3 -16.5 0 66 0 1 1
11.3 -16.1 0 78 0 1 1
11.3 -15.7 0 81 0 1 1
11.3 -15.3 0 83 0 1 1
11.3 -15 0 83 0 1 1
11.3 -14.6 0 83 0 1 1
11.3 -14.2 0 85 0 1 1
11.3 -13.8 0 88 0 1 1
11.3 -13.4 0 84 0 1 1
11.3 -13 0 86 0 1 1
11.3 -12.6 0 84 0 1 1
11.3 -12.2 0 88 0 1 1
11.3 -11.8 0 84 0 1 1
11.3 -11.4 0 79 0 1 1
11.3 -11 0 87 0 1 1
11.3 -9.9 0 94 0 1 1
11.3 -9.5 0 100 0 1 1
11.3 -9.1 0 97 0 1 1
11.3 -8.7 0 95 0 1 1
11.3 -8.3 0 94 0 1 1
11.3 -7.9 0 100 0 1 1
11.3 -7.5 0 99 0 1 1
11.3 -7.1 0 98 0 1 1
11.3 -6.7 0 98 0 1 1
11.3 -5.9 0 99 0 1 1
11.3 -5.5 0 100 0 1 1
11.3 -5.1 0 100 0 1 1
11.3 -4.8 0 92 0 1 1
11.3 -4.4 0 94 0 1 1
11.3 -4 0 81 0 1 1
11.3 -3.6 0 96 0 1 1
11.3 -3.2 0 93 0 1 1
11.3 -2.8 0 100 0 1 1
11.3 -2.4 0 91 0 1 1
11.3 -2 0 66 0 1 1
11.3 -1.6 0 98 0 1 1
11.3 -1.2 0.5 32 0 1 3
11.3 -0.3 0.9 99 0 1 3
11.3 0.9 0.4 44 0 1 3
11.3 1.2 0.1 33 0 1 3
11.3 1.4 0 26 0 1 3
11.3 1.5 0 110 0 1 1
11.4 -0.7 0.9 94 0 1 3
11.4 0.7 0.8 52 0 1 3
11.4 1.1 0.3 37 0 1 3
11.5 -16.3 0 77 0 1 1
11.5 -1.1 0.8 37 0 1 3
11.5 -1 0.9 64 0 1 3
11.5 0.1 1 98 0 1 3
11.5 0.8 0.9 58 0 1 3
11.5 1.4 0.3 49 0 1 3
11.5 1.6 0.1 28 0 1 3
11.6 -1.4 0 78 0 1 3
11.6 -1.3 0.4 26 0 1 3
11.6 0.4 1.1 80 0 1 3
11.6 0.9 0.7 49 0 1 3
11.6 1.2 0.5 60 0 1 3
11.7 -16.1 0 80 0 1 1
11.7 -15.7 0 88 0 1 1
11.7 -15.3 0 90 0 1 1
11.7 -15 0 82 0 1 1
11.7 -14.6 0 82 0 1 1
11.7 -14.2 0 82 0 1 1
11.7 -13.8 0 83 0 1 1
11.7 -13.4 0 80 0 1 1
11.7 -13 0 82 0 1 1
11.7 -12.6 0 82 0 1 1
11.7 -12.2 0 90 0 1 1
11.7 -11.8 0 83 0 1 1
11.7 -11.4 0 84 0 1 1
11.7 -10.2 0 73 0 1 1
11.7 -9.9 0 87 0 1 1
11.7 -9.5 0 95 0 1 1
11.7 -9.1 0 98 0 1 1
11.7 -8.7 0 100 0 1 1
11.7 -8.3 0 98 0 1 1
11.7 -7.9 0 98 0 1 1
11.7 -7.5 0 100 0 1 1
11.7 -7.1 0 103 0 1 1
11.7 -5.9 0 96 0 1 1
11.7 -5.5 0 98 0 1 1
11.7 -5.1 0 99 0 1 1
11.7 -4.8 0 96 0 1 1
11.7 -4.4 0 99 0 1 1
11.7 -4 0 94 0 1 1
11.7 -3.6 0 97 0 1 1
11.7 -3.2 0 89 0 1 1
11.7 -2.8 0 94 0 1 1
11.7 -2.4 0 98 0 1 1
11.7 -2 0 88 0 1 1
11.7 -1.6 0 99 0 1 1
11.7 0.9 0.9 43 0 1 3
11.7 1.5 0.4 57 0 1 3
11.7 1.7 0.2 30 0 1 3
11.7 1.9 0 101 0 1 1
11.8 -1.2 0.9 34 0 1 3
11.8 -1 1 84 0 1 3
11.8 -0.3 1 93 0 1 3
11.8 0.2 1.2 73 0 1 3
11.8 1.2 0.8 50 0 1 3
11.8 1.7 0.4 48 0 1 3
11.8 1.9 0.2 40 0 1 3
11.9 -1.4 0.3 32 0 1 3
11.9 -1.3 0.7 30 0 1 3
11.9 -1.2 1.1 51 0 1 3
11.9 -0.6 1 98 0 1 3
11.9 0.3 1.3 79 0 1 3
11.9 0.5 1.3 74 0 1 3
11.9 0.8 1.1 71 0 1 3
11.9 1.1 1 53 0 1 3
12 -1.4 0.2 32 0 1 3
12 -1.3 1 38 0 1 3
12 -1.2 1.3 69 0 1 3
12 -1 1.1 92 0 1 3
12 1.4 1 57 0 1 3
12 1.7 0.7 50 0 1 3
12.1 -15.8 0 81 0 1 1
12.1 -15.7 0 84 0 1 1
12.1 -15.3 0 83 0 1 1
12.1 -15 0 82 0 1 1
12.1 -14.6 0 77 0 1 1
12.1 -14.2 0 89 0 1 1
12.1 -13.8 0 87 0 1 1
12.1 -13.4 0 85 0 1 1
12.1 -13 0 77 0 1 1
12.1 -12.6 0 87 0 1 1
12.1 -12.2 0 91 0 1 1
12.1 -11.8 0 86 0 1 1
12.1 -11.4 0 87 0 1 1
12.1 -11 0 89 0 1 1
12.1 -10.6 0 88 0 1 1
12.1 -10.2 0 83 0 1 1
12.1 -9.9 0 79 0 1 1
12.1 -9.5 0 90 0 1 1
12.1 -9.1 0 92 0 1 1
12.1 -8.7 0 97 0 1 1
12.1 -8.3 0 99 0 1 1
12.1 -7.9 0 100 0 1 1
12.1 -7.5 0 100 0 1 1
12.1 -7.1 0 106 0 1 1
12.1 -5.9 0 101 0 1 1
12.1 -5.5 0 96 0 1 1
12.1 -5.1 0 95 0 1 1
12.1 -4.8 0 102 0 1 1
12.1 -4.4 0 106 0 1 1
12.1 -4 0 93 0 1 1
12.1 -3.6 0 92 0 1 1
12.1 -3.2 0 97 0 1 1
12.1 -2.8 0 100 0 1 1
12.1 -2.4 0 101 0 1 1
12.1 -2 0 102 0 1 1
12.1 -1.6 0 99 0 1 1
12.1 -1.5 0.1 31 0 1 3
12.1 -0.8 1.1 100 0 1 3
12.1 -0.2 1.1 90 0 1 3
12.1 0.2 1.4 72 0 1 3
12.1 0.4 1.5 100 0 1 3
12.1 1.8 0.5 52 0 1 3
12.2 -15.7 0 86 0 1 1
12.2 -1.4 1.1 61 0 1 3
12.2 -1 1.3 102 0 1 3
12.2 -0.5 1.2 98 0 1 3
12.2 0 1.2 70 0 1 3
12.2 1.1 1.3 81 0 1 3
12.2 1.7 0.8 58 0 1 3
12.3 -0.7 1.3 93 0 1 3
12.3 0.5 1.5 100 0 1 3
12.3 0.7 1.4 94 0 1 3
12.3 1.6 1.1 53 0 1 3
12.3 1.8 0.7 59 0 1 3
12.4 -1.5 0.2 33 0 1 3
12.4 -1 1.3 78 0 1 3
12.4 -0.9 1.2 100 0 1 3
12.4 -0.4 1.2 102 0 1 3
12.4 -0.2 1.2 89 0 1 3
12.4 0.4 1.6 81 0 1 3
12.4 1 1.4 100 0 1 3
12.4 1.5 1.3 82 0 1 3
12.5 -15.5 0 78 0 1 1
12.5 -15.3 0 91 0 1 1
12.5 -15 0 96 0 1 1
12.5 -14.6 0 87 0 1 1
12.5 -14.2 0 74 0 1 1
12.5 -13.8 0 79 0 1 1
12.5 -13.4 0 89 0 1 1
12.5 -13 0 79 0 1 1
12.5 -12.6 0 85 0 1 1
12.5 -12.2 0 87 0 1 1
12.5 -11.8 0 83 0 1 1
12.5 -11.4 0 91 0 1 1
12.5 -11 0 84 0 1 1
12.5 -10.6 0 88 0 1 1
12.5 -10.2 0 78 0 1 1
12.5 -9.9 0 93 0 1 1
12.5 -9.5 0 89 0 1 1
12.5 -9.1 0 89 0 1 1
12.5 -8.7 0 93 0 1 1
12.5 -8.3 0 99 0 1 1
12.5 -7.9 0 101 0 1 1
12.5 -7.5 0 100 0 1 1
12.5 -6.3 0 110 0 1 1
12.5 -5.9 0 102 0 1 1
12.5 -5.5 0 97 0 1 1
12.5 -5.1 0 95 0 1 1
12.5 -4.8 0 95 0 1 1
12.5 -4.4 0 103 0 1 1
12.5 -4 0 101 0 1 1
12.5 -3.6 0 91 0 1 1
12.5 -3.2 0 97 0 1 1
12.5 -2.8 0 102 0 1 1
12.5 -2.4 0 98 0 1 1
12.5 -2 0 104 0 1 1
12.5 -1.6 0 99 0 1 1
12.5 -1.5 0.5 35 0 1 3
12.5 -0.7 1.4 104 0 1 3
12.5 0.6 1.6 100 0 1 3
12.5 1.8 0.9 64 0 1 3
12.5 1.9 0.7 67 0 1 3
12.6 -1.1 1.3 70 0 1 3
12.6 -0.9 1.4 86 0 1 3
12.6 0.1 1.5 76 0 1 3
12.6 0.4 1.6 76 0 1 3
12.6 1.7 1.2 64 0 1 3
12.7 -15.3 0 78 0 1 1
12.7 -1.6 0.1 94 0 1 3
12.7 -0.1 1.3 79 0 1 3
12.7 0.7 1.5 108 0 1 3
12.7 1.5 1.4 80 0 1 3
12.7 1.7 1.3 72 0 1 3
12.7 1.8 1.1 68 0 1 3
12.8 -0.3 1.2 99 0 1 3
12.8 1 1.5 108 0 1 3
12.9 -15.2 0 90 0 1 1
12.9 -15 0 85 0 1 1
12.9 -14.6 0 75 0 1 1
12.9 -14.2 0 84 0 1 1
12.9 -13.8 0 85 0 1 1
12.9 -13.4 0 90 0 1 1
12.9 -13 0 84 0 1 1
12.9 -12.6 0 87 0 1 1
12.9 -12.2 0 77 0 1 1
12.9 -11.8 0 88 0 1 1
12.9 -11.4 0 86 0 1 1
12.9 -11 0 88 0 1 1
12.9 -10.6 0 79 0 1 1
12.9 -10.2 0 85 0 1 1
12.9 -9.9 0 84 0 1 1
12.9 -9.5 0 74 0 1 1
12.9 -9.1 0 91 0 1 1
12.9 -8.7 0 93 0 1 1
12.9 -8.3 0 89 0 1 1
12.9 -7.9 0 96 0 1 1
12.9 -7.5 0 99 0 1 1
12.9 -6.7 0 108 0 1 1
12.9 -6.3 0 107 0 1 1
12.9 -5.9 0 110 0 1 1
12.9 -5.5 0 101 0 1 1
12.9 -5.1 0 94 0 1 1
12.9 -4.8 0 95 0 1 1
12.9 -4.4 0 95 0 1 1
12.9 -4 0 101 0 1 1
12.9 -3.6 0 88 0 1 1
12.9 -3.2 0 96 0 1 1
12.9 -2.8 0 86 0 1 1
12.9 -2.4 0 100 0 1 1
12.9 -2 0 101 0 1 1
12.9 -1.6 0.3 32 0 1 3
12.9 -1 1.3 85 0 1 3
12.9 -0.5 1.2 108 0 1 3
12.9 1.2 1.4 82 0 1 3
12.9 2 0.6 62 0 1 3
13 0.8 1.6 81 0 1 3
13.1 -1.6 0.3 30 0 1 3
13.1 0.1 1.4 79 0 1 3
13.2 -15 0 75 0 1 1
13.2 -1.7 0.2 93 0 1 3
13.2 -1.6 0.5 77 0 1 3
13.2 -0.8 1.3 110 0 1 3
13.2 -0.2 1.3 83 0 1 3
13.3 -14.9 0 78 0 1 1
13.3 -14.6 0 79 0 1 1
13.3 -14.2 0 83 0 1 1
13.3 -13.8 0 85 0 1 1
13.3 -13.4 0 86 0 1 1
13.3 -13 0 86 0 1 1
13.3 -12.6 0 92 0 1 1
13.3 -12.2 0 88 0 1 1
13.3 -11.8 0 86 0 1 1
13.3 -11.4 0 83 0 1 1
13.3 -11 0 89 0 1 1
13.3 -10.6 0 88 0 1 1
13.3 -10.2 0 87 0 1 1
13.3 -9.9 0 81 0 1 1
13.3 -9.5 0 87 0 1 1
13.3 -9.1 0 86 0 1 1
13.3 -8.7 0 89 0 1 1
13.3 -8.3 0 92 0 1 1
13.3 -7.9 0 93 0 1 1
13.3 -7.5 0 98 0 1 1
13.3 -7.1 0 103 0 1 1
13.3 -6.7 0 110 0 1 1
13.3 -6.3 0 111 0 1 1
13.3 -5.9 0 111 0 1 1
13.3 -5.5 0 108 0 1 1
13.3 -5.1 0 104 0 1 1
13.3 -4.8 0 100 0 1 1
13.3 -4.4 0 93 0 1 1
13.3 -4 0 92 0 1 1
13.3 -3.6 0 102 0 1 1
13.3 -3.2 0 96 0 1 1
13.3 -2.8 0 100 0 1 1
13.3 -2.4 0 98 0 1 1
13.3 -2 0 100 0 1 1
13.3 -1.7 0.3 78 0 1 3
13.4 -14.7 0 80 0 1 1
13.4 -0.8 1.3 106 0 1 3
13.4 -0.6 1.3 105 0 1 3
13.4 0 1.5 81 0 1 3
13.4 0.3 1.5 98 0 1 3
13.5 -0.3 1.4 84 0 1 3
13.6 -14.6 0 74 0 1 1
13.6 0.4 1.5 85 0 1 3
13.7 -14.2 0 82 0 1 1
13.7 -13.8 0 80 0 1 1
13.7 -13.4 0 86 0 1 1
13.7 -13 0 91 0 1 1
13.7 -12.6 0 87 0 1 1
13.7 -12.2 0 84 0 1 1
13.7 -11.8 0 84 0 1 1
13.7 -11.4 0 80 0 1 1
13.7 -11 0 83 0 1 1
13.7 -10.6 0 76 0 1 1
13.7 -10.2 0 85 0 1 1
13.7 -9.9 0 91 0 1 1
13.7 -9.5 0 86 0 1 1
13.7 -9.1 0 90 0 1 1
13.7 -8.7 0 76 0 1 1
13.7 -8.3 0 91 0 1 1
13.7 -7.9 0 88 0 1 1
13.7 -7.5 0 92 0 1 1
13.7 -7.1 0 95 0 1 1
13.7 -6.7 0 103 0 1 1
13.7 -6.3 0 104 0 1 1
13.7 -5.9 0 113 0 1 1
13.7 -5.5 0 107 0 1 1
13.7 -5.1 0 106 0 1 1
13.7 -4.8 0 106 0 1 1
13.7 -4.4 0 96 0 1 1
13.7 -4 0 89 0 1 1
13.7 -3.6 0 95 0 1 1
13.7 -3.2 0 102 0 1 1
13.7 -2.8 0 103 0 1 1
13.7 -2.4 0 100 0 1 1
13.7 -2 0 100 0 1 1
13.7 -0.1 1.6 101 0 1 3
13.8 -0.8 1.3 82 0 1 3
13.8 -0.3 1.5 81 0 1 3
13.9 -0.7 1.4 73 0 1 3
13.9 0.3 1.6 84 0 1 3
14 -0.4 1.4 82 0 1 3
14.1 -14.2 0 81 0 1 1
14.1 -13.8 0 83 0 1 1
14.1 -13.4 0 82 0 1 1
14.1 -13 0 81 0 1 1
14.1 -12.6 0 87 0 1 1
14.1 -12.2 0 84 0 1 1
14.1 -11.8 0 93 0 1 1
14.1 -11.4 0 85 0 1 1
14.1 -11 0 82 0 1 1
14.1 -10.6 0 85 0 1 1
14.1 -10.2 0 92 0 1 1
14.1 -9.9 0 80 0 1 1
14.1 -9.5 0 73 0 1 1
14.1 -9.1 0 86 0 1 1
14.1 -8.7 0 90 0 1 1
14.1 -8.3 0 84 0 1 1
14.1 -7.9 0 89 0 1 1
14.1 -7.5 0 85 0 1 1
14.1 -7.1 0 86 0 1 1
14.1 -6.7 0 95 0 1 1
14.1 -6.3 0 99 0 1 1
14.1 -5.9 0 101 0 1 1
14.1 -5.5 0 101 0 1 1
14.1 -5.1 0 106 0 1 1
14.1 -4.8 0 110 0 1 1
14.1 -4.4 0 107 0 1 1
14.1 -4 0 99 0 1 1
14.1 -3.6 0 94 0 1 1
14.1 -3.2 0 97 0 1 1
14.1 -2.8 0 102 0 1 1
14.1 -2.4 0 108 0 1 1
14.1 -2 0 99 0 1 1
14.1 -0.6 1.4 82 0 1 3
14.4 -13.8 0 73 0 1 1
14.5 -13.7 0 72 0 1 1
14.5 -13.4 0 83 0 1 1
14.5 -13 0 84 0 1 1
14.5 -12.6 0 87 0 1 1
14.5 -12.2 0 84 0 1 1
14.5 -11.8 0 85 0 1 1
14.5 -11.4 0 86 0 1 1
14.5 -11 0 86 0 1 1
14.5 -10.6 0 86 0 1 1
14.5 -10.2 0 88 0 1 1
14.5 -9.9 0 90 0 1 1
14.5 -9.5 0 92 0 1 1
14.5 -9.1 0 85 0 1 1
14.5 -8.7 0 88 0 1 1
14.5 -8.3 0 90 0 1 1
14.5 -7.9 0 81 0 1 1
14.5 -7.5 0 89 0 1 1
14.5 -7.1 0 93 0 1 1
14.5 -6.7 0 96 0 1 1
14.5 -6.3 0 99 0 1 1
14.5 -5.9 0 99 0 1 1
14.5 -5.5 0 101 0 1 1
14.5 -5.1 0 103 0 1 1
14.5 -4.8 0 104 0 1 1
14.5 -4.4 0 106 0 1 1
14.5 -4 0 103 0 1 1
14.5 -3.6 0 98 0 1 1
14.5 -3.2 0 97 0 1 1
14.5 -2.8 0 103 0 1 1
14.5 -2.4 0 106 0 1 1
14.5 -2 0 102 0 1 1
14.8 -13.4 0 75 0 1 1
14.9 -13.3 0 75 0 1 1
14.9 -13 0 87 0 1 1
14.9 -12.6 0 86 0 1 1
14.9 -12.2 0 82 0 1 1
14.9 -11.8 0 87 0 1 1
14.9 -11.4 0 90 0 1 1
14.9 -11 0 90 0 1 1
14.9 -10.6 0 93 0 1 1
14.9 -10.2 0 86 0 1 1
14.9 -9.9 0 86 0 1 1
14.9 -9.5 0 95 0 1 1
14.9 -9.1 0 91 0 1 1
14.9 -8.7 0 90 0 1 1
14.9 -8.3 0 93 0 1 1
14.9 -7.9 0 89 0 1 1
14.9 -7.5 0 83 0 1 1
14.9 -7.1 0 96 0 1 1
14.9 -6.7 0 95 0 1 1
14.9 -6.3 0 96 0 1 1
14.9 -5.9 0 97 0 1 1
14.9 -5.5 0 98 0 1 1
14.9 -5.1 0 103 0 1 1
14.9 -4.8 0 104 0 1 1
14.9 -4.4 0 105 0 1 1
14.9 -4 0 105 0 1 1
14.9 -3.6 0 103 0 1 1
14.9 -3.2 0 100 0 1 1
14.9 -2.8 0 101 0 1 1
14.9 -2.4 0 101 0 1 1
14.9 -2 0 96 0 1 1
15.1 -13 0 76 0 1 1
15.2 -12.8 0 80 0 1 1
15.2 -12.6 0 84 0 1 1
15.2 -12.2 0 85 0 1 1
15.2 -11.8 0 91 0 1 1
15.2 -11.4 0 87 0 1 1
15.2 -11 0 90 0 1 1
15.2 -10.6 0 91 0 1 1
15.2 -10.2 0 92 0 1 1
15.2 -9.9 0 88 0 1 1
15.2 -9.5 0 83 0 1 1
15.2 -9.1 0 87 0 1 1
15.2 -8.7 0 93 0 1 1
15.2 -8.3 0 90 0 1 1
15.2 -7.9 0 91 0 1 1
15.2 -7.5 0 91 0 1 1
15.2 -7.1 0 86 0 1 1
15.2 -6.7 0 94 0 1 1
15.2 -6.3 0 98 0 1 1
15.2 -5.9 0 95 0 1 1
15.2 -5.5 0 98 0 1 1
15.2 -5.1 0 98 0 1 1
15.2 -4.8 0 101 0 1 1
15.2 -4.4 0 103 0 1 1
15.2 -4 0 104 0 1 1
15.2 -3.6 0 105 0 1 1
15.2 -3.2 0 103 0 1 1
15.2 -2.8 0 104 0 1 1
15.2 -2.4 0 103 0 1 1
15.2 -2 0 104 0 1 1
15.4 -12.6 0 83 0 1 1
15.6 -12.3 0 93 0 1 1
15.6 -12.2 0 91 0 1 1
15.6 -11.8 0 85 0 1 1
15.6 -11.4 0 83 0 1 1
15.6 -11 0 85 0 1 1
15.6 -10.6 0 93 0 1 1
15.6 -10.2 0 86 0 1 1
15.6 -9.9 0 98 0 1 1
15.6 -9.5 0 88 0 1 1
15.6 -9.1 0 89 0 1 1
15.6 -8.7 0 86 0 1 1
15.6 -8.3 0 84 0 1 1
15.6 -7.9 0 91 0 1 1
15.6 -7.5 0 90 0 1 1
15.6 -7.1 0 95 0 1 1
15.6 -6.7 0 91 0 1 1
15.6 -6.3 0 94 0 1 1
15.6 -5.9 0 99 0 1 1
15.6 -5.5 0 99 0 1 1
15.6 -5.1 0 98 0 1 1
15.6 -4.8 0 98 0 1 1
15.6 -4.4 0 102 0 1 1
15.6 -4 0 104 0 1 1
15.6 -3.6 0 105 0 1 1
15.6 -3.2 0 104 0 1 1
15.6 -2.8 0 104 0 1 1
15.6 -2.4 0 102 0 1 1
15.6 -2 0 106 0 1 1
15.7 -12.2 0 82 0 1 1
16 -11.8 0 82 0 1 1
16 -11.4 0 85 0 1 1
16 -11 0 85 0 1 1
16 -10.6 0 93 0 1 1
16 -10.2 0 92 0 1 1
16 -9.9 0 82 0 1 1
16 -9.5 0 92 0 1 1
16 -9.1 0 91 0 1 1
16 -8.7 0 87 0 1 1
16 -8.3 0 93 0 1 1
16 -7.9 0 86 0 1 1
16 -7.5 0 93 0 1 1
16 -7.1 0 93 0 1 1
16 -6.7 0 89 0 1 1
16 -6.3 0 88 0 1 1
16 -5.9 0 93 0 1 1
16 -5.5 0 97 0 1 1
16 -5.1 0 103 0 1 1
16 -4.8 0 99 0 1 1
16 -4.4 0 98 0 1 1
16 -4 0 100 0 1 1
16 -3.6 0 106 0 1 1
16 -3.2 0 104 0 1 1
16 -2.8 0 104 0 1 1
16 -2.4 0 104 0 1 1
16 -2 0 55 0 1 1
16.4 -11.4 0 88 0 1 1
16.4 -11 0 84 0 1 1
16.4 -10.6 0 87 0 1 1
16.4 -10.2 0 87 0 1 1
16.4 -9.9 0 91 0 1 1
16.4 -9.5 0 94 0 1 1
16.4 -9.1 0 88 0 1 1
16.4 -8.7 0 85 0 1 1
16.4 -8.3 0 84 0 1 1
16.4 -7.9 0 89 0 1 1
16.4 -7.5 0 90 0 1 1
16.4 -7.1 0 87 0 1 1
16.4 -6.7 0 89 0 1 1
16.4 -6.3 0 95 0 1 1
16.4 -5.9 0 97 0 1 1
16.4 -5.5 0 93 0 1 1
16.4 -5.1 0 96 0 1 1
16.4 -4.8 0 98 0 1 1
16.4 -4.4 0 100 0 1 1
16.4 -4 0 96 0 1 1
16.4 -3.6 0 101 0 1 1
16.4 -3.2 0 105 0 1 1
16.4 -2.8 0 106 0 1 1
16.4 -2.4 0 106 0 1 1
16.6 -11.2 0 73 0 1 1
16.6 -11 0 89 0 1 1
16.8 -10.7 0 92 0 1 1
16.8 -10.6 0 89 0 1 1
16.8 -10.2 0 92 0 1 1
16.8 -9.9 0 87 0 1 1
16.8 -9.5 0 86 0 1 1
16.8 -9.1 0 91 0 1 1
16.8 -8.7 0 87 0 1 1
16.8 -8.3 0 89 0 1 1
16.8 -7.9 0 91 0 1 1
16.8 -7.5 0 90 0 1 1
16.8 -7.1 0 93 0 1 1
16.8 -6.7 0 92 0 1 1
16.8 -6.3 0 87 0 1 1
16.8 -5.9 0 87 0 1 1
16.8 -5.5 0 95 0 1 1
16.8 -5.1 0 96 0 1 1
16.8 -4.8 0 87 0 1 1
16.8 -4.4 0 100 0 1 1
16.8 -4 0 99 0 1 1
16.8 -3.6 0 102 0 1 1
16.8 -3.2 0 102 0 1 1
16.8 -2.8 0 102 0 1 1
16.8 -2.4 0 106 0 1 1
16.9 -10.6 0 87 0 1 1
17.1 -10.2 0 77 0 1 1
17.2 -10 0 74 0 1 1
17.2 -9.9 0 84 0 1 1
17.2 -9.5 0 91 0 1 1
17.2 -9.1 0 91 0 1 1
17.2 -8.7 0 94 0 1 1
17.2 -8.3 0 91 0 1 1
17.2 -7.9 0 95 0 1 1
17.2 -7.5 0 90 0 1 1
17.2 -7.1 0 87 0 1 1
17.2 -6.7 0 90 0 1 1
17.2 -6.3 0 92 0 1 1
17.2 -5.9 0 94 0 1 1
17.2 -5.5 0 94 0 1 1
17.2 -5.1 0 98 0 1 1
17.2 -4.8 0 94 0 1 1
17.2 -4.4 0 85 0 1 1
17.2 -4 0 96 0 1 1
17.2 -3.6 0 100 0 1 1
17.2 -3.2 0 102 0 1 1
17.2 -2.8 0 103 0 1 1
17.2 -2.4 0 106 0 1 1
17.3 -9.9 0 73 0 1 1
17.5 -9.5 0 85 0 1 1
17.6 -9.3 0 80 0 1 1
17.6 -9.1 0 82 0 1 1
17.6 -8.7 0 91 0 1 1
17.6 -8.3 0 92 0 1 1
17.6 -7.9 0 90 0 1 1
17.6 -7.5 0 92 0 1 1
17.6 -7.1 0 95 0 1 1
17.6 -6.7 0 95 0 1 1
17.6 -6.3 0 91 0 1 1
17.6 -5.9 0 93 0 1 1
17.6 -5.5 0 93 0 1 1
17.6 -5.1 0 91 0 1 1
17.6 -4.8 0 91 0 1 1
17.6 -4.4 0 100 0 1 1
17.6 -4 0 97 0 1 1
17.6 -3.6 0 96 0 1 1
17.6 -3.2 0 99 0 1 1
17.6 -2.8 0 103 0 1 1
17.6 -2.4 0 105 0 1 1
17.7 -9.1 0 80 0 1 1
17.9 -8.7 0 75 0 1 1
18 -8.5 0 74 0 1 1
18 -8.3 0 87 0 1 1
18 -7.9 0 88 0 1 1
18 -7.5 0 91 0 1 1
18 -7.1 0 96 0 1 1
18 -6.7 0 93 0 1 1
18 -6.3 0 96 0 1 1
18 -5.9 0 95 0 1 1
18 -5.5 0 90 0 1 1
18 -5.1 0 84 0 1 1
18 -4.8 0 95 0 1 1
18 -4.4 0 97 0 1 1
18 -4 0 99 0 1 1
18 -3.6 0 99 0 1 1
18 -3.2 0 101 0 1 1
18 -2.8 0 101 0 1 1
18 -2.4 0 104 0 1 1
18.1 -8.3 0 86 0 1 1
18.3 -7.9 0 83 0 1 1
18.4 -7.8 0 81 0 1 1
18.4 -7.7 0 81 0 1 1
18.4 -7.5 0 92 0 1 1
18.4 -7.1 0 90 0 1 1
18.4 -6.7 0 95 0 1 1
18.4 -6.3 0 96 0 1 1
18.4 -5.9 0 91 0 1 1
18.4 -5.5 0 91 0 1 1
18.4 -5.1 0 94 0 1 1
18.4 -4.8 0 98 0 1 1
18.4 -4.4 0 99 0 1 1
18.4 -4 0 99 0 1 1
18.4 -3.6 0 100 0 1 1
18.4 -3.2 0 102 0 1 1
18.4 -2.8 0 101 0 1 1
18.4 -2.4 0 102 0 1 1
18.5 -7.5 0 75 0 1 1
18.6 -7.1 0 80 0 1 1
18.7 -6.7 0 88 0 1 1
18.8 -6.6 0 82 0 1 1
18.8 -6.3 0 95 0 1 1
18.8 -5.9 0 95 0 1 1
18.8 -5.5 0 97 0 1 1
18.8 -5.1 0 95 0 1 1
18.8 -4.8 0 97 0 1 1
18.8 -4.4 0 98 0 1 1
18.8 -4 0 101 0 1 1
18.8 -3.6 0 100 0 1 1
18.8 -3.2 0 103 0 1 1
18.8 -2.8 0 101 0 1 1
18.8 -2.4 0 102 0 1 1
19 -5.9 0 79 0 1 1
19.1 -5.5 0 81 0 1 1
19.2 -5.3 0 75 0 1 1
19.2 -5.2 0 96 0 1 1
19.2 -5.1 0 95 0 1 1
19.2 -4.8 0 100 0 1 1
19.2 -4.4 0 98 0 1 1
19.2 -4 0 100 0 1 1
19.2 -3.6 0 96 0 1 1
19.2 -3.2 0 102 0 1 1
19.2 -2.8 0 100 0 1 1
19.2 -2.4 0 102 0 1 1
19.4 -4.4 0 81 0 1 1
19.6 -4 0 84 0 1 1
19.6 -3.6 0 84 0 1 1
19.6 -3.2 0 101 0 1 1
19.6 -2.8 0 100 0 1 1
19.6 -2.4 0 104 0 1 1
19.6 3.1 0 112 0 1 1
19.7 -2.4 0 97 0 1 1
