-1.9 12 2.4 70 0 1 5
-1.9 12.1 2.5 71 0 1 5
-1.9 12.2 2.5 77 0 1 5
-1.9 12.6 2.6 74 0 1 5
-1.8 10.9 1.6 78 0 1 5
-1.8 11.1 1.7 61 0 1 5
-1.8 11.2 1.8 56 0 1 5
-1.8 11.7 2.3 66 0 1 5
-1.8 11.9 2.4 75 0 1 5
-1.8 12.2 2.5 71 0 1 5
-1.8 12.4 2.6 84 0 1 5
-1.8 12.5 2.6 79 0 1 5
-1.7 11.3 1.9 30 0 1 5
-1.7 11.4 2 58 0 1 5
-1.7 11.6 2.2 81 0 1 5
-1.7 11.8 2.3 71 0 1 5
-1.7 12 2.4 65 0 1 5
-1.7 12.2 2.5 74 0 1 5
-1.7 12.6 2.6 77 0 1 5
-1.6 9.4 0 80 0 1 1
-1.6 11.1 1.7 64 0 1 5
-1.6 11.6 2.3 67 0 1 5
-1.6 11.9 2.4 72 0 1 5
-1.6 12.1 2.5 71 0 1 5
-1.6 12.3 2.6 79 0 1 5
-1.6 12.5 2.6 77 0 1 5
-1.6 12.7 2.6 74 0 1 5
-1.5 10.7 1.5 73 0 1 5
-1.5 10.8 1.5 78 0 1 5
-1.5 11.2 1.8 55 0 1 5
-1.5 11.2 1.9 54 0 1 5
-1.5 11.3 2 44 0 1 5
-1.5 11.5 2.2 69 0 1 5
-1.5 11.6 2.3 59 0 1 5
-1.5 11.8 2.4 66 0 1 5
-1.5 11.9 2.4 75 0 1 5
-1.5 12 2.5 71 0 1 5
-1.5 12.1 2.5 82 0 1 5
-1.5 12.4 2.6 81 0 1 5
-1.5 12.6 2.6 89 0 1 5
-1.5 12.9 2.7 73 0 1 5
-1.4 9.2 0.3 68 0 1 5
-1.4 10.6 1.4 65 0 1 5
-1.4 11.5 2.2 69 0 1 5
-1.4 11.7 2.4 69 0 1 5
-1.4 12 2.5 77 0 1 5
-1.4 12.3 2.5 85 0 1 5
-1.4 12.8 2.6 83 0 1 5
-1.3 10.1 1 60 0 1 5
-1.3 10.3 1.2 79 0 1 5
-1.3 11 1.6 62 0 1 5
-1.3 11.1 1.7 57 0 1 5
-1.3 11.3 2 45 0 1 5
-1.3 11.4 2.2 62 0 1 5
-1.3 11.6 2.4 69 0 1 5
-1.3 11.8 2.5 66 0 1 5
-1.3 12 2.5 81 0 1 5
-1.3 12.3 2.5 87 0 1 5
-1.3 13 2.7 82 0 1 5
-1.2 7 0 76 0 1 1
-1.2 7.4 0 81 0 1 1
-1.2 7.8 0 60 0 1 1
-1.2 8.2 0 76 0 1 1
-1.2 8.6 0 86 0 1 1
-1.2 9 0 78 0 1 1
-1.2 9.1 0.1 69 0 1 5
-1.2 9.4 0 73 0 1 1
-1.2 9.8 0 62 0 1 1
-1.2 11.5 2.3 72 0 1 5
-1.2 11.7 2.4 86 0 1 5
-1.2 12.1 2.5 85 0 1 5
-1.2 12.4 2.5 80 0 1 5
-1.2 13.1 2.7 74 0 1 5
-1.1 9.7 0.6 30 0 1 5
-1.1 10.9 1.5 62 0 1 5
-1.1 11 1.6 63 0 1 5
-1.1 11.2 1.9 61 0 1 5
-1.1 11.3 2.1 59 0 1 5
-1.1 11.4 2.2 65 0 1 5
-1.1 11.6 2.3 79 0 1 5
-1.1 11.8 2.4 89 0 1 5
-1.1 12.3 2.5 88 0 1 5
-1.1 13.2 2.7 81 0 1 5
-1 10.8 1.5 84 0 1 5
-1 11.3 2.2 54 0 1 5
-1 11.4 2.2 73 0 1 5
-1 11.5 2.3 88 0 1 5
-1 11.6 2.3 83 0 1 5
-1 11.7 2.3 85 0 1 5
-1 11.9 2.5 82 0 1 5
-0.9 10.6 1.4 57 0 1 5
-0.9 10.8 1.5 48 0 1 5
-0.9 10.9 1.6 60 0 1 5
-0.9 11 1.7 57 0 1 5
-0.9 11.2 2 51 0 1 5
-0.9 11.3 2.1 52 0 1 5
-0.9 11.3 2.2 72 0 1 5
-0.9 11.7 2.3 90 0 1 5
-0.9 11.8 2.4 86 0 1 5
-0.9 13.4 2.7 71 0 1 5
-0.9 13.5 2.7 79 0 1 5
-0.8 4.3 0 77 0 1 1
-0.8 4.7 0 79 0 1 1
-0.8 5 0 79 0 1 1
-0.8 5.4 0 71 0 1 1
-0.8 5.8 0 86 0 1 1
-0.8 6.2 0 74 0 1 1
-0.8 6.6 0 75 0 1 1
-0.8 7 0 72 0 1 1
-0.8 7.4 0 80 0 1 1
-0.8 7.8 0 75 0 1 1
-0.8 8.2 0 78 0 1 1
-0.8 8.6 0 60 0 1 1
-0.8 9 0 78 0 1 1
-0.8 9.4 0 68 0 1 1
-0.8 9.4 0.4 65 0 1 5
-0.8 9.8 0 83 0 1 1
-0.8 10.5 1.3 64 0 1 5
-0.8 10.7 1.5 73 0 1 5
-0.8 10.9 1.6 62 0 1 5
-0.8 11.3 2.1 59 0 1 5
-0.8 11.3 2.2 69 0 1 5
-0.8 11.4 2.2 91 0 1 5
-0.8 11.5 2.2 83 0 1 5
-0.8 11.5 2.3 77 0 1 5
-0.8 11.9 2.4 88 0 1 5
-0.8 12 2.5 85 0 1 5
-0.8 12.3 2.5 84 0 1 5
-0.8 12.4 2.5 91 0 1 5
-0.8 13.5 2.7 74 0 1 5
-0.8 13.6 2.7 83 0 1 5
-0.7 10.2 1.1 85 0 1 5
-0.7 11 1.7 55 0 1 5
-0.7 11.1 1.8 51 0 1 5
-0.7 11.1 2 52 0 1 5
-0.7 11.3 2.1 74 0 1 5
-0.7 11.5 2.2 83 0 1 5
-0.7 11.6 2.3 83 0 1 5
-0.7 12.2 2.5 90 0 1 5
-0.7 12.8 2.5 94 0 1 5
-0.7 13.1 2.6 94 0 1 5
-0.7 13.7 2.7 75 0 1 5
-0.7 13.8 2.7 94 0 1 5
-0.6 9.3 0.3 79 0 1 5
-0.6 10 0.9 73 0 1 5
-0.6 10.6 1.4 64 0 1 5
-0.6 11 1.8 51 0 1 5
-0.6 11.2 2.1 54 0 1 5
-0.6 11.3 2.1 81 0 1 5
-0.6 11.4 2.1 82 0 1 5
-0.6 11.5 2.2 93 0 1 5
-0.6 11.7 2.3 90 0 1 5
-0.6 11.9 2.3 88 0 1 5
-0.6 12 2.4 84 0 1 5
-0.6 13.2 2.5 100 0 1 5
-0.6 13.9 2.7 76 0 1 5
-0.5 10.5 1.3 71 0 1 5
-0.5 10.8 1.6 56 0 1 5
-0.5 11.1 1.9 59 0 1 5
-0.5 11.1 2 38 0 1 5
-0.5 11.2 2.1 84 0 1 5
-0.5 11.6 2.3 93 0 1 5
-0.5 11.8 2.3 86 0 1 5
-0.5 12.4 2.4 90 0 1 5
-0.4 4.3 0 90 0 1 1
-0.4 4.7 0 79 0 1 1
-0.4 5 0 90 0 1 1
-0.4 5.4 0 68 0 1 1
-0.4 5.8 0 81 0 1 1
-0.4 6.2 0 82 0 1 1
-0.4 6.6 0 81 0 1 1
-0.4 7 0 80 0 1 1
-0.4 7.4 0 79 0 1 1
-0.4 7.8 0 74 0 1 1
-0.4 8.2 0 65 0 1 1
-0.4 8.6 0 78 0 1 1
-0.4 9 0 84 0 1 1
-0.4 9.4 0 65 0 1 1
-0.4 10.3 1.1 67 0 1 5
-0.4 10.9 1.8 54 0 1 5
-0.4 11.1 2 78 0 1 5
-0.4 11.2 2.1 101 0 1 5
-0.4 11.5 2.1 80 0 1 5
-0.4 11.5 2.2 78 0 1 5
-0.4 11.6 2.2 88 0 1 5
-0.4 11.7 2.2 87 0 1 5
-0.4 12 2.3 93 0 1 5
-0.4 12.1 2.4 94 0 1 5
-0.4 13.4 2.5 97 0 1 5
-0.4 14 2.7 74 0 1 5
-0.3 9.7 0.6 57 0 1 5
-0.3 10 0.9 62 0 1 5
-0.3 10.6 1.5 68 0 1 5
-0.3 11 2 73 0 1 5
-0.3 11.1 2 88 0 1 5
-0.3 11.2 2 91 0 1 5
-0.3 11.4 2.1 89 0 1 5
-0.3 11.5 2.1 60 0 1 5
-0.3 12.3 2.4 89 0 1 5
-0.3 13.5 2.5 96 0 1 5
-0.3 13.8 2.6 100 0 1 5
-0.3 14.2 2.6 77 0 1 5
-0.2 9 0.1 78 0 1 5
-0.2 9.9 0.8 69 0 1 5
-0.2 10.7 1.7 52 0 1 5
-0.2 10.9 1.9 79 0 1 5
-0.2 11 2 92 0 1 5
-0.2 11.2 2 90 0 1 5
-0.2 11.3 2 81 0 1 5
-0.2 11.9 2.3 38 0 1 5
-0.2 12.2 2.4 90 0 1 5
-0.2 12.8 2.4 90 0 1 5
-0.2 13 2.4 87 0 1 5
-0.2 14 2.6 99 0 1 5
0 3.9 -0.1 70 0 1 1
0 4.3 -0.1 86 0 1 1
0 4.7 -0.1 62 0 1 1
0 5.1 -0.1 98 0 1 1
0 5.5 -0.1 80 0 1 1
0 5.8 -0.1 93 0 1 1
0 6.2 0 62 0 1 1
0 6.6 0 76 0 1 1
0 7 0 81 0 1 1
0 7.4 0 68 0 1 1
0 7.8 0 66 0 1 1
0 8.2 0 51 0 1 1
0 8.6 0 80 0 1 1
0 9 0 81 0 1 1
0 9.4 0 85 0 1 1
-0.1 9.4 0.4 67 0 1 5
0 10.3 1.2 56 0 1 5
-0.1 10.5 1.4 54 0 1 5
-0.1 10.6 1.6 44 0 1 5
-0.1 10.8 1.8 62 0 1 5
-0.1 10.9 1.9 87 0 1 5
-0.1 11 1.9 77 0 1 5
-0.1 11.2 2 79 0 1 5
-0.1 11.7 2.3 69 0 1 5
-0.1 12 2.4 83 0 1 5
0 13.9 2.5 93 0 1 5
0 14.1 2.5 94 0 1 5
-0.1 14.1 2.6 87 0 1 5
-0.1 14.3 2.6 73 0 1 5
0 14.4 2.6 92 0 1 5
0.1 9.7 0.6 73 0 1 5
0.1 10.1 1 76 0 1 5
0.1 10.4 1.3 46 0 1 5
0.1 10.5 1.5 59 0 1 5
0.1 10.7 1.7 76 0 1 5
0.1 11.9 2.3 81 0 1 5
0.1 12.2 2.4 90 0 1 5
0.1 14.5 2.6 87 0 1 5
0.2 9.2 0.2 72 0 1 5
0.2 10 0.9 63 0 1 5
0.2 10.2 1.1 70 0 1 5
0.2 10.8 1.8 88 0 1 5
0.2 10.9 1.9 74 0 1 5
0.2 11.6 2.2 88 0 1 5
0.2 12 2.4 83 0 1 5
0.2 14.6 2.5 89 0 1 5
0.3 6.2 -0.1 76 0 1 1
0.3 6.6 0 70 0 1 1
0.3 7 0 83 0 1 1
0.3 7.4 0 80 0 1 1
0.3 7.8 0 79 0 1 1
0.3 8.2 0 79 0 1 1
0.3 8.6 0 82 0 1 1
0.3 9 0 72 0 1 1
0.3 9.4 0 80 0 1 1
0.3 9.9 0.8 69 0 1 5
0.3 10.1 1 49 0 1 5
0.3 10.2 1.2 62 0 1 5
0.3 10.3 1.3 61 0 1 5
0.3 10.4 1.4 60 0 1 5
0.3 10.5 1.6 66 0 1 5
0.3 11.1 2 71 0 1 5
0.3 11.3 2.1 77 0 1 5
0.3 11.4 2.1 79 0 1 5
0.4 3.9 -0.3 75 0 1 1
0.4 4.3 -0.4 82 0 1 1
0.4 4.7 -0.4 86 0 1 1
0.4 5.1 -0.4 95 0 1 1
0.4 5.5 -0.3 81 0 1 1
0.4 5.9 -0.2 97 0 1 1
0.4 10 1 61 0 1 5
0.4 10.2 1.1 62 0 1 5
0.4 10.3 1.2 43 0 1 5
0.4 10.4 1.4 57 0 1 5
0.4 10.5 1.5 66 0 1 5
0.4 10.7 1.7 66 0 1 5
0.4 11.7 2.3 84 0 1 5
0.4 11.9 2.4 80 0 1 5
0.4 12.1 2.4 86 0 1 5
0.5 9.9 0.9 59 0 1 5
0.5 10.6 1.6 74 0 1 5
0.5 10.8 1.8 83 0 1 5
0.5 12.3 2.4 79 0 1 5
0.6 10.1 1.1 69 0 1 5
0.6 10.2 1.2 76 0 1 5
0.6 10.3 1.3 65 0 1 5
0.6 10.6 1.6 69 0 1 5
0.6 11 1.9 74 0 1 5
0.7 6.2 -0.1 77 0 1 1
0.7 6.6 0 83 0 1 1
0.7 7 0 79 0 1 1
0.7 7.4 0 65 0 1 1
0.7 7.8 0 85 0 1 1
0.7 8.2 0 68 0 1 1
0.7 8.6 0 76 0 1 1
0.7 9 0 96 0 1 1
0.7 9.8 0.7 65 0 1 5
0.7 10 1 76 0 1 5
0.7 10 1.1 78 0 1 5
0.7 10.2 1.2 81 0 1 5
0.7 10.9 1.9 73 0 1 5
0.7 11.2 2.1 67 0 1 5
0.7 11.4 2.2 79 0 1 5
0.7 11.5 2.2 76 0 1 5
0.7 11.8 2.3 72 0 1 5
0.8 3.5 -0.3 61 0 1 1
0.8 4 -0.5 82 0 1 4
0.8 4.4 -0.6 73 0 1 4
0.8 4.8 -0.6 77 0 1 4
0.8 5.2 -0.6 70 0 1 4
0.8 5.6 -0.5 90 0 1 1
0.8 5.9 -0.3 83 0 1 1
0.8 8.9 0 87 0 1 5
0.8 9.4 0.4 77 0 1 5
0.8 11.1 2.1 80 0 1 5
0.8 12 2.4 83 0 1 5
0.9 9.6 0.6 75 0 1 5
0.9 9.8 0.8 68 0 1 5
0.9 9.9 0.9 88 0 1 5
0.9 10 1 86 0 1 5
0.9 10.2 1.1 78 0 1 5
0.9 12.2 2.4 85 0 1 5
0.9 12.3 2.5 75 0 1 5
1 11 2 78 0 1 5
1 11.3 2.1 85 0 1 5
1 11.4 2.2 84 0 1 5
1 11.7 2.3 82 0 1 5
1.1 3.1 -0.1 96 0 1 1
1.1 6.2 -0.1 78 0 1 1
1.1 6.6 0 84 0 1 1
1.1 7 0 76 0 1 1
1.1 7.4 0 69 0 1 1
1.1 7.8 0 73 0 1 1
1.1 8.2 0 80 0 1 1
1.1 8.6 0 78 0 1 1
1.1 9 0 78 0 1 1
1.1 9.7 0.7 72 0 1 5
1.1 9.8 0.8 88 0 1 5
1.1 9.9 0.9 90 0 1 5
1.1 10 0.9 88 0 1 5
1.1 11.2 2.1 86 0 1 5
1.1 11.9 2.4 90 0 1 5
1.2 3.6 -0.4 65 0 1 1
1.2 4 -0.6 63 0 1 4
1.2 5.6 -0.6 59 0 1 4
1.2 5.9 -0.4 83 0 1 1
1.2 9.1 0.2 83 0 1 5
1.2 10.6 1.6 77 0 1 5
1.2 12.1 2.4 92 0 1 5
1.2 12.4 2.4 93 0 1 5
1.3 4.4 -0.7 79 0 1 4
1.3 4.8 -0.7 78 0 1 4
1.3 5.2 -0.7 77 0 1 4
1.3 10.4 1.4 83 0 1 5
1.3 11.3 2.2 86 0 1 5
1.3 11.6 2.3 86 0 1 5
1.4 9 0.1 79 0 1 5
1.4 9.5 0.5 72 0 1 5
1.4 9.6 0.6 78 0 1 5
1.4 10.7 1.7 90 0 1 5
1.4 11.1 2 86 0 1 5
1.4 11.9 2.4 88 0 1 5
1.4 12.2 2.4 87 0 1 5
1.5 6.2 -0.1 107 0 1 1
1.5 6.6 0 89 0 1 1
1.5 7 0 74 0 1 1
1.5 7.4 0 88 0 1 1
1.5 7.8 0 85 0 1 1
1.5 8.2 0 81 0 1 1
1.5 8.6 0 83 0 1 1
1.5 9 0 76 0 1 1
1.5 10.2 1.2 83 0 1 5
1.6 3.2 -0.4 77 0 1 1
1.6 3.6 -0.4 89 0 1 1
1.6 4 -0.6 70 0 1 4
1.6 5.6 -0.6 69 0 1 4
1.6 5.9 -0.4 66 0 1 1
1.6 9.3 0.3 87 0 1 5
1.6 9.8 0.7 89 0 1 5
1.6 11.2 2.1 95 0 1 5
1.6 12 2.4 89 0 1 5
1.7 4.4 -0.7 81 0 1 4
1.7 4.8 -0.7 66 0 1 4
1.7 5.2 -0.7 43 0 1 4
1.7 9.7 0.7 90 0 1 5
1.8 8.9 0 89 0 1 5
1.8 9.9 0.9 85 0 1 5
1.8 10.4 1.4 88 0 1 5
1.8 10.9 1.8 97 0 1 5
1.8 11.4 2.2 85 0 1 5
1.8 11.5 2.2 89 0 1 5
1.8 11.8 2.4 88 0 1 5
1.8 12.1 2.4 76 0 1 5
1.9 6.2 -0.1 74 0 1 1
1.9 6.6 0 87 0 1 1
1.9 7 0 83 0 1 1
1.9 7.4 0 85 0 1 1
1.9 7.8 0 88 0 1 1
1.9 8.2 0 85 0 1 1
1.9 8.6 0 83 0 1 1
1.9 9 0 70 0 1 1
1.9 9.2 0.2 79 0 1 5
1.9 9.5 0.4 85 0 1 5
1.9 11.1 2 98 0 1 5
2 3.2 -0.6 86 0 1 4
2 3.6 -0.6 72 0 1 4
2 4 -0.6 53 0 1 4
2 4.4 -0.7 70 0 1 4
2 4.8 -0.7 69 0 1 4
2 5.2 -0.7 80 0 1 4
2 5.6 -0.6 81 0 1 4
2 5.9 -0.4 70 0 1 1
2 11.9 2.4 95 0 1 5
2 12.2 2.4 98 0 1 5
2.1 9.1 0.2 89 0 1 5
2.1 11.3 2.1 95 0 1 5
2.2 9.4 0.4 86 0 1 5
2.2 9.6 0.6 89 0 1 5
2.2 10.2 1.1 88 0 1 5
2.2 10.6 1.5 88 0 1 5
2.2 11.6 2.3 94 0 1 5
2.2 11.7 2.3 92 0 1 5
2.3 6.2 -0.1 87 0 1 1
2.3 6.6 0 89 0 1 1
2.3 7 0 88 0 1 1
2.3 7.4 0 80 0 1 1
2.3 7.8 0 90 0 1 1
2.3 8.2 0 87 0 1 1
2.3 8.6 0 88 0 1 1
2.3 11 1.9 93 0 1 5
2.3 11.4 2.2 92 0 1 5
2.4 2.8 -0.6 71 0 1 4
2.4 3.3 -0.7 80 0 1 4
2.4 3.7 -0.7 83 0 1 4
2.4 4.1 -0.7 75 0 1 4
2.4 4.4 -0.7 65 0 1 4
2.4 4.8 -0.7 77 0 1 4
2.4 5.2 -0.7 85 0 1 4
2.4 5.6 -0.6 90 0 1 4
2.4 5.9 -0.4 85 0 1 1
2.4 9 0.1 94 0 1 5
2.4 9.8 0.7 86 0 1 5
2.4 12.1 2.4 96 0 1 5
2.5 11.1 1.9 98 0 1 5
2.6 9.3 0.3 93 0 1 5
2.6 9.9 0.8 88 0 1 5
2.6 10.4 1.3 93 0 1 5
2.6 10.8 1.7 92 0 1 5
2.6 11.4 2.1 95 0 1 5
2.6 11.9 2.3 97 0 1 5
2.6 12.2 2.3 103 0 1 5
2.7 1.9 -0.1 72 0 1 1
2.7 6.2 -0.1 79 0 1 1
2.7 6.6 0 94 0 1 1
2.7 7 0 89 0 1 1
2.7 7.4 0 90 0 1 1
2.7 7.8 0 91 0 1 1
2.7 8.2 0 80 0 1 1
2.7 8.6 0 80 0 1 1
2.7 9.6 0.5 86 0 1 5
2.7 11.3 2 92 0 1 5
2.8 2.4 -0.4 72 0 1 1
2.8 2.8 -0.6 74 0 1 4
2.8 3.3 -0.7 67 0 1 4
2.8 3.7 -0.7 68 0 1 4
2.8 4.1 -0.7 80 0 1 4
2.8 4.4 -0.7 72 0 1 4
2.8 4.8 -0.7 52 0 1 4
2.8 5.2 -0.7 89 0 1 4
2.8 5.6 -0.6 78 0 1 4
2.8 5.9 -0.4 85 0 1 1
2.8 8.8 0 85 0 1 5
2.9 9.7 0.6 89 0 1 5
2.9 10.2 1 92 0 1 5
2.9 10.6 1.4 94 0 1 5
2.9 11 1.8 95 0 1 5
2.9 11.5 2.1 95 0 1 5
2.9 11.7 2.2 97 0 1 5
2.9 12.1 2.3 87 0 1 5
3 9.2 0.2 95 0 1 5
3 11.4 2.1 101 0 1 5
3.1 1.5 0 87 0 1 1
3.1 1.9 -0.1 87 0 1 1
3.1 6.2 -0.1 64 0 1 1
3.1 6.6 0 90 0 1 1
3.1 7 0 91 0 1 1
3.1 7.4 0 78 0 1 1
3.1 7.8 0 80 0 1 1
3.1 8.2 0 93 0 1 1
3.1 8.6 0 80 0 1 1
3.1 9.5 0.3 94 0 1 5
3.1 9.9 0.7 92 0 1 5
3.1 10.4 1.2 93 0 1 5
3.1 10.8 1.5 95 0 1 5
3.1 11.3 2 100 0 1 5
3.2 2.4 -0.4 78 0 1 1
3.2 2.8 -0.6 57 0 1 4
3.2 3.3 -0.7 64 0 1 4
3.2 3.7 -0.7 73 0 1 4
3.2 4.1 -0.7 78 0 1 4
3.2 4.4 -0.7 81 0 1 4
3.2 4.8 -0.7 71 0 1 4
3.2 5.2 -0.7 69 0 1 4
3.2 5.6 -0.6 80 0 1 4
3.2 5.9 -0.4 79 0 1 1
3.2 11.1 1.9 100 0 1 5
3.3 9.1 0.1 96 0 1 5
3.3 11.5 2.1 101 0 1 5
3.3 11.9 2.2 76 0 1 5
3.3 12.1 2.2 80 0 1 5
3.4 9.7 0.4 94 0 1 5
3.4 10.1 0.9 97 0 1 5
3.4 10.5 1.2 99 0 1 5
3.4 10.8 1.5 92 0 1 5
3.4 11.4 2 101 0 1 5
3.5 1.1 0 93 0 1 1
3.5 1.5 0 91 0 1 1
3.5 1.9 -0.1 86 0 1 1
3.5 2.4 -0.4 76 0 1 1
3.5 5.9 -0.3 54 0 1 1
3.5 6.2 -0.1 75 0 1 1
3.5 6.6 0 88 0 1 1
3.5 7 0 88 0 1 1
3.5 7.4 0 98 0 1 1
3.5 7.8 0 95 0 1 1
3.5 8.2 0 92 0 1 1
3.5 8.6 0 81 0 1 1
3.5 9 0 91 0 1 1
3.5 9.4 0.3 95 0 1 5
3.5 11.2 1.8 97 0 1 5
3.6 2.8 -0.6 55 0 1 4
3.6 3.3 -0.7 79 0 1 4
3.6 3.7 -0.7 65 0 1 4
3.6 4.1 -0.7 62 0 1 4
3.6 4.4 -0.7 74 0 1 4
3.6 4.8 -0.6 73 0 1 4
3.6 5.2 -0.6 61 0 1 4
3.6 5.6 -0.5 59 0 1 1
3.6 11.7 2.1 94 0 1 5
3.6 11.9 2.1 88 0 1 5
3.6 12.1 2.1 82 0 1 5
3.7 9.8 0.6 90 0 1 5
3.7 10.2 0.8 99 0 1 5
3.7 10.5 1.1 97 0 1 5
3.7 10.8 1.4 95 0 1 5
3.7 11.4 1.9 94 0 1 5
3.8 9 0 88 0 1 5
3.8 9.6 0.4 90 0 1 5
3.8 11.2 1.7 91 0 1 5
3.8 11.6 1.9 98 0 1 5
3.8 11.8 2.1 88 0 1 5
3.8 12 2.1 91 0 1 5
3.9 1.1 0 89 0 1 1
3.9 1.5 0 96 0 1 1
3.9 1.9 -0.1 85 0 1 1
3.9 2.4 -0.3 63 0 1 1
3.9 5.1 -0.4 49 0 1 4
3.9 5.5 -0.3 65 0 1 1
3.9 5.9 -0.2 64 0 1 1
3.9 6.2 -0.1 85 0 1 1
3.9 6.6 0 86 0 1 1
3.9 7 0 88 0 1 1
3.9 7.4 0 92 0 1 1
3.9 7.8 0 97 0 1 1
3.9 8.2 0 90 0 1 1
3.9 8.6 0 96 0 1 1
3.9 9 0 91 0 1 1
3.9 9.4 0.2 99 0 1 5
3.9 10.6 1.1 93 0 1 5
4 2.8 -0.5 68 0 1 4
4 3.2 -0.6 58 0 1 4
4 3.6 -0.6 42 0 1 4
4 4 -0.6 66 0 1 4
4 4.4 -0.6 53 0 1 4
4 4.8 -0.5 59 0 1 4
4 10.8 1.3 93 0 1 5
4 11.2 1.5 88 0 1 5
4 11.3 1.7 97 0 1 5
4 11.7 2 98 0 1 5
4.1 9.9 0.5 88 0 1 5
4.1 10.3 0.8 93 0 1 5
4.1 10.6 1 100 0 1 5
4.1 11.5 1.7 94 0 1 5
4.1 11.9 2 93 0 1 5
4.2 9.7 0.4 92 0 1 5
4.2 10.9 1.2 99 0 1 5
4.2 11.3 1.6 89 0 1 5
4.2 11.8 1.9 98 0 1 5
4.3 0.7 0 98 0 1 1
4.3 1.1 0 88 0 1 1
4.3 1.5 0 87 0 1 1
4.3 1.9 -0.1 96 0 1 1
4.3 2.3 -0.2 80 0 1 1
4.3 2.8 -0.3 67 0 1 1
4.3 3.2 -0.4 59 0 1 1
4.3 3.6 -0.4 62 0 1 1
4.3 4 -0.4 36 0 1 1
4.3 4.3 -0.4 56 0 1 1
4.3 4.7 -0.3 56 0 1 1
4.3 5.1 -0.2 79 0 1 1
4.3 5.5 -0.1 76 0 1 1
4.3 5.8 -0.1 56 0 1 1
4.3 6.2 0 92 0 1 1
4.3 6.6 0 88 0 1 1
4.3 7 0 99 0 1 1
4.3 7.4 0 87 0 1 1
4.3 7.8 0 86 0 1 1
4.3 8.2 0 88 0 1 1
4.3 8.6 0 87 0 1 1
4.3 9 0 95 0 1 1
4.3 10.3 0.8 94 0 1 5
4.3 11.1 1.4 93 0 1 5
4.3 11.6 1.8 93 0 1 5
4.3 12 2 78 0 1 5
4.4 9.3 0.1 90 0 1 5
4.4 10.8 1 90 0 1 5
4.4 11.7 1.8 95 0 1 5
4.5 9.5 0.2 94 0 1 5
4.5 10 0.5 91 0 1 5
4.5 11 1.2 83 0 1 5
4.5 11.5 1.6 89 0 1 5
4.5 11.9 1.9 98 0 1 5
4.6 10.5 0.7 95 0 1 5
4.6 11.4 1.4 88 0 1 5
4.6 11.7 1.6 86 0 1 5
4.6 11.8 1.8 90 0 1 5
4.6 11.9 1.8 92 0 1 5
4.6 12 1.9 94 0 1 5
4.7 0.7 0 83 0 1 1
4.7 1.1 0 104 0 1 1
4.7 1.5 0 96 0 1 1
4.7 1.9 0 95 0 1 1
4.7 2.3 -0.1 92 0 1 1
4.7 2.7 -0.1 89 0 1 1
4.7 3.1 -0.1 85 0 1 1
4.7 3.5 -0.1 75 0 1 1
4.7 3.9 -0.1 82 0 1 1
4.7 4.3 -0.1 63 0 1 1
4.7 4.7 -0.1 78 0 1 1
4.7 5.1 -0.1 69 0 1 1
4.7 5.4 0 80 0 1 1
4.7 5.8 0 89 0 1 1
4.7 6.2 0 96 0 1 1
4.7 6.6 0 99 0 1 1
4.7 7 0 84 0 1 1
4.7 7.4 0 90 0 1 1
4.7 7.8 0 90 0 1 1
4.7 8.2 0 91 0 1 1
4.7 8.6 0 105 0 1 1
4.7 9 0 84 0 1 1
4.7 11.3 1.2 91 0 1 5
4.7 11.8 1.7 87 0 1 5
4.7 12.1 1.9 96 0 1 5
4.7 12.2 1.9 103 0 1 5
4.8 9.2 0 94 0 1 5
4.8 9.8 0.4 89 0 1 5
4.8 10.4 0.7 95 0 1 5
4.8 10.9 1 97 0 1 5
4.8 11.6 1.5 95 0 1 5
4.8 11.7 1.6 88 0 1 5
4.8 12 1.8 91 0 1 5
4.9 10.9 0.9 98 0 1 5
4.9 12.1 1.8 93 0 1 5
4.9 12.2 1.8 99 0 1 5
5 1.1 0 93 0 1 1
5 1.5 0 97 0 1 1
5 1.9 0 87 0 1 1
5 2.3 0 102 0 1 1
5 2.7 0 96 0 1 1
5 3.1 0 106 0 1 1
5 3.5 0 99 0 1 1
5 3.9 0 84 0 1 1
5 4.3 0 85 0 1 1
5 4.7 0 50 0 1 1
5 5 0 92 0 1 1
5 5.4 0 69 0 1 1
5 5.8 0 90 0 1 1
5 6.2 0 86 0 1 1
5 6.6 0 91 0 1 1
5 7 0 89 0 1 1
5 7.4 0 69 0 1 1
5 7.8 0 96 0 1 1
5 8.2 0 92 0 1 1
5 8.6 0 92 0 1 1
5 9 0 96 0 1 1
5 9.4 0 83 0 1 1
5 9.4 0.1 95 0 1 5
5 11.2 1 92 0 1 5
5 11.5 1.3 85 0 1 5
5 12 1.6 89 0 1 5
5.1 0.7 -0.2 64 0 1 1
5.1 9.6 0.2 94 0 1 5
5.1 10.8 0.8 97 0 1 5
5.1 11 0.9 91 0 1 5
5.1 11.8 1.4 87 0 1 5
5.1 12.1 1.7 75 0 1 5
5.1 12.2 1.7 91 0 1 5
5.1 12.3 1.7 103 0 1 5
5.2 11.4 1.1 88 0 1 5
5.2 11.7 1.3 88 0 1 5
5.3 11 0.8 94 0 1 5
5.3 11.3 0.9 96 0 1 5
5.3 11.6 1.1 88 0 1 5
5.4 1.1 -0.2 89 0 1 1
5.4 1.5 0 98 0 1 1
5.4 1.9 0 125 0 1 1
5.4 2.3 0 99 0 1 1
5.4 2.7 0 100 0 1 1
5.4 3.1 0 107 0 1 1
5.4 3.5 0 89 0 1 1
5.4 3.9 0 79 0 1 1
5.4 4.3 0 86 0 1 1
5.4 4.7 0 84 0 1 1
5.4 5 0 101 0 1 1
5.4 5.4 0 98 0 1 1
5.4 5.8 0 88 0 1 1
5.4 6.2 0 95 0 1 1
5.4 6.6 0 92 0 1 1
5.4 7 0 97 0 1 1
5.4 7.4 0 100 0 1 1
5.4 7.8 0 95 0 1 1
5.4 8.2 0 88 0 1 1
5.4 8.6 0 100 0 1 1
5.4 9 0 97 0 1 1
5.4 9.4 0 98 0 1 1
5.4 10.1 0.4 90 0 1 5
5.4 11.4 0.9 94 0 1 5
5.4 12 1.4 89 0 1 5
5.4 12.1 1.5 85 0 1 5
5.4 12.2 1.6 101 0 1 5
5.4 12.4 1.6 106 0 1 5
5.5 11.2 0.8 98 0 1 5
5.5 11.9 1.2 86 0 1 5
5.6 9.4 0 96 0 1 5
5.6 10.9 0.7 91 0 1 5
5.6 11.4 0.8 99 0 1 5
5.6 11.6 1 92 0 1 5
5.6 11.8 1.1 87 0 1 5
5.6 12.2 1.5 99 0 1 5
5.6 12.3 1.5 97 0 1 5
5.7 9.7 0.1 64 0 1 5
5.7 10 0.2 93 0 1 5
5.7 11.7 1 92 0 1 5
5.8 1.1 -0.3 85 0 1 1
5.8 1.5 -0.1 81 0 1 1
5.8 1.9 0 105 0 1 1
5.8 2.3 0 93 0 1 1
5.8 2.7 0 100 0 1 1
5.8 3.1 0 94 0 1 1
5.8 3.5 0 93 0 1 1
5.8 3.9 0 94 0 1 1
5.8 4.3 0 99 0 1 1
5.8 4.7 0 99 0 1 1
5.8 5 0 83 0 1 1
5.8 5.4 0 100 0 1 1
5.8 5.8 0 71 0 1 1
5.8 6.2 0 102 0 1 1
5.8 6.6 0 86 0 1 1
5.8 7 0 109 0 1 1
5.8 7.4 0 70 0 1 1
5.8 7.8 0 79 0 1 1
5.8 8.2 0 88 0 1 1
5.8 8.6 0 94 0 1 1
5.8 9 0 98 0 1 1
5.8 9.4 0 108 0 1 1
5.8 9.8 0 99 0 1 1
5.8 10.5 0.5 91 0 1 5
5.8 11 0.7 98 0 1 5
5.8 11.4 0.8 97 0 1 5
5.8 11.8 1 93 0 1 5
5.8 11.9 1.1 81 0 1 5
5.8 12.1 1.3 78 0 1 5
5.9 11.6 0.9 93 0 1 5
5.9 12.3 1.4 98 0 1 5
6 11.5 0.8 101 0 1 5
6 11.9 1 78 0 1 5
6 12.2 1.2 93 0 1 5
6.1 10.9 0.6 92 0 1 5
6.1 12 1.1 87 0 1 5
6.1 12.5 1.3 97 0 1 5
6.2 1.2 -0.4 66 0 1 1
6.2 1.5 -0.1 89 0 1 1
6.2 1.9 0 105 0 1 1
6.2 2.3 0 100 0 1 1
6.2 2.7 0 103 0 1 1
6.2 3.1 0 96 0 1 1
6.2 3.5 0 95 0 1 1
6.2 3.9 0 85 0 1 1
6.2 4.3 0 108 0 1 1
6.2 4.7 0 105 0 1 1
6.2 5 0 78 0 1 1
6.2 5.4 0 97 0 1 1
6.2 5.8 0 64 0 1 1
6.2 6.2 0 97 0 1 1
6.2 6.6 0 93 0 1 1
6.2 7 0 70 0 1 1
6.2 7.4 0 84 0 1 1
6.2 7.8 0 74 0 1 1
6.2 8.2 0 96 0 1 1
6.2 8.6 0 86 0 1 1
6.2 9 0 105 0 1 1
6.2 9.4 0 95 0 1 1
6.2 9.8 0 80 0 1 1
6.2 10.6 0.4 99 0 1 5
6.2 12.3 1.2 98 0 1 5
6.2 12.7 1.2 95 0 1 5
6.3 9.7 0.1 87 0 1 5
6.3 12.1 1 97 0 1 5
6.4 10 0.1 92 0 1 5
6.4 10.3 0.2 90 0 1 5
6.4 11.3 0.6 100 0 1 5
6.4 11.8 0.8 100 0 1 5
6.4 12.5 1.1 94 0 1 5
6.5 11.4 0.6 98 0 1 5
6.5 11.6 0.7 95 0 1 5
6.5 12.7 1.1 97 0 1 5
6.6 1.2 -0.4 75 0 1 1
6.6 1.5 -0.1 86 0 1 1
6.6 1.9 0 92 0 1 1
6.6 2.3 0 80 0 1 1
6.6 2.7 0 98 0 1 1
6.6 3.1 0 99 0 1 1
6.6 3.5 0 102 0 1 1
6.6 3.9 0 79 0 1 1
6.6 4.3 0 107 0 1 1
6.6 4.7 0 93 0 1 1
6.6 5 0 101 0 1 1
6.6 5.4 0 99 0 1 1
6.6 5.8 0 94 0 1 1
6.6 6.2 0 93 0 1 1
6.6 6.6 0 93 0 1 1
6.6 7 0 98 0 1 1
6.6 7.4 0 93 0 1 1
6.6 7.8 0 95 0 1 1
6.6 8.2 0 88 0 1 1
6.6 8.6 0 96 0 1 1
6.6 9 0 97 0 1 1
6.6 9.4 0 66 0 1 1
6.6 9.8 0 87 0 1 1
6.6 10.8 0.4 100 0 1 5
6.6 11.1 0.5 102 0 1 5
6.6 11.9 0.8 69 0 1 5
6.6 12 0.9 97 0 1 5
6.6 12.3 1 99 0 1 5
6.7 12.6 1 96 0 1 5
6.8 10.5 0.2 93 0 1 5
6.8 12.2 0.8 104 0 1 5
7 1.2 -0.4 67 0 1 1
7 1.5 -0.1 95 0 1 1
7 1.9 0 103 0 1 1
7 2.3 0 98 0 1 1
7 2.7 0 105 0 1 1
7 3.1 0 103 0 1 1
7 3.5 0 100 0 1 1
7 3.9 0 102 0 1 1
7 4.3 0 102 0 1 1
7 4.7 0 74 0 1 1
7 5 0 99 0 1 1
7 5.4 0 99 0 1 1
7 5.8 0 90 0 1 1
7 6.2 0 102 0 1 1
7 6.6 0 99 0 1 1
7 7 0 101 0 1 1
7 7.4 0 94 0 1 1
7 7.8 0 97 0 1 1
7 8.2 0 106 0 1 1
7 8.6 0 92 0 1 1
7 9 0 95 0 1 1
7 9.4 0 90 0 1 1
7 9.8 0 86 0 1 1
7 10.1 0 73 0 1 1
7 11.5 0.5 99 0 1 5
7 11.7 0.5 102 0 1 5
7 11.9 0.6 99 0 1 5
7.1 10.1 0.1 84 0 1 5
7.1 10.4 0.1 98 0 1 5
7.1 10.8 0.3 101 0 1 5
7.1 11.1 0.3 104 0 1 5
7.1 11.3 0.4 100 0 1 5
7.1 12 0.7 100 0 1 5
7.2 11.7 0.5 102 0 1 5
7.2 12.7 0.8 103 0 1 5
7.3 11.5 0.4 100 0 1 5
7.3 11.9 0.5 98 0 1 5
7.3 12.2 0.6 85 0 1 5
7.4 1.2 -0.4 69 0 1 1
7.4 1.5 -0.1 98 0 1 1
7.4 1.9 0 105 0 1 1
7.4 2.3 0 103 0 1 1
7.4 2.7 0 91 0 1 1
7.4 3.1 0 104 0 1 1
7.4 3.5 0 88 0 1 1
7.4 3.9 0 100 0 1 1
7.4 4.3 0 99 0 1 1
7.4 4.7 0 92 0 1 1
7.4 5 0 85 0 1 1
7.4 5.4 0 110 0 1 1
7.4 5.8 0 104 0 1 1
7.4 6.2 0 101 0 1 1
7.4 6.6 0 82 0 1 1
7.4 7 0 102 0 1 1
7.4 7.4 0 100 0 1 1
7.4 7.8 0 105 0 1 1
7.4 8.2 0 88 0 1 1
7.4 8.6 0 98 0 1 1
7.4 9 0 98 0 1 1
7.4 9.4 0 87 0 1 1
7.4 9.8 0 95 0 1 1
7.4 10.1 0 94 0 1 1
7.5 10.7 0.2 97 0 1 5
7.5 11.7 0.4 103 0 1 5
7.6 12 0.5 102 0 1 5
7.7 11.1 0.2 103 0 1 5
7.7 11.4 0.2 103 0 1 5
7.7 11.9 0.3 104 0 1 5
7.8 1.1 -0.3 54 0 1 1
7.8 1.5 -0.1 57 0 1 1
7.8 1.9 0 101 0 1 1
7.8 2.3 0 99 0 1 1
7.8 2.7 0 102 0 1 1
7.8 3.1 0 96 0 1 1
7.8 3.5 0 108 0 1 1
7.8 3.9 0 101 0 1 1
7.8 4.3 0 99 0 1 1
7.8 4.7 0 101 0 1 1
7.8 5 0 88 0 1 1
7.8 5.4 0 122 0 1 1
7.8 5.8 0 104 0 1 1
7.8 6.2 0 96 0 1 1
7.8 6.6 0 100 0 1 1
7.8 7 0 99 0 1 1
7.8 7.4 0 98 0 1 1
7.8 7.8 0 93 0 1 1
7.8 8.2 0 101 0 1 1
7.8 8.6 0 104 0 1 1
7.8 9 0 74 0 1 1
7.8 9.4 0 84 0 1 1
7.8 9.8 0 101 0 1 1
7.8 10.1 0 83 0 1 1
7.8 10.5 0 97 0 1 1
7.8 10.5 0.1 84 0 1 5
7.8 10.8 0.1 106 0 1 5
7.9 11.6 0.2 104 0 1 5
8 12 0.3 108 0 1 5
8.1 11.7 0.2 109 0 1 5
8.1 12.4 0.3 98 0 1 5
8.1 12.7 0.3 103 0 1 5
8.2 1.5 0 103 0 1 1
8.2 1.9 0 108 0 1 1
8.2 2.3 0 101 0 1 1
8.2 2.7 0 107 0 1 1
8.2 3.1 0 87 0 1 1
8.2 3.5 0 99 0 1 1
8.2 3.9 0 101 0 1 1
8.2 4.3 0 104 0 1 1
8.2 4.7 0 102 0 1 1
8.2 5 0 98 0 1 1
8.2 5.4 0 97 0 1 1
8.2 5.8 0 104 0 1 1
8.2 6.2 0 95 0 1 1
8.2 6.6 0 98 0 1 1
8.2 7 0 95 0 1 1
8.2 7.4 0 98 0 1 1
8.2 7.8 0 95 0 1 1
8.2 8.2 0 100 0 1 1
8.2 8.6 0 90 0 1 1
8.2 9 0 87 0 1 1
8.2 9.4 0 89 0 1 1
8.2 9.8 0 91 0 1 1
8.2 10.1 0 91 0 1 1
8.2 10.5 0 97 0 1 1
8.2 10.6 0 108 0 1 5
8.3 11.4 0.1 104 0 1 5
8.3 12.1 0.2 107 0 1 5
8.4 11.1 0 112 0 1 5
8.4 11.8 0.1 95 0 1 5
8.5 12.1 0.1 102 0 1 5
8.5 12.4 0.1 110 0 1 5
8.6 1.5 0 105 0 1 1
8.6 1.9 0 96 0 1 1
8.6 2.3 0 108 0 1 1
8.6 2.7 0 100 0 1 1
8.6 3.1 0 105 0 1 1
8.6 3.5 0 97 0 1 1
8.6 3.9 0 104 0 1 1
8.6 4.3 0 84 0 1 1
8.6 4.7 0 108 0 1 1
8.6 5 0 94 0 1 1
8.6 5.4 0 103 0 1 1
8.6 5.8 0 110 0 1 1
8.6 6.2 0 99 0 1 1
8.6 6.6 0 97 0 1 1
8.6 7 0 100 0 1 1
8.6 7.4 0 100 0 1 1
8.6 7.8 0 98 0 1 1
8.6 8.2 0 95 0 1 1
8.6 8.6 0 95 0 1 1
8.6 9 0 94 0 1 1
8.6 9.4 0 100 0 1 1
8.6 9.8 0 96 0 1 1
8.6 10.1 0 99 0 1 1
8.6 10.5 0 80 0 1 1
8.6 10.8 0 100 0 1 5
8.6 10.9 0 107 0 1 1
9 1.5 0 85 0 1 1
9 1.9 0 112 0 1 1
9 2.3 0 90 0 1 1
9 2.7 0 105 0 1 1
9 3.1 0 100 0 1 1
9 3.5 0 82 0 1 1
9 3.9 0 112 0 1 1
9 4.3 0 105 0 1 1
9 4.7 0 84 0 1 1
9 5 0 97 0 1 1
9 5.4 0 102 0 1 1
9 5.8 0 106 0 1 1
9 6.2 0 97 0 1 1
9 6.6 0 100 0 1 1
9 7 0 101 0 1 1
9 7.4 0 104 0 1 1
9 7.8 0 99 0 1 1
9 8.2 0 88 0 1 1
9 8.6 0 102 0 1 1
9 9 0 100 0 1 1
9 9.4 0 108 0 1 1
9 9.8 0 72 0 1 1
9 10.1 0 94 0 1 1
9 10.5 0 99 0 1 1
9 10.9 0 100 0 1 1
9 11.3 0 96 0 1 1
9 11.7 0 94 0 1 1
9 12.1 0 92 0 1 1
9 12.5 0 92 0 1 1
9.4 1.5 0 101 0 1 1
9.4 1.9 0 95 0 1 1
9.4 2.3 0 107 0 1 1
9.4 2.7 0 122 0 1 1
9.4 3.1 0 110 0 1 1
9.4 3.5 0 110 0 1 1
9.4 3.9 0 103 0 1 1
9.4 4.3 0 105 0 1 1
9.4 4.7 0 108 0 1 1
9.4 5 0 106 0 1 1
9.4 5.4 0 105 0 1 1
9.4 5.8 0 104 0 1 1
9.4 6.2 0 98 0 1 1
9.4 6.6 0 104 0 1 1
9.4 7 0 87 0 1 1
9.4 7.4 0 102 0 1 1
9.4 7.8 0 98 0 1 1
9.4 8.2 0 101 0 1 1
9.4 8.6 0 75 0 1 1
9.4 9 0 96 0 1 1
9.4 9.4 0 96 0 1 1
9.4 9.8 0 102 0 1 1
9.4 10.1 0 76 0 1 1
9.4 10.5 0 83 0 1 1
9.4 10.9 0 89 0 1 1
9.4 11.3 0 90 0 1 1
9.4 11.7 0 94 0 1 1
9.4 12.1 0 93 0 1 1
9.4 12.5 0 95 0 1 1
9.4 12.9 0 88 0 1 1
9.4 13.3 0 93 0 1 1
9.6 8.7 0 31 0 1 3
9.6 8.8 0.3 27 0 1 3
9.6 8.9 0.1 33 0 1 3
9.6 9.1 0.3 28 0 1 3
9.6 9.4 0.4 30 0 1 3
9.7 8.6 0.2 27 0 1 3
9.7 8.9 0.6 28 0 1 3
9.7 9.2 0.7 24 0 1 3
9.7 9.2 0.9 32 0 1 3
9.7 9.5 0.8 39 0 1 3
9.8 1.5 0 103 0 1 1
9.8 1.9 0 105 0 1 1
9.8 2.3 0 103 0 1 1
9.8 2.7 0 108 0 1 1
9.8 3.1 0 86 0 1 1
9.8 3.5 0 110 0 1 1
9.8 3.9 0 111 0 1 1
9.8 4.3 0 109 0 1 1
9.8 4.7 0 102 0 1 1
9.8 5 0 91 0 1 1
9.8 5.4 0 99 0 1 1
9.8 5.8 0 100 0 1 1
9.8 6.2 0 101 0 1 1
9.8 6.6 0 99 0 1 1
9.8 7 0 105 0 1 1
9.8 7.4 0 100 0 1 1
9.8 7.8 0 101 0 1 1
9.8 8.2 0 97 0 1 1
9.8 8.5 0.6 29 0 1 3
9.8 8.6 0 88 0 1 1
9.8 8.9 0.8 38 0 1 3
9.8 9.1 1 64 0 1 3
9.8 9.4 0.9 50 0 1 3
9.8 9.5 0 75 0 1 3
9.8 9.8 0 93 0 1 1
9.8 9.8 0.3 54 0 1 3
9.8 10.1 0 81 0 1 1
9.8 10.5 0 84 0 1 1
9.8 10.9 0 90 0 1 1
9.8 11.3 0 95 0 1 1
9.8 11.7 0 88 0 1 1
9.8 12.1 0 92 0 1 1
9.8 12.5 0 92 0 1 1
9.8 12.9 0 93 0 1 1
9.8 13.3 0 90 0 1 1
9.8 13.7 0 88 0 1 1
9.8 14.1 0 91 0 1 1
9.8 14.5 0 98 0 1 1
9.8 14.9 0 98 0 1 1
9.9 8.4 0.5 27 0 1 3
9.9 8.8 1 90 0 1 3
9.9 9.7 -0.1 102 0 1 3
10 8.5 -0.1 98 0 1 3
10 9.6 1 69 0 1 3
10 9.8 0.1 92 0 1 3
10.1 1.5 0 103 0 1 1
10.1 1.9 0 111 0 1 1
10.1 2.3 0 107 0 1 1
10.1 2.7 0 105 0 1 1
10.1 3.1 0 102 0 1 1
10.1 3.5 0 85 0 1 1
10.1 3.9 0 98 0 1 1
10.1 4.3 0 102 0 1 1
10.1 4.7 0 107 0 1 1
10.1 5 0 101 0 1 1
10.1 5.4 0 103 0 1 1
10.1 5.8 0 102 0 1 1
10.1 6.2 0 103 0 1 1
10.1 6.6 0 99 0 1 1
10.1 7 0 102 0 1 1
10.1 7.4 0 100 0 1 1
10.1 7.8 0 101 0 1 1
10.1 8.2 0 88 0 1 1
10.1 8.2 0.2 27 0 1 3
10.1 8.3 0.7 40 0 1 3
10.1 9.1 1 110 0 1 3
10.1 10.1 0 82 0 1 1
10.1 10.5 0 87 0 1 1
10.1 10.9 0 88 0 1 1
10.1 11.3 0 92 0 1 1
10.1 11.7 0 90 0 1 1
10.1 12.1 0 89 0 1 1
10.1 12.5 0 93 0 1 1
10.1 12.9 0 94 0 1 1
10.1 13.3 0 96 0 1 1
10.1 13.7 0 94 0 1 1
10.1 14.1 0 92 0 1 1
10.1 14.5 0 95 0 1 1
10.1 14.9 0 92 0 1 1
10.1 15.2 0 89 0 1 1
10.1 15.6 0 89 0 1 1
10.1 16 0 97 0 1 1
10.2 8.8 1.1 78 0 1 3
10.2 9.2 1.1 73 0 1 3
10.3 8 0.2 27 0 1 3
10.3 8.1 0 19 0 1 3
10.4 8.7 1.1 67 0 1 3
10.4 16.9 0 102 0 1 1
10.5 1.9 0 108 0 1 1
10.5 2.3 0 108 0 1 1
10.5 2.7 0 107 0 1 1
10.5 3.1 0 94 0 1 1
10.5 3.5 0 79 0 1 1
10.5 3.9 0 80 0 1 1
10.5 4.3 0 107 0 1 1
10.5 4.7 0 99 0 1 1
10.5 5 0 102 0 1 1
10.5 5.4 0 98 0 1 1
10.5 5.8 0 103 0 1 1
10.5 6.2 0 102 0 1 1
10.5 6.6 0 98 0 1 1
10.5 7 0 105 0 1 1
10.5 7.4 0 94 0 1 1
10.5 7.8 0 102 0 1 1
10.5 8.2 0.6 44 0 1 3
10.5 8.3 0.8 53 0 1 3
10.5 10.5 0 94 0 1 1
10.5 10.9 0 99 0 1 1
10.5 11.3 0 82 0 1 1
10.5 11.7 0 100 0 1 1
10.5 12.1 0 93 0 1 1
10.5 12.5 0 95 0 1 1
10.5 12.9 0 92 0 1 1
10.5 13.3 0 95 0 1 1
10.5 13.7 0 93 0 1 1
10.5 14.1 0 99 0 1 1
10.5 14.5 0 97 0 1 1
10.5 14.9 0 96 0 1 1
10.5 15.2 0 91 0 1 1
10.5 15.6 0 92 0 1 1
10.5 16 0 92 0 1 1
10.5 16.4 0 92 0 1 1
10.5 16.8 0 87 0 1 1
10.5 16.9 0 87 0 1 1
10.6 8 0.4 42 0 1 3
10.6 8.1 0.1 29 0 1 3
10.6 8.7 1.3 88 0 1 3
10.6 9 1.3 73 0 1 3
10.6 16.8 0 87 0 1 1
10.7 8 0.2 27 0 1 3
10.7 8.5 1.2 111 0 1 3
10.8 9.5 1.2 77 0 1 3
10.9 1.9 0 105 0 1 1
10.9 2.3 0 95 0 1 1
10.9 2.7 0 111 0 1 1
10.9 3.1 0 103 0 1 1
10.9 3.5 0 104 0 1 1
10.9 3.9 0 94 0 1 1
10.9 4.3 0 93 0 1 1
10.9 4.7 0 95 0 1 1
10.9 5 0 97 0 1 1
10.9 5.4 0 91 0 1 1
10.9 5.8 0 110 0 1 1
10.9 6.2 0 101 0 1 1
10.9 6.6 0 101 0 1 1
10.9 7 0 106 0 1 1
10.9 7.4 0 108 0 1 1
10.9 7.8 0 95 0 1 1
10.9 8.1 0.6 47 0 1 3
10.9 8.2 1 54 0 1 3
10.9 9.1 1.3 76 0 1 3
10.9 10.9 0 99 0 1 1
10.9 11.3 0 94 0 1 1
10.9 11.7 0 96 0 1 1
10.9 12.1 0 100 0 1 1
10.9 12.5 0 90 0 1 1
10.9 12.9 0 95 0 1 1
10.9 13.3 0 91 0 1 1
10.9 13.7 0 92 0 1 1
10.9 14.1 0 95 0 1 1
10.9 14.5 0 91 0 1 1
10.9 14.9 0 84 0 1 1
10.9 15.2 0 95 0 1 1
10.9 15.6 0 95 0 1 1
10.9 16 0 90 0 1 1
10.9 16.4 0 87 0 1 1
10.9 16.6 0 91 0 1 1
11 7.9 0.2 28 0 1 3
11 8.6 1.4 88 0 1 3
11.1 7.9 0.1 27 0 1 3
11.1 8.3 1.3 72 0 1 3
11.1 9.3 1.3 76 0 1 3
11.1 16.6 0 74 0 1 1
11.2 8.1 0.8 56 0 1 3
11.2 9 1.4 93 0 1 3
11.3 1.9 0 101 0 1 1
11.3 2.3 0 107 0 1 1
11.3 2.7 0 103 0 1 1
11.3 3.1 0 110 0 1 1
11.3 3.5 0 101 0 1 1
11.3 3.9 0 106 0 1 1
11.3 4.3 0 104 0 1 1
11.3 4.7 0 96 0 1 1
11.3 5 0 100 0 1 1
11.3 5.4 0 105 0 1 1
11.3 5.8 0 98 0 1 1
11.3 6.2 0 94 0 1 1
11.3 6.6 0 102 0 1 1
11.3 7 0 100 0 1 1
11.3 7.4 0 105 0 1 1
11.3 7.8 0 103 0 1 1
11.3 7.9 0.3 39 0 1 3
11.3 8.2 1 66 0 1 3
11.3 11.3 0 96 0 1 1
11.3 11.7 0 98 0 1 1
11.3 12.1 0 101 0 1 1
11.3 12.5 0 98 0 1 1
11.3 12.9 0 94 0 1 1
11.3 13.3 0 89 0 1 1
11.3 13.7 0 96 0 1 1
11.3 14.1 0 92 0 1 1
11.3 14.5 0 94 0 1 1
11.3 14.9 0 92 0 1 1
11.3 15.2 0 97 0 1 1
11.3 15.6 0 96 0 1 1
11.3 16 0 96 0 1 1
11.3 16.4 0 91 0 1 1
11.4 8 0.1 43 0 1 3
11.5 8.4 1.3 74 0 1 3
11.6 8 0.5 63 0 1 3
11.6 8.2 0.7 71 0 1 3
11.6 8.6 1.3 82 0 1 3
11.6 16.1 0 92 0 1 1
11.7 1.9 0 102 0 1 1
11.7 2.3 0 98 0 1 1
11.7 2.7 0 100 0 1 1
11.7 3.1 0 111 0 1 1
11.7 3.5 0 111 0 1 1
11.7 3.9 0 106 0 1 1
11.7 4.3 0 118 0 1 1
11.7 4.7 0 112 0 1 1
11.7 5 0 100 0 1 1
11.7 5.4 0 99 0 1 1
11.7 5.8 0 93 0 1 1
11.7 6.2 0 87 0 1 1
11.7 6.6 0 95 0 1 1
11.7 7 0 98 0 1 1
11.7 7.4 0 103 0 1 1
11.7 7.8 0 101 0 1 1
11.7 11.7 0 103 0 1 1
11.7 12.1 0 100 0 1 1
11.7 12.5 0 89 0 1 1
11.7 12.9 0 85 0 1 1
11.7 13.3 0 92 0 1 1
11.7 13.7 0 95 0 1 1
11.7 14.1 0 94 0 1 1
11.7 14.5 0 93 0 1 1
11.7 14.9 0 98 0 1 1
11.7 15.2 0 97 0 1 1
11.7 15.6 0 103 0 1 1
11.7 16 0 89 0 1 1
11.8 1.9 0.2 39 0 1 3
11.8 8.3 0.3 50 0 1 3
11.9 2 -0.1 99 0 1 3
12 2.1 0 90 0 1 3
12.1 2.3 0 111 0 1 1
12.1 2.7 0 105 0 1 1
12.1 3.1 0 111 0 1 1
12.1 3.5 0 108 0 1 1
12.1 3.9 0 107 0 1 1
12.1 4.3 0 102 0 1 1
12.1 4.7 0 101 0 1 1
12.1 5 0 105 0 1 1
12.1 5.4 0 96 0 1 1
12.1 5.8 0 104 0 1 1
12.1 6.2 0 99 0 1 1
12.1 6.6 0 89 0 1 1
12.1 7 0 91 0 1 1
12.1 7.4 0 97 0 1 1
12.1 7.8 0 104 0 1 1
12.1 8.2 0 95 0 1 1
12.1 12.1 0 105 0 1 1
12.1 12.5 0 95 0 1 1
12.1 12.9 0 94 0 1 1
12.1 13.3 0 98 0 1 1
12.1 13.7 0 88 0 1 1
12.1 14.1 0 94 0 1 1
12.1 14.5 0 94 0 1 1
12.1 14.9 0 97 0 1 1
12.1 15.2 0 95 0 1 1
12.1 15.6 0 84 0 1 1
12.1 15.7 0 85 0 1 1
12.2 2 0.3 95 0 1 3
12.2 15.6 0 83 0 1 1
12.4 2.1 0.4 91 0 1 3
12.5 2.3 0 111 0 1 1
12.5 2.7 0 107 0 1 1
12.5 3.1 0 107 0 1 1
12.5 3.5 0 109 0 1 1
12.5 3.9 0 110 0 1 1
12.5 4.3 0 109 0 1 1
12.5 4.7 0 104 0 1 1
12.5 5 0 107 0 1 1
12.5 5.4 0 103 0 1 1
12.5 5.8 0 108 0 1 1
12.5 6.2 0 95 0 1 1
12.5 6.6 0 102 0 1 1
12.5 7 0 103 0 1 1
12.5 7.4 0 96 0 1 1
12.5 7.8 0 99 0 1 1
12.5 8.2 0 100 0 1 1
12.5 8.6 0 104 0 1 1
12.5 12.5 0 97 0 1 1
12.5 12.9 0 99 0 1 1
12.5 13.3 0 95 0 1 1
12.5 13.7 0 95 0 1 1
12.5 14.1 0 89 0 1 1
12.5 14.5 0 88 0 1 1
12.5 14.9 0 95 0 1 1
12.5 15.2 0 94 0 1 1
12.5 15.4 0 84 0 1 1
12.6 2 0.5 98 0 1 3
12.7 15.2 0 84 0 1 1
12.9 2.3 0 95 0 1 1
12.9 2.7 0 111 0 1 1
12.9 3.1 0 103 0 1 1
12.9 3.5 0 112 0 1 1
12.9 3.9 0 104 0 1 1
12.9 4.3 0 115 0 1 1
12.9 4.7 0 107 0 1 1
12.9 5 0 103 0 1 1
12.9 5.4 0 106 0 1 1
12.9 5.8 0 103 0 1 1
12.9 6.2 0 106 0 1 1
12.9 6.6 0 101 0 1 1
12.9 7 0 98 0 1 1
12.9 7.4 0 102 0 1 1
12.9 7.8 0 107 0 1 1
12.9 8.2 0 101 0 1 1
12.9 8.6 0 105 0 1 1
12.9 9 0 81 0 1 1
12.9 12.9 0 100 0 1 1
12.9 13.3 0 94 0 1 1
12.9 13.7 0 100 0 1 1
12.9 14.1 0 99 0 1 1
12.9 14.5 0 89 0 1 1
12.9 14.9 0 96 0 1 1
12.9 15.1 0 81 0 1 1
13.2 14.9 0 76 0 1 1
13.3 2.3 0 111 0 1 1
13.3 2.7 0 112 0 1 1
13.3 3.1 0 111 0 1 1
13.3 3.5 0 107 0 1 1
13.3 3.9 0 108 0 1 1
13.3 4.3 0 108 0 1 1
13.3 4.7 0 111 0 1 1
13.3 5 0 106 0 1 1
13.3 5.4 0 109 0 1 1
13.3 5.8 0 101 0 1 1
13.3 6.2 0 107 0 1 1
13.3 6.6 0 109 0 1 1
13.3 7 0 91 0 1 1
13.3 7.4 0 105 0 1 1
13.3 7.8 0 102 0 1 1
13.3 8.2 0 104 0 1 1
13.3 8.6 0 100 0 1 1
13.3 9 0 106 0 1 1
13.3 13.3 0 96 0 1 1
13.3 13.7 0 99 0 1 1
13.3 14.1 0 100 0 1 1
13.3 14.5 0 99 0 1 1
13.3 14.8 0 75 0 1 1
13.6 14.5 0 75 0 1 1
13.7 2.3 0 45 0 1 1
13.7 2.7 0 102 0 1 1
13.7 3.1 0 108 0 1 1
13.7 3.5 0 108 0 1 1
13.7 3.9 0 109 0 1 1
13.7 4.3 0 114 0 1 1
13.7 4.7 0 104 0 1 1
13.7 5 0 110 0 1 1
13.7 5.4 0 115 0 1 1
13.7 5.8 0 108 0 1 1
13.7 6.2 0 109 0 1 1
13.7 6.6 0 106 0 1 1
13.7 7 0 109 0 1 1
13.7 7.4 0 105 0 1 1
13.7 7.8 0 100 0 1 1
13.7 8.2 0 105 0 1 1
13.7 8.6 0 105 0 1 1
13.7 9 0 103 0 1 1
13.7 9.4 0 103 0 1 1
13.7 13.7 0 91 0 1 1
13.7 14.1 0 92 0 1 1
13.7 14.4 0 74 0 1 1
14.1 2.7 0 110 0 1 1
14.1 3.1 0 108 0 1 1
14.1 3.5 0 107 0 1 1
14.1 3.9 0 112 0 1 1
14.1 4.3 0 113 0 1 1
14.1 4.7 0 112 0 1 1
14.1 5 0 112 0 1 1
14.1 5.4 0 113 0 1 1
14.1 5.8 0 105 0 1 1
14.1 6.2 0 111 0 1 1
14.1 6.6 0 108 0 1 1
14.1 7 0 106 0 1 1
14.1 7.4 0 107 0 1 1
14.1 7.8 0 108 0 1 1
14.1 8.2 0 101 0 1 1
14.1 8.6 0 104 0 1 1
14.1 9 0 109 0 1 1
14.1 9.4 0 104 0 1 1
14.1 9.8 0 105 0 1 1
14.1 14.1 0 94 0 1 1
14.5 2.7 0 114 0 1 1
14.5 3.1 0 110 0 1 1
14.5 3.5 0 99 0 1 1
14.5 3.9 0 109 0 1 1
14.5 4.3 0 114 0 1 1
14.5 4.7 0 113 0 1 1
14.5 5 0 111 0 1 1
14.5 5.4 0 113 0 1 1
14.5 5.8 0 112 0 1 1
14.5 6.2 0 109 0 1 1
14.5 6.6 0 106 0 1 1
14.5 7 0 108 0 1 1
14.5 7.4 0 105 0 1 1
14.5 7.8 0 107 0 1 1
14.5 8.2 0 105 0 1 1
14.5 8.6 0 105 0 1 1
14.5 9 0 105 0 1 1
14.5 9.4 0 107 0 1 1
14.5 9.8 0 104 0 1 1
14.9 2.7 0 109 0 1 1
14.9 3.1 0 104 0 1 1
14.9 3.5 0 113 0 1 1
14.9 3.9 0 105 0 1 1
14.9 4.3 0 111 0 1 1
14.9 4.7 0 110 0 1 1
14.9 5 0 108 0 1 1
14.9 5.4 0 112 0 1 1
14.9 5.8 0 112 0 1 1
14.9 6.2 0 111 0 1 1
14.9 6.6 0 110 0 1 1
14.9 7 0 109 0 1 1
14.9 7.4 0 108 0 1 1
14.9 7.8 0 107 0 1 1
14.9 8.2 0 105 0 1 1
14.9 8.6 0 105 0 1 1
14.9 9 0 105 0 1 1
14.9 9.4 0 106 0 1 1
14.9 9.8 0 110 0 1 1
14.9 10.1 0 106 0 1 1
15.2 2.7 0 110 0 1 1
15.2 3.1 0 111 0 1 1
15.2 3.5 0 107 0 1 1
15.2 3.9 0 113 0 1 1
15.2 4.3 0 108 0 1 1
15.2 4.7 0 112 0 1 1
15.2 5 0 108 0 1 1
15.2 5.4 0 114 0 1 1
15.2 5.8 0 113 0 1 1
15.2 6.2 0 115 0 1 1
15.2 6.6 0 115 0 1 1
15.2 7 0 112 0 1 1
15.2 7.4 0 106 0 1 1
15.2 7.8 0 110 0 1 1
15.2 8.2 0 108 0 1 1
15.2 8.6 0 105 0 1 1
15.2 9 0 108 0 1 1
15.2 9.4 0 101 0 1 1
15.2 9.8 0 109 0 1 1
15.2 10.1 0 104 0 1 1
15.2 10.5 0 105 0 1 1
15.6 2.7 0 111 0 1 1
15.6 3.1 0 110 0 1 1
15.6 3.5 0 105 0 1 1
15.6 3.9 0 110 0 1 1
15.6 4.3 0 109 0 1 1
15.6 4.7 0 103 0 1 1
15.6 5 0 112 0 1 1
15.6 5.4 0 113 0 1 1
15.6 5.8 0 114 0 1 1
15.6 6.2 0 114 0 1 1
15.6 6.6 0 114 0 1 1
15.6 7 0 110 0 1 1
15.6 7.4 0 107 0 1 1
15.6 7.8 0 111 0 1 1
15.6 8.2 0 112 0 1 1
15.6 8.6 0 108 0 1 1
15.6 9 0 95 0 1 1
15.6 9.4 0 106 0 1 1
15.6 9.8 0 104 0 1 1
15.6 10.1 0 105 0 1 1
15.6 10.5 0 106 0 1 1
16 2.7 0 105 0 1 1
16 3.1 0 110 0 1 1
16 3.5 0 111 0 1 1
16 3.9 0 105 0 1 1
16 4.3 0 111 0 1 1
16 4.7 0 105 0 1 1
16 5 0 109 0 1 1
16 5.4 0 112 0 1 1
16 5.8 0 111 0 1 1
16 6.2 0 110 0 1 1
16 6.6 0 112 0 1 1
16 7 0 113 0 1 1
16 7.4 0 110 0 1 1
16 7.8 0 96 0 1 1
16 8.2 0 107 0 1 1
16 8.6 0 110 0 1 1
16 9 0 106 0 1 1
16 9.4 0 110 0 1 1
16 9.8 0 104 0 1 1
16 10.1 0 108 0 1 1
16 10.5 0 105 0 1 1
16 10.9 0 112 0 1 1
16.4 2.7 0 100 0 1 1
16.4 3.1 0 98 0 1 1
16.4 3.5 0 105 0 1 1
16.4 3.9 0 113 0 1 1
16.4 4.3 0 93 0 1 1
16.4 4.7 0 108 0 1 1
16.4 5 0 110 0 1 1
16.4 5.4 0 116 0 1 1
16.4 5.8 0 112 0 1 1
16.4 6.2 0 112 0 1 1
16.4 6.6 0 111 0 1 1
16.4 7 0 112 0 1 1
16.4 7.4 0 114 0 1 1
16.4 7.8 0 112 0 1 1
16.4 8.2 0 98 0 1 1
16.4 8.6 0 112 0 1 1
16.4 9 0 107 0 1 1
16.4 9.4 0 109 0 1 1
16.4 9.8 0 108 0 1 1
16.4 10.1 0 105 0 1 1
16.4 10.5 0 107 0 1 1
16.4 10.9 0 105 0 1 1
16.4 11.3 0 79 0 1 1
16.6 10.9 0 88 0 1 1
16.8 3.1 0 101 0 1 1
16.8 3.5 0 88 0 1 1
16.8 3.9 0 113 0 1 1
16.8 4.3 0 110 0 1 1
16.8 4.7 0 103 0 1 1
16.8 5 0 108 0 1 1
16.8 5.4 0 111 0 1 1
16.8 5.8 0 103 0 1 1
16.8 6.2 0 111 0 1 1
16.8 6.6 0 112 0 1 1
16.8 7 0 113 0 1 1
16.8 7.4 0 114 0 1 1
16.8 7.8 0 110 0 1 1
16.8 8.2 0 109 0 1 1
16.8 8.6 0 110 0 1 1
16.8 9 0 109 0 1 1
16.8 9.4 0 110 0 1 1
16.8 9.8 0 109 0 1 1
16.8 10.1 0 105 0 1 1
16.8 10.5 0 92 0 1 1
16.8 10.6 0 96 0 1 1
16.9 10.5 0 90 0 1 1
17.1 10.1 0 87 0 1 1
17.2 3.1 0 115 0 1 1
17.2 3.5 0 96 0 1 1
17.2 3.9 0 109 0 1 1
17.2 4.3 0 111 0 1 1
17.2 4.7 0 110 0 1 1
17.2 5 0 106 0 1 1
17.2 5.4 0 113 0 1 1
17.2 5.8 0 122 0 1 1
17.2 6.2 0 101 0 1 1
17.2 6.6 0 112 0 1 1
17.2 7 0 116 0 1 1
17.2 7.4 0 114 0 1 1
17.2 7.8 0 111 0 1 1
17.2 8.2 0 113 0 1 1
17.2 8.6 0 113 0 1 1
17.2 9 0 108 0 1 1
17.2 9.4 0 110 0 1 1
17.2 9.8 0 111 0 1 1
17.2 9.9 0 97 0 1 1
17.3 9.8 0 86 0 1 1
17.5 9.4 0 81 0 1 1
17.6 3.1 0 114 0 1 1
17.6 3.5 0 110 0 1 1
17.6 3.9 0 107 0 1 1
17.6 4.3 0 115 0 1 1
17.6 4.7 0 109 0 1 1
17.6 5 0 113 0 1 1
17.6 5.4 0 112 0 1 1
17.6 5.8 0 101 0 1 1
17.6 6.2 0 108 0 1 1
17.6 6.6 0 107 0 1 1
17.6 7 0 111 0 1 1
17.6 7.4 0 107 0 1 1
17.6 7.8 0 110 0 1 1
17.6 8.2 0 108 0 1 1
17.6 8.6 0 106 0 1 1
17.6 9 0 109 0 1 1
17.6 9.2 0 92 0 1 1
17.7 9 0 107 0 1 1
17.9 8.6 0 99 0 1 1
18 3.1 0 111 0 1 1
18 3.5 0 115 0 1 1
18 3.9 0 105 0 1 1
18 4.3 0 103 0 1 1
18 4.7 0 107 0 1 1
18 5 0 110 0 1 1
18 5.4 0 112 0 1 1
18 5.8 0 108 0 1 1
18 6.2 0 103 0 1 1
18 6.6 0 109 0 1 1
18 7 0 108 0 1 1
18 7.4 0 108 0 1 1
18 7.8 0 113 0 1 1
18 8.2 0 103 0 1 1
18 8.4 0 86 0 1 1
18.1 8.2 0 97 0 1 1
18.3 7.8 0 88 0 1 1
18.4 3.1 0 115 0 1 1
18.4 3.5 0 113 0 1 1
18.4 3.9 0 115 0 1 1
18.4 4.3 0 115 0 1 1
18.4 4.7 0 110 0 1 1
18.4 5 0 114 0 1 1
18.4 5.4 0 114 0 1 1
18.4 5.8 0 111 0 1 1
18.4 6.2 0 107 0 1 1
18.4 6.6 0 109 0 1 1
18.4 7 0 110 0 1 1
18.4 7.4 0 99 0 1 1
18.4 7.6 0 100 0 1 1
18.4 7.7 0 107 0 1 1
18.5 7.4 0 99 0 1 1
18.6 7 0 83 0 1 1
18.7 6.6 0 89 0 1 1
18.8 3.1 0 109 0 1 1
18.8 3.5 0 101 0 1 1
18.8 3.9 0 110 0 1 1
18.8 4.3 0 110 0 1 1
18.8 4.7 0 111 0 1 1
18.8 5 0 114 0 1 1
18.8 5.4 0 112 0 1 1
18.8 5.8 0 113 0 1 1
18.8 6.2 0 100 0 1 1
18.8 6.5 0 106 0 1 1
19 5.8 0 109 0 1 1
19.1 5.4 0 78 0 1 1
19.2 3.1 0 110 0 1 1
19.2 3.5 0 113 0 1 1
19.2 3.9 0 108 0 1 1
19.2 4.3 0 113 0 1 1
19.2 4.7 0 103 0 1 1
19.2 5 0 115 0 1 1
19.2 5.2 0 101 0 1 1
19.3 4.7 0 77 0 1 1
19.4 4.3 0 79 0 1 1
19.6 3.1 0 98 0 1 1
19.6 3.5 0 89 0 1 1
19.6 3.9 0 101 0 1 1
