2.7 1.1 0 143 0 1 1
2.7 1.5 0 136 0 1 1
2.7 1.9 -0.1 112 0 1 1
2.8 2.4 -0.4 99 0 1 1
2.8 4.1 -0.7 107 0 1 4
2.8 4.4 -0.7 96 0 1 4
2.8 4.8 -0.7 68 0 1 4
2.8 5.2 -0.7 105 0 1 4
2.8 5.6 -0.6 84 0 1 4
3.1 -0.1 0 138 0 1 1
3.1 0.3 0 142 0 1 1
3.1 0.7 0 139 0 1 1
3.1 1.1 0 147 0 1 1
3.1 1.5 0 138 0 1 1
3.1 1.9 -0.1 127 0 1 1
3.1 6.2 -0.1 83 0 1 1
3.2 2.4 -0.4 111 0 1 1
3.2 2.8 -0.6 81 0 1 4
3.2 3.3 -0.7 96 0 1 4
3.2 3.7 -0.7 102 0 1 4
3.2 4.1 -0.7 106 0 1 4
3.2 4.4 -0.7 108 0 1 4
3.2 4.8 -0.7 94 0 1 4
3.2 5.2 -0.7 84 0 1 4
3.2 5.6 -0.6 83 0 1 4
3.2 5.9 -0.4 89 0 1 1
3.5 -1.2 0 121 0 1 1
3.5 -0.8 0 131 0 1 1
3.5 -0.4 0 132 0 1 1
3.5 -0.1 0 145 0 1 1
3.5 0.3 0 150 0 1 1
3.5 0.7 0 157 0 1 1
3.5 1.1 0 151 0 1 1
3.5 1.5 0 141 0 1 1
3.5 1.9 -0.1 133 0 1 1
3.5 2.4 -0.4 106 0 1 1
3.5 5.9 -0.3 56 0 1 1
3.5 6.2 -0.1 86 0 1 1
3.5 6.6 0 114 0 1 1
3.5 7 0 118 0 1 1
3.6 2.8 -0.6 74 0 1 4
3.6 3.3 -0.7 109 0 1 4
3.6 3.7 -0.7 92 0 1 4
3.6 4.1 -0.7 90 0 1 4
3.6 4.4 -0.7 96 0 1 4
3.6 4.8 -0.6 82 0 1 4
3.6 5.2 -0.6 63 0 1 4
3.6 5.6 -0.5 66 0 1 1
3.9 -2 0 124 0 1 1
3.9 -1.6 0 128 0 1 1
3.9 -1.2 0 133 0 1 1
3.9 -0.8 0 132 0 1 1
3.9 -0.4 0 126 0 1 1
3.9 -0.1 0 138 0 1 1
3.9 0.3 0 153 0 1 1
3.9 0.7 0 144 0 1 1
3.9 1.1 0 152 0 1 1
3.9 1.5 0 148 0 1 1
3.9 1.9 -0.1 130 0 1 1
3.9 2.4 -0.3 89 0 1 1
3.9 5.1 -0.4 43 0 1 4
3.9 5.5 -0.3 55 0 1 1
3.9 5.9 -0.2 63 0 1 1
3.9 6.2 -0.1 113 0 1 1
3.9 6.6 0 113 0 1 1
3.9 7 0 120 0 1 1
3.9 7.4 0 123 0 1 1
3.9 7.8 0 127 0 1 1
4 2.8 -0.5 71 0 1 4
4 3.2 -0.6 55 0 1 4
4 3.6 -0.6 46 0 1 4
4 4 -0.6 66 0 1 4
4 4.4 -0.6 67 0 1 4
4 4.8 -0.5 52 0 1 4
4.3 -2 0 129 0 1 1
4.3 -1.6 0 130 0 1 1
4.3 -1.2 0 115 0 1 1
4.3 -0.8 0 139 0 1 1
4.3 -0.4 0 144 0 1 1
4.3 -0.1 0 144 0 1 1
4.3 0.3 0 155 0 1 1
4.3 0.7 0 159 0 1 1
4.3 1.1 0 155 0 1 1
4.3 1.5 0 149 0 1 1
4.3 1.9 -0.1 138 0 1 1
4.3 2.3 -0.2 99 0 1 1
4.3 2.8 -0.3 68 0 1 1
4.3 3.2 -0.4 59 0 1 1
4.3 3.6 -0.4 44 0 1 1
4.3 4 -0.4 28 0 1 1
4.3 4.3 -0.4 40 0 1 1
4.3 4.7 -0.3 34 0 1 1
4.3 5.1 -0.2 84 0 1 1
4.3 5.5 -0.1 93 0 1 1
4.3 5.8 -0.1 87 0 1 1
4.3 6.2 0 116 0 1 1
4.3 6.6 0 123 0 1 1
4.3 7 0 134 0 1 1
4.3 7.4 0 119 0 1 1
4.3 7.8 0 115 0 1 1
4.3 8.2 0 122 0 1 1
4.3 8.6 0 116 0 1 1
4.7 -2.4 0 25 0 1 1
4.7 -2 0 128 0 1 1
4.7 -1.6 0 140 0 1 1
4.7 -1.2 -0.1 141 0 1 1
4.7 -0.8 -0.1 167 0 1 1
4.7 -0.4 -0.1 151 0 1 1
4.7 0 -0.1 164 0 1 1
4.7 0.3 -0.1 145 0 1 1
4.7 0.7 0 152 0 1 1
4.7 1.1 0 166 0 1 1
4.7 1.5 0 161 0 1 1
4.7 1.9 0 152 0 1 1
4.7 2.3 -0.1 139 0 1 1
4.7 2.7 -0.1 116 0 1 1
4.7 3.1 -0.1 115 0 1 1
4.7 3.5 -0.1 71 0 1 1
4.7 3.9 -0.1 71 0 1 1
4.7 4.3 -0.1 54 0 1 1
4.7 4.7 -0.1 98 0 1 1
4.7 5.1 -0.1 84 0 1 1
4.7 5.4 0 115 0 1 1
4.7 5.8 0 120 0 1 1
4.7 6.2 0 131 0 1 1
4.7 6.6 0 132 0 1 1
4.7 7 0 117 0 1 1
4.7 7.4 0 119 0 1 1
4.7 7.8 0 121 0 1 1
4.7 8.2 0 116 0 1 1
4.7 8.6 0 141 0 1 1
4.7 9 0 109 0 1 1
4.8 -2.1 0 109 0 1 2
4.8 9.2 0 125 0 1 5
5 -2.4 0 85 0 1 1
5 -2.2 0.1 138 0 1 2
5 -2 0 139 0 1 1
5 1.1 0 163 0 1 1
5 1.5 0 165 0 1 1
5 1.9 0 157 0 1 1
5 2.3 0 158 0 1 1
5 2.7 0 148 0 1 1
5 3.1 0 154 0 1 1
5 3.5 0 141 0 1 1
5 3.9 0 116 0 1 1
5 4.3 0 117 0 1 1
5 4.7 0 88 0 1 1
5 5 0 127 0 1 1
5 5.4 0 104 0 1 1
5 5.8 0 128 0 1 1
5 6.2 0 122 0 1 1
5 6.6 0 124 0 1 1
5 7 0 124 0 1 1
5 7.4 0 94 0 1 1
5 7.8 0 127 0 1 1
5 8.2 0 123 0 1 1
5 8.6 0 124 0 1 1
5 9 0 127 0 1 1
5 9.4 0 115 0 1 1
5.1 -1.6 -0.2 163 0 1 1
5.1 0.7 -0.2 147 0 1 1
5.1 9.6 0.2 134 0 1 5
5.4 -2.8 0 60 0 1 1
5.4 -2.4 0 121 0 1 1
5.4 -2 -0.1 154 0 1 1
5.4 -1.6 -0.3 205 0 1 1
5.4 1.1 -0.2 147 0 1 1
5.4 1.5 0 168 0 1 1
5.4 1.9 0 181 0 1 1
5.4 2.3 0 165 0 1 1
5.4 2.7 0 161 0 1 1
5.4 3.1 0 161 0 1 1
5.4 3.5 0 143 0 1 1
5.4 3.9 0 130 0 1 1
5.4 4.3 0 134 0 1 1
5.4 4.7 0 125 0 1 1
5.4 5 0 142 0 1 1
5.4 5.4 0 137 0 1 1
5.4 5.8 0 124 0 1 1
5.4 6.2 0 131 0 1 1
5.4 6.6 0 127 0 1 1
5.4 7 0 132 0 1 1
5.4 7.4 0 133 0 1 1
5.4 7.8 0 129 0 1 1
5.4 8.2 0 116 0 1 1
5.4 8.6 0 137 0 1 1
5.4 9 0 131 0 1 1
5.4 9.4 0 130 0 1 1
5.8 -2.8 0 122 0 1 1
5.8 -2.4 0 118 0 1 1
5.8 -2 -0.1 164 0 1 1
5.8 -1.6 -0.4 148 0 1 4
5.8 1.5 -0.1 162 0 1 1
5.8 1.9 0 172 0 1 1
5.8 2.3 0 162 0 1 1
5.8 2.7 0 162 0 1 1
5.8 3.1 0 156 0 1 1
5.8 3.5 0 150 0 1 1
5.8 3.9 0 147 0 1 1
5.8 4.3 0 147 0 1 1
5.8 4.7 0 137 0 1 1
5.8 5 0 127 0 1 1
5.8 5.4 0 141 0 1 1
5.8 5.8 0 107 0 1 1
5.8 6.2 0 140 0 1 1
5.8 6.6 0 122 0 1 1
5.8 7 0 143 0 1 1
5.8 7.4 0 100 0 1 1
5.8 7.8 0 110 0 1 1
5.8 8.2 0 119 0 1 1
5.8 8.6 0 128 0 1 1
5.8 9 0 130 0 1 1
5.8 9.4 0 148 0 1 1
5.8 9.8 0 132 0 1 1
6 11.5 0.8 154 0 1 5
6.1 10.9 0.6 136 0 1 5
6.1 12 1.1 153 0 1 5
6.2 -3.2 0 119 0 1 1
6.2 -2.8 0 123 0 1 1
6.2 -2.4 0 138 0 1 1
6.2 -2 -0.2 169 0 1 1
6.2 -1.6 -0.4 154 0 1 4
6.2 1.2 -0.4 94 0 1 1
6.2 1.5 -0.1 140 0 1 1
6.2 1.9 0 173 0 1 1
6.2 2.3 0 169 0 1 1
6.2 2.7 0 168 0 1 1
6.2 3.1 0 160 0 1 1
6.2 3.5 0 154 0 1 1
6.2 3.9 0 141 0 1 1
6.2 4.3 0 159 0 1 1
6.2 4.7 0 152 0 1 1
6.2 5 0 124 0 1 1
6.2 5.4 0 140 0 1 1
6.2 5.8 0 104 0 1 1
6.2 6.2 0 136 0 1 1
6.2 6.6 0 136 0 1 1
6.2 7 0 101 0 1 1
6.2 7.4 0 117 0 1 1
6.2 7.8 0 108 0 1 1
6.2 8.2 0 129 0 1 1
6.2 8.6 0 117 0 1 1
6.2 9 0 143 0 1 1
6.2 9.4 0 128 0 1 1
6.2 9.8 0 115 0 1 1
6.3 9.7 0.1 119 0 1 5
6.4 10.3 0.2 129 0 1 5
6.6 -3.2 0 122 0 1 1
6.6 -2.8 0 125 0 1 1
6.6 -2.4 -0.1 165 0 1 1
6.6 -2 -0.3 159 0 1 1
6.6 -1.2 -0.8 191 0 1 4
6.6 0.8 -0.8 93 0 1 4
6.6 1.2 -0.4 106 0 1 1
6.6 1.5 -0.1 147 0 1 1
6.6 1.9 0 168 0 1 1
6.6 2.3 0 162 0 1 1
6.6 2.7 0 168 0 1 1
6.6 3.1 0 165 0 1 1
6.6 3.5 0 162 0 1 1
6.6 3.9 0 144 0 1 1
6.6 4.3 0 159 0 1 1
6.6 4.7 0 144 0 1 1
6.6 5 0 146 0 1 1
6.6 5.4 0 144 0 1 1
6.6 5.8 0 135 0 1 1
6.6 6.2 0 135 0 1 1
6.6 6.6 0 130 0 1 1
6.6 7 0 137 0 1 1
6.6 7.4 0 130 0 1 1
6.6 7.8 0 130 0 1 1
6.6 8.2 0 122 0 1 1
6.6 8.6 0 133 0 1 1
6.6 9 0 132 0 1 1
6.6 9.4 0 91 0 1 1
6.6 9.8 0 116 0 1 1
6.6 10.1 0 112 0 1 1
6.6 12.3 1 155 0 1 5
6.7 12.6 1 149 0 1 5
7 -3.6 0 114 0 1 1
7 -3.2 0 133 0 1 1
7 -2.8 0 137 0 1 1
7 -2.4 -0.1 162 0 1 1
7 -2 -0.4 153 0 1 1
7 -1.6 -0.8 193 0 1 4
7 -0.8 -1 147 0 1 4
7 -0.4 -1 152 0 1 4
7 0 -1 168 0 1 4
7 0.4 -1 140 0 1 4
7 0.8 -0.8 94 0 1 4
7 1.2 -0.4 87 0 1 1
7 1.5 -0.1 135 0 1 1
7 1.9 0 173 0 1 1
7 2.3 0 172 0 1 1
7 2.7 0 174 0 1 1
7 3.1 0 169 0 1 1
7 3.5 0 165 0 1 1
7 3.9 0 162 0 1 1
7 4.3 0 158 0 1 1
7 4.7 0 133 0 1 1
7 5 0 149 0 1 1
7 5.4 0 147 0 1 1
7 5.8 0 134 0 1 1
7 6.2 0 143 0 1 1
7 6.6 0 137 0 1 1
7 7 0 140 0 1 1
7 7.4 0 132 0 1 1
7 7.8 0 135 0 1 1
7 8.2 0 143 0 1 1
7 8.6 0 123 0 1 1
7 9 0 131 0 1 1
7 9.4 0 124 0 1 1
7 9.8 0 136 0 1 1
7 10.1 0 100 0 1 1
7 11.7 0.5 159 0 1 5
7.1 10.8 0.3 149 0 1 5
7.1 11.3 0.4 147 0 1 5
7.1 12 0.7 160 0 1 5
7.4 -3.6 0 115 0 1 1
7.4 -3.2 0 122 0 1 1
7.4 -2.8 0 127 0 1 1
7.4 -2.4 -0.1 128 0 1 1
7.4 -2 -0.4 151 0 1 1
7.4 -1.6 -0.8 125 0 1 4
7.4 -1.2 -1 119 0 1 4
7.4 -0.8 -1 92 0 1 4
7.4 -0.4 -1 136 0 1 4
7.4 0 -1 146 0 1 4
7.4 0.4 -1 151 0 1 4
7.4 0.8 -0.8 92 0 1 4
7.4 1.2 -0.4 98 0 1 1
7.4 1.5 -0.1 126 0 1 1
7.4 1.9 0 178 0 1 1
7.4 2.3 0 176 0 1 1
7.4 2.7 0 169 0 1 1
7.4 3.1 0 172 0 1 1
7.4 3.5 0 161 0 1 1
7.4 3.9 0 163 0 1 1
7.4 4.3 0 158 0 1 1
7.4 4.7 0 155 0 1 1
7.4 5 0 142 0 1 1
7.4 5.4 0 157 0 1 1
7.4 5.8 0 151 0 1 1
7.4 6.2 0 145 0 1 1
7.4 6.6 0 124 0 1 1
7.4 7 0 144 0 1 1
7.4 7.4 0 134 0 1 1
7.4 7.8 0 144 0 1 1
7.4 8.2 0 124 0 1 1
7.4 8.6 0 134 0 1 1
7.4 9 0 135 0 1 1
7.4 9.4 0 120 0 1 1
7.4 9.8 0 123 0 1 1
7.4 10.1 0 133 0 1 1
7.4 10.5 0 110 0 1 1
7.5 11.7 0.4 157 0 1 5
7.8 -4 -0.1 78 0 1 1
7.8 -3.6 0 106 0 1 1
7.8 -3.2 0 125 0 1 1
7.8 -2.8 0 132 0 1 1
7.8 -2.4 -0.1 148 0 1 1
7.8 -2 -0.4 145 0 1 1
7.8 -1.6 -0.8 69 0 1 4
7.8 -1.2 -1 30 0 1 4
7.8 -0.8 -1 43 0 1 4
7.8 -0.4 -1 70 0 1 4
7.8 0 -1 61 0 1 4
7.8 0.4 -0.8 53 0 1 4
7.8 0.8 -0.7 39 0 1 4
7.8 1.1 -0.3 71 0 1 1
7.8 1.5 -0.1 138 0 1 1
7.8 1.9 0 175 0 1 1
7.8 2.3 0 177 0 1 1
7.8 2.7 0 176 0 1 1
7.8 3.1 0 167 0 1 1
7.8 3.5 0 173 0 1 1
7.8 3.9 0 166 0 1 1
7.8 4.3 0 161 0 1 1
7.8 4.7 0 160 0 1 1
7.8 5 0 148 0 1 1
7.8 5.4 0 173 0 1 1
7.8 5.8 0 152 0 1 1
7.8 6.2 0 142 0 1 1
7.8 6.6 0 147 0 1 1
7.8 7 0 141 0 1 1
7.8 7.4 0 138 0 1 1
7.8 7.8 0 134 0 1 1
7.8 8.2 0 139 0 1 1
7.8 8.6 0 142 0 1 1
7.8 9 0 97 0 1 1
7.8 9.4 0 119 0 1 1
7.8 9.8 0 139 0 1 1
7.8 10.1 0 116 0 1 1
7.8 10.5 0 140 0 1 1
7.8 10.5 0.1 136 0 1 5
8 12 0.3 159 0 1 5
8.2 -4 -0.1 78 0 1 1
8.2 -3.6 0 109 0 1 1
8.2 -3.2 0 124 0 1 1
8.2 -2.8 0 125 0 1 1
8.2 -2.4 -0.1 136 0 1 1
8.2 -2 -0.3 107 0 1 1
8.2 -1.6 -0.7 31 0 1 4
8.2 -1.2 -0.8 24 0 1 4
8.2 -0.8 -0.8 29 0 1 4
8.2 -0.4 -0.8 46 0 1 4
8.2 0 -0.8 47 0 1 4
8.2 0.4 -0.7 44 0 1 4
8.2 0.8 -0.3 36 0 1 1
8.2 1.1 -0.2 105 0 1 1
8.2 1.5 0 172 0 1 1
8.2 1.9 0 181 0 1 1
8.2 2.3 0 178 0 1 1
8.2 2.7 0 179 0 1 1
8.2 3.1 0 170 0 1 1
8.2 3.5 0 170 0 1 1
8.2 3.9 0 167 0 1 1
8.2 4.3 0 167 0 1 1
8.2 4.7 0 163 0 1 1
8.2 5 0 156 0 1 1
8.2 5.4 0 152 0 1 1
8.2 5.8 0 155 0 1 1
8.2 6.2 0 146 0 1 1
8.2 6.6 0 141 0 1 1
8.2 7 0 137 0 1 1
8.2 7.4 0 142 0 1 1
8.2 7.8 0 135 0 1 1
8.2 8.2 0 139 0 1 1
8.2 8.6 0 130 0 1 1
8.2 9 0 124 0 1 1
8.2 9.4 0 123 0 1 1
8.2 9.8 0 125 0 1 1
8.2 10.1 0 126 0 1 1
8.2 10.5 0 132 0 1 1
8.2 10.9 0 119 0 1 1
8.3 11.4 0.1 151 0 1 5
8.5 12.1 0.1 136 0 1 5
8.6 -4 -0.1 96 0 1 1
8.6 -3.6 0 119 0 1 1
8.6 -3.2 0 127 0 1 1
8.6 -2.8 0 131 0 1 1
8.6 -2.4 0 136 0 1 1
8.6 -2 -0.2 98 0 1 1
8.6 -1.6 -0.3 40 0 1 1
8.6 -1.2 -0.4 28 0 1 1
8.6 -0.8 -0.4 28 0 1 1
8.6 -0.4 -0.4 31 0 1 1
8.6 0 -0.4 31 0 1 1
8.6 0.4 -0.3 38 0 1 1
8.6 0.7 -0.2 97 0 1 1
8.6 1.1 0 146 0 1 1
8.6 1.5 0 171 0 1 1
8.6 1.9 0 178 0 1 1
8.6 2.3 0 182 0 1 1
8.6 2.7 0 178 0 1 1
8.6 3.1 0 179 0 1 1
8.6 3.5 0 171 0 1 1
8.6 3.9 0 173 0 1 1
8.6 4.3 0 157 0 1 1
8.6 4.7 0 168 0 1 1
8.6 5 0 157 0 1 1
8.6 5.4 0 159 0 1 1
8.6 5.8 0 161 0 1 1
8.6 6.2 0 148 0 1 1
8.6 6.6 0 147 0 1 1
8.6 7 0 147 0 1 1
8.6 7.4 0 142 0 1 1
8.6 7.8 0 145 0 1 1
8.6 8.2 0 134 0 1 1
8.6 8.6 0 132 0 1 1
8.6 9 0 127 0 1 1
8.6 9.4 0 136 0 1 1
8.6 9.8 0 132 0 1 1
8.6 10.1 0 131 0 1 1
8.6 10.5 0 111 0 1 1
8.6 10.8 0 134 0 1 5
8.6 10.9 0 158 0 1 1
9 -4 -0.1 111 0 1 1
9 -3.6 0 130 0 1 1
9 -3.2 0 130 0 1 1
9 -2.8 0 133 0 1 1
9 -2.4 0 121 0 1 1
9 -2 0 123 0 1 1
9 -1.6 -0.1 85 0 1 1
9 -1.2 -0.1 55 0 1 1
9 -0.8 -0.1 43 0 1 1
9 -0.4 -0.1 114 0 1 1
9 0 -0.1 102 0 1 1
9 0.3 -0.1 96 0 1 1
9 0.7 0 136 0 1 1
9 1.1 0 159 0 1 1
9 1.5 0 173 0 1 1
9 1.9 0 184 0 1 1
9 2.3 0 176 0 1 1
9 2.7 0 180 0 1 1
9 3.1 0 178 0 1 1
9 3.5 0 167 0 1 1
9 3.9 0 178 0 1 1
9 4.3 0 172 0 1 1
9 4.7 0 157 0 1 1
9 5 0 160 0 1 1
9 5.4 0 160 0 1 1
9 5.8 0 159 0 1 1
9 6.2 0 152 0 1 1
9 6.6 0 150 0 1 1
9 7 0 148 0 1 1
9 7.4 0 150 0 1 1
9 7.8 0 140 0 1 1
9 8.2 0 128 0 1 1
9 8.6 0 132 0 1 1
9 9 0 134 0 1 1
9 9.4 0 145 0 1 1
9 9.8 0 105 0 1 1
9 10.1 0 130 0 1 1
9 10.5 0 136 0 1 1
9 10.9 0 136 0 1 1
9 11.3 0 130 0 1 1
9 11.7 0 129 0 1 1
9 12.1 0 128 0 1 1
9 12.5 0 126 0 1 1
9.4 -4.7 -0.4 34 0 1 1
9.4 -4.4 -0.2 83 0 1 1
9.4 -4 0 127 0 1 1
9.4 -3.6 0 128 0 1 1
9.4 -3.2 0 131 0 1 1
9.4 -2.8 0 127 0 1 1
9.4 -2.4 0 118 0 1 1
9.4 -2 0 112 0 1 1
9.4 -1.6 0 98 0 1 1
9.4 -1.2 0 110 0 1 1
9.4 -1 0.1 27 0 1 3
9.4 -0.8 0 143 0 1 1
9.4 -0.4 0 143 0 1 1
9.4 -0.1 0 110 0 1 1
9.4 0.3 0 103 0 1 1
9.4 0.7 0 142 0 1 1
9.4 1.1 0 168 0 1 1
9.4 1.5 0 178 0 1 1
9.4 1.9 0 177 0 1 1
9.4 2.3 0 184 0 1 1
9.4 2.7 0 191 0 1 1
9.4 3.1 0 183 0 1 1
9.4 3.5 0 181 0 1 1
9.4 3.9 0 176 0 1 1
9.4 4.3 0 175 0 1 1
9.4 4.7 0 171 0 1 1
9.4 5 0 169 0 1 1
9.4 5.4 0 164 0 1 1
9.4 5.8 0 160 0 1 1
9.4 6.2 0 156 0 1 1
9.4 6.6 0 157 0 1 1
9.4 7 0 138 0 1 1
9.4 7.4 0 152 0 1 1
9.4 7.8 0 142 0 1 1
9.4 8.2 0 118 0 1 1
9.4 8.6 0 87 0 1 1
9.4 9 0 110 0 1 1
9.4 9.4 0 135 0 1 1
9.4 9.8 0 135 0 1 1
9.4 10.1 0 110 0 1 1
9.4 10.5 0 118 0 1 1
9.4 10.9 0 126 0 1 1
9.4 11.3 0 125 0 1 1
9.4 11.7 0 132 0 1 1
9.4 12.1 0 129 0 1 1
9.4 12.5 0 127 0 1 1
9.4 12.9 0 118 0 1 1
9.4 13.3 0 125 0 1 1
9.4 13.7 0 136 0 1 1
9.5 -1.1 0.5 28 0 1 3
9.5 -0.8 0.4 26 0 1 3
9.5 -0.6 0.2 27 0 1 3
9.6 -1.4 0.1 28 0 1 3
9.6 -0.6 0.8 19 0 1 3
9.6 -0.4 0.5 25 0 1 3
9.6 -0.2 0.2 28 0 1 3
9.6 8.7 0.1 26 0 1 3
9.6 8.8 -0.1 81 0 1 3
9.6 8.8 0.3 25 0 1 3
9.6 8.9 0.1 31 0 1 3
9.6 9 0 27 0 1 3
9.6 9 0.5 26 0 1 3
9.6 9.1 0.2 29 0 1 3
9.6 9.1 0.4 23 0 1 3
9.6 9.2 0.3 28 0 1 3
9.6 9.3 0 48 0 1 3
9.6 9.3 0.2 32 0 1 3
9.6 9.3 0.4 32 0 1 3
9.6 9.4 0 76 0 1 3
9.7 -1.3 0.6 23 0 1 3
9.7 -0.9 0.8 17 0 1 3
9.7 -0.2 0.9 26 0 1 3
9.7 0 0.7 23 0 1 3
9.7 0.1 0.5 25 0 1 3
9.7 0.3 0.2 25 0 1 3
9.7 8.6 0.5 24 0 1 3
9.7 8.7 -0.1 52 0 1 3
9.7 8.7 0.2 27 0 1 3
9.7 8.8 0.7 26 0 1 3
9.7 9 0.8 28 0 1 3
9.7 9.1 1 33 0 1 3
9.7 9.2 0.7 25 0 1 3
9.7 9.2 0.9 27 0 1 3
9.7 9.3 0.6 24 0 1 3
9.7 9.3 0.8 20 0 1 3
9.7 9.4 0.4 33 0 1 3
9.7 9.5 0.1 35 0 1 3
9.7 9.5 0.7 29 0 1 3
9.7 9.6 0.3 33 0 1 3
9.8 -5.1 -0.1 97 0 1 1
9.8 -4.8 -0.1 101 0 1 1
9.8 -4.4 0 115 0 1 1
9.8 -4 0 111 0 1 1
9.8 -3.6 0 125 0 1 1
9.8 -3.2 0 131 0 1 1
9.8 -2.8 0 118 0 1 1
9.8 -2.4 0 81 0 1 1
9.8 -2 0 117 0 1 1
9.8 -1.6 0 124 0 1 1
9.8 -1.6 0.3 28 0 1 3
9.8 -1.1 1 32 0 1 3
9.8 -0.7 1.1 31 0 1 3
9.8 -0.3 1.1 39 0 1 3
9.8 0.3 0 35 0 1 1
9.8 0.8 0.2 21 0 1 3
9.8 1.1 0 129 0 1 1
9.8 1.5 0 159 0 1 1
9.8 1.9 0 176 0 1 1
9.8 2.3 0 183 0 1 1
9.8 2.7 0 185 0 1 1
9.8 3.1 0 175 0 1 1
9.8 3.5 0 182 0 1 1
9.8 3.9 0 181 0 1 1
9.8 4.3 0 179 0 1 1
9.8 4.7 0 171 0 1 1
9.8 5 0 162 0 1 1
9.8 5.4 0 163 0 1 1
9.8 5.8 0 160 0 1 1
9.8 6.2 0 156 0 1 1
9.8 6.6 0 154 0 1 1
9.8 7 0 157 0 1 1
9.8 7.4 0 149 0 1 1
9.8 7.8 0 147 0 1 1
9.8 8.2 0 116 0 1 1
9.8 8.5 0.7 29 0 1 3
9.8 8.6 0 52 0 1 1
9.8 8.6 0.1 28 0 1 3
9.8 8.6 0.7 24 0 1 3
9.8 8.7 0.8 25 0 1 3
9.8 8.9 0.9 27 0 1 3
9.8 9.2 1 69 0 1 3
9.8 9.4 0.9 33 0 1 3
9.8 9.5 0.9 48 0 1 3
9.8 9.7 0.2 62 0 1 3
9.8 9.7 0.5 129 0 1 3
9.8 9.7 0.7 58 0 1 3
9.8 9.8 0 132 0 1 1
9.8 9.8 0.4 136 0 1 3
9.8 10.1 0 116 0 1 1
9.8 10.5 0 118 0 1 1
9.8 10.9 0 128 0 1 1
9.8 11.3 0 132 0 1 1
9.8 11.7 0 120 0 1 1
9.8 12.1 0 126 0 1 1
9.8 12.5 0 128 0 1 1
9.8 12.9 0 127 0 1 1
9.8 13.3 0 125 0 1 1
9.8 13.7 0 124 0 1 1
9.8 14.1 0 123 0 1 1
9.8 14.5 0 133 0 1 1
9.8 14.9 0 142 0 1 1
9.9 0.1 1.1 39 0 1 3
9.9 0.3 0.8 27 0 1 3
9.9 0.5 0.6 25 0 1 3
9.9 0.9 0.5 21 0 1 3
9.9 8.4 0.3 29 0 1 3
9.9 8.4 0.5 25 0 1 3
9.9 8.5 0 25 0 1 3
9.9 8.6 0.9 76 0 1 3
9.9 8.8 1 61 0 1 3
9.9 9 1 84 0 1 3
9.9 9.4 1 92 0 1 3
9.9 9.5 0.9 70 0 1 3
9.9 9.6 0.8 55 0 1 3
9.9 9.7 0 73 0 1 3
9.9 9.8 0.2 95 0 1 3
10 -1.4 1 32 0 1 3
10 -0.5 1.2 102 0 1 3
10 1.2 0.1 32 0 1 3
10 1.2 0.5 32 0 1 3
10 8.3 0.2 28 0 1 3
10 8.3 0.6 27 0 1 3
10 8.4 0.7 41 0 1 3
10 9 1 123 0 1 3
10 9.1 1 117 0 1 3
10 9.2 1 104 0 1 3
10 9.5 1 81 0 1 3
10.1 -5.1 0 118 0 1 1
10.1 -4.8 0 121 0 1 1
10.1 -4.4 0 141 0 1 1
10.1 -4 0 120 0 1 1
10.1 -3.6 0 138 0 1 1
10.1 -3.2 0 139 0 1 1
10.1 -2.8 0 131 0 1 1
10.1 -2.4 0 73 0 1 1
10.1 -2 0 55 0 1 1
10.1 -1.7 0.5 31 0 1 3
10.1 -0.9 1.3 99 0 1 3
10.1 0.4 1.1 45 0 1 3
10.1 0.6 0.9 31 0 1 3
10.1 1.5 0 67 0 1 1
10.1 1.9 0 127 0 1 1
10.1 2.3 0 177 0 1 1
10.1 2.7 0 184 0 1 1
10.1 3.1 0 181 0 1 1
10.1 3.5 0 173 0 1 1
10.1 3.9 0 177 0 1 1
10.1 4.3 0 175 0 1 1
10.1 4.7 0 176 0 1 1
10.1 5 0 167 0 1 1
10.1 5.4 0 167 0 1 1
10.1 5.8 0 164 0 1 1
10.1 6.2 0 163 0 1 1
10.1 6.6 0 157 0 1 1
10.1 7 0 157 0 1 1
10.1 7.4 0 152 0 1 1
10.1 7.8 0 149 0 1 1
10.1 8.2 0 126 0 1 1
10.1 8.2 0.2 24 0 1 3
10.1 8.3 0 25 0 1 3
10.1 8.3 0.3 25 0 1 3
10.1 8.6 0.9 102 0 1 3
10.1 9 1 92 0 1 3
10.1 9.2 1.1 102 0 1 3
10.1 10.1 0 122 0 1 1
10.1 10.5 0 123 0 1 1
10.1 10.9 0 128 0 1 1
10.1 11.3 0 128 0 1 1
10.1 11.7 0 125 0 1 1
10.1 12.1 0 122 0 1 1
10.1 12.5 0 127 0 1 1
10.1 12.9 0 130 0 1 1
10.1 13.3 0 129 0 1 1
10.1 13.7 0 127 0 1 1
10.1 14.1 0 124 0 1 1
10.1 14.5 0 131 0 1 1
10.1 14.9 0 127 0 1 1
10.1 15.2 0 119 0 1 1
10.1 15.6 0 119 0 1 1
10.1 16 0 155 0 1 1
10.2 -1.8 0.2 30 0 1 3
10.2 -1.6 0.8 33 0 1 3
10.2 -1.2 1.2 68 0 1 3
10.2 -0.1 1.3 107 0 1 3
10.2 1.1 0.8 44 0 1 3
10.2 1.3 0.4 37 0 1 3
10.2 8.2 0.4 28 0 1 3
10.2 8.3 0.7 65 0 1 3
10.2 8.7 1 78 0 1 3
10.2 8.8 1.1 79 0 1 3
10.2 9.3 1.1 81 0 1 3
10.3 -1.6 1.1 37 0 1 3
10.3 0.3 1.2 96 0 1 3
10.3 0.8 1 47 0 1 3
10.3 8.1 0 23 0 1 3
10.3 8.1 0.1 25 0 1 3
10.3 8.1 0.3 28 0 1 3
10.3 8.2 0.5 32 0 1 3
10.3 8.4 0.8 101 0 1 3
10.3 8.7 1.1 53 0 1 3
10.3 8.9 1.2 79 0 1 3
10.3 9 1.2 90 0 1 3
10.3 9.1 1.2 91 0 1 3
10.4 -0.3 1.4 139 0 1 3
10.4 1.5 0.3 28 0 1 3
10.4 1.6 0 26 0 1 3
10.4 8 0.2 27 0 1 3
10.4 8.1 0.1 27 0 1 3
10.4 8.2 0.5 36 0 1 3
10.4 8.6 1 51 0 1 3
10.4 9.1 1.2 85 0 1 3
10.4 16.9 0 161 0 1 1
10.5 -5.5 0 120 0 1 1
10.5 -5.1 0 125 0 1 1
10.5 -4.8 0 117 0 1 1
10.5 -4.4 0 118 0 1 1
10.5 -4 0 125 0 1 1
10.5 -3.6 0 134 0 1 1
10.5 -3.2 0 136 0 1 1
10.5 -2.8 0 125 0 1 1
10.5 -2.4 0 71 0 1 1
10.5 -1.9 0.4 30 0 1 3
10.5 -1.7 0.8 34 0 1 3
10.5 -1.3 1.3 95 0 1 3
10.5 -0.6 1.4 147 0 1 3
10.5 0.6 1.3 86 0 1 3
10.5 2 0.1 35 0 1 3
10.5 2.2 -0.1 140 0 1 3
10.5 2.3 0 131 0 1 1
10.5 2.7 0 186 0 1 1
10.5 3.1 0 180 0 1 1
10.5 3.5 0 173 0 1 1
10.5 3.9 0 171 0 1 1
10.5 4.3 0 181 0 1 1
10.5 4.7 0 174 0 1 1
10.5 5 0 172 0 1 1
10.5 5.4 0 168 0 1 1
10.5 5.8 0 167 0 1 1
10.5 6.2 0 163 0 1 1
10.5 6.6 0 157 0 1 1
10.5 7 0 159 0 1 1
10.5 7.4 0 152 0 1 1
10.5 7.8 0 152 0 1 1
10.5 8 0.3 26 0 1 3
10.5 8 0.4 33 0 1 3
10.5 8.1 0 27 0 1 3
10.5 8.3 0.7 45 0 1 3
10.5 8.4 0.8 47 0 1 3
10.5 8.8 1.2 72 0 1 3
10.5 10.5 0 132 0 1 1
10.5 10.9 0 139 0 1 1
10.5 11.3 0 118 0 1 1
10.5 11.7 0 138 0 1 1
10.5 12.1 0 131 0 1 1
10.5 12.5 0 131 0 1 1
10.5 12.9 0 128 0 1 1
10.5 13.3 0 129 0 1 1
10.5 13.7 0 128 0 1 1
10.5 14.1 0 133 0 1 1
10.5 14.5 0 133 0 1 1
10.5 14.9 0 132 0 1 1
10.5 15.2 0 123 0 1 1
10.5 15.6 0 126 0 1 1
10.5 16 0 125 0 1 1
10.5 16.4 0 126 0 1 1
10.5 16.8 0 124 0 1 1
10.5 16.9 0 123 0 1 1
10.6 0.9 1.3 76 0 1 3
10.6 1.1 1.1 47 0 1 3
10.6 1.4 0.7 36 0 1 3
10.6 1.8 0.3 28 0 1 3
10.6 8 0.2 31 0 1 3
10.6 8 0.4 50 0 1 3
10.6 8.1 0.1 29 0 1 3
10.6 8.2 0.6 52 0 1 3
10.6 8.3 0.8 32 0 1 3
10.6 8.4 0.9 32 0 1 3
10.6 8.5 1.1 28 0 1 3
10.6 8.5 1.2 36 0 1 3
10.6 8.7 1.3 102 0 1 3
10.6 8.9 1.3 104 0 1 3
10.6 16.8 0 102 0 1 1
10.7 -1 1.4 139 0 1 3
10.7 0.1 1.5 131 0 1 3
10.7 1.3 1 43 0 1 3
10.7 8 0.1 28 0 1 3
10.7 8 0.3 34 0 1 3
10.7 8.1 -0.1 146 0 1 3
10.7 8.2 0.6 38 0 1 3
10.7 8.3 0.9 30 0 1 3
10.7 8.4 1.1 31 0 1 3
10.7 9 1.3 99 0 1 3
10.8 -2.1 0.2 31 0 1 3
10.8 -1.7 1.2 32 0 1 3
10.8 -1.5 1.4 72 0 1 3
10.8 -0.2 1.5 140 0 1 3
10.8 0.5 1.5 105 0 1 3
10.8 1.3 1.3 58 0 1 3
10.8 1.8 0.5 31 0 1 3
10.8 2.2 0.4 37 0 1 3
10.8 2.6 0.1 34 0 1 3
10.8 8 0 28 0 1 3
10.8 8 0.1 29 0 1 3
10.8 8.1 0.5 71 0 1 3
10.8 8.1 0.7 38 0 1 3
10.8 8.2 0.8 33 0 1 3
10.8 8.3 1.1 58 0 1 3
10.8 8.5 1.2 72 0 1 3
10.8 8.9 1.3 109 0 1 3
10.9 -5.5 0 135 0 1 1
10.9 -5.1 0 132 0 1 1
10.9 -4.8 0 113 0 1 1
10.9 -4.4 0 133 0 1 1
10.9 -4 0 119 0 1 1
10.9 -3.6 0 140 0 1 1
10.9 -3.2 0 132 0 1 1
10.9 -2.8 0 129 0 1 1
10.9 -2.4 0 57 0 1 1
10.9 -1.9 0.8 33 0 1 3
10.9 0.8 1.5 84 0 1 3
10.9 1.5 1 44 0 1 3
10.9 1.9 0.7 41 0 1 3
10.9 2.7 0 187 0 1 1
10.9 3.1 0 187 0 1 1
10.9 3.5 0 183 0 1 1
10.9 3.9 0 178 0 1 1
10.9 4.3 0 175 0 1 1
10.9 4.7 0 174 0 1 1
10.9 5 0 171 0 1 1
10.9 5.4 0 165 0 1 1
10.9 5.8 0 172 0 1 1
10.9 6.2 0 164 0 1 1
10.9 6.6 0 161 0 1 1
10.9 7 0 161 0 1 1
10.9 7.4 0 161 0 1 1
10.9 7.8 0 150 0 1 1
10.9 8 0.3 32 0 1 3
10.9 8.2 1 35 0 1 3
10.9 8.5 1.3 104 0 1 3
10.9 8.6 1.4 137 0 1 3
10.9 8.7 1.4 112 0 1 3
10.9 9.4 1.2 85 0 1 3
10.9 10.9 0 136 0 1 1
10.9 11.3 0 129 0 1 1
10.9 11.7 0 136 0 1 1
10.9 12.1 0 139 0 1 1
10.9 12.5 0 123 0 1 1
10.9 12.9 0 133 0 1 1
10.9 13.3 0 129 0 1 1
10.9 13.7 0 130 0 1 1
10.9 14.1 0 129 0 1 1
10.9 14.5 0 122 0 1 1
10.9 14.9 0 113 0 1 1
10.9 15.2 0 132 0 1 1
10.9 15.6 0 129 0 1 1
10.9 16 0 120 0 1 1
10.9 16.4 0 125 0 1 1
10.9 16.6 0 102 0 1 1
11 -1.7 1.4 41 0 1 3
11 -1.3 1.5 141 0 1 3
11 -0.5 1.4 152 0 1 3
11 2.5 0.5 49 0 1 3
11 8 0.2 29 0 1 3
11 8 0.4 42 0 1 3
11 8.4 1.3 211 0 1 3
11 8.7 1.4 104 0 1 3
11 9 1.3 111 0 1 3
11 9.3 1.3 74 0 1 3
11.1 -5.7 0.1 146 0 1 2
11.1 -2 0.6 30 0 1 3
11.1 -1.9 1.1 30 0 1 3
11.1 -1 1.4 165 0 1 3
11.1 0 1.6 125 0 1 3
11.1 0.4 1.7 81 0 1 3
11.1 0.6 1.7 50 0 1 3
11.1 1.2 1.5 78 0 1 3
11.1 1.5 1.3 44 0 1 3
11.1 2.1 0.8 39 0 1 3
11.1 2.7 0.2 34 0 1 3
11.1 7.9 0 20 0 1 3
11.1 7.9 0.1 29 0 1 3
11.1 7.9 0.2 29 0 1 3
11.1 8 0.4 37 0 1 3
11.1 8.1 0.8 35 0 1 3
11.1 8.2 1.1 115 0 1 3
11.1 8.3 1.2 158 0 1 3
11.1 8.5 1.4 182 0 1 3
11.1 9.2 1.3 105 0 1 3
11.1 16.6 0 86 0 1 1
11.2 -2.2 0.1 39 0 1 3
11.2 -1.9 1.3 32 0 1 3
11.2 -1.6 1.5 93 0 1 3
11.2 7.9 0.2 39 0 1 3
11.2 8 0.6 71 0 1 3
11.2 8.1 0.9 56 0 1 3
11.2 8.3 1.2 141 0 1 3
11.2 8.5 1.3 211 0 1 3
11.2 9 1.4 108 0 1 3
11.3 -5.9 0 124 0 1 1
11.3 -5.5 0 132 0 1 1
11.3 -5.1 0 119 0 1 1
11.3 -4.8 0 130 0 1 1
11.3 -4.4 0 135 0 1 1
11.3 -4 0 138 0 1 1
11.3 -3.6 0 122 0 1 1
11.3 -3.2 0 131 0 1 1
11.3 -2.8 0 125 0 1 1
11.3 -2.4 0 47 0 1 1
11.3 -2 0.9 30 0 1 3
11.3 -1.2 1.5 161 0 1 3
11.3 -0.3 1.5 132 0 1 3
11.3 0.8 1.9 55 0 1 3
11.3 1 1.8 60 0 1 3
11.3 1.8 1.1 36 0 1 3
11.3 2.7 0.5 40 0 1 3
11.3 3 0.2 34 0 1 3
11.3 3.1 0 156 0 1 1
11.3 3.5 0 183 0 1 1
11.3 3.9 0 185 0 1 1
11.3 4.3 0 183 0 1 1
11.3 4.7 0 176 0 1 1
11.3 5 0 172 0 1 1
11.3 5.4 0 174 0 1 1
11.3 5.8 0 169 0 1 1
11.3 6.2 0 163 0 1 1
11.3 6.6 0 165 0 1 1
11.3 7 0 160 0 1 1
11.3 7.4 0 162 0 1 1
11.3 7.8 0 155 0 1 1
11.3 7.9 0.3 49 0 1 3
11.3 7.9 0.4 51 0 1 3
11.3 8 0.1 63 0 1 3
11.3 8.1 0.8 101 0 1 3
11.3 8.2 0.9 97 0 1 3
11.3 8.2 1 114 0 1 3
11.3 8.3 1.1 107 0 1 3
11.3 8.4 1.2 177 0 1 3
11.3 11.3 0 135 0 1 1
11.3 11.7 0 139 0 1 1
11.3 12.1 0 139 0 1 1
11.3 12.5 0 135 0 1 1
11.3 12.9 0 130 0 1 1
11.3 13.3 0 123 0 1 1
11.3 13.7 0 133 0 1 1
11.3 14.1 0 127 0 1 1
11.3 14.5 0 129 0 1 1
11.3 14.9 0 127 0 1 1
11.3 15.2 0 131 0 1 1
11.3 15.6 0 131 0 1 1
11.3 16 0 132 0 1 1
11.3 16.4 0 89 0 1 1
11.4 -2.1 0.6 32 0 1 3
11.4 -1.9 1.7 32 0 1 3
11.4 -0.8 1.5 124 0 1 3
11.4 0.5 2 65 0 1 3
11.4 1.4 1.6 74 0 1 3
11.4 2.1 1.2 34 0 1 3
11.4 2.2 0.9 38 0 1 3
11.4 8 0.6 103 0 1 3
11.4 8.4 1.3 128 0 1 3
11.4 8.6 1.3 149 0 1 3
11.5 -2.1 1.2 28 0 1 3
11.5 0.2 1.8 77 0 1 3
11.5 0.9 2 101 0 1 3
11.5 1.9 1.4 41 0 1 3
11.5 8 0.2 84 0 1 3
11.5 8.1 0.7 123 0 1 3
11.5 8.6 1.3 99 0 1 3
11.6 -2.1 1.6 47 0 1 3
11.6 -2 1.9 69 0 1 3
11.6 -1.5 1.7 123 0 1 3
11.6 -0.2 1.6 129 0 1 3
11.6 1.2 1.9 85 0 1 3
11.6 2.3 1.3 48 0 1 3
11.6 2.7 1 45 0 1 3
11.6 8 0 153 0 1 3
11.6 8 0.5 139 0 1 3
11.6 8.2 0.7 93 0 1 3
11.6 8.4 0.8 126 0 1 3
11.6 16.1 0 89 0 1 1
11.7 -5.9 0 103 0 1 1
11.7 -5.5 0 133 0 1 1
11.7 -5.1 0 114 0 1 1
11.7 -4.8 0 116 0 1 1
11.7 -4.4 0 127 0 1 1
11.7 -4 0 137 0 1 1
11.7 -3.6 0 123 0 1 1
11.7 -3.2 0 140 0 1 1
11.7 -2.8 0 145 0 1 1
11.7 -2.4 0 103 0 1 1
11.7 -1.1 1.6 116 0 1 3
11.7 -0.6 1.6 129 0 1 3
11.7 0.3 2.1 77 0 1 3
11.7 0.7 2.2 128 0 1 3
11.7 1.8 1.7 73 0 1 3
11.7 3.5 0 188 0 1 1
11.7 3.9 0 186 0 1 1
11.7 4.3 0 189 0 1 1
11.7 4.7 0 184 0 1 1
11.7 5 0 176 0 1 1
11.7 5.4 0 174 0 1 1
11.7 5.8 0 170 0 1 1
11.7 6.2 0 160 0 1 1
11.7 6.6 0 162 0 1 1
11.7 7 0 161 0 1 1
11.7 7.4 0 161 0 1 1
11.7 7.8 0 156 0 1 1
11.7 8.2 0.2 148 0 1 3
11.7 11.7 0 143 0 1 1
11.7 12.1 0 141 0 1 1
11.7 12.5 0 131 0 1 1
11.7 12.9 0 120 0 1 1
11.7 13.3 0 130 0 1 1
11.7 13.7 0 132 0 1 1
11.7 14.1 0 128 0 1 1
11.7 14.5 0 127 0 1 1
11.7 14.9 0 136 0 1 1
11.7 15.2 0 132 0 1 1
11.7 15.6 0 139 0 1 1
11.7 16 0 110 0 1 1
11.8 -2.2 0.8 35 0 1 3
11.8 -2.2 1.3 55 0 1 3
11.8 -1.6 1.9 150 0 1 3
11.8 1 2.2 144 0 1 3
11.8 1.4 2 124 0 1 3
11.8 2.2 1.5 49 0 1 3
11.8 2.9 0.7 71 0 1 3
11.8 8.2 0.4 83 0 1 3
11.9 -1.8 1.9 92 0 1 3
11.9 -1.3 1.7 112 0 1 3
11.9 -0.9 1.7 96 0 1 3
11.9 -0.3 1.6 148 0 1 3
11.9 -0.1 1.7 101 0 1 3
11.9 2.5 1.3 47 0 1 3
11.9 2.7 1.2 76 0 1 3
11.9 2.9 1 75 0 1 3
11.9 3.3 0.3 182 0 1 3
12 -2.3 0.5 34 0 1 3
12 0.8 2.3 143 0 1 3
12 1.9 1.9 106 0 1 3
12 2.3 1.8 52 0 1 3
12.1 -5.9 0 92 0 1 1
12.1 -5.5 0 89 0 1 1
12.1 -5.1 0 130 0 1 1
12.1 -4.8 0 109 0 1 1
12.1 -4.4 0 115 0 1 1
12.1 -4 0 133 0 1 1
12.1 -3.6 0 133 0 1 1
12.1 -3.2 0 142 0 1 1
12.1 -2.8 0 149 0 1 1
12.1 -2.4 0 136 0 1 1
12.1 -2.2 1.2 33 0 1 3
12.1 -1 1.9 85 0 1 3
12.1 -0.3 1.7 134 0 1 3
12.1 0 1.8 95 0 1 3
12.1 0.5 2.3 110 0 1 3
12.1 1.2 2.2 165 0 1 3
12.1 2.6 1.6 48 0 1 3
12.1 3 0.9 78 0 1 3
12.1 3.5 0 189 0 1 1
12.1 3.9 0 186 0 1 1
12.1 4.3 0 184 0 1 1
12.1 4.7 0 181 0 1 1
12.1 5 0 180 0 1 1
12.1 5.4 0 174 0 1 1
12.1 5.8 0 175 0 1 1
12.1 6.2 0 168 0 1 1
12.1 6.6 0 160 0 1 1
12.1 7 0 158 0 1 1
12.1 7.4 0 158 0 1 1
12.1 7.8 0 161 0 1 1
12.1 8.2 0 153 0 1 1
12.1 12.1 0 147 0 1 1
12.1 12.5 0 134 0 1 1
12.1 12.9 0 132 0 1 1
12.1 13.3 0 137 0 1 1
12.1 13.7 0 122 0 1 1
12.1 14.1 0 131 0 1 1
12.1 14.5 0 128 0 1 1
12.1 14.9 0 132 0 1 1
12.1 15.2 0 131 0 1 1
12.1 15.6 0 114 0 1 1
12.1 15.7 0 104 0 1 1
12.2 -2.4 0.2 33 0 1 3
12.2 -1.6 1.9 136 0 1 3
12.2 -1.4 1.9 99 0 1 3
12.2 -0.6 1.8 168 0 1 3
12.2 0.3 2.1 90 0 1 3
12.2 3.1 0.7 133 0 1 3
12.2 15.6 0 82 0 1 1
12.3 -2.3 0.8 62 0 1 3
12.3 -0.8 1.9 163 0 1 3
12.3 -0.2 1.8 111 0 1 3
12.3 0.6 2.4 87 0 1 3
12.3 0.9 2.4 172 0 1 3
12.3 1.6 2 171 0 1 3
12.3 2 2 151 0 1 3
12.3 2.4 2 148 0 1 3
12.3 2.9 1.3 75 0 1 3
12.3 3.3 0.4 165 0 1 3
12.4 -1.1 2.1 157 0 1 3
12.4 0.1 2 98 0 1 3
12.4 3 0.9 74 0 1 3
12.5 -6.3 0 141 0 1 1
12.5 -5.9 0 144 0 1 1
12.5 -5.5 0 118 0 1 1
12.5 -5.1 0 88 0 1 1
12.5 -4.8 0 120 0 1 1
12.5 -4.4 0 130 0 1 1
12.5 -4 0 129 0 1 1
12.5 -3.6 0 148 0 1 1
12.5 -3.2 0 147 0 1 1
12.5 -2.8 0 162 0 1 1
12.5 -2.4 0.4 29 0 1 3
12.5 -1.7 2 91 0 1 3
12.5 -1.3 2 96 0 1 3
12.5 0.4 2.3 136 0 1 3
12.5 1.3 2.2 181 0 1 3
12.5 2.8 1.8 85 0 1 3
12.5 2.9 1.5 72 0 1 3
12.5 3.9 0 189 0 1 1
12.5 4.3 0 186 0 1 1
12.5 4.7 0 184 0 1 1
12.5 5 0 182 0 1 1
12.5 5.4 0 179 0 1 1
12.5 5.8 0 179 0 1 1
12.5 6.2 0 168 0 1 1
12.5 6.6 0 170 0 1 1
12.5 7 0 166 0 1 1
12.5 7.4 0 160 0 1 1
12.5 7.8 0 159 0 1 1
12.5 8.2 0 157 0 1 1
12.5 8.6 0 159 0 1 1
12.5 12.5 0 138 0 1 1
12.5 12.9 0 137 0 1 1
12.5 13.3 0 131 0 1 1
12.5 13.7 0 135 0 1 1
12.5 14.1 0 122 0 1 1
12.5 14.5 0 125 0 1 1
12.5 14.9 0 132 0 1 1
12.5 15.2 0 120 0 1 1
12.5 15.4 0 102 0 1 1
12.6 -0.1 1.9 119 0 1 3
12.6 1.6 2.1 172 0 1 3
12.6 1.9 2.1 185 0 1 3
12.6 3.2 0.6 133 0 1 3
12.7 -2.6 0.1 134 0 1 3
12.7 -0.7 1.8 168 0 1 3
12.7 -0.5 1.8 147 0 1 3
12.7 0.2 2.2 119 0 1 3
12.7 1.1 2.3 182 0 1 3
12.7 2.5 2.1 101 0 1 3
12.7 2.7 1.9 76 0 1 3
12.7 2.9 1.6 87 0 1 3
12.7 15.2 0 100 0 1 1
12.8 -1.6 2 85 0 1 3
12.8 0.5 2.3 125 0 1 3
12.9 -6.7 0 111 0 1 1
12.9 -6.3 0 127 0 1 1
12.9 -5.9 0 131 0 1 1
12.9 -5.5 0 122 0 1 1
12.9 -5.1 0 93 0 1 1
12.9 -4.8 0 93 0 1 1
12.9 -4.4 0 121 0 1 1
12.9 -4 0 136 0 1 1
12.9 -3.6 0 143 0 1 1
12.9 -3.2 0 133 0 1 1
12.9 -2.8 0 142 0 1 1
12.9 0 2.1 122 0 1 3
12.9 1.6 2.3 144 0 1 3
12.9 2.1 2.1 175 0 1 3
12.9 3.9 0 187 0 1 1
12.9 4.3 0 189 0 1 1
12.9 4.7 0 186 0 1 1
12.9 5 0 183 0 1 1
12.9 5.4 0 182 0 1 1
12.9 5.8 0 178 0 1 1
12.9 6.2 0 176 0 1 1
12.9 6.6 0 172 0 1 1
12.9 7 0 166 0 1 1
12.9 7.4 0 163 0 1 1
12.9 7.8 0 167 0 1 1
12.9 8.2 0 160 0 1 1
12.9 8.6 0 162 0 1 1
12.9 9 0 117 0 1 1
12.9 12.9 0 141 0 1 1
12.9 13.3 0 135 0 1 1
12.9 13.7 0 140 0 1 1
12.9 14.1 0 139 0 1 1
12.9 14.5 0 126 0 1 1
12.9 14.9 0 134 0 1 1
12.9 15.1 0 95 0 1 1
13 -0.5 1.9 151 0 1 3
13 -0.2 2 129 0 1 3
13.1 0.1 2.2 127 0 1 3
13.1 1.3 2.4 78 0 1 3
13.1 1.8 2.2 142 0 1 3
13.2 14.9 0 104 0 1 1
13.3 -6.7 0 128 0 1 1
13.3 -6.3 0 125 0 1 1
13.3 -5.9 0 130 0 1 1
13.3 -5.5 0 117 0 1 1
13.3 -5.1 0 95 0 1 1
13.3 -4.8 0 99 0 1 1
13.3 -4.4 0 96 0 1 1
13.3 -4 0 126 0 1 1
13.3 -3.6 0 130 0 1 1
13.3 -3.2 0 149 0 1 1
13.3 -2.8 0 135 0 1 1
13.3 -2.5 0.4 38 0 1 3
13.3 3.9 0 189 0 1 1
13.3 4.3 0 189 0 1 1
13.3 4.7 0 189 0 1 1
13.3 5 0 185 0 1 1
13.3 5.4 0 183 0 1 1
13.3 5.8 0 178 0 1 1
13.3 6.2 0 179 0 1 1
13.3 6.6 0 176 0 1 1
13.3 7 0 166 0 1 1
13.3 7.4 0 169 0 1 1
13.3 7.8 0 164 0 1 1
13.3 8.2 0 162 0 1 1
13.3 8.6 0 159 0 1 1
13.3 9 0 161 0 1 1
13.3 13.3 0 137 0 1 1
13.3 13.7 0 140 0 1 1
13.3 14.1 0 138 0 1 1
13.3 14.5 0 138 0 1 1
13.3 14.8 0 122 0 1 1
13.4 -0.1 2 127 0 1 3
13.4 0.2 2.2 113 0 1 3
13.6 -0.7 1.9 143 0 1 3
13.6 -0.3 1.9 112 0 1 3
13.6 14.5 0 114 0 1 1
13.7 -7.1 0 122 0 1 1
13.7 -6.7 0 130 0 1 1
13.7 -6.3 0 131 0 1 1
13.7 -5.9 0 137 0 1 1
13.7 -5.5 0 135 0 1 1
13.7 -5.1 0 95 0 1 1
13.7 -4.8 0 101 0 1 1
13.7 -4.4 0 100 0 1 1
13.7 -4 0 112 0 1 1
13.7 -3.6 0 120 0 1 1
13.7 -3.2 0 138 0 1 1
13.7 -2.8 0 137 0 1 1
13.7 -2.7 0.4 102 0 1 3
13.7 -1 2 177 0 1 3
13.7 0 2.2 110 0 1 3
13.7 3.9 0 191 0 1 1
13.7 4.3 0 192 0 1 1
13.7 4.7 0 187 0 1 1
13.7 5 0 187 0 1 1
13.7 5.4 0 187 0 1 1
13.7 5.8 0 182 0 1 1
13.7 6.2 0 181 0 1 1
13.7 6.6 0 176 0 1 1
13.7 7 0 176 0 1 1
13.7 7.4 0 171 0 1 1
13.7 7.8 0 165 0 1 1
13.7 8.2 0 166 0 1 1
13.7 8.6 0 164 0 1 1
13.7 9 0 159 0 1 1
13.7 9.4 0 158 0 1 1
13.7 13.7 0 140 0 1 1
13.7 14.1 0 125 0 1 1
13.7 14.4 0 113 0 1 1
13.9 0 2.3 119 0 1 3
13.9 0.4 2.3 164 0 1 3
14 -0.5 2.1 117 0 1 3
14.1 -7.1 0 113 0 1 1
14.1 -6.7 0 124 0 1 1
14.1 -6.3 0 145 0 1 1
14.1 -5.9 0 127 0 1 1
14.1 -5.5 0 127 0 1 1
14.1 -5.1 0 140 0 1 1
14.1 -4.8 0 120 0 1 1
14.1 -4.4 0 115 0 1 1
14.1 -4 0 111 0 1 1
14.1 -3.6 0 121 0 1 1
14.1 -3.2 0 126 0 1 1
14.1 -2.8 0 29 0 1 1
14.1 3.9 0 64 0 1 1
14.1 4.3 0 192 0 1 1
14.1 4.7 0 191 0 1 1
14.1 5 0 189 0 1 1
14.1 5.4 0 187 0 1 1
14.1 5.8 0 185 0 1 1
14.1 6.2 0 182 0 1 1
14.1 6.6 0 179 0 1 1
14.1 7 0 176 0 1 1
14.1 7.4 0 174 0 1 1
14.1 7.8 0 172 0 1 1
14.1 8.2 0 165 0 1 1
14.1 8.6 0 166 0 1 1
14.1 9 0 167 0 1 1
14.1 9.4 0 160 0 1 1
14.1 9.8 0 160 0 1 1
14.1 14.1 0 105 0 1 1
14.2 -0.9 2 137 0 1 3
14.2 0.2 2.4 163 0 1 3
14.3 -0.1 2.4 129 0 1 3
14.4 -0.4 2.3 115 0 1 3
14.5 -7.5 0 122 0 1 1
14.5 -7.1 0 125 0 1 1
14.5 -6.7 0 94 0 1 1
14.5 -6.3 0 121 0 1 1
14.5 -5.9 0 132 0 1 1
14.5 -5.5 0 117 0 1 1
14.5 -5.1 0 141 0 1 1
14.5 -4.8 0 107 0 1 1
14.5 -4.4 0 128 0 1 1
14.5 -4 0 132 0 1 1
14.5 -3.6 0 128 0 1 1
14.5 -3.2 0 139 0 1 1
14.5 -0.7 2.2 138 0 1 3
14.5 4.3 0 194 0 1 1
14.5 4.7 0 192 0 1 1
14.5 5 0 190 0 1 1
14.5 5.4 0 189 0 1 1
14.5 5.8 0 187 0 1 1
14.5 6.2 0 184 0 1 1
14.5 6.6 0 180 0 1 1
14.5 7 0 178 0 1 1
14.5 7.4 0 175 0 1 1
14.5 7.8 0 173 0 1 1
14.5 8.2 0 168 0 1 1
14.5 8.6 0 167 0 1 1
14.5 9 0 165 0 1 1
14.5 9.4 0 164 0 1 1
14.5 9.8 0 161 0 1 1
14.7 -1.1 2.1 86 0 1 3
14.9 -7.5 0 101 0 1 1
14.9 -7.1 0 124 0 1 1
14.9 -6.7 0 132 0 1 1
14.9 -6.3 0 135 0 1 1
14.9 -5.9 0 133 0 1 1
14.9 -5.5 0 141 0 1 1
14.9 -5.1 0 133 0 1 1
14.9 -4.8 0 145 0 1 1
14.9 -4.4 0 133 0 1 1
14.9 -4 0 140 0 1 1
14.9 -3.6 0 140 0 1 1
14.9 -3.2 0 137 0 1 1
14.9 -0.9 2.2 87 0 1 3
14.9 4.3 0 192 0 1 1
14.9 4.7 0 192 0 1 1
14.9 5 0 189 0 1 1
14.9 5.4 0 190 0 1 1
14.9 5.8 0 187 0 1 1
14.9 6.2 0 186 0 1 1
14.9 6.6 0 184 0 1 1
14.9 7 0 181 0 1 1
14.9 7.4 0 177 0 1 1
14.9 7.8 0 174 0 1 1
14.9 8.2 0 170 0 1 1
14.9 8.6 0 169 0 1 1
14.9 9 0 166 0 1 1
14.9 9.4 0 164 0 1 1
14.9 9.8 0 165 0 1 1
14.9 10.1 0 160 0 1 1
15.2 -7.9 0 122 0 1 1
15.2 -7.5 0 126 0 1 1
15.2 -7.1 0 122 0 1 1
15.2 -6.7 0 119 0 1 1
15.2 -6.3 0 117 0 1 1
15.2 -5.9 0 137 0 1 1
15.2 -5.5 0 130 0 1 1
15.2 -5.1 0 133 0 1 1
15.2 -4.8 0 146 0 1 1
15.2 -4.4 0 148 0 1 1
15.2 -4 0 145 0 1 1
15.2 -3.6 0 144 0 1 1
15.2 -3.2 0 147 0 1 1
15.2 4.3 0 192 0 1 1
15.2 4.7 0 192 0 1 1
15.2 5 0 191 0 1 1
15.2 5.4 0 191 0 1 1
15.2 5.8 0 190 0 1 1
15.2 6.2 0 188 0 1 1
15.2 6.6 0 187 0 1 1
15.2 7 0 182 0 1 1
15.2 7.4 0 178 0 1 1
15.2 7.8 0 178 0 1 1
15.2 8.2 0 174 0 1 1
15.2 8.6 0 168 0 1 1
15.2 9 0 170 0 1 1
15.2 9.4 0 165 0 1 1
15.2 9.8 0 165 0 1 1
15.2 10.1 0 161 0 1 1
15.2 10.5 0 159 0 1 1
15.6 -7.9 0 107 0 1 1
15.6 -7.5 0 120 0 1 1
15.6 -7.1 0 134 0 1 1
15.6 -6.7 0 138 0 1 1
15.6 -6.3 0 117 0 1 1
15.6 -5.9 0 124 0 1 1
15.6 -5.5 0 122 0 1 1
15.6 -5.1 0 131 0 1 1
15.6 -4.8 0 141 0 1 1
15.6 -4.4 0 140 0 1 1
15.6 -4 0 134 0 1 1
15.6 -3.6 0 151 0 1 1
15.6 -3.2 0 148 0 1 1
15.6 4.3 0 173 0 1 1
15.6 4.7 0 190 0 1 1
15.6 5 0 192 0 1 1
15.6 5.4 0 191 0 1 1
15.6 5.8 0 191 0 1 1
15.6 6.2 0 189 0 1 1
15.6 6.6 0 187 0 1 1
15.6 7 0 183 0 1 1
15.6 7.4 0 180 0 1 1
15.6 7.8 0 179 0 1 1
15.6 8.2 0 178 0 1 1
15.6 8.6 0 175 0 1 1
15.6 9 0 165 0 1 1
15.6 9.4 0 168 0 1 1
15.6 9.8 0 164 0 1 1
15.6 10.1 0 163 0 1 1
15.6 10.5 0 161 0 1 1
16 -8.3 0 117 0 1 1
16 -7.9 0 130 0 1 1
16 -7.5 0 137 0 1 1
16 -7.1 0 135 0 1 1
16 -6.7 0 137 0 1 1
16 -6.3 0 138 0 1 1
16 -5.9 0 133 0 1 1
16 -5.5 0 135 0 1 1
16 -5.1 0 139 0 1 1
16 -4.8 0 143 0 1 1
16 -4.4 0 145 0 1 1
16 -4 0 143 0 1 1
16 -3.6 0 127 0 1 1
16 -3.2 0 139 0 1 1
16 4.7 0 192 0 1 1
16 5 0 189 0 1 1
16 5.4 0 193 0 1 1
16 5.8 0 191 0 1 1
16 6.2 0 187 0 1 1
16 6.6 0 187 0 1 1
16 7 0 186 0 1 1
16 7.4 0 183 0 1 1
16 7.8 0 174 0 1 1
16 8.2 0 177 0 1 1
16 8.6 0 176 0 1 1
16 9 0 171 0 1 1
16 9.4 0 171 0 1 1
16 9.8 0 166 0 1 1
16 10.1 0 167 0 1 1
16 10.5 0 162 0 1 1
16 10.9 0 166 0 1 1
16.4 -8.3 0 136 0 1 1
16.4 -7.9 0 119 0 1 1
16.4 -7.5 0 126 0 1 1
16.4 -7.1 0 137 0 1 1
16.4 -6.7 0 138 0 1 1
16.4 -6.3 0 146 0 1 1
16.4 -5.9 0 129 0 1 1
16.4 -5.5 0 146 0 1 1
16.4 -5.1 0 116 0 1 1
16.4 -4.8 0 131 0 1 1
16.4 -4.4 0 131 0 1 1
16.4 -4 0 135 0 1 1
16.4 -3.6 0 150 0 1 1
16.4 -3.2 0 148 0 1 1
16.4 4.7 0 191 0 1 1
16.4 5 0 191 0 1 1
16.4 5.4 0 191 0 1 1
16.4 5.8 0 191 0 1 1
16.4 6.2 0 189 0 1 1
16.4 6.6 0 187 0 1 1
16.4 7 0 187 0 1 1
16.4 7.4 0 186 0 1 1
16.4 7.8 0 183 0 1 1
16.4 8.2 0 173 0 1 1
16.4 8.6 0 178 0 1 1
16.4 9 0 174 0 1 1
16.4 9.4 0 173 0 1 1
16.4 9.8 0 169 0 1 1
16.4 10.1 0 165 0 1 1
16.4 10.5 0 165 0 1 1
16.4 10.9 0 161 0 1 1
16.4 11.3 0 150 0 1 1
16.6 10.9 0 137 0 1 1
16.6 11.1 0 126 0 1 1
16.8 -8.7 0 126 0 1 1
16.8 -8.3 0 129 0 1 1
16.8 -7.9 0 114 0 1 1
16.8 -7.5 0 113 0 1 1
16.8 -7.1 0 132 0 1 1
16.8 -6.7 0 136 0 1 1
16.8 -6.3 0 119 0 1 1
16.8 -5.9 0 97 0 1 1
16.8 -5.5 0 140 0 1 1
16.8 -5.1 0 156 0 1 1
16.8 -4.8 0 117 0 1 1
16.8 -4.4 0 128 0 1 1
16.8 -4 0 153 0 1 1
16.8 -3.6 0 151 0 1 1
16.8 4.7 0 191 0 1 1
16.8 5 0 192 0 1 1
16.8 5.4 0 190 0 1 1
16.8 5.8 0 189 0 1 1
16.8 6.2 0 190 0 1 1
16.8 6.6 0 189 0 1 1
16.8 7 0 189 0 1 1
16.8 7.4 0 187 0 1 1
16.8 7.8 0 183 0 1 1
16.8 8.2 0 181 0 1 1
16.8 8.6 0 178 0 1 1
16.8 9 0 178 0 1 1
16.8 9.4 0 175 0 1 1
16.8 9.8 0 171 0 1 1
16.8 10.1 0 166 0 1 1
16.8 10.5 0 159 0 1 1
16.8 10.6 0 155 0 1 1
16.9 10.5 0 160 0 1 1
17.1 10.1 0 128 0 1 1
17.2 -8.7 0 128 0 1 1
17.2 -8.3 0 135 0 1 1
17.2 -7.9 0 135 0 1 1
17.2 -7.5 0 135 0 1 1
17.2 -7.1 0 134 0 1 1
17.2 -6.7 0 130 0 1 1
17.2 -6.3 0 131 0 1 1
17.2 -5.9 0 132 0 1 1
17.2 -5.5 0 111 0 1 1
17.2 -5.1 0 128 0 1 1
17.2 -4.8 0 136 0 1 1
17.2 -4.4 0 145 0 1 1
17.2 -4 0 150 0 1 1
17.2 -3.6 0 152 0 1 1
17.2 4.7 0 192 0 1 1
17.2 5 0 192 0 1 1
17.2 5.4 0 192 0 1 1
17.2 5.8 0 189 0 1 1
17.2 6.2 0 189 0 1 1
17.2 6.6 0 190 0 1 1
17.2 7 0 190 0 1 1
17.2 7.4 0 188 0 1 1
17.2 7.8 0 185 0 1 1
17.2 8.2 0 185 0 1 1
17.2 8.6 0 181 0 1 1
17.2 9 0 177 0 1 1
17.2 9.4 0 177 0 1 1
17.2 9.8 0 157 0 1 1
17.2 9.9 0 150 0 1 1
17.3 9.8 0 161 0 1 1
17.5 9.4 0 112 0 1 1
17.6 -9.1 0 125 0 1 1
17.6 -8.7 0 137 0 1 1
17.6 -8.3 0 126 0 1 1
17.6 -7.9 0 125 0 1 1
17.6 -7.5 0 130 0 1 1
17.6 -7.1 0 130 0 1 1
17.6 -6.7 0 139 0 1 1
17.6 -6.3 0 142 0 1 1
17.6 -5.9 0 147 0 1 1
17.6 -5.5 0 133 0 1 1
17.6 -5.1 0 126 0 1 1
17.6 -4.8 0 140 0 1 1
17.6 -4.4 0 136 0 1 1
17.6 -4 0 146 0 1 1
17.6 -3.6 0 142 0 1 1
17.6 4.7 0 94 0 1 1
17.6 5 0 192 0 1 1
17.6 5.4 0 193 0 1 1
17.6 5.8 0 191 0 1 1
17.6 6.2 0 188 0 1 1
17.6 6.6 0 189 0 1 1
17.6 7 0 189 0 1 1
17.6 7.4 0 186 0 1 1
17.6 7.8 0 184 0 1 1
17.6 8.2 0 182 0 1 1
17.6 8.6 0 179 0 1 1
17.6 9 0 148 0 1 1
17.6 9.2 0 131 0 1 1
17.7 -9.1 0 105 0 1 1
17.7 9 0 152 0 1 1
17.9 -8.7 0 101 0 1 1
17.9 8.6 0 171 0 1 1
18 -8.5 0 118 0 1 1
18 -8.3 0 114 0 1 1
18 -7.9 0 136 0 1 1
18 -7.5 0 129 0 1 1
18 -7.1 0 132 0 1 1
18 -6.7 0 130 0 1 1
18 -6.3 0 142 0 1 1
18 -5.9 0 148 0 1 1
18 -5.5 0 115 0 1 1
18 -5.1 0 121 0 1 1
18 -4.8 0 132 0 1 1
18 -4.4 0 144 0 1 1
18 -4 0 150 0 1 1
18 -3.6 0 152 0 1 1
18 5 0 193 0 1 1
18 5.4 0 194 0 1 1
18 5.8 0 192 0 1 1
18 6.2 0 191 0 1 1
18 6.6 0 186 0 1 1
18 7 0 188 0 1 1
18 7.4 0 187 0 1 1
18 7.8 0 187 0 1 1
18 8.2 0 182 0 1 1
18 8.4 0 106 0 1 1
18.1 -8.3 0 88 0 1 1
18.1 8.2 0 136 0 1 1
18.3 -7.9 0 114 0 1 1
18.3 7.8 0 169 0 1 1
18.4 -7.8 0 113 0 1 1
18.4 -7.7 0 91 0 1 1
18.4 -7.5 0 120 0 1 1
18.4 -7.1 0 130 0 1 1
18.4 -6.7 0 130 0 1 1
18.4 -6.3 0 138 0 1 1
18.4 -5.9 0 142 0 1 1
18.4 -5.5 0 131 0 1 1
18.4 -5.1 0 136 0 1 1
18.4 -4.8 0 132 0 1 1
18.4 -4.4 0 142 0 1 1
18.4 -4 0 138 0 1 1
18.4 -3.6 0 124 0 1 1
18.4 5 0 193 0 1 1
18.4 5.4 0 191 0 1 1
18.4 5.8 0 193 0 1 1
18.4 6.2 0 192 0 1 1
18.4 6.6 0 191 0 1 1
18.4 7 0 190 0 1 1
18.4 7.4 0 177 0 1 1
18.4 7.6 0 178 0 1 1
18.4 7.7 0 175 0 1 1
18.5 -7.5 0 91 0 1 1
18.5 7.4 0 177 0 1 1
18.6 -7.1 0 81 0 1 1
18.6 7 0 181 0 1 1
18.7 -6.7 0 128 0 1 1
18.7 6.6 0 177 0 1 1
18.8 -6.6 0 122 0 1 1
18.8 -6.3 0 128 0 1 1
18.8 -5.9 0 131 0 1 1
18.8 -5.5 0 143 0 1 1
18.8 -5.1 0 158 0 1 1
18.8 -4.8 0 163 0 1 1
18.8 -4.4 0 143 0 1 1
18.8 -4 0 150 0 1 1
18.8 -3.6 0 107 0 1 1
18.8 5 0 192 0 1 1
18.8 5.4 0 189 0 1 1
18.8 5.8 0 194 0 1 1
18.8 6.2 0 177 0 1 1
18.8 6.5 0 174 0 1 1
19 -5.9 0 103 0 1 1
19 5.8 0 172 0 1 1
19.1 -5.5 0 175 0 1 1
19.1 5.4 0 170 0 1 1
19.2 -5.3 0 115 0 1 1
19.2 -5.2 0 153 0 1 1
19.2 -5.1 0 160 0 1 1
19.2 -4.8 0 171 0 1 1
19.2 -4.4 0 147 0 1 1
19.2 -4 0 161 0 1 1
19.2 5 0 172 0 1 1
19.2 5.2 0 171 0 1 1
19.3 -4.8 0 106 0 1 1
19.4 -4.4 0 165 0 1 1
19.6 -4 0 133 0 1 1
