-14.2 14.1 0 80 0 1 1
-14 14.3 0 86 0 1 1
-13.8 13.7 0 77 0 1 1
-13.8 14.1 0 84 0 1 1
-13.8 14.4 0 73 0 1 1
-13.7 14.5 0 77 0 1 1
-13.4 13.3 0 86 0 1 1
-13.4 13.7 0 80 0 1 1
-13.4 14.1 0 98 0 1 1
-13.4 14.5 0 53 0 1 1
-13.4 14.8 0 73 0 1 1
-13.3 14.9 0 76 0 1 1
-13 12.9 0 91 0 1 1
-13 13.3 0 86 0 1 1
-13 13.7 0 70 0 1 1
-13 14.1 0 94 0 1 1
-13 14.5 0 74 0 1 1
-13 14.9 0 84 0 1 1
-13 15.1 0 86 0 1 1
-12.8 15.2 0 82 0 1 1
-12.6 12.5 0 91 0 1 1
-12.6 12.9 0 95 0 1 1
-12.6 13.3 0 91 0 1 1
-12.6 13.7 0 89 0 1 1
-12.6 14.1 0 94 0 1 1
-12.6 14.5 0 85 0 1 1
-12.6 14.9 0 76 0 1 1
-12.6 15.2 0 75 0 1 1
-12.6 15.4 0 77 0 1 1
-12.5 15.5 0 75 0 1 1
-12.3 15.6 0 74 0 1 1
-12.2 12.1 0 94 0 1 1
-12.2 12.5 0 73 0 1 1
-12.2 12.9 0 85 0 1 1
-12.2 13.3 0 97 0 1 1
-12.2 13.7 0 102 0 1 1
-12.2 14.1 0 95 0 1 1
-12.2 14.5 0 86 0 1 1
-12.2 14.9 0 87 0 1 1
-12.2 15.2 0 61 0 1 1
-12.2 15.6 0 78 0 1 1
-12.2 15.7 0 80 0 1 1
-12 15.9 0 83 0 1 1
-11.8 11.7 0 80 0 1 1
-11.8 12.1 0 92 0 1 1
-11.8 12.5 0 60 0 1 1
-11.8 12.9 0 69 0 1 1
-11.8 13.3 0 95 0 1 1
-11.8 13.7 0 110 0 1 1
-11.8 14.1 0 116 0 1 1
-11.8 14.5 0 121 0 1 1
-11.8 14.9 0 102 0 1 1
-11.8 15.2 0 65 0 1 1
-11.8 15.6 0 75 0 1 1
-11.8 16 0 70 0 1 1
-11.4 11.3 0 62 0 1 1
-11.4 11.7 0 87 0 1 1
-11.4 12.1 0 97 0 1 1
-11.4 12.5 0 86 0 1 1
-11.4 12.9 0 58 0 1 1
-11.4 13.3 0 78 0 1 1
-11.4 13.7 0 101 0 1 1
-11.4 14.1 0 99 0 1 1
-11.4 14.5 0 112 0 1 1
-11.4 14.9 0 51 0 1 1
-11.4 15.2 0 56 0 1 1
-11.4 15.6 0 68 0 1 1
-11.4 16 0 66 0 1 1
-11.4 16.4 0 82 0 1 1
-11.2 16.6 0 86 0 1 1
-11 10.9 0 92 0 1 1
-11 11.3 0 73 0 1 1
-11 11.7 0 97 0 1 1
-11 12.1 0 88 0 1 1
-11 12.5 0 77 0 1 1
-11 12.9 0 92 0 1 1
-11 13.3 0 90 0 1 1
-11 13.7 0 96 0 1 1
-11 14.1 0 89 0 1 1
-11 14.5 0 91 0 1 1
-11 14.9 0 49 0 1 1
-11 15.2 0 47 0 1 1
-11 15.6 0 73 0 1 1
-11 16 0 50 0 1 1
-11 16.4 0 76 0 1 1
-11 16.6 0 78 0 1 1
-10.7 16.8 0 78 0 1 1
-10.6 10.5 0 86 0 1 1
-10.6 10.9 0 90 0 1 1
-10.6 11.3 0 78 0 1 1
-10.6 11.7 0 93 0 1 1
-10.6 12.1 0 87 0 1 1
-10.6 12.5 0 96 0 1 1
-10.6 12.9 0 51 0 1 1
-10.6 13.3 0 82 0 1 1
-10.6 13.7 0 85 0 1 1
-10.6 14.1 0 95 0 1 1
-10.6 14.5 0 83 0 1 1
-10.6 14.9 0 97 0 1 1
-10.6 15.2 0 94 0 1 1
-10.6 15.6 0 71 0 1 1
-10.6 16 0 47 0 1 1
-10.6 16.4 0 51 0 1 1
-10.6 16.8 0 77 0 1 1
-10.6 16.9 0 78 0 1 1
-10.2 10.1 0 93 0 1 1
-10.2 10.5 0 95 0 1 1
-10.2 10.9 0 92 0 1 1
-10.2 11.3 0 92 0 1 1
-10.2 11.7 0 97 0 1 1
-10.2 12.1 0 60 0 1 1
-10.2 12.5 0 88 0 1 1
-10.2 12.9 0 75 0 1 1
-10.2 13.3 0 81 0 1 1
-10.2 13.7 0 86 0 1 1
-10.2 14.1 0 94 0 1 1
-10.2 14.5 0 99 0 1 1
-10.2 14.9 0 93 0 1 1
-10.2 15.2 0 79 0 1 1
-10.2 15.6 0 97 0 1 1
-10.2 16 0 92 0 1 1
-10.2 16.4 0 76 0 1 1
-10.2 16.8 0 72 0 1 1
-10.2 17.1 0 71 0 1 1
-9.9 9.8 0 114 0 1 1
-9.9 10.1 0 67 0 1 1
-9.9 10.5 0 78 0 1 1
-9.9 10.9 0 78 0 1 1
-9.9 11.3 0 93 0 1 1
-9.9 11.7 0 86 0 1 1
-9.9 12.1 0 74 0 1 1
-9.9 12.5 0 80 0 1 1
-9.9 12.9 0 75 0 1 1
-9.9 13.3 0 60 0 1 1
-9.9 13.7 0 94 0 1 1
-9.9 14.1 0 88 0 1 1
-9.9 14.5 0 92 0 1 1
-9.9 14.9 0 114 0 1 1
-9.9 15.2 0 67 0 1 1
-9.9 15.6 0 69 0 1 1
-9.5 9.4 0 92 0 1 1
-9.5 9.8 0 91 0 1 1
-9.5 10.1 0 98 0 1 1
-9.5 10.5 0 101 0 1 1
-9.5 10.9 0 91 0 1 1
-9.5 11.3 0 98 0 1 1
-9.5 11.7 0 94 0 1 1
-9.5 12.1 0 91 0 1 1
-9.5 12.5 0 92 0 1 1
-9.5 12.9 0 74 0 1 1
-9.5 13.3 0 86 0 1 1
-9.5 13.7 0 86 0 1 1
-9.5 14.1 0 68 0 1 1
-9.1 9 0 84 0 1 1
-9.1 9.4 0 109 0 1 1
-9.1 9.8 0 109 0 1 1
-9.1 10.1 0 64 0 1 1
-9.1 10.5 0 104 0 1 1
-9.1 10.9 0 89 0 1 1
-9.1 11.3 0 93 0 1 1
-9.1 11.7 0 80 0 1 1
-9.1 12.1 0 74 0 1 1
-9 11.2 0 94 0 1 5
-8.9 12.2 0 79 0 1 5
-8.7 8.6 0 99 0 1 1
-8.7 9 0 121 0 1 1
-8.7 9.4 0 95 0 1 1
-8.7 9.8 0 92 0 1 1
-8.7 10.1 0 87 0 1 1
-8.7 10.5 0 95 0 1 1
-8.7 10.9 0 59 0 1 1
-8.6 12.8 0.1 72 0 1 5
-8.3 8.2 0 65 0 1 1
-8.3 8.6 0 87 0 1 1
-8.3 9 0 108 0 1 1
-8.3 9.4 0 70 0 1 1
-8.3 9.8 0 87 0 1 1
-8.3 10.1 0 94 0 1 1
-8.3 10.5 0 89 0 1 1
-8.3 10.8 0.1 71 0 1 5
-8.3 11.3 0.1 72 0 1 5
-7.9 7.8 0 95 0 1 1
-7.9 8.2 0 70 0 1 1
-7.9 8.6 0 93 0 1 1
-7.9 9 0 96 0 1 1
-7.9 9.4 0 91 0 1 1
-7.9 9.8 0 96 0 1 1
-7.9 10.6 0.1 74 0 1 5
-7.8 9.8 -0.1 91 0 1 5
-7.7 13 0.4 61 0 1 5
-7.5 7.4 0 40 0 1 1
-7.5 7.8 0 56 0 1 1
-7.5 8.2 0 79 0 1 1
-7.5 8.6 0 77 0 1 1
-7.5 9 0 90 0 1 1
-7.5 9.4 0 61 0 1 1
-7.5 9.8 0 86 0 1 1
-7.3 10.2 0.1 78 0 1 5
-7.2 12.6 0.6 64 0 1 5
-7.2 13.7 0.8 68 0 1 5
-7.1 7 0 53 0 1 1
-7.1 7.4 0 45 0 1 1
-7.1 7.8 0 52 0 1 1
-7.1 8.2 0 62 0 1 1
-7.1 8.6 0 78 0 1 1
-7.1 9 0 89 0 1 1
-7.1 9.4 0 74 0 1 1
-6.9 11.2 0.6 75 0 1 5
-6.8 12.9 0.8 56 0 1 5
-6.8 13.3 0.9 52 0 1 5
-6.7 6.6 0 111 0 1 1
-6.7 7 0 73 0 1 1
-6.7 7.4 0 76 0 1 1
-6.7 7.8 0 52 0 1 1
-6.7 8.2 0 70 0 1 1
-6.7 8.6 0 72 0 1 1
-6.7 9 0 72 0 1 1
-6.7 9.4 0 82 0 1 1
-6.7 9.7 0.1 80 0 1 5
-6.5 9.3 -0.1 99 0 1 5
-6.5 13.6 1.2 56 0 1 5
-6.3 6.2 0 96 0 1 1
-6.3 6.6 0 92 0 1 1
-6.3 7 0 103 0 1 1
-6.3 7.4 0 92 0 1 1
-6.3 7.8 0 102 0 1 1
-6.3 8.2 0 89 0 1 1
-6.3 8.6 0 84 0 1 1
-6.3 9 0 86 0 1 1
-6.3 9.4 0 70 0 1 1
-6.2 12.7 1 63 0 1 5
-6 11.2 0.8 64 0 1 5
-6 13.7 1.4 66 0 1 5
-5.9 5.8 0 95 0 1 1
-5.9 6.2 0 103 0 1 1
-5.9 6.6 0 82 0 1 1
-5.9 7 0 107 0 1 1
-5.9 7.4 0 112 0 1 1
-5.9 7.8 0 111 0 1 1
-5.9 8.2 0 60 0 1 1
-5.9 8.6 0 88 0 1 1
-5.9 9 0 100 0 1 1
-5.9 12.8 1.1 63 0 1 5
-5.9 13.1 1.3 61 0 1 5
-5.7 9.4 0 65 0 1 5
-5.6 10 0.5 72 0 1 5
-5.6 13.6 1.6 68 0 1 5
-5.5 5.4 0 97 0 1 1
-5.5 5.8 0 88 0 1 1
-5.5 6.2 0 99 0 1 1
-5.5 6.6 0 108 0 1 1
-5.5 7 0 108 0 1 1
-5.5 7.4 0 95 0 1 1
-5.5 7.8 0 90 0 1 1
-5.5 8.2 0 109 0 1 1
-5.5 8.6 0 101 0 1 1
-5.5 9 0 102 0 1 1
-5.5 12.6 1.1 67 0 1 5
-5.5 13.2 1.5 55 0 1 5
-5.4 10.5 0.8 46 0 1 5
-5.1 5 0 116 0 1 1
-5.1 5.4 0 111 0 1 1
-5.1 5.8 0 94 0 1 1
-5.1 6.2 0 59 0 1 1
-5.1 7.4 0 109 0 1 1
-5.1 7.8 0 116 0 1 1
-5.1 8.2 0 94 0 1 1
-5.1 8.6 0 95 0 1 1
-5.1 9 0 103 0 1 1
-5.1 10.9 1.1 65 0 1 5
-5.1 13.4 1.8 72 0 1 5
-5 12.9 1.5 56 0 1 5
-4.9 5.5 0 72 0 1 2
-4.9 5.7 0 65 0 1 2
-4.8 4.7 0 110 0 1 1
-4.8 5 0 104 0 1 1
-4.8 5.4 0 30 0 1 2
-4.8 5.5 0 63 0 1 2
-4.8 5.6 0.1 68 0 1 2
-4.8 5.7 0 89 0 1 2
-4.8 5.7 0.1 52 0 1 2
-4.8 7.8 0 100 0 1 1
-4.8 8.2 0 108 0 1 1
-4.8 8.6 0 96 0 1 1
-4.8 9 0 83 0 1 1
-4.8 9.6 0.3 85 0 1 5
-4.8 11.2 1.3 71 0 1 5
-4.7 5.3 0 100 0 1 2
-4.7 5.4 0 63 0 1 2
-4.7 5.6 0.1 96 0 1 2
-4.7 5.7 0.1 56 0 1 2
-4.7 5.8 0.2 78 0 1 2
-4.6 5.5 0.1 74 0 1 2
-4.6 5.7 0.2 71 0 1 2
-4.6 5.8 0.2 86 0 1 2
-4.6 5.9 0.2 101 0 1 2
-4.6 8.9 0 78 0 1 5
-4.6 9.2 0.1 83 0 1 5
-4.5 5.2 0 20 0 1 2
-4.5 5.3 0 73 0 1 2
-4.5 5.6 0.1 81 0 1 2
-4.5 5.9 0.2 133 0 1 2
-4.5 6 0.2 95 0 1 2
-4.5 10.5 1.2 73 0 1 5
-4.5 13.1 1.9 62 0 1 5
-4.5 13.4 2.1 73 0 1 5
-4.4 4.3 -0.1 85 0 1 1
-4.4 4.7 0 106 0 1 1
-4.4 5 0 109 0 1 1
-4.4 5.2 0 64 0 1 2
-4.4 5.4 0.1 83 0 1 2
-4.4 5.8 0.2 79 0 1 2
-4.4 6 0.3 91 0 1 2
-4.4 6.2 0.2 76 0 1 2
-4.4 7.8 0 88 0 1 1
-4.4 8.2 0 106 0 1 1
-4.4 8.6 0 108 0 1 1
-4.4 12.8 1.7 78 0 1 5
-4.3 5.3 0.1 78 0 1 2
-4.3 5.4 0.1 86 0 1 2
-4.3 5.6 0.2 82 0 1 2
-4.3 5.8 0.3 87 0 1 2
-4.3 6.1 0.3 85 0 1 2
-4.2 5.2 0 29 0 1 2
-4.2 5.5 0.1 81 0 1 2
-4.2 5.7 0.2 69 0 1 2
-4.2 5.8 0.3 81 0 1 2
-4.2 5.9 0.3 76 0 1 2
-4.1 5.3 0.1 90 0 1 2
-4.1 5.5 0.1 98 0 1 2
-4.1 5.8 0.3 57 0 1 2
-4.1 5.9 0.3 51 0 1 2
-4.1 5.9 0.4 103 0 1 2
-4.1 9.9 0.7 80 0 1 5
-4.1 10.9 1.5 77 0 1 5
-4.1 13 2 59 0 1 5
-4.1 13.4 2.2 74 0 1 5
-4 3.8 -0.4 56 0 1 1
-4 4.3 -0.1 108 0 1 1
-4 4.7 0 85 0 1 1
-4 5 0 104 0 1 1
-4 5.3 0 84 0 1 2
-4 5.4 0.1 86 0 1 2
-4 5.5 0.2 75 0 1 2
-4 5.7 0.2 65 0 1 2
-4 5.7 0.3 43 0 1 2
-4 5.8 0.4 39 0 1 2
-4 5.9 0.4 85 0 1 2
-4 6 0.4 105 0 1 2
-4 6.1 0.4 100 0 1 2
-4 7.4 0 102 0 1 1
-4 7.8 0 85 0 1 1
-4 8.2 0 109 0 1 1
-4 8.6 0 89 0 1 1
-3.9 5.2 0 52 0 1 2
-3.9 5.4 0.1 109 0 1 2
-3.9 5.6 0.2 73 0 1 2
-3.9 5.8 0.4 79 0 1 2
-3.9 6 0.4 81 0 1 2
-3.8 5.3 0 69 0 1 2
-3.8 5.5 0.2 102 0 1 2
-3.8 5.6 0.2 79 0 1 2
-3.8 5.7 0.3 78 0 1 2
-3.8 5.8 0.4 103 0 1 2
-3.8 5.9 0.4 101 0 1 2
-3.8 6.1 0.4 104 0 1 2
-3.8 6.2 0.3 108 0 1 2
-3.8 11.1 1.8 88 0 1 5
-3.7 5.2 -0.1 87 0 1 2
-3.7 5.3 0 94 0 1 2
-3.7 5.4 0.1 85 0 1 2
-3.7 5.7 0.2 100 0 1 2
-3.7 5.7 0.3 111 0 1 2
-3.7 6.1 0.3 108 0 1 2
-3.7 11.3 1.9 69 0 1 5
-3.7 11.5 1.9 82 0 1 5
-3.7 13 2.1 65 0 1 5
-3.6 3.8 -0.4 48 0 1 1
-3.6 4.3 -0.1 98 0 1 1
-3.6 4.7 0 68 0 1 1
-3.6 5 0 93 0 1 1
-3.6 5.6 0.2 102 0 1 2
-3.6 5.8 0.3 91 0 1 2
-3.6 5.9 0.3 118 0 1 2
-3.6 6 0.3 112 0 1 2
-3.6 6.1 0.3 120 0 1 2
-3.6 6.2 0.2 113 0 1 2
-3.6 6.2 0.3 120 0 1 2
-3.6 6.5 0.1 98 0 1 2
-3.6 7 0 77 0 1 1
-3.6 7.4 0 61 0 1 1
-3.6 7.8 0 99 0 1 1
-3.6 8.2 0 91 0 1 1
-3.6 8.6 0 112 0 1 1
-3.6 13.6 2.4 83 0 1 5
-3.5 5.3 -0.1 110 0 1 2
-3.5 5.6 0.1 124 0 1 2
-3.5 5.8 0.2 109 0 1 2
-3.5 6.1 0.3 127 0 1 2
-3.5 13.3 2.4 78 0 1 5
-3.4 5.4 0 104 0 1 2
-3.4 5.5 0.1 114 0 1 2
-3.4 5.8 0.2 118 0 1 2
-3.4 5.9 0.2 122 0 1 2
-3.4 6.1 0.2 124 0 1 2
-3.4 6.3 0.2 112 0 1 2
-3.4 6.4 0 85 0 1 2
-3.4 6.5 0 123 0 1 2
-3.4 11.3 2 80 0 1 5
-3.3 5.4 0 116 0 1 2
-3.3 5.8 0.1 138 0 1 2
-3.3 6 0.1 124 0 1 2
-3.3 6.1 0 129 0 1 2
-3.3 6.2 -0.1 105 0 1 2
-3.3 6.3 0 94 0 1 2
-3.3 10.6 1.4 84 0 1 5
-3.3 11.7 2.1 63 0 1 5
-3.2 3.8 -0.3 65 0 1 1
-3.2 4.3 -0.1 79 0 1 1
-3.2 4.7 0 105 0 1 1
-3.2 5 0 107 0 1 1
-3.2 5.4 0 100 0 1 1
-3.2 5.6 0 151 0 1 2
-3.2 5.7 0 115 0 1 2
-3.2 5.8 0 105 0 1 1
-3.2 5.9 0 111 0 1 2
-3.2 6.2 0 100 0 1 1
-3.2 6.6 0 76 0 1 1
-3.2 7 0 106 0 1 1
-3.2 7.4 0 82 0 1 1
-3.2 7.8 0 104 0 1 1
-3.2 8.2 0 107 0 1 1
-3.2 8.6 0 101 0 1 1
-3.2 11.5 2.1 77 0 1 5
-3.1 11.6 2.2 78 0 1 5
-3.1 13.4 2.4 94 0 1 5
-3 9.6 0.5 82 0 1 5
-3 10.3 1.2 78 0 1 5
-3 13.3 2.5 90 0 1 5
-2.9 8.8 0 87 0 1 5
-2.9 11.8 2.3 77 0 1 5
-2.8 3.4 -0.3 40 0 1 1
-2.8 3.9 -0.1 48 0 1 1
-2.8 4.3 0 76 0 1 1
-2.8 4.7 0 103 0 1 1
-2.8 5 0 94 0 1 1
-2.8 5.4 0 121 0 1 1
-2.8 5.8 0 128 0 1 1
-2.8 6.2 0 72 0 1 1
-2.8 6.6 0 64 0 1 1
-2.8 7 0 80 0 1 1
-2.8 7.4 0 105 0 1 1
-2.8 7.8 0 101 0 1 1
-2.8 8.2 0 37 0 1 1
-2.8 8.6 0 105 0 1 1
-2.8 9.2 0.2 91 0 1 5
-2.8 12.6 2.4 86 0 1 5
-2.8 13.2 2.5 75 0 1 5
-2.6 10.6 1.4 91 0 1 5
-2.6 11 1.7 97 0 1 5
-2.6 12 2.4 90 0 1 5
-2.6 13.1 2.5 84 0 1 5
-2.4 3.1 -0.1 62 0 1 1
-2.4 3.5 -0.1 73 0 1 1
-2.4 3.9 0 96 0 1 1
-2.4 4.3 0 94 0 1 1
-2.4 4.7 0 73 0 1 1
-2.4 5 0 104 0 1 1
-2.4 5.4 0 103 0 1 1
-2.4 5.8 0 103 0 1 1
-2.4 6.2 0 84 0 1 1
-2.4 6.6 0 110 0 1 1
-2.4 7 0 110 0 1 1
-2.4 7.4 0 110 0 1 1
-2.4 7.8 0 98 0 1 1
-2.4 8.2 0 55 0 1 1
-2.4 8.6 0 62 0 1 1
-2.4 9 0 106 0 1 1
-2.4 12.6 2.5 84 0 1 5
-2.4 12.8 2.5 77 0 1 5
-2.3 11.3 1.9 93 0 1 5
-2.3 11.5 2.1 84 0 1 5
-2.3 12.9 2.6 77 0 1 5
-2.1 10.2 1.2 79 0 1 5
-2.1 11.8 2.3 88 0 1 5
-2.1 12.1 2.5 90 0 1 5
-2.1 12.3 2.6 88 0 1 5
-2.1 12.6 2.6 90 0 1 5
-2 3.1 0 105 0 1 1
-2 3.5 0 99 0 1 1
-2 3.9 0 112 0 1 1
-2 4.3 0 88 0 1 1
-2 4.7 0 104 0 1 1
-2 5 0 100 0 1 1
-2 5.4 0 67 0 1 1
-2 5.8 0 107 0 1 1
-2 6.2 0 98 0 1 1
-2 6.6 0 102 0 1 1
-2 7 0 106 0 1 1
-2 7.4 0 105 0 1 1
-2 7.8 0 109 0 1 1
-2 8.2 0 113 0 1 1
-2 8.6 0 117 0 1 1
-2 9 0 91 0 1 1
-2 9.4 0 96 0 1 1
-2 10.6 1.5 94 0 1 5
-2 11.2 1.7 84 0 1 5
-2 11.9 2.4 85 0 1 5
-1.9 11.3 1.9 60 0 1 5
-1.9 11.7 2.2 94 0 1 5
-1.8 12.2 2.5 90 0 1 5
-1.7 11.8 2.3 81 0 1 5
-1.7 12.6 2.6 87 0 1 5
-1.6 3.1 0 42 0 1 1
-1.6 3.5 0 112 0 1 1
-1.6 3.9 0 124 0 1 1
-1.6 4.3 0 89 0 1 1
-1.6 4.7 0 114 0 1 1
-1.6 5 0 106 0 1 1
-1.6 5.4 0 83 0 1 1
-1.6 5.8 0 111 0 1 1
-1.6 6.2 0 78 0 1 1
-1.6 6.6 0 111 0 1 1
-1.6 7 0 75 0 1 1
-1.6 7.4 0 103 0 1 1
-1.6 7.8 0 108 0 1 1
-1.6 8.2 0 89 0 1 1
-1.6 8.6 0 121 0 1 1
-1.6 9 0 112 0 1 1
-1.6 9.4 0 88 0 1 1
-1.6 9.4 0.4 44 0 1 5
-1.6 11.1 1.7 81 0 1 5
-1.6 12.3 2.6 97 0 1 5
-1.5 11.2 1.9 43 0 1 5
-1.5 11.5 2.2 71 0 1 5
-1.5 12 2.5 86 0 1 5
-1.5 12.4 2.6 99 0 1 5
-1.5 12.9 2.7 98 0 1 5
-1.4 11.7 2.4 80 0 1 5
-1.3 12 2.5 104 0 1 5
-1.2 3.1 0 109 0 1 1
-1.2 3.5 0 87 0 1 1
-1.2 3.9 0 108 0 1 1
-1.2 4.3 0 111 0 1 1
-1.2 4.7 0 69 0 1 1
-1.2 5 0 97 0 1 1
-1.2 5.4 0 94 0 1 1
-1.2 5.8 0 125 0 1 1
-1.2 6.2 0 109 0 1 1
-1.2 6.6 0 110 0 1 1
-1.2 7 0 72 0 1 1
-1.2 7.4 0 94 0 1 1
-1.2 7.8 0 106 0 1 1
-1.2 8.2 0 110 0 1 1
-1.2 8.6 0 110 0 1 1
-1.2 9 0 112 0 1 1
-1.2 9.1 0.1 87 0 1 5
-1.2 9.4 0 118 0 1 1
-1.2 9.8 0 105 0 1 1
-1.2 11.5 2.3 92 0 1 5
-1.2 13.1 2.7 79 0 1 5
-1.1 11 1.6 72 0 1 5
-1.1 11.3 2.1 56 0 1 5
-1.1 12.3 2.5 110 0 1 5
-1 10.8 1.5 96 0 1 5
-1 11.7 2.3 107 0 1 5
-0.9 11.3 2.2 86 0 1 5
-0.9 13.4 2.7 92 0 1 5
-0.8 3.1 0 116 0 1 1
-0.8 3.5 0 102 0 1 1
-0.8 3.9 0 109 0 1 1
-0.8 4.3 0 101 0 1 1
-0.8 4.7 0 103 0 1 1
-0.8 5 0 99 0 1 1
-0.8 5.4 0 94 0 1 1
-0.8 5.8 0 111 0 1 1
-0.8 6.2 0 97 0 1 1
-0.8 6.6 0 109 0 1 1
-0.8 7 0 93 0 1 1
-0.8 7.4 0 87 0 1 1
-0.8 7.8 0 131 0 1 1
-0.8 8.2 0 102 0 1 1
-0.8 8.6 0 126 0 1 1
-0.8 9 0 101 0 1 1
-0.8 9.4 0 99 0 1 1
-0.8 9.8 0 96 0 1 1
-0.8 10.5 1.3 72 0 1 5
-0.8 10.9 1.6 63 0 1 5
-0.8 11.5 2.2 110 0 1 5
-0.8 11.9 2.4 110 0 1 5
-0.8 12.3 2.5 105 0 1 5
-0.7 11.1 1.8 47 0 1 5
-0.7 11.6 2.3 100 0 1 5
-0.7 13.7 2.7 109 0 1 5
-0.6 10 0.9 88 0 1 5
-0.6 11.2 2.1 55 0 1 5
-0.5 11.2 2.1 106 0 1 5
-0.5 11.8 2.3 108 0 1 5
-0.4 3.1 0 108 0 1 1
-0.4 3.5 0 95 0 1 1
-0.4 3.9 0 112 0 1 1
-0.4 4.3 0 118 0 1 1
-0.4 4.7 0 108 0 1 1
-0.4 5 0 117 0 1 1
-0.4 5.4 0 89 0 1 1
-0.4 5.8 0 107 0 1 1
-0.4 6.2 0 111 0 1 1
-0.4 6.6 0 106 0 1 1
-0.4 7 0 94 0 1 1
-0.4 7.4 0 115 0 1 1
-0.4 7.8 0 82 0 1 1
-0.4 8.2 0 116 0 1 1
-0.4 8.6 0 107 0 1 1
-0.4 9 0 113 0 1 1
-0.4 9.4 0 113 0 1 1
-0.4 10.7 1.6 41 0 1 5
-0.4 10.8 1.7 45 0 1 5
-0.4 11.5 2.1 90 0 1 5
-0.4 11.6 2.2 105 0 1 5
-0.4 12.1 2.4 116 0 1 5
-0.4 14 2.7 92 0 1 5
-0.3 11 2 86 0 1 5
-0.3 11.2 2 115 0 1 5
-0.2 11.3 2 102 0 1 5
-0.2 13 2.4 111 0 1 5
0 3.1 0 120 0 1 1
0 3.5 -0.1 117 0 1 1
0 3.9 -0.1 97 0 1 1
0 4.3 -0.1 120 0 1 1
0 4.7 -0.1 95 0 1 1
0 5.1 -0.1 141 0 1 1
0 5.5 -0.1 116 0 1 1
0 5.8 -0.1 124 0 1 1
0 6.2 0 83 0 1 1
0 6.6 0 101 0 1 1
0 7 0 95 0 1 1
0 7.4 0 107 0 1 1
0 7.8 0 115 0 1 1
0 8.2 0 104 0 1 1
0 8.6 0 119 0 1 1
0 9 0 99 0 1 1
0 9.4 0 94 0 1 1
-0.1 9.4 0.4 80 0 1 5
-0.1 10.5 1.4 60 0 1 5
-0.1 10.8 1.8 69 0 1 5
-0.1 11 1.9 96 0 1 5
0 13.9 2.5 115 0 1 5
-0.1 14.3 2.6 79 0 1 5
0.1 10.1 1 88 0 1 5
0.1 11.9 2.3 100 0 1 5
0.1 12.2 2.4 119 0 1 5
0.1 14.5 2.6 109 0 1 5
0.2 14.6 2.5 97 0 1 5
0.3 3.1 -0.1 114 0 1 1
0.3 6.2 -0.1 101 0 1 1
0.3 6.6 0 89 0 1 1
0.3 7 0 110 0 1 1
0.3 7.4 0 101 0 1 1
0.3 7.8 0 120 0 1 1
0.3 8.2 0 94 0 1 1
0.3 8.6 0 105 0 1 1
0.3 9 0 104 0 1 1
0.3 9.9 0.8 78 0 1 5
0.3 10.2 1.2 63 0 1 5
0.3 10.5 1.6 76 0 1 5
0.4 3.5 -0.2 114 0 1 1
0.4 3.9 -0.3 101 0 1 1
0.4 4.3 -0.4 128 0 1 1
0.4 4.7 -0.4 119 0 1 1
0.4 5.1 -0.4 136 0 1 1
0.4 5.5 -0.3 125 0 1 1
0.4 5.9 -0.2 128 0 1 1
0.4 10.4 1.4 72 0 1 5
0.5 10.8 1.8 99 0 1 5
0.6 10.1 1.1 84 0 1 5
0.6 10.3 1.3 70 0 1 5
0.7 3.1 -0.1 117 0 1 1
0.7 6.2 -0.1 106 0 1 1
0.7 6.6 0 109 0 1 1
0.7 7 0 104 0 1 1
0.7 7.4 0 81 0 1 1
0.7 7.8 0 121 0 1 1
0.7 8.2 0 99 0 1 1
0.7 8.6 0 112 0 1 1
0.7 9 0 116 0 1 1
0.7 10 1 91 0 1 5
0.7 10.4 1.3 97 0 1 5
0.7 11.2 2.1 80 0 1 5
0.7 11.5 2.2 94 0 1 5
0.8 3.5 -0.3 84 0 1 1
0.8 4 -0.5 109 0 1 4
0.8 4.4 -0.6 104 0 1 4
0.8 4.8 -0.6 108 0 1 4
0.8 5.2 -0.6 109 0 1 4
0.8 5.6 -0.5 115 0 1 1
0.8 5.9 -0.3 89 0 1 1
0.8 8.9 0 100 0 1 5
0.8 12 2.4 103 0 1 5
0.9 12.3 2.5 98 0 1 5
1 11 2 88 0 1 5
1.1 3.1 -0.1 137 0 1 1
1.1 6.2 -0.1 100 0 1 1
1.1 6.6 0 110 0 1 1
1.1 7 0 102 0 1 1
1.1 7.4 0 91 0 1 1
1.1 7.8 0 95 0 1 1
1.1 8.2 0 74 0 1 1
1.1 8.6 0 122 0 1 1
1.1 9 0 94 0 1 1
1.1 9.7 0.7 82 0 1 5
1.1 9.8 0.8 103 0 1 5
1.1 10 0.9 108 0 1 5
1.2 3.6 -0.4 92 0 1 1
1.2 4 -0.6 80 0 1 4
1.2 5.6 -0.6 75 0 1 4
1.2 5.9 -0.4 106 0 1 1
1.3 4.4 -0.7 99 0 1 4
1.3 4.8 -0.7 104 0 1 4
1.3 5.2 -0.7 92 0 1 4
1.3 11.3 2.2 107 0 1 5
1.4 11.9 2.4 111 0 1 5
1.5 6.2 -0.1 126 0 1 1
1.5 6.6 0 115 0 1 1
1.5 7 0 99 0 1 1
1.5 7.4 0 115 0 1 1
1.5 7.8 0 109 0 1 1
1.5 8.2 0 108 0 1 1
1.5 8.6 0 103 0 1 1
1.5 9 0 129 0 1 1
1.6 3.6 -0.4 126 0 1 1
1.6 4 -0.6 94 0 1 4
1.6 5.6 -0.6 70 0 1 4
1.6 5.9 -0.4 70 0 1 1
1.6 9.3 0.3 105 0 1 5
1.7 4.4 -0.7 106 0 1 4
1.7 4.8 -0.7 89 0 1 4
1.7 5.2 -0.7 49 0 1 4
1.8 10.4 1.4 105 0 1 5
1.8 12.1 2.4 108 0 1 5
1.9 6.2 -0.1 90 0 1 1
1.9 6.6 0 114 0 1 1
1.9 7 0 110 0 1 1
1.9 7.4 0 112 0 1 1
1.9 7.8 0 113 0 1 1
1.9 8.2 0 112 0 1 1
1.9 8.6 0 110 0 1 1
1.9 9 0 113 0 1 1
1.9 11.1 2 120 0 1 5
2 4 -0.6 71 0 1 4
2 4.4 -0.7 92 0 1 4
2 4.8 -0.7 91 0 1 4
2 5.2 -0.7 99 0 1 4
2 5.6 -0.6 90 0 1 4
2 5.9 -0.4 79 0 1 1
2.1 9.1 0.2 109 0 1 5
2.2 9.6 0.6 110 0 1 5
2.2 11.7 2.3 118 0 1 5
2.3 6.2 -0.1 108 0 1 1
2.3 6.6 0 116 0 1 1
2.3 7 0 115 0 1 1
2.3 7.4 0 103 0 1 1
2.3 7.8 0 118 0 1 1
2.3 8.2 0 117 0 1 1
2.3 8.6 0 114 0 1 1
2.3 11.4 2.2 109 0 1 5
2.4 4.1 -0.7 109 0 1 4
2.4 4.4 -0.7 87 0 1 4
2.4 4.8 -0.7 102 0 1 4
2.4 5.2 -0.7 98 0 1 4
2.4 5.6 -0.6 99 0 1 4
2.4 5.9 -0.4 98 0 1 1
2.6 9.9 0.8 110 0 1 5
2.6 10.8 1.7 113 0 1 5
2.7 6.2 -0.1 99 0 1 1
2.7 6.6 0 118 0 1 1
2.7 7 0 118 0 1 1
2.7 7.4 0 119 0 1 1
2.7 7.8 0 120 0 1 1
2.7 8.2 0 106 0 1 1
2.7 8.6 0 107 0 1 1
2.8 4.1 -0.7 107 0 1 4
2.8 4.4 -0.7 97 0 1 4
2.8 4.8 -0.7 68 0 1 4
2.8 5.2 -0.7 106 0 1 4
2.8 5.6 -0.6 83 0 1 4
2.8 5.9 -0.4 100 0 1 1
2.8 8.8 0 112 0 1 5
2.9 12.1 2.3 107 0 1 5
3 11.4 2.1 129 0 1 5
3.1 6.2 -0.1 76 0 1 1
3.1 6.6 0 120 0 1 1
3.1 7 0 122 0 1 1
3.1 7.4 0 105 0 1 1
3.1 7.8 0 107 0 1 1
3.1 8.2 0 120 0 1 1
3.1 8.6 0 113 0 1 1
3.1 9.5 0.3 119 0 1 5
3.1 10.4 1.2 121 0 1 5
3.2 4.1 -0.7 106 0 1 4
3.2 4.4 -0.7 102 0 1 4
3.2 4.8 -0.7 90 0 1 4
3.2 5.2 -0.7 82 0 1 4
3.2 5.6 -0.6 88 0 1 4
3.2 5.9 -0.4 102 0 1 1
3.2 11.1 1.9 126 0 1 5
3.5 5.9 -0.3 42 0 1 1
3.5 6.2 -0.1 88 0 1 1
3.5 6.6 0 116 0 1 1
3.5 7 0 118 0 1 1
3.5 7.4 0 130 0 1 1
3.5 7.8 0 124 0 1 1
3.5 8.2 0 122 0 1 1
3.5 8.6 0 106 0 1 1
3.5 9 0 119 0 1 1
3.6 4.1 -0.7 82 0 1 4
3.6 4.4 -0.7 85 0 1 4
3.6 4.8 -0.6 80 0 1 4
3.6 5.2 -0.6 59 0 1 4
3.6 5.6 -0.5 57 0 1 1
3.6 11.7 2.1 133 0 1 5
3.6 12.1 2.1 95 0 1 5
3.7 9.8 0.6 121 0 1 5
3.7 10.5 1.1 136 0 1 5
3.8 11.2 1.7 144 0 1 5
3.9 5.1 -0.4 38 0 1 4
3.9 5.5 -0.3 54 0 1 1
3.9 5.9 -0.2 76 0 1 1
3.9 6.2 -0.1 104 0 1 1
3.9 6.6 0 116 0 1 1
3.9 7 0 119 0 1 1
3.9 7.4 0 123 0 1 1
3.9 7.8 0 127 0 1 1
3.9 8.2 0 122 0 1 1
3.9 8.6 0 126 0 1 1
3.9 9 0 121 0 1 1
3.9 9.4 0.2 125 0 1 5
4 4 -0.6 61 0 1 4
4 4.4 -0.6 67 0 1 4
4 4.8 -0.5 46 0 1 4
4.1 10.6 1 148 0 1 5
4.1 11.5 1.7 150 0 1 5
4.1 11.9 2 120 0 1 5
4.3 4.3 -0.4 49 0 1 1
4.3 4.7 -0.3 43 0 1 1
4.3 5.1 -0.2 89 0 1 1
4.3 5.5 -0.1 99 0 1 1
4.3 5.8 -0.1 88 0 1 1
4.3 6.2 0 124 0 1 1
4.3 6.6 0 119 0 1 1
4.3 7 0 135 0 1 1
4.3 7.4 0 115 0 1 1
4.3 7.8 0 118 0 1 1
4.3 8.2 0 120 0 1 1
4.3 8.6 0 110 0 1 1
4.3 9 0 126 0 1 1
4.3 11.1 1.4 155 0 1 5
4.4 11.7 1.8 154 0 1 5
4.5 10 0.5 130 0 1 5
4.6 12 1.9 122 0 1 5
4.7 4.7 -0.1 65 0 1 1
4.7 5.1 -0.1 96 0 1 1
4.7 5.4 0 110 0 1 1
4.7 5.8 0 119 0 1 1
4.7 6.2 0 131 0 1 1
4.7 6.6 0 132 0 1 1
4.7 7 0 115 0 1 1
4.7 7.4 0 122 0 1 1
4.7 7.8 0 119 0 1 1
4.7 8.2 0 124 0 1 1
4.7 8.6 0 141 0 1 1
4.7 9 0 110 0 1 1
4.7 11.8 1.7 157 0 1 5
4.8 9.2 0 128 0 1 5
4.8 10.9 1 151 0 1 5
4.8 11.6 1.5 162 0 1 5
4.9 12.1 1.8 104 0 1 5
5 5 0 132 0 1 1
5 5.4 0 105 0 1 1
5 5.8 0 129 0 1 1
5 6.2 0 121 0 1 1
5 6.6 0 125 0 1 1
5 7 0 121 0 1 1
5 7.4 0 95 0 1 1
5 7.8 0 128 0 1 1
5 8.2 0 123 0 1 1
5 8.6 0 123 0 1 1
5 9 0 127 0 1 1
5 9.4 0 114 0 1 1
5.1 9.6 0.2 134 0 1 5
5.1 10.8 0.8 136 0 1 5
5.2 11.4 1.1 156 0 1 5
5.4 5.4 0 138 0 1 1
5.4 5.8 0 121 0 1 1
5.4 6.2 0 132 0 1 1
5.4 6.6 0 127 0 1 1
5.4 7 0 131 0 1 1
5.4 7.4 0 131 0 1 1
5.4 7.8 0 129 0 1 1
5.4 8.2 0 117 0 1 1
5.4 8.6 0 137 0 1 1
5.4 9 0 131 0 1 1
5.4 9.4 0 131 0 1 1
5.4 12.1 1.5 154 0 1 5
5.4 12.4 1.6 113 0 1 5
5.5 11.2 0.8 144 0 1 5
5.5 11.9 1.2 158 0 1 5
5.6 11.4 0.8 149 0 1 5
5.8 5.8 0 108 0 1 1
5.8 6.2 0 140 0 1 1
5.8 6.6 0 125 0 1 1
5.8 7 0 142 0 1 1
5.8 7.4 0 101 0 1 1
5.8 7.8 0 108 0 1 1
5.8 8.2 0 119 0 1 1
5.8 8.6 0 125 0 1 1
5.8 9 0 131 0 1 1
5.8 9.4 0 148 0 1 1
5.8 9.8 0 132 0 1 1
5.8 11.8 1 155 0 1 5
5.9 12.3 1.4 130 0 1 5
6 11.5 0.8 150 0 1 5
6.1 10.9 0.6 137 0 1 5
6.1 12 1.1 154 0 1 5
6.2 6.2 0 136 0 1 1
6.2 6.6 0 135 0 1 1
6.2 7 0 100 0 1 1
6.2 7.4 0 117 0 1 1
6.2 7.8 0 103 0 1 1
6.2 8.2 0 126 0 1 1
6.2 8.6 0 117 0 1 1
6.2 9 0 139 0 1 1
6.2 9.4 0 128 0 1 1
6.2 9.8 0 119 0 1 1
6.3 9.7 0.1 128 0 1 5
6.4 10.3 0.2 128 0 1 5
6.6 6.6 0 130 0 1 1
6.6 7 0 138 0 1 1
6.6 7.4 0 133 0 1 1
6.6 7.8 0 130 0 1 1
6.6 8.2 0 123 0 1 1
6.6 8.6 0 131 0 1 1
6.6 9 0 130 0 1 1
6.6 9.4 0 91 0 1 1
6.6 9.8 0 117 0 1 1
6.6 12.3 1 156 0 1 5
6.7 12.6 1 87 0 1 5
7 7 0 140 0 1 1
7 7.4 0 131 0 1 1
7 7.8 0 136 0 1 1
7 8.2 0 144 0 1 1
7 8.6 0 122 0 1 1
7 9 0 130 0 1 1
7 9.4 0 125 0 1 1
7 9.8 0 122 0 1 1
7 10.1 0 100 0 1 1
7 11.7 0.5 158 0 1 5
7.1 10.8 0.3 149 0 1 5
7.1 11.3 0.4 147 0 1 5
7.1 12 0.7 160 0 1 5
7.4 7.4 0 137 0 1 1
7.4 7.8 0 142 0 1 1
7.4 8.2 0 125 0 1 1
7.4 8.6 0 136 0 1 1
7.4 9 0 135 0 1 1
7.4 9.4 0 115 0 1 1
7.4 9.8 0 128 0 1 1
7.4 10.1 0 132 0 1 1
7.4 10.5 0 110 0 1 1
7.5 11.7 0.4 157 0 1 5
7.8 7.8 0 135 0 1 1
7.8 8.2 0 139 0 1 1
7.8 8.6 0 140 0 1 1
7.8 9 0 88 0 1 1
7.8 9.4 0 112 0 1 1
7.8 9.8 0 139 0 1 1
7.8 10.1 0 117 0 1 1
7.8 10.5 0 136 0 1 1
7.8 10.5 0.1 138 0 1 5
8 12 0.3 160 0 1 5
8.2 8.2 0 134 0 1 1
8.2 8.6 0 113 0 1 1
8.2 9 0 94 0 1 1
8.2 9.4 0 86 0 1 1
8.2 9.8 0 122 0 1 1
8.2 10.1 0 127 0 1 1
8.2 10.5 0 130 0 1 1
8.3 11.4 0.1 145 0 1 5
8.5 12.1 0.1 144 0 1 5
8.6 8.6 0 68 0 1 1
8.6 9 0 74 0 1 1
8.6 9.4 0 81 0 1 1
8.6 9.8 0 110 0 1 1
8.6 10.1 0 135 0 1 1
8.6 10.5 0 112 0 1 1
8.6 10.8 0 135 0 1 5
8.6 10.9 0 158 0 1 1
8.6 11.3 0 161 0 1 1
9 9 0 83 0 1 1
9 9.4 0 110 0 1 1
9 9.8 0 100 0 1 1
9 10.1 0 129 0 1 1
9 10.5 0 136 0 1 1
9 10.9 0 136 0 1 1
9 11.3 0 129 0 1 1
9 11.7 0 130 0 1 1
9 12.1 0 127 0 1 1
9 12.5 0 127 0 1 1
9.1 9.1 -0.1 81 0 1 3
9.1 9.2 0.1 28 0 1 3
9.1 9.2 0.3 27 0 1 3
9.2 9.2 0.5 24 0 1 3
9.2 9.5 0.1 34 0 1 3
9.2 9.5 0.4 29 0 1 3
9.3 9.4 1 17 0 1 3
9.3 9.5 0.8 24 0 1 3
9.3 9.6 0.5 36 0 1 3
9.3 9.7 0.9 31 0 1 3
9.4 9.6 1.2 33 0 1 3
9.4 9.7 0 35 0 1 3
9.4 9.7 1.1 57 0 1 3
9.4 9.8 0 135 0 1 1
9.4 9.9 0.3 35 0 1 3
9.4 10 0.2 89 0 1 3
9.4 10 0.5 97 0 1 3
9.4 10.1 0 109 0 1 1
9.4 10.5 0 118 0 1 1
9.4 10.9 0 124 0 1 1
9.4 11.3 0 122 0 1 1
9.4 11.7 0 130 0 1 1
9.4 12.1 0 129 0 1 1
9.4 12.5 0 131 0 1 1
9.4 12.9 0 118 0 1 1
9.4 13.3 0 125 0 1 1
9.4 13.7 0 151 0 1 1
9.5 9.9 0.9 63 0 1 3
9.5 10.1 0.4 115 0 1 3
9.6 9.8 1.2 69 0 1 3
9.6 9.9 1.1 50 0 1 3
9.6 10.1 0.2 58 0 1 3
9.8 10.5 0 118 0 1 1
9.8 10.9 0 125 0 1 1
9.8 11.3 0 131 0 1 1
9.8 11.7 0 122 0 1 1
9.8 12.1 0 126 0 1 1
9.8 12.5 0 125 0 1 1
9.8 12.9 0 127 0 1 1
9.8 13.3 0 124 0 1 1
9.8 13.7 0 118 0 1 1
9.8 14.1 0 123 0 1 1
9.8 14.5 0 132 0 1 1
9.8 14.9 0 137 0 1 1
9.8 15.2 0 158 0 1 1
10.1 10.9 0 125 0 1 1
10.1 11.3 0 127 0 1 1
10.1 11.7 0 126 0 1 1
10.1 12.1 0 121 0 1 1
10.1 12.5 0 132 0 1 1
10.1 12.9 0 130 0 1 1
10.1 13.3 0 129 0 1 1
10.1 13.7 0 126 0 1 1
10.1 14.1 0 125 0 1 1
10.1 14.5 0 131 0 1 1
10.1 14.9 0 125 0 1 1
10.1 15.2 0 123 0 1 1
10.1 15.6 0 123 0 1 1
10.1 16 0 159 0 1 1
10.4 16.9 0 160 0 1 1
10.5 11.3 0 118 0 1 1
10.5 11.7 0 139 0 1 1
10.5 12.1 0 128 0 1 1
10.5 12.5 0 131 0 1 1
10.5 12.9 0 126 0 1 1
10.5 13.3 0 129 0 1 1
10.5 13.7 0 127 0 1 1
10.5 14.1 0 133 0 1 1
10.5 14.5 0 132 0 1 1
10.5 14.9 0 133 0 1 1
10.5 15.2 0 124 0 1 1
10.5 15.6 0 126 0 1 1
10.5 16 0 126 0 1 1
10.5 16.4 0 124 0 1 1
10.5 16.8 0 114 0 1 1
10.5 16.9 0 116 0 1 1
10.6 16.8 0 103 0 1 1
10.9 11.7 0 136 0 1 1
10.9 12.1 0 136 0 1 1
10.9 12.5 0 122 0 1 1
10.9 12.9 0 134 0 1 1
10.9 13.3 0 128 0 1 1
10.9 13.7 0 130 0 1 1
10.9 14.1 0 128 0 1 1
10.9 14.5 0 121 0 1 1
10.9 14.9 0 113 0 1 1
10.9 15.2 0 131 0 1 1
10.9 15.6 0 125 0 1 1
10.9 16 0 120 0 1 1
10.9 16.4 0 126 0 1 1
10.9 16.6 0 98 0 1 1
11.1 16.6 0 114 0 1 1
11.3 12.1 0 140 0 1 1
11.3 12.5 0 134 0 1 1
11.3 12.9 0 129 0 1 1
11.3 13.3 0 123 0 1 1
11.3 13.7 0 132 0 1 1
11.3 14.1 0 128 0 1 1
11.3 14.5 0 131 0 1 1
11.3 14.9 0 125 0 1 1
11.3 15.2 0 130 0 1 1
11.3 15.6 0 131 0 1 1
11.3 16 0 132 0 1 1
11.3 16.4 0 117 0 1 1
11.6 16.1 0 112 0 1 1
11.7 12.5 0 126 0 1 1
11.7 12.9 0 117 0 1 1
11.7 13.3 0 129 0 1 1
11.7 13.7 0 131 0 1 1
11.7 14.1 0 131 0 1 1
11.7 14.5 0 128 0 1 1
11.7 14.9 0 137 0 1 1
11.7 15.2 0 132 0 1 1
11.7 15.6 0 141 0 1 1
11.7 16 0 86 0 1 1
12.1 12.9 0 66 0 1 1
12.1 13.3 0 139 0 1 1
12.1 13.7 0 120 0 1 1
12.1 14.1 0 132 0 1 1
12.1 14.5 0 132 0 1 1
12.1 14.9 0 133 0 1 1
12.1 15.2 0 132 0 1 1
12.1 15.6 0 101 0 1 1
12.1 15.7 0 114 0 1 1
12.2 15.6 0 82 0 1 1
12.5 13.7 0 134 0 1 1
12.5 14.1 0 121 0 1 1
12.5 14.5 0 126 0 1 1
12.5 14.9 0 130 0 1 1
12.5 15.2 0 131 0 1 1
12.5 15.4 0 92 0 1 1
12.7 15.2 0 129 0 1 1
12.9 14.1 0 137 0 1 1
12.9 14.5 0 118 0 1 1
12.9 14.9 0 134 0 1 1
12.9 15.1 0 116 0 1 1
13.2 14.9 0 115 0 1 1
13.3 14.5 0 138 0 1 1
13.3 14.8 0 116 0 1 1
