-19.9 1.1 0 69 0 1 1
-19.9 1.9 0 70 0 1 1
-19.8 2.3 0 79 0 1 1
-19.8 2.7 0 71 0 1 1
-19.7 1.1 0 58 0 1 1
-19.7 1.5 0 61 0 1 1
-19.7 1.9 0 65 0 1 1
-19.7 2.3 0 78 0 1 1
-19.7 2.7 0 76 0 1 1
-19.7 3.1 0 78 0 1 1
-19.7 3.5 0 83 0 1 1
-19.7 3.9 0 75 0 1 1
-19.5 4.3 0 77 0 1 1
-19.5 4.4 0 78 0 1 1
-19.4 4.7 0 79 0 1 1
-19.3 1.1 0 60 0 1 1
-19.3 1.5 0 57 0 1 1
-19.3 1.9 0 50 0 1 1
-19.3 2.3 0 64 0 1 1
-19.3 2.7 0 74 0 1 1
-19.3 3.1 0 80 0 1 1
-19.3 3.5 0 81 0 1 1
-19.3 3.9 0 76 0 1 1
-19.3 4.3 0 83 0 1 1
-19.3 4.7 0 83 0 1 1
-19.3 5 0 80 0 1 1
-19.3 5.2 0 71 0 1 1
-19.2 5.4 0 76 0 1 1
-19.1 5.8 0 69 0 1 1
-18.9 1.1 0 56 0 1 1
-18.9 1.5 0 51 0 1 1
-18.9 1.9 0 33 0 1 1
-18.9 2.3 0 41 0 1 1
-18.9 2.7 0 56 0 1 1
-18.9 3.1 0 74 0 1 1
-18.9 3.5 0 81 0 1 1
-18.9 3.9 0 79 0 1 1
-18.9 4.3 0 82 0 1 1
-18.9 4.7 0 57 0 1 1
-18.9 5 0 69 0 1 1
-18.9 5.4 0 80 0 1 1
-18.9 5.8 0 75 0 1 1
-18.9 6.2 0 77 0 1 1
-18.9 6.5 0 77 0 1 1
-18.8 6.6 0 78 0 1 1
-18.6 -7.5 0 69 0 1 1
-18.5 -7.8 0 61 0 1 1
-18.5 -7.7 0 67 0 1 1
-18.5 -7.5 0 75 0 1 1
-18.5 1.1 0 57 0 1 1
-18.5 1.5 0 48 0 1 1
-18.5 1.9 0 34 0 1 1
-18.5 2.3 0 28 0 1 1
-18.5 2.7 0 38 0 1 1
-18.5 3.1 0 52 0 1 1
-18.5 3.5 0 69 0 1 1
-18.5 3.9 0 81 0 1 1
-18.5 4.3 0 80 0 1 1
-18.5 4.7 0 61 0 1 1
-18.5 5 0 64 0 1 1
-18.5 5.4 0 81 0 1 1
-18.5 5.8 0 85 0 1 1
-18.5 6.2 0 70 0 1 1
-18.5 6.6 0 81 0 1 1
-18.4 -7.9 0 67 0 1 1
-18.2 -8.3 0 77 0 1 1
-18.1 -8.5 0 77 0 1 1
-18.1 -8.3 0 89 0 1 1
-18.1 -7.9 0 79 0 1 1
-18.1 -7.5 0 96 0 1 1
-18.1 1.1 0 52 0 1 1
-18.1 1.5 0 39 0 1 1
-18.1 1.9 0 32 0 1 1
-18.1 2.3 0 36 0 1 1
-18.1 2.7 0 34 0 1 1
-18.1 3.1 0 41 0 1 1
-18.1 3.5 0 48 0 1 1
-18.1 3.9 0 69 0 1 1
-18.1 4.3 0 83 0 1 1
-18.1 4.7 0 72 0 1 1
-18.1 5 0 82 0 1 1
-18.1 5.4 0 77 0 1 1
-18.1 5.8 0 77 0 1 1
-18.1 6.2 0 86 0 1 1
-18 -8.7 0 70 0 1 1
-17.8 -9.1 0 73 0 1 1
-17.7 -9.1 0 74 0 1 1
-17.7 -8.7 0 63 0 1 1
-17.7 -8.3 0 79 0 1 1
-17.7 -7.9 0 85 0 1 1
-17.7 -7.5 0 83 0 1 1
-17.7 -7.1 0 83 0 1 1
-17.7 1.1 0 55 0 1 1
-17.7 1.5 0 32 0 1 1
-17.7 1.9 0 33 0 1 1
-17.7 2.3 0 39 0 1 1
-17.7 2.7 0 35 0 1 1
-17.7 3.1 0 38 0 1 1
-17.7 3.5 0 44 0 1 1
-17.7 3.9 0 51 0 1 1
-17.7 4.3 0 71 0 1 1
-17.7 4.7 0 81 0 1 1
-17.7 5 0 92 0 1 1
-17.7 5.4 0 86 0 1 1
-17.7 5.8 0 78 0 1 1
-17.7 6.2 0 76 0 1 1
-17.3 -8.7 0 90 0 1 1
-17.3 -8.3 0 84 0 1 1
-17.3 -7.9 0 82 0 1 1
-17.3 -7.5 0 88 0 1 1
-17.3 -7.1 0 93 0 1 1
-17.3 1.1 0 73 0 1 1
-17.3 1.5 0 67 0 1 1
-17.3 1.9 0 76 0 1 1
-17.3 2.3 0 76 0 1 1
-17.3 2.7 0 50 0 1 1
-17.3 3.1 0 60 0 1 1
-17.3 3.5 0 50 0 1 1
-17.3 3.9 0 49 0 1 1
-17.3 4.3 0 54 0 1 1
-17.3 4.7 0 78 0 1 1
-17.3 5 0 91 0 1 1
-17.3 5.4 0 67 0 1 1
-17.3 5.8 0 84 0 1 1
-17.3 6.2 0 81 0 1 1
-17.2 10.1 0 77 0 1 1
-17 10.5 0 86 0 1 1
-16.9 -8.7 0 75 0 1 1
-16.9 -8.3 0 82 0 1 1
-16.9 -7.9 0 94 0 1 1
-16.9 -7.5 0 68 0 1 1
-16.9 -7.1 0 84 0 1 1
-16.9 -6.7 0 59 0 1 1
-16.9 1.1 0 73 0 1 1
-16.9 1.5 0 88 0 1 1
-16.9 1.9 0 92 0 1 1
-16.9 2.3 0 81 0 1 1
-16.9 2.7 0 71 0 1 1
-16.9 3.1 0 84 0 1 1
-16.9 3.5 0 71 0 1 1
-16.9 3.9 0 76 0 1 1
-16.9 4.3 0 67 0 1 1
-16.9 4.7 0 70 0 1 1
-16.9 5 0 56 0 1 1
-16.9 5.4 0 70 0 1 1
-16.9 5.8 0 79 0 1 1
-16.9 10.1 0 90 0 1 1
-16.9 10.5 0 87 0 1 1
-16.9 10.6 0 84 0 1 1
-16.8 10.8 0 82 0 1 1
-16.7 10.9 0 87 0 1 1
-16.7 11.1 0 91 0 1 1
-16.5 -8.3 0 93 0 1 1
-16.5 -7.9 0 81 0 1 1
-16.5 -7.5 0 89 0 1 1
-16.5 -7.1 0 86 0 1 1
-16.5 -6.7 0 82 0 1 1
-16.5 1.1 0 63 0 1 1
-16.5 1.5 0 69 0 1 1
-16.5 1.9 0 57 0 1 1
-16.5 2.3 0 83 0 1 1
-16.5 2.7 0 68 0 1 1
-16.5 3.1 0 77 0 1 1
-16.5 3.5 0 80 0 1 1
-16.5 3.9 0 77 0 1 1
-16.5 4.3 0 79 0 1 1
-16.5 4.7 0 76 0 1 1
-16.5 5 0 82 0 1 1
-16.5 5.4 0 46 0 1 1
-16.5 5.8 0 70 0 1 1
-16.5 9.8 0 66 0 1 1
-16.5 10.1 0 89 0 1 1
-16.5 10.5 0 92 0 1 1
-16.5 10.9 0 89 0 1 1
-16.5 11.3 0 100 0 1 1
-16.1 -8.3 0 61 0 1 1
-16.1 -7.9 0 85 0 1 1
-16.1 -7.5 0 79 0 1 1
-16.1 -7.1 0 83 0 1 1
-16.1 -6.7 0 96 0 1 1
-16.1 1.1 0 83 0 1 1
-16.1 1.5 0 81 0 1 1
-16.1 1.9 0 82 0 1 1
-16.1 2.3 0 54 0 1 1
-16.1 2.7 0 67 0 1 1
-16.1 3.1 0 83 0 1 1
-16.1 3.5 0 79 0 1 1
-16.1 3.9 0 82 0 1 1
-16.1 4.3 0 84 0 1 1
-16.1 4.7 0 61 0 1 1
-16.1 5 0 73 0 1 1
-16.1 5.4 0 57 0 1 1
-16.1 5.8 0 53 0 1 1
-16.1 9.8 0 65 0 1 1
-16.1 10.1 0 85 0 1 1
-16.1 10.5 0 67 0 1 1
-16.1 10.9 0 63 0 1 1
-16.1 11.3 0 71 0 1 1
-16.1 11.7 0 85 0 1 1
-15.8 12.1 0 98 0 1 1
-15.7 -7.9 0 87 0 1 1
-15.7 -7.5 0 79 0 1 1
-15.7 -7.1 0 72 0 1 1
-15.7 -6.7 0 87 0 1 1
-15.7 -6.3 0 75 0 1 1
-15.7 1.1 0 87 0 1 1
-15.7 1.5 0 78 0 1 1
-15.7 1.9 0 67 0 1 1
-15.7 2.3 0 81 0 1 1
-15.7 2.7 0 81 0 1 1
-15.7 3.1 0 80 0 1 1
-15.7 3.5 0 83 0 1 1
-15.7 3.9 0 76 0 1 1
-15.7 4.3 0 86 0 1 1
-15.7 4.7 0 83 0 1 1
-15.7 5 0 77 0 1 1
-15.7 5.4 0 66 0 1 1
-15.7 9.4 0 90 0 1 1
-15.7 9.8 0 84 0 1 1
-15.7 10.1 0 94 0 1 1
-15.7 10.5 0 86 0 1 1
-15.7 10.9 0 82 0 1 1
-15.7 11.3 0 83 0 1 1
-15.7 11.7 0 84 0 1 1
-15.7 12.1 0 96 0 1 1
-15.7 12.2 0 95 0 1 1
-15.6 12.4 0 84 0 1 1
-15.5 -2.1 2 98 0 1 3
-15.5 12.5 0 100 0 1 1
-15.3 -7.9 0 82 0 1 1
-15.3 -7.5 0 81 0 1 1
-15.3 -7.1 0 82 0 1 1
-15.3 -6.7 0 74 0 1 1
-15.3 -6.3 0 94 0 1 1
-15.3 -1.4 2 70 0 1 3
-15.3 1.1 0 81 0 1 1
-15.3 1.5 0 71 0 1 1
-15.3 1.9 0 70 0 1 1
-15.3 2.3 0 75 0 1 1
-15.3 2.7 0 82 0 1 1
-15.3 3.1 0 79 0 1 1
-15.3 3.5 0 81 0 1 1
-15.3 3.9 0 87 0 1 1
-15.3 4.3 0 81 0 1 1
-15.3 4.7 0 84 0 1 1
-15.3 5 0 72 0 1 1
-15.3 5.4 0 70 0 1 1
-15.3 9.4 0 82 0 1 1
-15.3 9.8 0 81 0 1 1
-15.3 10.1 0 90 0 1 1
-15.3 10.5 0 82 0 1 1
-15.3 10.9 0 103 0 1 1
-15.3 11.3 0 58 0 1 1
-15.3 11.7 0 84 0 1 1
-15.3 12.1 0 91 0 1 1
-15.3 12.5 0 97 0 1 1
-15.3 12.7 0 85 0 1 1
-15.2 12.9 0 92 0 1 1
-15.1 -1.8 2 87 0 1 3
-15 -7.5 0 57 0 1 1
-15 -7.1 0 86 0 1 1
-15 -6.7 0 90 0 1 1
-15 -6.3 0 83 0 1 1
-15 -5.9 0 84 0 1 1
-15 -1.2 1.9 92 0 1 3
-15 -0.8 1.9 70 0 1 3
-15 -0.5 1.9 74 0 1 3
-15 1.1 0 90 0 1 1
-15 1.5 0 67 0 1 1
-15 1.9 0 29 0 1 1
-15 2.3 0 55 0 1 1
-15 2.7 0 80 0 1 1
-15 3.1 0 90 0 1 1
-15 3.5 0 90 0 1 1
-15 3.9 0 87 0 1 1
-15 4.3 0 84 0 1 1
-15 4.7 0 85 0 1 1
-15 5 0 84 0 1 1
-15 5.4 0 73 0 1 1
-15 9 0 90 0 1 1
-15 9.4 0 93 0 1 1
-15 9.8 0 88 0 1 1
-15 10.1 0 100 0 1 1
-15 10.5 0 91 0 1 1
-15 10.9 0 74 0 1 1
-15 11.3 0 74 0 1 1
-15 11.7 0 77 0 1 1
-15 12.1 0 80 0 1 1
-15 12.5 0 68 0 1 1
-15 12.9 0 91 0 1 1
-15 13.2 0 80 0 1 1
-14.9 -1.6 2 92 0 1 3
-14.9 13.3 0 100 0 1 1
-14.8 -5.6 1.2 81 0 1 3
-14.8 -2 2 105 0 1 3
-14.8 -0.9 1.9 103 0 1 3
-14.8 -0.4 1.7 84 0 1 3
-14.7 -5.4 1.5 70 0 1 3
-14.7 -4.1 2.4 89 0 1 3
-14.7 -1.6 2.1 83 0 1 3
-14.7 -1.3 1.9 50 0 1 3
-14.6 -7.5 0 94 0 1 1
-14.6 -7.1 0 96 0 1 1
-14.6 -6.7 0 58 0 1 1
-14.6 -6.3 0 92 0 1 1
-14.6 -5.9 0 80 0 1 1
-14.6 -4.4 2.3 69 0 1 3
-14.6 -0.8 1.7 103 0 1 3
-14.6 1.1 0 89 0 1 1
-14.6 1.5 0 117 0 1 1
-14.6 1.9 0 94 0 1 1
-14.6 2.3 0 51 0 1 1
-14.6 2.7 0 55 0 1 1
-14.6 3.1 0 84 0 1 1
-14.6 3.5 0 81 0 1 1
-14.6 3.9 0 80 0 1 1
-14.6 4.3 0 91 0 1 1
-14.6 4.7 0 87 0 1 1
-14.6 5 0 82 0 1 1
-14.6 9 0 67 0 1 1
-14.6 9.4 0 86 0 1 1
-14.6 9.8 0 93 0 1 1
-14.6 10.1 0 41 0 1 1
-14.6 10.5 0 42 0 1 1
-14.6 10.9 0 71 0 1 1
-14.6 11.3 0 90 0 1 1
-14.6 11.7 0 77 0 1 1
-14.6 12.1 0 89 0 1 1
-14.6 12.5 0 71 0 1 1
-14.6 12.9 0 91 0 1 1
-14.6 13.3 0 88 0 1 1
-14.6 13.6 0 89 0 1 1
-14.5 -5.6 1.1 66 0 1 3
-14.5 -1.4 1.9 98 0 1 3
-14.5 -1.1 1.7 114 0 1 3
-14.5 13.7 0 89 0 1 1
-14.4 -1.7 1.9 102 0 1 3
-14.4 -0.4 1.5 92 0 1 3
-14.4 5.7 1.2 66 0 1 3
-14.4 6.1 1.2 79 0 1 3
-14.4 6.3 1.2 50 0 1 3
-14.4 7.2 1.2 78 0 1 3
-14.3 -5.3 1.5 78 0 1 3
-14.3 -4 2.4 71 0 1 3
-14.3 -1 1.6 96 0 1 3
-14.3 5.9 1.1 88 0 1 3
-14.3 6.4 1.3 83 0 1 3
-14.3 7.3 1.2 79 0 1 3
-14.2 -7.1 0 91 0 1 1
-14.2 -6.7 0 71 0 1 1
-14.2 -6.3 0 91 0 1 1
-14.2 -5.9 0 83 0 1 1
-14.2 -4.4 2.2 93 0 1 3
-14.2 -1.3 1.7 88 0 1 3
-14.2 -0.7 1.5 104 0 1 3
-14.2 1.1 0 88 0 1 1
-14.2 1.5 0 85 0 1 1
-14.2 1.9 0 81 0 1 1
-14.2 2.3 0 63 0 1 1
-14.2 2.7 0 75 0 1 1
-14.2 3.1 0 77 0 1 1
-14.2 3.5 0 86 0 1 1
-14.2 3.9 0 53 0 1 1
-14.2 4.3 0 50 0 1 1
-14.2 4.7 0 86 0 1 1
-14.2 5 0 83 0 1 1
-14.2 5.5 1.1 44 0 1 3
-14.2 8.6 0 81 0 1 1
-14.2 9 0 92 0 1 1
-14.2 9.4 0 88 0 1 1
-14.2 9.8 0 95 0 1 1
-14.2 10.1 0 83 0 1 1
-14.2 10.5 0 81 0 1 1
-14.2 10.9 0 60 0 1 1
-14.2 11.3 0 84 0 1 1
-14.2 11.7 0 98 0 1 1
-14.2 12.1 0 76 0 1 1
-14.2 12.5 0 77 0 1 1
-14.2 12.9 0 89 0 1 1
-14.2 13.3 0 93 0 1 1
-14.2 13.7 0 74 0 1 1
-14.2 14.1 0 94 0 1 1
-14.1 -5 1.8 72 0 1 3
-14.1 -0.3 1.5 96 0 1 3
-14.1 0 1.4 79 0 1 3
-14.1 5.1 0.3 52 0 1 3
-14.1 5.1 0.6 64 0 1 3
-14.1 5.4 0.9 37 0 1 3
-14.1 5.4 1 68 0 1 3
-14.1 7.1 1.2 81 0 1 3
-14 5 0.5 76 0 1 3
-14 5.3 0.8 52 0 1 3
-14 5.5 1.2 74 0 1 3
-14 6.4 1.3 79 0 1 3
-14 6.6 1.3 74 0 1 3
-14 14.3 0 85 0 1 1
-13.9 -1.3 1.6 102 0 1 3
-13.9 -1 1.5 90 0 1 3
-13.9 -0.6 1.4 93 0 1 3
-13.9 5.1 0 55 0 1 3
-13.9 5.1 0.7 65 0 1 3
-13.9 5.4 1 35 0 1 3
-13.9 5.4 1.1 62 0 1 3
-13.9 6.1 1.3 72 0 1 3
-13.9 6.3 1.3 93 0 1 3
-13.9 6.5 1.4 78 0 1 3
-13.8 -7.1 0 91 0 1 1
-13.8 -6.7 0 99 0 1 1
-13.8 -6.3 0 69 0 1 1
-13.8 -5.9 0 80 0 1 1
-13.8 -5.5 0 90 0 1 1
-13.8 0.1 1.3 75 0 1 3
-13.8 1.1 0 94 0 1 1
-13.8 1.5 0 90 0 1 1
-13.8 1.9 0 94 0 1 1
-13.8 2.3 0 58 0 1 1
-13.8 2.7 0 97 0 1 1
-13.8 3.1 0 83 0 1 1
-13.8 3.5 0 90 0 1 1
-13.8 3.9 0 73 0 1 1
-13.8 4.3 0 72 0 1 1
-13.8 4.7 0 74 0 1 1
-13.8 5 0 89 0 1 1
-13.8 5 0.5 39 0 1 3
-13.8 5.1 0.2 38 0 1 3
-13.8 6.8 1.2 82 0 1 3
-13.8 7 1.2 89 0 1 3
-13.8 8.2 0 90 0 1 1
-13.8 8.6 0 75 0 1 1
-13.8 9 0 82 0 1 1
-13.8 9.4 0 79 0 1 1
-13.8 9.8 0 95 0 1 1
-13.8 10.1 0 94 0 1 1
-13.8 10.5 0 96 0 1 1
-13.8 10.9 0 70 0 1 1
-13.8 11.3 0 87 0 1 1
-13.8 11.7 0 91 0 1 1
-13.8 12.1 0 79 0 1 1
-13.8 12.5 0 86 0 1 1
-13.8 12.9 0 98 0 1 1
-13.8 13.3 0 87 0 1 1
-13.8 13.7 0 81 0 1 1
-13.8 14.1 0 83 0 1 1
-13.8 14.4 0 85 0 1 1
-13.7 -0.2 1.4 87 0 1 3
-13.7 5.1 0.6 82 0 1 3
-13.7 5.2 0.7 84 0 1 3
-13.7 5.6 1.2 88 0 1 3
-13.7 5.8 1.2 87 0 1 3
-13.7 6.1 1.2 91 0 1 3
-13.7 14.5 0 83 0 1 1
-13.6 0.3 1.2 81 0 1 3
-13.6 5.1 0.4 87 0 1 3
-13.6 5.3 0.8 48 0 1 3
-13.6 5.3 0.9 53 0 1 3
-13.6 5.4 1 73 0 1 3
-13.6 5.9 1.3 67 0 1 3
-13.6 6.2 1.3 90 0 1 3
-13.6 6.5 1.3 103 0 1 3
-13.5 5.1 0 44 0 1 3
-13.5 5.2 0.6 76 0 1 3
-13.5 6 1.2 85 0 1 3
-13.5 6.4 1.2 94 0 1 3
-13.5 6.7 1.2 95 0 1 3
-13.4 -6.7 0 92 0 1 1
-13.4 -6.3 0 99 0 1 1
-13.4 -5.9 0 92 0 1 1
-13.4 -5.5 0 61 0 1 1
-13.4 0.7 0.6 70 0 1 3
-13.4 0.8 0.1 77 0 1 3
-13.4 1.1 0 76 0 1 1
-13.4 1.5 0 66 0 1 1
-13.4 1.9 0 94 0 1 1
-13.4 2.3 0 90 0 1 1
-13.4 2.7 0 86 0 1 1
-13.4 3.1 0 67 0 1 1
-13.4 3.5 0 66 0 1 1
-13.4 3.9 0 93 0 1 1
-13.4 4.3 0 91 0 1 1
-13.4 4.7 0 69 0 1 1
-13.4 5 0 87 0 1 1
-13.4 5.2 0 76 0 1 3
-13.4 5.3 0.4 76 0 1 3
-13.4 5.5 1 99 0 1 3
-13.4 5.7 1.1 99 0 1 3
-13.4 5.9 1.2 88 0 1 3
-13.4 6.2 1.3 98 0 1 3
-13.4 6.9 1.2 89 0 1 3
-13.4 8.2 0 87 0 1 1
-13.4 8.6 0 89 0 1 1
-13.4 9 0 87 0 1 1
-13.4 9.4 0 71 0 1 1
-13.4 9.8 0 97 0 1 1
-13.4 10.1 0 104 0 1 1
-13.4 10.5 0 100 0 1 1
-13.4 10.9 0 86 0 1 1
-13.4 11.3 0 77 0 1 1
-13.4 11.7 0 89 0 1 1
-13.4 12.1 0 93 0 1 1
-13.4 12.5 0 70 0 1 1
-13.4 12.9 0 74 0 1 1
-13.4 13.3 0 93 0 1 1
-13.4 13.7 0 83 0 1 1
-13.4 14.1 0 97 0 1 1
-13.4 14.5 0 53 0 1 1
-13.4 14.8 0 70 0 1 1
-13.3 -3.1 2.4 96 0 1 3
-13.3 0.5 1 84 0 1 3
-13.3 7.3 1.1 114 0 1 3
-13.3 14.9 0 76 0 1 1
-13.2 -2.5 2.4 87 0 1 3
-13.2 -0.4 1.4 97 0 1 3
-13.2 0.1 1.3 103 0 1 3
-13.2 5.3 0.6 73 0 1 3
-13.2 5.3 0.8 76 0 1 3
-13.2 5.4 0.3 111 0 1 3
-13.2 5.5 0.9 101 0 1 3
-13.2 6 1.2 93 0 1 3
-13.2 7 1.2 91 0 1 3
-13.1 -3.5 2.4 64 0 1 3
-13.1 -2.2 2.3 83 0 1 3
-13.1 -1.9 2.1 91 0 1 3
-13.1 0.8 0.5 66 0 1 3
-13.1 5.4 0.5 91 0 1 3
-13.1 5.6 0.1 80 0 1 3
-13.1 5.8 1 97 0 1 3
-13.1 6.4 1.2 104 0 1 3
-13.1 6.7 1.1 97 0 1 3
-13 -6.7 0 79 0 1 1
-13 -6.3 0 97 0 1 1
-13 -5.9 0 83 0 1 1
-13 -5.5 0 100 0 1 1
-13 -3.1 2.3 92 0 1 3
-13 -1.1 1.6 103 0 1 3
-13 -0.8 1.5 94 0 1 3
-13 0.5 0.8 94 0 1 3
-13 0.8 0.1 93 0 1 3
-13 1.1 0 89 0 1 1
-13 1.5 0 59 0 1 1
-13 1.9 0 77 0 1 1
-13 2.3 0 73 0 1 1
-13 2.7 0 88 0 1 1
-13 3.1 0 62 0 1 1
-13 3.5 0 69 0 1 1
-13 3.9 0 89 0 1 1
-13 4.3 0 89 0 1 1
-13 4.7 0 53 0 1 1
-13 5 0 71 0 1 1
-13 5.4 0 84 0 1 1
-13 5.5 0.7 97 0 1 3
-13 5.6 0.2 70 0 1 3
-13 6.2 1.2 111 0 1 3
-13 6.8 1.1 121 0 1 3
-13 7.5 0.8 82 0 1 3
-13 7.8 0 82 0 1 1
-13 8.2 0 70 0 1 1
-13 8.6 0 96 0 1 1
-13 9 0 65 0 1 1
-13 9.4 0 73 0 1 1
-13 9.8 0 91 0 1 1
-13 10.1 0 92 0 1 1
-13 10.5 0 70 0 1 1
-13 10.9 0 94 0 1 1
-13 11.3 0 86 0 1 1
-13 11.7 0 67 0 1 1
-13 12.1 0 90 0 1 1
-13 12.5 0 93 0 1 1
-13 12.9 0 91 0 1 1
-13 13.3 0 89 0 1 1
-13 13.7 0 75 0 1 1
-13 14.1 0 93 0 1 1
-13 14.5 0 88 0 1 1
-13 14.9 0 83 0 1 1
-13 15.1 0 79 0 1 1
-12.9 -5.1 0.1 70 0 1 3
-12.9 -2.7 2.4 89 0 1 3
-12.9 -2.4 2.3 85 0 1 3
-12.9 -0.5 1.4 99 0 1 3
-12.9 0 1.2 106 0 1 3
-12.9 0.3 1.1 71 0 1 3
-12.9 5.6 0.4 109 0 1 3
-12.9 5.7 0.1 55 0 1 3
-12.9 5.7 0.8 92 0 1 3
-12.9 5.9 -0.1 69 0 1 3
-12.9 6.2 0 78 0 1 3
-12.9 6.5 1.1 112 0 1 3
-12.9 7.2 1.1 89 0 1 3
-12.9 7.3 1 93 0 1 3
-12.9 7.5 0.7 86 0 1 3
-12.8 -3.1 2.2 117 0 1 3
-12.8 -2.1 2.2 99 0 1 3
-12.8 -1.7 2 80 0 1 3
-12.8 -1.4 1.7 95 0 1 3
-12.8 0.6 0.4 96 0 1 3
-12.8 5.7 0.4 120 0 1 3
-12.8 5.9 0.2 91 0 1 3
-12.8 6 1 111 0 1 3
-12.8 6.3 0.1 72 0 1 3
-12.8 6.4 -0.1 67 0 1 3
-12.8 6.4 1 115 0 1 3
-12.8 6.7 1 106 0 1 3
-12.8 6.8 1 111 0 1 3
-12.8 7 1.1 115 0 1 3
-12.8 7.4 0 75 0 1 3
-12.8 7.6 0 87 0 1 3
-12.8 15.2 0 75 0 1 1
-12.7 -3.5 2.3 95 0 1 3
-12.7 -0.9 1.5 72 0 1 3
-12.7 0.4 0.8 92 0 1 3
-12.7 5.8 0.6 93 0 1 3
-12.7 5.9 0.8 122 0 1 3
-12.7 6.1 0.3 143 0 1 3
-12.7 6.1 0.7 146 0 1 3
-12.7 6.3 0.9 122 0 1 3
-12.7 6.6 0.8 114 0 1 3
-12.7 6.7 0.9 126 0 1 3
-12.7 7 1 116 0 1 3
-12.7 7.2 0.9 115 0 1 3
-12.7 7.3 -0.1 94 0 1 3
-12.7 7.3 0.7 106 0 1 3
-12.7 7.5 0.2 95 0 1 3
-12.6 -6.3 0 52 0 1 1
-12.6 -5.9 0 81 0 1 1
-12.6 -5.5 0 65 0 1 1
-12.6 -5.1 0 83 0 1 1
-12.6 -4.1 2.1 73 0 1 3
-12.6 -3.8 2.2 95 0 1 3
-12.6 -2.6 2.2 123 0 1 3
-12.6 -2.3 2.2 99 0 1 3
-12.6 -0.3 1.3 102 0 1 3
-12.6 0.1 1.1 86 0 1 3
-12.6 0.5 0.2 103 0 1 3
-12.6 0.7 0 93 0 1 1
-12.6 1.1 0 79 0 1 1
-12.6 1.5 0 93 0 1 1
-12.6 1.9 0 81 0 1 1
-12.6 2.3 0 81 0 1 1
-12.6 2.7 0 69 0 1 1
-12.6 3.1 0 82 0 1 1
-12.6 3.5 0 77 0 1 1
-12.6 3.9 0 70 0 1 1
-12.6 4.3 0 50 0 1 1
-12.6 4.7 0 88 0 1 1
-12.6 5 0 91 0 1 1
-12.6 5.4 0 90 0 1 1
-12.6 5.8 0 75 0 1 1
-12.6 6.1 0.5 126 0 1 3
-12.6 6.1 0.6 120 0 1 3
-12.6 6.2 0 74 0 1 1
-12.6 6.4 0.1 62 0 1 3
-12.6 6.4 0.7 129 0 1 3
-12.6 6.5 0.5 131 0 1 3
-12.6 6.6 0 88 0 1 1
-12.6 6.6 0.1 73 0 1 3
-12.6 6.6 0.7 124 0 1 3
-12.6 6.7 0.1 82 0 1 3
-12.6 7 0 87 0 1 1
-12.6 7.1 0 83 0 1 3
-12.6 7.3 0.1 89 0 1 3
-12.6 7.3 0.4 104 0 1 3
-12.6 7.4 0 96 0 1 1
-12.6 7.8 0 90 0 1 1
-12.6 8.2 0 90 0 1 1
-12.6 8.6 0 98 0 1 1
-12.6 9 0 89 0 1 1
-12.6 9.4 0 89 0 1 1
-12.6 9.8 0 90 0 1 1
-12.6 10.1 0 79 0 1 1
-12.6 10.5 0 88 0 1 1
-12.6 10.9 0 96 0 1 1
-12.6 11.3 0 91 0 1 1
-12.6 11.7 0 84 0 1 1
-12.6 12.1 0 91 0 1 1
-12.6 12.5 0 92 0 1 1
-12.6 12.9 0 96 0 1 1
-12.6 13.3 0 90 0 1 1
-12.6 13.7 0 90 0 1 1
-12.6 14.1 0 94 0 1 1
-12.6 14.5 0 87 0 1 1
-12.6 14.9 0 85 0 1 1
-12.6 15.2 0 76 0 1 1
-12.6 15.4 0 78 0 1 1
-12.5 -3.3 2.1 111 0 1 3
-12.5 -2 2 129 0 1 3
-12.5 -1.8 1.9 115 0 1 3
-12.5 -1.5 1.7 105 0 1 3
-12.5 -1.2 1.5 104 0 1 3
-12.5 0.1 0.9 112 0 1 3
-12.5 0.3 0.5 102 0 1 3
-12.5 6.3 0.3 85 0 1 3
-12.5 6.3 0.5 136 0 1 3
-12.5 6.5 0.2 97 0 1 3
-12.5 6.7 0.4 115 0 1 3
-12.5 6.7 0.7 119 0 1 3
-12.5 6.9 0.2 83 0 1 3
-12.5 7 0.9 113 0 1 3
-12.5 7.1 0.2 75 0 1 3
-12.5 7.1 0.7 107 0 1 3
-12.5 15.5 0 89 0 1 1
-12.4 -5 0 86 0 1 3
-12.4 -3.8 2.1 129 0 1 3
-12.4 -3 2 105 0 1 3
-12.4 6.9 0.5 141 0 1 3
-12.4 7 0.4 105 0 1 3
-12.4 7 0.5 141 0 1 3
-12.4 7 0.7 112 0 1 3
-12.4 7 0.8 127 0 1 3
-12.3 -4.7 1.3 84 0 1 3
-12.3 -2.6 2 95 0 1 3
-12.3 -2.2 1.9 105 0 1 3
-12.3 -1.9 1.8 119 0 1 3
-12.3 -1.5 1.5 111 0 1 3
-12.3 -0.6 1.2 115 0 1 3
-12.3 -0.3 1.1 109 0 1 3
-12.3 0 0.7 99 0 1 3
-12.3 0.2 0.2 105 0 1 3
-12.3 15.6 0 75 0 1 1
-12.2 -6.3 0 93 0 1 1
-12.2 -5.9 0 100 0 1 1
-12.2 -5.5 0 56 0 1 1
-12.2 -5.1 0 96 0 1 1
-12.2 -4.7 1.1 73 0 1 3
-12.2 -3.5 2.1 132 0 1 3
-12.2 -1 1.3 115 0 1 3
-12.2 -0.1 0 103 0 1 1
-12.2 -0.1 0.5 105 0 1 3
-12.2 0.3 0 93 0 1 1
-12.2 0.7 0 93 0 1 1
-12.2 1.1 0 85 0 1 1
-12.2 1.5 0 89 0 1 1
-12.2 1.9 0 81 0 1 1
-12.2 2.3 0 64 0 1 1
-12.2 2.7 0 56 0 1 1
-12.2 3.1 0 87 0 1 1
-12.2 3.5 0 82 0 1 1
-12.2 3.9 0 93 0 1 1
-12.2 4.3 0 89 0 1 1
-12.2 4.7 0 84 0 1 1
-12.2 5 0 76 0 1 1
-12.2 5.4 0 85 0 1 1
-12.2 5.8 0 94 0 1 1
-12.2 6.2 0 90 0 1 1
-12.2 6.6 0 79 0 1 1
-12.2 7 0 66 0 1 1
-12.2 7.4 0 76 0 1 1
-12.2 7.8 0 93 0 1 1
-12.2 8.2 0 84 0 1 1
-12.2 9 0 105 0 1 1
-12.2 9.4 0 61 0 1 1
-12.2 9.8 0 92 0 1 1
-12.2 10.1 0 84 0 1 1
-12.2 10.5 0 79 0 1 1
-12.2 10.9 0 92 0 1 1
-12.2 11.3 0 78 0 1 1
-12.2 11.7 0 91 0 1 1
-12.2 12.1 0 94 0 1 1
-12.2 12.5 0 85 0 1 1
-12.2 12.9 0 89 0 1 1
-12.2 13.3 0 97 0 1 1
-12.2 13.7 0 100 0 1 1
-12.2 14.1 0 98 0 1 1
-12.2 14.5 0 86 0 1 1
-12.2 14.9 0 87 0 1 1
-12.2 15.2 0 70 0 1 1
-12.2 15.6 0 81 0 1 1
-12.2 15.7 0 79 0 1 1
-12.1 -4.6 1.4 70 0 1 3
-12.1 -0.6 1.1 118 0 1 3
-12.1 -0.3 0.8 115 0 1 3
-12 -3.2 2 98 0 1 3
-12 -2.1 1.6 110 0 1 3
-12 -1.8 1.5 120 0 1 3
-12 -1.3 1.3 117 0 1 3
-12 -0.6 0.9 99 0 1 3
-12 -0.2 0.2 101 0 1 3
-12 15.9 0 83 0 1 1
-11.9 -4.7 0.9 67 0 1 3
-11.9 -4.2 1.9 73 0 1 3
-11.9 -3.9 2.1 79 0 1 3
-11.9 -3 1.9 115 0 1 3
-11.9 -2.6 1.7 120 0 1 3
-11.9 -0.9 1 121 0 1 3
-11.9 -0.4 0.6 113 0 1 3
-11.8 -5.9 0 81 0 1 1
-11.8 -5.5 0 69 0 1 1
-11.8 -5.1 0 96 0 1 1
-11.8 -4.8 0 91 0 1 1
-11.8 -4.4 1.5 88 0 1 3
-11.8 -2 1.3 130 0 1 3
-11.8 -1.6 1.3 115 0 1 3
-11.8 -1.3 1.1 132 0 1 3
-11.8 -0.1 0 82 0 1 1
-11.8 0.3 0 88 0 1 1
-11.8 0.7 0 98 0 1 1
-11.8 1.1 0 88 0 1 1
-11.8 1.5 0 85 0 1 1
-11.8 1.9 0 78 0 1 1
-11.8 2.7 0 44 0 1 1
-11.8 3.1 0 85 0 1 1
-11.8 3.5 0 85 0 1 1
-11.8 3.9 0 79 0 1 1
-11.8 4.3 0 88 0 1 1
-11.8 4.7 0 70 0 1 1
-11.8 5 0 71 0 1 1
-11.8 5.4 0 91 0 1 1
-11.8 5.8 0 93 0 1 1
-11.8 6.2 0 75 0 1 1
-11.8 6.6 0 88 0 1 1
-11.8 7 0 92 0 1 1
-11.8 7.4 0 87 0 1 1
-11.8 7.8 0 93 0 1 1
-11.8 9 0 94 0 1 1
-11.8 9.4 0 96 0 1 1
-11.8 9.8 0 79 0 1 1
-11.8 10.1 0 89 0 1 1
-11.8 10.5 0 91 0 1 1
-11.8 10.9 0 82 0 1 1
-11.8 11.3 0 96 0 1 1
-11.8 11.7 0 85 0 1 1
-11.8 12.1 0 91 0 1 1
-11.8 12.5 0 51 0 1 1
-11.8 12.9 0 74 0 1 1
-11.8 13.3 0 102 0 1 1
-11.8 13.7 0 108 0 1 1
-11.8 14.1 0 112 0 1 1
-11.8 14.5 0 117 0 1 1
-11.8 14.9 0 108 0 1 1
-11.8 15.2 0 69 0 1 1
-11.8 15.6 0 64 0 1 1
-11.8 16 0 66 0 1 1
-11.7 -4.5 1.2 87 0 1 3
-11.7 -3.5 2 171 0 1 3
-11.7 -3.2 1.8 110 0 1 3
-11.7 -2.5 1.4 116 0 1 3
-11.7 -1.9 1 127 0 1 3
-11.7 -1.6 1 127 0 1 3
-11.7 -1 0.8 118 0 1 3
-11.6 -4.6 0.6 50 0 1 3
-11.6 -4.3 1.2 101 0 1 3
-11.6 -4 1.9 95 0 1 3
-11.6 -3 1.5 118 0 1 3
-11.6 -2.3 1.1 127 0 1 3
-11.6 -1.5 0.7 117 0 1 3
-11.6 -0.7 0.5 87 0 1 3
-11.6 -0.5 0.2 84 0 1 3
-11.5 -4.5 0.9 86 0 1 3
-11.5 -4.1 1.6 116 0 1 3
-11.5 -3.8 1.8 109 0 1 3
-11.5 -3.4 1.6 124 0 1 3
-11.5 -2.6 1.2 129 0 1 3
-11.5 -1.2 0.4 140 0 1 3
-11.5 -0.9 0.5 142 0 1 3
-11.4 -5.9 0 91 0 1 1
-11.4 -5.5 0 89 0 1 1
-11.4 -5.1 0 87 0 1 1
-11.4 -4.8 0 93 0 1 1
-11.4 -4.2 0.9 92 0 1 3
-11.4 -4 1.2 100 0 1 3
-11.4 -3.9 1.5 114 0 1 3
-11.4 -3.2 1.3 121 0 1 3
-11.4 -2.9 1.3 128 0 1 3
-11.4 -2 0.7 121 0 1 3
-11.4 -1.9 0.5 120 0 1 3
-11.4 -1.4 0.3 137 0 1 3
-11.4 -0.9 0.1 141 0 1 3
-11.4 -0.4 0 68 0 1 1
-11.4 -0.1 0 73 0 1 1
-11.4 0.3 0 35 0 1 1
-11.4 0.7 0 87 0 1 1
-11.4 1.1 0 41 0 1 1
-11.4 1.5 0 88 0 1 1
-11.4 1.9 0 95 0 1 1
-11.4 2.7 0 82 0 1 1
-11.4 3.1 0 86 0 1 1
-11.4 3.5 0 83 0 1 1
-11.4 3.9 0 82 0 1 1
-11.4 4.3 0 95 0 1 1
-11.4 4.7 0 93 0 1 1
-11.4 5 0 91 0 1 1
-11.4 5.4 0 88 0 1 1
-11.4 5.8 0 85 0 1 1
-11.4 6.2 0 90 0 1 1
-11.4 6.6 0 91 0 1 1
-11.4 7 0 81 0 1 1
-11.4 7.4 0 79 0 1 1
-11.4 9 0 85 0 1 1
-11.4 9.4 0 98 0 1 1
-11.4 9.8 0 82 0 1 1
-11.4 10.1 0 90 0 1 1
-11.4 10.5 0 100 0 1 1
-11.4 10.9 0 52 0 1 1
-11.4 11.3 0 63 0 1 1
-11.4 11.7 0 86 0 1 1
-11.4 12.1 0 99 0 1 1
-11.4 12.5 0 86 0 1 1
-11.4 12.9 0 72 0 1 1
-11.4 13.3 0 77 0 1 1
-11.4 13.7 0 100 0 1 1
-11.4 14.1 0 97 0 1 1
-11.4 14.5 0 105 0 1 1
-11.4 14.9 0 52 0 1 1
-11.4 15.2 0 55 0 1 1
-11.4 15.6 0 62 0 1 1
-11.4 16 0 66 0 1 1
-11.4 16.4 0 74 0 1 1
-11.3 -4.4 0.6 82 0 1 3
-11.3 -3.9 0.9 76 0 1 3
-11.3 -3.7 1.3 118 0 1 3
-11.3 -2.6 0.9 140 0 1 3
-11.3 -2.4 0.8 61 0 1 3
-11.3 -1.7 0.3 121 0 1 3
-11.3 -1.4 0 130 0 1 3
-11.2 -4.2 0.6 94 0 1 3
-11.2 -3.4 1.2 108 0 1 3
-11.2 16.6 0 75 0 1 1
-11.1 -4.4 0.3 77 0 1 3
-11.1 -4.2 0 86 0 1 3
-11.1 -3.6 0.9 124 0 1 3
-11.1 -3.4 1 124 0 1 3
-11.1 -3.1 1 129 0 1 3
-11.1 -1.8 0.1 136 0 1 3
-11 -5.5 0 93 0 1 1
-11 -5.1 0 92 0 1 1
-11 -4.8 0 98 0 1 1
-11 -4.4 0 98 0 1 1
-11 -3.8 0.7 115 0 1 3
-11 -3.3 0.7 122 0 1 3
-11 -2.5 0.5 128 0 1 3
-11 -2.1 0.4 119 0 1 3
-11 -1.6 0 84 0 1 1
-11 -1.2 0 87 0 1 1
-11 -0.8 0 70 0 1 1
-11 -0.4 0 81 0 1 1
-11 -0.1 0 28 0 1 1
-11 0.3 0 38 0 1 1
-11 0.7 0 41 0 1 1
-11 1.1 0 83 0 1 1
-11 1.5 0 72 0 1 1
-11 1.9 0 81 0 1 1
-11 2.7 0 87 0 1 1
-11 3.1 0 91 0 1 1
-11 3.5 0 86 0 1 1
-11 3.9 0 81 0 1 1
-11 4.3 0 89 0 1 1
-11 4.7 0 95 0 1 1
-11 5 0 74 0 1 1
-11 5.4 0 98 0 1 1
-11 5.8 0 84 0 1 1
-11 6.2 0 98 0 1 1
-11 6.6 0 95 0 1 1
-11 7 0 79 0 1 1
-11 7.4 0 96 0 1 1
-11 8.6 0 104 0 1 1
-11 9 0 96 0 1 1
-11 9.4 0 89 0 1 1
-11 9.8 0 89 0 1 1
-11 10.1 0 91 0 1 1
-11 10.5 0 124 0 1 1
-11 10.9 0 93 0 1 1
-11 11.3 0 81 0 1 1
-11 11.7 0 97 0 1 1
-11 12.1 0 88 0 1 1
-11 12.5 0 77 0 1 1
-11 12.9 0 91 0 1 1
-11 13.3 0 89 0 1 1
-11 13.7 0 96 0 1 1
-11 14.1 0 90 0 1 1
-11 14.5 0 90 0 1 1
-11 14.9 0 53 0 1 1
-11 15.2 0 48 0 1 1
-11 15.6 0 71 0 1 1
-11 16 0 49 0 1 1
-11 16.4 0 76 0 1 1
-11 16.6 0 80 0 1 1
-10.9 -4 0.4 115 0 1 3
-10.9 -3.9 0 86 0 1 3
-10.9 -2.8 0.5 130 0 1 3
-10.8 -2.6 0.2 144 0 1 3
-10.8 -2.4 0.1 122 0 1 3
-10.8 -1.9 -0.1 69 0 1 3
-10.7 -3.6 0.3 81 0 1 3
-10.7 -3 0.2 147 0 1 3
-10.7 7.5 0.2 82 0 1 2
-10.7 7.8 0.2 88 0 1 2
-10.7 16.8 0 79 0 1 1
-10.6 -5.5 0 92 0 1 1
-10.6 -5.1 0 79 0 1 1
-10.6 -4.8 0 36 0 1 1
-10.6 -4.4 0 83 0 1 1
-10.6 -4 0 99 0 1 1
-10.6 -3.6 0 90 0 1 1
-10.6 -2.8 0 97 0 1 1
-10.6 -2.4 0 91 0 1 1
-10.6 -2 0 90 0 1 1
-10.6 -1.6 0 38 0 1 1
-10.6 -1.2 0 76 0 1 1
-10.6 -0.8 0 85 0 1 1
-10.6 -0.4 0 82 0 1 1
-10.6 -0.1 0 98 0 1 1
-10.6 0.3 0 80 0 1 1
-10.6 0.7 0 72 0 1 1
-10.6 1.1 0 78 0 1 1
-10.6 1.5 0 74 0 1 1
-10.6 2.7 0 72 0 1 1
-10.6 3.1 0 85 0 1 1
-10.6 3.5 0 99 0 1 1
-10.6 3.9 0 87 0 1 1
-10.6 4.3 0 85 0 1 1
-10.6 4.7 0 79 0 1 1
-10.6 5 0 94 0 1 1
-10.6 5.4 0 99 0 1 1
-10.6 5.8 0 91 0 1 1
-10.6 6.2 0 99 0 1 1
-10.6 6.6 0 82 0 1 1
-10.6 7 0 87 0 1 1
-10.6 7.2 0.1 70 0 1 2
-10.6 7.3 0.2 66 0 1 2
-10.6 7.6 0.3 91 0 1 2
-10.6 8.2 0 85 0 1 1
-10.6 8.6 0 81 0 1 1
-10.6 9 0 81 0 1 1
-10.6 9.4 0 95 0 1 1
-10.6 9.8 0 89 0 1 1
-10.6 10.1 0 88 0 1 1
-10.6 10.5 0 88 0 1 1
-10.6 10.9 0 88 0 1 1
-10.6 11.3 0 77 0 1 1
-10.6 11.7 0 95 0 1 1
-10.6 12.1 0 84 0 1 1
-10.6 12.5 0 97 0 1 1
-10.6 12.9 0 56 0 1 1
-10.6 13.3 0 75 0 1 1
-10.6 13.7 0 90 0 1 1
-10.6 14.1 0 95 0 1 1
-10.6 14.5 0 82 0 1 1
-10.6 14.9 0 99 0 1 1
-10.6 15.2 0 96 0 1 1
-10.6 15.6 0 92 0 1 1
-10.6 16 0 45 0 1 1
-10.6 16.4 0 50 0 1 1
-10.6 16.8 0 76 0 1 1
-10.6 16.9 0 77 0 1 1
-10.5 7.3 0 54 0 1 2
-10.5 7.3 0.1 68 0 1 2
-10.5 7.4 0.3 94 0 1 2
-10.5 7.6 0.2 99 0 1 2
-10.4 7.3 0.2 116 0 1 2
-10.4 7.4 0 82 0 1 2
-10.4 7.5 0 42 0 1 2
-10.4 7.6 0.2 113 0 1 2
-10.4 7.7 -0.1 91 0 1 2
-10.4 7.7 0.2 100 0 1 2
-10.4 7.8 0 86 0 1 2
-10.4 7.8 0.2 102 0 1 2
-10.3 7.4 0.1 130 0 1 2
-10.3 7.5 0.2 114 0 1 2
-10.3 7.6 0.1 164 0 1 2
-10.3 7.7 0 81 0 1 2
-10.2 -5.1 0 96 0 1 1
-10.2 -4.8 0 50 0 1 1
-10.2 -4.4 0 71 0 1 1
-10.2 -4 0 104 0 1 1
-10.2 -3.6 0 86 0 1 1
-10.2 -3.2 0 94 0 1 1
-10.2 -2.8 0 80 0 1 1
-10.2 -2.4 0 80 0 1 1
-10.2 -2 0 39 0 1 1
-10.2 -1.6 0 41 0 1 1
-10.2 -1.2 0 63 0 1 1
-10.2 -0.8 0 86 0 1 1
-10.2 -0.4 0 88 0 1 1
-10.2 -0.1 0 93 0 1 1
-10.2 0.3 0 95 0 1 1
-10.2 0.7 0 96 0 1 1
-10.2 1.1 0 96 0 1 1
-10.2 1.5 0 102 0 1 1
-10.2 2.7 0 80 0 1 1
-10.2 3.1 0 81 0 1 1
-10.2 3.5 0 97 0 1 1
-10.2 3.9 0 93 0 1 1
-10.2 4.3 0 56 0 1 1
-10.2 4.7 0 93 0 1 1
-10.2 5 0 91 0 1 1
-10.2 5.4 0 100 0 1 1
-10.2 5.8 0 88 0 1 1
-10.2 6.2 0 101 0 1 1
-10.2 6.6 0 92 0 1 1
-10.2 7 0 71 0 1 1
-10.2 7.4 0 97 0 1 1
-10.2 7.7 0.1 117 0 1 2
-10.2 7.8 0 89 0 1 1
-10.2 8.2 0 91 0 1 1
-10.2 8.6 0 90 0 1 1
-10.2 9 0 94 0 1 1
-10.2 9.4 0 97 0 1 1
-10.2 9.8 0 81 0 1 1
-10.2 10.1 0 93 0 1 1
-10.2 10.5 0 98 0 1 1
-10.2 10.9 0 93 0 1 1
-10.2 11.3 0 92 0 1 1
-10.2 11.7 0 96 0 1 1
-10.2 12.1 0 63 0 1 1
-10.2 12.5 0 86 0 1 1
-10.2 12.9 0 75 0 1 1
-10.2 13.3 0 82 0 1 1
-10.2 13.7 0 86 0 1 1
-10.2 14.1 0 96 0 1 1
-10.2 14.5 0 99 0 1 1
-10.2 14.9 0 89 0 1 1
-10.2 15.2 0 83 0 1 1
-10.2 15.6 0 101 0 1 1
-10.2 16 0 88 0 1 1
-10.2 16.4 0 74 0 1 1
-10.2 16.8 0 75 0 1 1
-10.2 17.1 0 70 0 1 1
-10.1 1.9 0.2 63 0 1 2
-10.1 2.3 0.2 61 0 1 2
-10.1 2.4 0.1 69 0 1 2
-10 1.7 0.1 66 0 1 2
-10 1.8 0.2 64 0 1 2
-10 2 0.2 89 0 1 2
-10 2.1 0.3 81 0 1 2
-10 2.3 0.2 96 0 1 2
-10 2.4 0 60 0 1 2
-9.9 -4.8 0 92 0 1 1
-9.9 -4.4 0 102 0 1 1
-9.9 -4 0 89 0 1 1
-9.9 -3.6 0 107 0 1 1
-9.9 -3.2 0 104 0 1 1
-9.9 -2.8 0 93 0 1 1
-9.9 -2.4 0 91 0 1 1
-9.9 -2 0 72 0 1 1
-9.9 -1.6 0 83 0 1 1
-9.9 -1.2 0 80 0 1 1
-9.9 -0.8 0 70 0 1 1
-9.9 -0.4 0 90 0 1 1
-9.9 -0.1 0 78 0 1 1
-9.9 0.3 0 62 0 1 1
-9.9 0.7 0 79 0 1 1
-9.9 1.1 0 92 0 1 1
-9.9 1.5 0 88 0 1 1
-9.9 1.8 0 64 0 1 2
-9.9 1.8 0.1 64 0 1 2
-9.9 2.2 0.2 95 0 1 2
-9.9 2.4 0.1 84 0 1 2
-9.9 2.7 0 90 0 1 1
-9.9 3.1 0 93 0 1 1
-9.9 3.5 0 95 0 1 1
-9.9 3.9 0 91 0 1 1
-9.9 4.3 0 77 0 1 1
-9.9 4.7 0 95 0 1 1
-9.9 5 0 68 0 1 1
-9.9 5.4 0 71 0 1 1
-9.9 5.8 0 89 0 1 1
-9.9 6.2 0 94 0 1 1
-9.9 6.6 0 91 0 1 1
-9.9 7 0 76 0 1 1
-9.9 7.4 0 102 0 1 1
-9.9 7.8 0 87 0 1 1
-9.9 8.2 0 89 0 1 1
-9.9 8.6 0 97 0 1 1
-9.9 9 0 106 0 1 1
-9.9 9.4 0 95 0 1 1
-9.9 9.8 0 113 0 1 1
-9.9 10.1 0 79 0 1 1
-9.9 10.5 0 82 0 1 1
-9.9 10.9 0 86 0 1 1
-9.9 11.3 0 94 0 1 1
-9.9 11.7 0 87 0 1 1
-9.9 12.1 0 75 0 1 1
-9.9 12.5 0 73 0 1 1
-9.9 12.9 0 76 0 1 1
-9.9 13.3 0 59 0 1 1
-9.9 13.7 0 95 0 1 1
-9.9 14.1 0 89 0 1 1
-9.9 14.5 0 85 0 1 1
-9.9 14.9 0 118 0 1 1
-9.9 15.2 0 67 0 1 1
-9.8 1.8 0 70 0 1 2
-9.8 1.8 0.2 131 0 1 2
-9.8 1.9 0.3 92 0 1 2
-9.8 2.1 -0.1 85 0 1 2
-9.8 2.2 0.2 100 0 1 2
-9.7 1.9 0 70 0 1 2
-9.7 1.9 0.1 108 0 1 2
-9.7 2 0.1 83 0 1 2
-9.7 2 0.2 107 0 1 2
-9.7 2.1 0.2 109 0 1 2
-9.7 2.2 -0.1 56 0 1 2
-9.7 2.3 0 71 0 1 2
-9.7 2.3 0.1 88 0 1 2
-9.7 2.3 0.2 110 0 1 2
-9.6 2.1 0.1 137 0 1 2
-9.6 2.2 0.1 141 0 1 2
-9.5 -4.4 0 73 0 1 1
-9.5 -4 0 52 0 1 1
-9.5 -3.6 0 91 0 1 1
-9.5 -3.2 0 77 0 1 1
-9.5 -2.8 0 89 0 1 1
-9.5 -2.4 0 85 0 1 1
-9.5 -2 0 90 0 1 1
-9.5 -1.6 0 110 0 1 1
-9.5 -1.2 0 99 0 1 1
-9.5 -0.8 0 73 0 1 1
-9.5 -0.4 0 75 0 1 1
-9.5 -0.1 0 94 0 1 1
-9.5 0.3 0 89 0 1 1
-9.5 0.7 0 78 0 1 1
-9.5 1.1 0 84 0 1 1
-9.5 1.5 0 79 0 1 1
-9.5 1.9 0 97 0 1 1
-9.5 2.3 0 70 0 1 1
-9.5 2.7 0 93 0 1 1
-9.5 3.1 0 106 0 1 1
-9.5 3.5 0 64 0 1 1
-9.5 3.9 0 83 0 1 1
-9.5 4.3 0 99 0 1 1
-9.5 4.7 0 102 0 1 1
-9.5 5 0 89 0 1 1
-9.5 5.4 0 91 0 1 1
-9.5 5.8 0 97 0 1 1
-9.5 6.2 0 105 0 1 1
-9.5 6.6 0 81 0 1 1
-9.5 7 0 91 0 1 1
-9.5 7.4 0 93 0 1 1
-9.5 7.8 0 93 0 1 1
-9.5 8.2 0 97 0 1 1
-9.5 8.6 0 80 0 1 1
-9.5 9 0 94 0 1 1
-9.5 9.4 0 93 0 1 1
-9.5 9.8 0 89 0 1 1
-9.5 10.1 0 97 0 1 1
-9.5 10.5 0 97 0 1 1
-9.5 10.9 0 92 0 1 1
-9.5 11.3 0 96 0 1 1
-9.5 11.7 0 96 0 1 1
-9.5 12.1 0 89 0 1 1
-9.5 12.5 0 92 0 1 1
-9.5 12.9 0 73 0 1 1
-9.5 13.3 0 88 0 1 1
-9.5 13.7 0 91 0 1 1
-9.1 -4.4 0 101 0 1 1
-9.1 -4 0 99 0 1 1
-9.1 -3.6 0 104 0 1 1
-9.1 -3.2 0 97 0 1 1
-9.1 -2.8 0 113 0 1 1
-9.1 -2.4 0 92 0 1 1
-9.1 -2 0 95 0 1 1
-9.1 -1.6 0 85 0 1 1
-9.1 -1.2 0 81 0 1 1
-9.1 -0.8 0 46 0 1 1
-9.1 -0.4 0 76 0 1 1
-9.1 -0.1 0 86 0 1 1
-9.1 0.3 0 52 0 1 1
-9.1 0.7 0 94 0 1 1
-9.1 1.1 0 104 0 1 1
-9.1 1.5 0 95 0 1 1
-9.1 1.9 0 101 0 1 1
-9.1 2.3 0 88 0 1 1
-9.1 2.7 0 102 0 1 1
-9.1 3.1 0 93 0 1 1
-9.1 3.5 0 94 0 1 1
-9.1 3.9 0 94 0 1 1
-9.1 4.3 0 99 0 1 1
-9.1 4.7 0 93 0 1 1
-9.1 5 0 95 0 1 1
-9.1 5.4 0 113 0 1 1
-9.1 5.8 0 68 0 1 1
-9.1 6.2 0 96 0 1 1
-9.1 6.6 0 96 0 1 1
-9.1 7 0 60 0 1 1
-9.1 7.4 0 95 0 1 1
-9.1 7.8 0 79 0 1 1
-9.1 8.2 0 98 0 1 1
-9.1 8.6 0 94 0 1 1
-9.1 9 0 89 0 1 1
-9.1 9.4 0 102 0 1 1
-9.1 9.8 0 108 0 1 1
-9.1 10.1 0 66 0 1 1
-9.1 10.5 0 103 0 1 1
-9.1 10.9 0 87 0 1 1
-9.1 11.3 0 94 0 1 1
-9.1 11.7 0 85 0 1 1
-9.1 12.1 0 74 0 1 1
-9 11.2 0 93 0 1 5
-8.9 -4.6 0.3 74 0 1 2
-8.9 12.2 0 79 0 1 5
-8.8 -4.5 0.2 70 0 1 2
-8.7 -4.3 0.1 48 0 1 2
-8.7 -4 0 88 0 1 1
-8.7 -3.6 0 40 0 1 1
-8.7 -3.2 0 87 0 1 1
-8.7 -2.8 0 81 0 1 1
-8.7 -2.4 0 102 0 1 1
-8.7 -2 0 100 0 1 1
-8.7 -1.6 0 109 0 1 1
-8.7 -1.2 0 100 0 1 1
-8.7 -0.8 0 117 0 1 1
-8.7 -0.4 0 104 0 1 1
-8.7 -0.1 0 102 0 1 1
-8.7 0.3 0 94 0 1 1
-8.7 0.7 0 100 0 1 1
-8.7 1.1 0 83 0 1 1
-8.7 1.5 0 94 0 1 1
-8.7 1.9 0 101 0 1 1
-8.7 2.3 0 101 0 1 1
-8.7 2.7 0 72 0 1 1
-8.7 3.1 0 81 0 1 1
-8.7 3.5 0 69 0 1 1
-8.7 3.9 0 109 0 1 1
-8.7 4.3 0 92 0 1 1
-8.7 4.7 0 115 0 1 1
-8.7 5 0 104 0 1 1
-8.7 5.4 0 114 0 1 1
-8.7 5.8 0 127 0 1 1
-8.7 6.2 0 50 0 1 1
-8.7 6.6 0 65 0 1 1
-8.7 7 0 61 0 1 1
-8.7 7.4 0 106 0 1 1
-8.7 7.8 0 97 0 1 1
-8.7 8.2 0 101 0 1 1
-8.7 8.6 0 99 0 1 1
-8.7 9 0 123 0 1 1
-8.7 9.4 0 91 0 1 1
-8.7 9.8 0 92 0 1 1
-8.7 10.1 0 91 0 1 1
-8.7 10.5 0 94 0 1 1
-8.7 10.9 0 55 0 1 1
-8.6 -4.2 0.1 126 0 1 2
-8.6 -4.1 0 126 0 1 2
-8.5 -4.3 0.3 70 0 1 2
-8.5 -4.2 0 100 0 1 2
-8.4 -4.2 0.3 81 0 1 2
-8.3 -4 0 43 0 1 1
-8.3 -3.6 0 50 0 1 1
-8.3 -3.2 0 27 0 1 1
-8.3 -2.8 0 97 0 1 1
-8.3 -2.4 0 100 0 1 1
-8.3 -2 0 104 0 1 1
-8.3 -1.6 0 118 0 1 1
-8.3 -1.2 0 90 0 1 1
-8.3 -0.8 0 95 0 1 1
-8.3 -0.4 0 94 0 1 1
-8.3 -0.1 0 112 0 1 1
-8.3 0.3 0 85 0 1 1
-8.3 0.7 0 99 0 1 1
-8.3 1.1 0 37 0 1 1
-8.3 1.5 0 94 0 1 1
-8.3 1.9 0 87 0 1 1
-8.3 2.3 0 108 0 1 1
-8.3 2.7 0 111 0 1 1
-8.3 3.1 0 90 0 1 1
-8.3 3.5 0 100 0 1 1
-8.3 3.9 0 101 0 1 1
-8.3 4.3 0 97 0 1 1
-8.3 4.7 0 91 0 1 1
-8.3 5 0 109 0 1 1
-8.3 5.4 0 83 0 1 1
-8.3 5.8 0 104 0 1 1
-8.3 6.2 0 86 0 1 1
-8.3 7.4 0 76 0 1 1
-8.3 7.8 0 88 0 1 1
-8.3 8.2 0 64 0 1 1
-8.3 8.6 0 81 0 1 1
-8.3 9 0 107 0 1 1
-8.3 9.4 0 80 0 1 1
-8.3 9.8 0 85 0 1 1
-8.3 10.1 0 95 0 1 1
-8.3 10.5 0 92 0 1 1
-8.3 10.8 0.1 74 0 1 5
-8.3 11.3 0.1 71 0 1 5
-8.2 -4.1 0.1 69 0 1 2
-8.2 -4.1 0.2 89 0 1 2
-8.2 -4 0 50 0 1 2
-8.1 -4.1 0.1 98 0 1 2
-7.9 -4 0 89 0 1 1
-7.9 -3.6 0 95 0 1 1
-7.9 -3.2 0 109 0 1 1
-7.9 -2.8 0 95 0 1 1
-7.9 -2.4 0 72 0 1 1
-7.9 -2 0 56 0 1 1
-7.9 -1.6 0 64 0 1 1
-7.9 -1.2 0 107 0 1 1
-7.9 -0.8 0 94 0 1 1
-7.9 -0.4 0 107 0 1 1
-7.9 -0.1 0 103 0 1 1
-7.9 0.3 0 55 0 1 1
-7.9 0.7 0 94 0 1 1
-7.9 1.1 0 94 0 1 1
-7.9 1.5 0 92 0 1 1
-7.9 1.9 0 58 0 1 1
-7.9 2.3 0 78 0 1 1
-7.9 2.7 0 85 0 1 1
-7.9 3.1 0 96 0 1 1
-7.9 3.5 0 92 0 1 1
-7.9 3.9 0 83 0 1 1
-7.9 4.3 0 105 0 1 1
-7.9 4.7 0 94 0 1 1
-7.9 5 0 111 0 1 1
-7.9 5.4 0 100 0 1 1
-7.9 5.8 0 96 0 1 1
-7.9 7 0 44 0 1 1
-7.9 7.4 0 37 0 1 1
-7.9 7.8 0 95 0 1 1
-7.9 8.2 0 72 0 1 1
-7.9 8.6 0 93 0 1 1
-7.9 9 0 97 0 1 1
-7.9 9.4 0 89 0 1 1
-7.9 9.8 0 96 0 1 1
-7.9 10.6 0.1 76 0 1 5
-7.8 9.8 -0.1 91 0 1 5
-7.7 5.7 0 87 0 1 2
-7.6 5.6 0 47 0 1 2
-7.6 5.9 0.2 60 0 1 2
-7.5 -3.6 0 92 0 1 1
-7.5 -3.2 0 98 0 1 1
-7.5 -2.8 0 86 0 1 1
-7.5 -2.4 0 105 0 1 1
-7.5 -2 0 94 0 1 1
-7.5 -1.6 0 67 0 1 1
-7.5 -1.2 0 90 0 1 1
-7.5 -0.8 0 101 0 1 1
-7.5 -0.4 0 112 0 1 1
-7.5 -0.1 0 104 0 1 1
-7.5 0.3 0 98 0 1 1
-7.5 0.7 0 52 0 1 1
-7.5 1.1 0 86 0 1 1
-7.5 1.5 0 64 0 1 1
-7.5 1.9 0 96 0 1 1
-7.5 2.3 0 101 0 1 1
-7.5 2.7 0 89 0 1 1
-7.5 3.1 0 84 0 1 1
-7.5 3.5 0 97 0 1 1
-7.5 3.9 0 89 0 1 1
-7.5 4.3 0 102 0 1 1
-7.5 4.7 0 105 0 1 1
-7.5 5 0 100 0 1 1
-7.5 5.4 0 101 0 1 1
-7.5 5.7 0.1 65 0 1 2
-7.5 5.8 0.2 41 0 1 2
-7.5 7 0 49 0 1 1
-7.5 7.4 0 41 0 1 1
-7.5 7.8 0 57 0 1 1
-7.5 8.2 0 84 0 1 1
-7.5 8.6 0 75 0 1 1
-7.5 9 0 92 0 1 1
-7.5 9.4 0 65 0 1 1
-7.5 9.8 0 95 0 1 1
-7.4 5.6 0 33 0 1 2
-7.4 5.9 0.2 81 0 1 2
-7.3 5.5 -0.1 69 0 1 2
-7.3 5.6 0.1 63 0 1 2
-7.3 10.2 0.1 80 0 1 5
-7.2 5.7 0.1 64 0 1 2
-7.2 5.8 0.3 33 0 1 2
-7.2 5.9 0.4 57 0 1 2
-7.2 13.7 0.8 60 0 1 5
-7.1 -3.6 0 97 0 1 1
-7.1 -3.2 0 106 0 1 1
-7.1 -2.8 0 103 0 1 1
-7.1 -2.4 0 99 0 1 1
-7.1 -2 0 81 0 1 1
-7.1 -1.6 0 44 0 1 1
-7.1 -1.2 0 97 0 1 1
-7.1 -0.8 0 118 0 1 1
-7.1 -0.4 0 90 0 1 1
-7.1 -0.1 0 70 0 1 1
-7.1 0.3 0 87 0 1 1
-7.1 0.7 0 110 0 1 1
-7.1 1.1 0 102 0 1 1
-7.1 1.5 0 67 0 1 1
-7.1 1.9 0 114 0 1 1
-7.1 2.3 0 102 0 1 1
-7.1 2.7 0 114 0 1 1
-7.1 3.1 0 62 0 1 1
-7.1 3.5 0 74 0 1 1
-7.1 3.9 0 79 0 1 1
-7.1 4.3 0 139 0 1 1
-7.1 4.7 0 98 0 1 1
-7.1 5 0 101 0 1 1
-7.1 5.4 0 97 0 1 1
-7.1 5.8 0.4 90 0 1 2
-7.1 5.9 0.4 87 0 1 2
-7.1 6 0.3 105 0 1 2
-7.1 6.6 0 66 0 1 1
-7.1 7 0 55 0 1 1
-7.1 7.4 0 44 0 1 1
-7.1 7.8 0 53 0 1 1
-7.1 8.2 0 62 0 1 1
-7.1 8.6 0 75 0 1 1
-7.1 9 0 91 0 1 1
-7.1 9.4 0 80 0 1 1
-7 5.6 0.2 75 0 1 2
-7 5.7 0.2 64 0 1 2
-7 5.8 0.3 64 0 1 2
-6.9 5.6 0 71 0 1 2
-6.9 5.8 0.3 110 0 1 2
-6.9 6 0.2 111 0 1 2
-6.9 6 0.3 107 0 1 2
-6.9 6.1 0.1 90 0 1 2
-6.9 11.2 0.6 88 0 1 5
-6.8 5.7 0.1 103 0 1 2
-6.8 6 0.2 116 0 1 2
-6.8 12.9 0.8 58 0 1 5
-6.7 -3.2 0 93 0 1 1
-6.7 -2.8 0 67 0 1 1
-6.7 -2.4 0 105 0 1 1
-6.7 -2 0 108 0 1 1
-6.7 -1.6 0 96 0 1 1
-6.7 -1.2 0 86 0 1 1
-6.7 -0.8 0 95 0 1 1
-6.7 -0.4 0 40 0 1 1
-6.7 -0.1 0 122 0 1 1
-6.7 0.3 0 85 0 1 1
-6.7 0.7 -0.1 69 0 1 1
-6.7 1.1 -0.1 99 0 1 1
-6.7 1.5 -0.1 101 0 1 1
-6.7 1.9 -0.1 114 0 1 1
-6.7 2.3 -0.1 109 0 1 1
-6.7 2.7 -0.1 113 0 1 1
-6.7 3.1 -0.1 71 0 1 1
-6.7 3.5 -0.1 69 0 1 1
-6.7 3.9 0 50 0 1 1
-6.7 4.3 0 99 0 1 1
-6.7 4.7 0 93 0 1 1
-6.7 5 0 60 0 1 1
-6.7 5.4 0 106 0 1 1
-6.7 5.8 0.2 115 0 1 2
-6.7 6 0 103 0 1 2
-6.7 6.1 0 62 0 1 2
-6.7 6.2 0 70 0 1 1
-6.7 6.6 0 110 0 1 1
-6.7 7 0 71 0 1 1
-6.7 7.4 0 78 0 1 1
-6.7 7.8 0 53 0 1 1
-6.7 8.2 0 68 0 1 1
-6.7 8.6 0 73 0 1 1
-6.7 9 0 64 0 1 1
-6.7 9.4 0 91 0 1 1
-6.7 9.7 0.1 81 0 1 5
-6.6 5.7 -0.1 120 0 1 2
-6.6 5.8 0.1 127 0 1 2
-6.3 -3.2 0 101 0 1 1
-6.3 -2.8 0 99 0 1 1
-6.3 -2.4 0 79 0 1 1
-6.3 -2 0 103 0 1 1
-6.3 -1.6 0 120 0 1 1
-6.3 -1.2 0 103 0 1 1
-6.3 -0.8 0 117 0 1 1
-6.3 -0.4 0 112 0 1 1
-6.3 -0.1 0 118 0 1 1
-6.3 0.3 -0.1 114 0 1 1
-6.3 0.7 -0.3 104 0 1 1
-6.3 1.1 -0.4 100 0 1 1
-6.3 1.5 -0.4 81 0 1 1
-6.3 1.8 -0.4 137 0 1 1
-6.3 2.2 -0.4 127 0 1 1
-6.3 2.6 -0.4 122 0 1 1
-6.3 3 -0.4 115 0 1 1
-6.3 3.4 -0.3 68 0 1 1
-6.3 3.9 -0.1 51 0 1 1
-6.3 4.3 0 93 0 1 1
-6.3 4.7 0 100 0 1 1
-6.3 5 0 93 0 1 1
-6.3 5.4 0 58 0 1 1
-6.3 5.8 0 100 0 1 1
-6.3 6.2 0 86 0 1 1
-6.3 6.6 0 92 0 1 1
-6.3 7 0 103 0 1 1
-6.3 7.4 0 90 0 1 1
-6.3 7.8 0 105 0 1 1
-6.3 8.2 0 88 0 1 1
-6.3 8.6 0 86 0 1 1
-6.3 9 0 86 0 1 1
-6 11.2 0.8 65 0 1 5
-5.9 -2.8 0 107 0 1 1
-5.9 -2.4 0 84 0 1 1
-5.9 -2 0 102 0 1 1
-5.9 -1.6 0 56 0 1 1
-5.9 -1.2 0 88 0 1 1
-5.9 -0.8 0 107 0 1 1
-5.9 -0.4 0 66 0 1 1
-5.9 -0.1 -0.1 134 0 1 1
-5.9 0.3 -0.3 117 0 1 1
-5.9 0.6 -0.6 92 0 1 4
-5.9 1 -0.7 95 0 1 4
-5.9 1.4 -0.7 106 0 1 4
-5.9 1.8 -0.7 102 0 1 4
-5.9 2.2 -0.7 88 0 1 4
-5.9 2.6 -0.7 96 0 1 4
-5.9 3 -0.7 112 0 1 4
-5.9 3.4 -0.6 59 0 1 4
-5.9 3.8 -0.3 96 0 1 1
-5.9 4.3 -0.1 100 0 1 1
-5.9 4.7 0 85 0 1 1
-5.9 5 0 81 0 1 1
-5.9 5.4 0 70 0 1 1
-5.9 5.8 0 100 0 1 1
-5.9 6.2 0 103 0 1 1
-5.9 6.6 0 73 0 1 1
-5.9 7 0 108 0 1 1
-5.9 7.4 0 112 0 1 1
-5.9 7.8 0 110 0 1 1
-5.9 8.2 0 69 0 1 1
-5.9 8.6 0 89 0 1 1
-5.9 9 0 103 0 1 1
-5.7 9.4 0 62 0 1 5
-5.6 10 0.5 72 0 1 5
-5.5 -2.8 0 109 0 1 1
-5.5 -2.4 0 91 0 1 1
-5.5 -2 0 105 0 1 1
-5.5 -1.6 0 109 0 1 1
-5.5 -1.2 0 38 0 1 1
-5.5 -0.8 0 69 0 1 1
-5.5 -0.4 0 90 0 1 1
-5.5 -0.1 -0.1 86 0 1 1
-5.5 0.3 -0.4 111 0 1 1
-5.5 0.6 -0.7 86 0 1 4
-5.5 1 -0.9 99 0 1 4
-5.5 1.4 -0.9 85 0 1 4
-5.5 1.8 -0.9 48 0 1 4
-5.5 2.1 -0.9 82 0 1 4
-5.5 2.5 -0.9 62 0 1 4
-5.5 2.9 -0.9 91 0 1 4
-5.5 3.4 -0.7 53 0 1 4
-5.5 3.8 -0.4 34 0 1 1
-5.5 4.3 -0.1 94 0 1 1
-5.5 4.7 0 108 0 1 1
-5.5 5 0 89 0 1 1
-5.5 5.4 0 96 0 1 1
-5.5 5.8 0 86 0 1 1
-5.5 6.2 0 96 0 1 1
-5.5 6.6 0 109 0 1 1
-5.5 7 0 108 0 1 1
-5.5 7.4 0 103 0 1 1
-5.5 7.8 0 94 0 1 1
-5.5 8.2 0 109 0 1 1
-5.5 8.6 0 102 0 1 1
-5.5 9 0 100 0 1 1
-5.4 10.5 0.8 44 0 1 5
-5.1 -2.4 0 100 0 1 1
-5.1 -2 0 78 0 1 1
-5.1 -1.6 0 101 0 1 1
-5.1 -1.2 0 69 0 1 1
-5.1 -0.8 0 96 0 1 1
-5.1 -0.4 0 65 0 1 1
-5.1 -0.1 -0.1 104 0 1 1
-5.1 0.3 -0.4 73 0 1 1
-5.1 0.6 -0.7 76 0 1 4
-5.1 1 -0.9 83 0 1 4
-5.1 1.4 -0.9 43 0 1 4
-5.1 1.8 -0.9 80 0 1 4
-5.1 2.1 -0.9 92 0 1 4
-5.1 2.5 -0.9 64 0 1 4
-5.1 2.9 -0.9 73 0 1 4
-5.1 3.4 -0.7 73 0 1 4
-5.1 3.8 -0.4 69 0 1 1
-5.1 4.3 -0.1 92 0 1 1
-5.1 4.7 0 101 0 1 1
-5.1 5 0 113 0 1 1
-5.1 5.4 0 111 0 1 1
-5.1 5.8 0 94 0 1 1
-5.1 6.2 0 60 0 1 1
-5.1 7.4 0 111 0 1 1
-5.1 7.8 0 114 0 1 1
-5.1 8.2 0 104 0 1 1
-5.1 8.6 0 92 0 1 1
-5.1 9 0 104 0 1 1
-4.9 5.5 0 90 0 1 2
-4.8 -2.4 0 84 0 1 1
-4.8 -2 0 93 0 1 1
-4.8 -1.6 0 89 0 1 1
-4.8 -1.2 0 107 0 1 1
-4.8 -0.8 0 88 0 1 1
-4.8 -0.4 0 108 0 1 1
-4.8 -0.1 -0.1 101 0 1 1
-4.8 4.3 -0.1 112 0 1 1
-4.8 4.7 0 111 0 1 1
-4.8 5 0 103 0 1 1
-4.8 5.7 0.1 71 0 1 2
-4.8 7.8 0 100 0 1 1
-4.8 8.2 0 110 0 1 1
-4.8 8.6 0 97 0 1 1
-4.8 9 0 80 0 1 1
-4.7 0.3 -0.4 104 0 1 1
-4.7 0.6 -0.7 96 0 1 4
-4.7 1 -0.9 66 0 1 4
-4.7 1.4 -0.9 73 0 1 4
-4.7 1.8 -0.9 79 0 1 4
-4.7 2.1 -0.9 60 0 1 4
-4.7 2.5 -0.9 37 0 1 4
-4.7 2.9 -0.9 84 0 1 4
-4.7 3.4 -0.7 81 0 1 4
-4.7 3.8 -0.4 62 0 1 1
-4.7 5.3 0 107 0 1 2
-4.7 5.5 0.1 65 0 1 2
-4.7 5.9 0.2 77 0 1 2
-4.6 5.7 0.2 87 0 1 2
-4.6 8.9 0 65 0 1 5
-4.5 5.3 0 65 0 1 2
-4.5 5.8 0.2 79 0 1 2
-4.4 -2 0 94 0 1 1
-4.4 -1.6 0 65 0 1 1
-4.4 -1.2 0 99 0 1 1
-4.4 -0.8 0 96 0 1 1
-4.4 -0.4 0 98 0 1 1
-4.4 -0.1 -0.1 104 0 1 1
-4.4 4.3 -0.1 75 0 1 1
-4.4 4.7 0 107 0 1 1
-4.4 5 0 110 0 1 1
-4.4 6.2 0.3 98 0 1 2
-4.4 7.8 0 79 0 1 1
-4.4 8.2 0 106 0 1 1
-4.4 8.6 0 116 0 1 1
-4.3 0.3 -0.4 67 0 1 1
-4.3 0.6 -0.7 77 0 1 4
-4.3 1 -0.9 53 0 1 4
-4.3 1.4 -0.9 88 0 1 4
-4.3 1.8 -0.9 80 0 1 4
-4.3 2.1 -0.9 43 0 1 4
-4.3 2.5 -0.9 44 0 1 4
-4.3 2.9 -0.9 103 0 1 4
-4.3 3.4 -0.7 46 0 1 4
-4.3 3.8 -0.4 85 0 1 1
-4.3 5.2 -0.1 106 0 1 2
-4.3 5.3 0.1 85 0 1 2
-4.2 6 0.3 65 0 1 2
-4.1 5.4 0.1 80 0 1 2
-4.1 5.8 0.3 58 0 1 2
-4.1 5.9 0.4 82 0 1 2
-4 -2 0 100 0 1 1
-4 -1.6 0 103 0 1 1
-4 -1.2 0 105 0 1 1
-4 -0.8 0 63 0 1 1
-4 -0.4 0 75 0 1 1
-4 -0.1 -0.1 105 0 1 1
-4 0.3 -0.4 89 0 1 1
-4 3.8 -0.4 64 0 1 1
-4 4.3 -0.1 101 0 1 1
-4 4.7 0 86 0 1 1
-4 5 0 104 0 1 1
-4 6 0.4 104 0 1 2
-4 6.2 0.3 86 0 1 2
-4 7.4 0 102 0 1 1
-4 7.8 0 85 0 1 1
-3.9 2.1 -0.9 59 0 1 4
-3.9 2.5 -0.9 69 0 1 4
-3.9 2.9 -0.9 77 0 1 4
-3.9 3.4 -0.7 85 0 1 4
-3.9 5.6 0.2 86 0 1 2
-3.9 5.7 0.3 90 0 1 2
-3.9 5.9 0.4 90 0 1 2
-3.8 5.5 0.2 96 0 1 2
-3.7 5.3 0 96 0 1 2
-3.6 -0.8 0 99 0 1 1
-3.6 -0.4 0 83 0 1 1
-3.6 -0.1 -0.1 96 0 1 1
-3.6 3.8 -0.4 58 0 1 1
-3.6 4.3 -0.1 91 0 1 1
-3.6 4.7 0 66 0 1 1
-3.6 5 0 91 0 1 1
-3.6 5.8 0.3 113 0 1 2
-3.6 6.2 0.3 91 0 1 2
-3.6 7 0 78 0 1 1
-3.5 3.4 -0.7 61 0 1 4
-3.5 5.6 0.1 109 0 1 2
-3.4 5.3 -0.1 111 0 1 2
-3.4 5.9 0.2 114 0 1 2
-3.4 6.3 0.1 110 0 1 2
-3.3 5.9 0.1 123 0 1 2
-3.3 6.4 0 87 0 1 2
-3.2 3.4 -0.6 56 0 1 4
-3.2 3.8 -0.3 51 0 1 1
-3.2 4.3 -0.1 90 0 1 1
-3.2 4.7 0 105 0 1 1
-3.2 5 0 109 0 1 1
-3.2 5.4 0 100 0 1 1
-3.2 5.8 0 134 0 1 1
-3.2 6.2 0 103 0 1 1
-2.8 3 -0.4 35 0 1 1
-2.8 3.4 -0.3 42 0 1 1
-2.8 3.9 -0.1 51 0 1 1
-2.8 4.3 0 82 0 1 1
-2.8 4.7 0 103 0 1 1
-2.8 5 0 95 0 1 1
-2.8 5.4 0 123 0 1 1
-2.4 2.7 -0.1 91 0 1 1
-2.4 3.1 -0.1 57 0 1 1
-2.4 3.5 -0.1 81 0 1 1
-2.4 3.9 0 93 0 1 1
-2.4 4.3 0 95 0 1 1
-2.4 4.7 0 74 0 1 1
-2 3.9 0 110 0 1 1
