-19.8 2.3 0 77 0 1 1
-19.8 2.7 0 74 0 1 1
-19.7 0.7 0 33 0 1 1
-19.7 1.1 0 69 0 1 1
-19.7 1.5 0 78 0 1 1
-19.7 1.9 0 77 0 1 1
-19.7 2.3 0 76 0 1 1
-19.7 2.7 0 75 0 1 1
-19.7 3.1 0 68 0 1 1
-19.7 3.5 0 71 0 1 1
-19.7 3.9 0 71 0 1 1
-19.5 4.3 0 71 0 1 1
-19.5 4.4 0 64 0 1 1
-19.4 4.7 0 71 0 1 1
-19.3 1.1 0 77 0 1 1
-19.3 1.5 0 73 0 1 1
-19.3 1.9 0 72 0 1 1
-19.3 2.3 0 74 0 1 1
-19.3 2.7 0 78 0 1 1
-19.3 3.1 0 79 0 1 1
-19.3 3.5 0 74 0 1 1
-19.3 3.9 0 68 0 1 1
-19.3 4.3 0 38 0 1 1
-19.3 4.7 0 69 0 1 1
-19.3 5 0 74 0 1 1
-19.3 5.2 0 69 0 1 1
-19.2 5.4 0 72 0 1 1
-19.1 5.8 0 71 0 1 1
-18.9 1.1 0 79 0 1 1
-18.9 1.5 0 70 0 1 1
-18.9 1.9 0 80 0 1 1
-18.9 2.3 0 72 0 1 1
-18.9 2.7 0 80 0 1 1
-18.9 3.1 0 72 0 1 1
-18.9 3.5 0 82 0 1 1
-18.9 3.9 0 65 0 1 1
-18.9 4.3 0 75 0 1 1
-18.9 4.7 0 58 0 1 1
-18.9 5 0 58 0 1 1
-18.9 5.4 0 72 0 1 1
-18.9 5.8 0 80 0 1 1
-18.9 6.2 0 75 0 1 1
-18.9 6.5 0 71 0 1 1
-18.8 -6.7 0 75 0 1 1
-18.8 6.6 0 74 0 1 1
-18.7 -7.1 0 72 0 1 1
-18.6 -7.5 0 71 0 1 1
-18.5 -7.8 0 72 0 1 1
-18.5 -7.7 0 70 0 1 1
-18.5 -7.5 0 71 0 1 1
-18.5 -7.1 0 73 0 1 1
-18.5 -6.7 0 73 0 1 1
-18.5 0.7 0 75 0 1 1
-18.5 1.1 0 77 0 1 1
-18.5 1.5 0 80 0 1 1
-18.5 1.9 0 75 0 1 1
-18.5 2.3 0 75 0 1 1
-18.5 2.7 0 81 0 1 1
-18.5 3.1 0 83 0 1 1
-18.5 3.5 0 82 0 1 1
-18.5 3.9 0 76 0 1 1
-18.5 4.3 0 80 0 1 1
-18.5 4.7 0 73 0 1 1
-18.5 5 0 70 0 1 1
-18.5 5.4 0 77 0 1 1
-18.5 5.8 0 92 0 1 1
-18.5 6.2 0 76 0 1 1
-18.4 -7.9 0 76 0 1 1
-18.2 -8.3 0 73 0 1 1
-18.1 -8.5 0 73 0 1 1
-18.1 -8.3 0 71 0 1 1
-18.1 -7.9 0 71 0 1 1
-18.1 -7.5 0 67 0 1 1
-18.1 -7.1 0 72 0 1 1
-18.1 -6.7 0 70 0 1 1
-18.1 1.1 0 79 0 1 1
-18.1 1.5 0 80 0 1 1
-18.1 1.9 0 74 0 1 1
-18.1 2.3 0 73 0 1 1
-18.1 2.7 0 73 0 1 1
-18.1 3.1 0 71 0 1 1
-18.1 3.5 0 73 0 1 1
-18.1 3.9 0 65 0 1 1
-18.1 4.3 0 82 0 1 1
-18.1 4.7 0 71 0 1 1
-18.1 5 0 80 0 1 1
-18.1 5.4 0 74 0 1 1
-18.1 5.8 0 70 0 1 1
-18.1 6.2 0 77 0 1 1
-18 -8.7 0 70 0 1 1
-17.8 -9.1 0 71 0 1 1
-17.7 -9.3 0 72 0 1 1
-17.7 -9.1 0 70 0 1 1
-17.7 -8.7 0 62 0 1 1
-17.7 -8.3 0 75 0 1 1
-17.7 -7.9 0 67 0 1 1
-17.7 -7.5 0 74 0 1 1
-17.7 -7.1 0 73 0 1 1
-17.7 -6.7 0 73 0 1 1
-17.7 -6.3 0 64 0 1 1
-17.7 0.7 0 80 0 1 1
-17.7 1.1 0 80 0 1 1
-17.7 1.5 0 80 0 1 1
-17.7 1.9 0 75 0 1 1
-17.7 2.3 0 79 0 1 1
-17.7 2.7 0 69 0 1 1
-17.7 3.1 0 73 0 1 1
-17.7 3.5 0 76 0 1 1
-17.7 3.9 0 71 0 1 1
-17.7 4.3 0 71 0 1 1
-17.7 4.7 0 64 0 1 1
-17.7 5 0 65 0 1 1
-17.7 5.4 0 75 0 1 1
-17.7 5.8 0 79 0 1 1
-17.7 6.2 0 81 0 1 1
-17.6 -9.5 0 75 0 1 1
-17.4 -9.9 0 72 0 1 1
-17.3 -10 0 72 0 1 1
-17.3 -9.9 0 78 0 1 1
-17.3 -9.5 0 82 0 1 1
-17.3 -9.1 0 80 0 1 1
-17.3 -8.7 0 81 0 1 1
-17.3 -8.3 0 72 0 1 1
-17.3 -7.9 0 78 0 1 1
-17.3 -7.5 0 68 0 1 1
-17.3 -7.1 0 73 0 1 1
-17.3 -6.7 0 65 0 1 1
-17.3 -6.3 0 74 0 1 1
-17.3 0.7 0 85 0 1 1
-17.3 1.1 0 78 0 1 1
-17.3 1.5 0 57 0 1 1
-17.3 1.9 0 75 0 1 1
-17.3 2.3 0 74 0 1 1
-17.3 2.7 0 71 0 1 1
-17.3 3.1 0 77 0 1 1
-17.3 3.5 0 71 0 1 1
-17.3 3.9 0 72 0 1 1
-17.3 4.3 0 80 0 1 1
-17.3 4.7 0 74 0 1 1
-17.3 5 0 78 0 1 1
-17.3 5.4 0 76 0 1 1
-17.3 5.8 0 80 0 1 1
-17.3 6.2 0 79 0 1 1
-17.2 -10.2 0 73 0 1 1
-17.2 10.1 0 67 0 1 1
-17 -10.6 0 74 0 1 1
-17 10.5 0 62 0 1 1
-16.9 -10.7 0 74 0 1 1
-16.9 -10.6 0 73 0 1 1
-16.9 -10.2 0 83 0 1 1
-16.9 -9.9 0 77 0 1 1
-16.9 -9.5 0 83 0 1 1
-16.9 -9.1 0 81 0 1 1
-16.9 -8.7 0 71 0 1 1
-16.9 -8.3 0 75 0 1 1
-16.9 -7.9 0 83 0 1 1
-16.9 -7.5 0 66 0 1 1
-16.9 -7.1 0 73 0 1 1
-16.9 -6.7 0 63 0 1 1
-16.9 -6.3 0 70 0 1 1
-16.9 0.7 0 82 0 1 1
-16.9 1.1 0 79 0 1 1
-16.9 1.5 0 75 0 1 1
-16.9 1.9 0 74 0 1 1
-16.9 2.3 0 79 0 1 1
-16.9 2.7 0 75 0 1 1
-16.9 3.1 0 72 0 1 1
-16.9 3.5 0 81 0 1 1
-16.9 3.9 0 70 0 1 1
-16.9 4.3 0 80 0 1 1
-16.9 4.7 0 80 0 1 1
-16.9 5 0 74 0 1 1
-16.9 5.4 0 70 0 1 1
-16.9 5.8 0 85 0 1 1
-16.9 10.1 0 54 0 1 1
-16.9 10.5 0 63 0 1 1
-16.9 10.6 0 69 0 1 1
-16.8 10.8 0 73 0 1 1
-16.7 -11.2 0 80 0 1 1
-16.7 -11 0 75 0 1 1
-16.7 10.9 0 74 0 1 1
-16.7 11.1 0 80 0 1 1
-16.5 -11.4 0 76 0 1 1
-16.5 -11 0 85 0 1 1
-16.5 -10.6 0 70 0 1 1
-16.5 -10.2 0 74 0 1 1
-16.5 -9.9 0 85 0 1 1
-16.5 -9.5 0 79 0 1 1
-16.5 -9.1 0 70 0 1 1
-16.5 -8.7 0 76 0 1 1
-16.5 -8.3 0 79 0 1 1
-16.5 -7.9 0 73 0 1 1
-16.5 -7.5 0 75 0 1 1
-16.5 -7.1 0 77 0 1 1
-16.5 -6.7 0 72 0 1 1
-16.5 -6.3 0 72 0 1 1
-16.5 0.7 0 83 0 1 1
-16.5 1.1 0 83 0 1 1
-16.5 1.5 0 81 0 1 1
-16.5 1.9 0 79 0 1 1
-16.5 2.3 0 77 0 1 1
-16.5 2.7 0 72 0 1 1
-16.5 3.1 0 73 0 1 1
-16.5 3.5 0 78 0 1 1
-16.5 3.9 0 72 0 1 1
-16.5 4.3 0 72 0 1 1
-16.5 4.7 0 81 0 1 1
-16.5 5 0 76 0 1 1
-16.5 5.4 0 77 0 1 1
-16.5 5.8 0 73 0 1 1
-16.5 9.8 0 76 0 1 1
-16.5 10.1 0 71 0 1 1
-16.5 10.5 0 85 0 1 1
-16.5 10.9 0 77 0 1 1
-16.5 11.3 0 87 0 1 1
-16.1 -11 0 72 0 1 1
-16.1 -10.6 0 81 0 1 1
-16.1 -10.2 0 82 0 1 1
-16.1 -9.9 0 79 0 1 1
-16.1 -9.5 0 76 0 1 1
-16.1 -9.1 0 79 0 1 1
-16.1 -8.7 0 74 0 1 1
-16.1 -8.3 0 70 0 1 1
-16.1 -7.9 0 76 0 1 1
-16.1 -7.5 0 75 0 1 1
-16.1 -7.1 0 71 0 1 1
-16.1 -6.7 0 83 0 1 1
-16.1 -6.3 0 71 0 1 1
-16.1 -5.9 0 75 0 1 1
-16.1 0.7 0 84 0 1 1
-16.1 1.1 0 81 0 1 1
-16.1 1.5 0 83 0 1 1
-16.1 1.9 0 77 0 1 1
-16.1 2.3 0 78 0 1 1
-16.1 2.7 0 71 0 1 1
-16.1 3.1 0 75 0 1 1
-16.1 3.5 0 71 0 1 1
-16.1 3.9 0 74 0 1 1
-16.1 4.3 0 64 0 1 1
-16.1 4.7 0 70 0 1 1
-16.1 5 0 72 0 1 1
-16.1 5.4 0 63 0 1 1
-16.1 5.8 0 68 0 1 1
-16.1 9.8 0 69 0 1 1
-16.1 10.1 0 77 0 1 1
-16.1 10.5 0 83 0 1 1
-16.1 10.9 0 74 0 1 1
-16.1 11.3 0 80 0 1 1
-16.1 11.7 0 74 0 1 1
-15.8 12.1 0 86 0 1 1
-15.7 -10.6 0 70 0 1 1
-15.7 -10.2 0 68 0 1 1
-15.7 -9.9 0 78 0 1 1
-15.7 -9.5 0 89 0 1 1
-15.7 -9.1 0 84 0 1 1
-15.7 -8.7 0 70 0 1 1
-15.7 -8.3 0 75 0 1 1
-15.7 -7.9 0 75 0 1 1
-15.7 -7.5 0 76 0 1 1
-15.7 -7.1 0 71 0 1 1
-15.7 -6.7 0 71 0 1 1
-15.7 -6.3 0 69 0 1 1
-15.7 -5.9 0 65 0 1 1
-15.7 0.7 0 84 0 1 1
-15.7 1.1 0 79 0 1 1
-15.7 1.5 0 80 0 1 1
-15.7 1.9 0 79 0 1 1
-15.7 2.3 0 81 0 1 1
-15.7 2.7 0 75 0 1 1
-15.7 3.1 0 71 0 1 1
-15.7 3.5 0 83 0 1 1
-15.7 3.9 0 73 0 1 1
-15.7 4.3 0 74 0 1 1
-15.7 4.7 0 74 0 1 1
-15.7 5 0 75 0 1 1
-15.7 5.4 0 82 0 1 1
-15.7 9.4 0 83 0 1 1
-15.7 9.8 0 77 0 1 1
-15.7 10.1 0 86 0 1 1
-15.7 10.5 0 72 0 1 1
-15.7 10.9 0 66 0 1 1
-15.7 11.3 0 74 0 1 1
-15.7 11.7 0 74 0 1 1
-15.7 12.1 0 71 0 1 1
-15.7 12.2 0 70 0 1 1
-15.6 12.4 0 72 0 1 1
-15.5 0.6 0.3 55 0 1 3
-15.5 12.5 0 70 0 1 1
-15.3 -10.2 0 72 0 1 1
-15.3 -9.9 0 84 0 1 1
-15.3 -9.5 0 84 0 1 1
-15.3 -9.1 0 85 0 1 1
-15.3 -8.7 0 78 0 1 1
-15.3 -8.3 0 70 0 1 1
-15.3 -7.9 0 71 0 1 1
-15.3 -7.5 0 76 0 1 1
-15.3 -7.1 0 69 0 1 1
-15.3 -6.7 0 71 0 1 1
-15.3 -6.3 0 84 0 1 1
-15.3 -5.9 0 77 0 1 1
-15.3 0.2 1.6 67 0 1 3
-15.3 0.7 0 86 0 1 1
-15.3 1.1 0 83 0 1 1
-15.3 1.5 0 84 0 1 1
-15.3 1.9 0 72 0 1 1
-15.3 2.3 0 79 0 1 1
-15.3 2.7 0 78 0 1 1
-15.3 3.1 0 76 0 1 1
-15.3 3.5 0 63 0 1 1
-15.3 3.9 0 75 0 1 1
-15.3 4.3 0 72 0 1 1
-15.3 4.7 0 76 0 1 1
-15.3 5 0 69 0 1 1
-15.3 5.4 0 70 0 1 1
-15.3 9.4 0 79 0 1 1
-15.3 9.8 0 82 0 1 1
-15.3 10.1 0 81 0 1 1
-15.3 10.5 0 83 0 1 1
-15.3 10.9 0 80 0 1 1
-15.3 11.3 0 83 0 1 1
-15.3 11.7 0 81 0 1 1
-15.3 12.1 0 83 0 1 1
-15.3 12.5 0 63 0 1 1
-15.3 12.7 0 66 0 1 1
-15.2 0 1.9 68 0 1 3
-15.2 12.9 0 78 0 1 1
-15.1 -0.2 2.1 66 0 1 3
-15 -9.5 0 77 0 1 1
-15 -9.1 0 81 0 1 1
-15 -8.7 0 53 0 1 1
-15 -8.3 0 85 0 1 1
-15 -7.9 0 81 0 1 1
-15 -7.5 0 61 0 1 1
-15 -7.1 0 76 0 1 1
-15 -6.7 0 77 0 1 1
-15 -6.3 0 72 0 1 1
-15 -5.9 0 74 0 1 1
-15 -5.5 0 77 0 1 1
-15 0.3 1.5 67 0 1 3
-15 0.6 0.6 66 0 1 3
-15 0.7 0 86 0 1 1
-15 1.1 0 85 0 1 1
-15 1.5 0 84 0 1 1
-15 1.9 0 81 0 1 1
-15 2.3 0 77 0 1 1
-15 2.7 0 81 0 1 1
-15 3.1 0 80 0 1 1
-15 3.5 0 79 0 1 1
-15 3.9 0 77 0 1 1
-15 4.3 0 82 0 1 1
-15 4.7 0 72 0 1 1
-15 5 0 79 0 1 1
-15 5.4 0 79 0 1 1
-15 9 0 51 0 1 1
-15 9.4 0 60 0 1 1
-15 9.8 0 79 0 1 1
-15 10.1 0 59 0 1 1
-15 10.5 0 91 0 1 1
-15 10.9 0 63 0 1 1
-15 11.3 0 78 0 1 1
-15 11.7 0 62 0 1 1
-15 12.1 0 86 0 1 1
-15 12.5 0 83 0 1 1
-15 12.9 0 77 0 1 1
-15 13.2 0 71 0 1 1
-14.9 0 1.9 70 0 1 3
-14.9 0.4 1.4 55 0 1 3
-14.9 13.3 0 72 0 1 1
-14.8 -1.8 2.4 82 0 1 3
-14.8 0.5 0.1 38 0 1 3
-14.7 -0.5 2.2 75 0 1 3
-14.7 0.5 0.9 58 0 1 3
-14.6 -9.1 0 91 0 1 1
-14.6 -8.7 0 80 0 1 1
-14.6 -8.3 0 75 0 1 1
-14.6 -7.9 0 76 0 1 1
-14.6 -7.5 0 81 0 1 1
-14.6 -7.1 0 80 0 1 1
-14.6 -6.7 0 62 0 1 1
-14.6 -6.3 0 79 0 1 1
-14.6 -5.9 0 72 0 1 1
-14.6 -5.5 0 71 0 1 1
-14.6 0.7 0 87 0 1 1
-14.6 1.1 0 87 0 1 1
-14.6 1.5 0 88 0 1 1
-14.6 1.9 0 84 0 1 1
-14.6 2.3 0 72 0 1 1
-14.6 2.7 0 77 0 1 1
-14.6 3.1 0 79 0 1 1
-14.6 3.5 0 72 0 1 1
-14.6 3.9 0 76 0 1 1
-14.6 4.3 0 81 0 1 1
-14.6 4.7 0 74 0 1 1
-14.6 5 0 73 0 1 1
-14.6 5.9 1.1 66 0 1 3
-14.6 9 0 59 0 1 1
-14.6 9.4 0 35 0 1 1
-14.6 9.8 0 69 0 1 1
-14.6 10.1 0 72 0 1 1
-14.6 10.5 0 70 0 1 1
-14.6 10.9 0 45 0 1 1
-14.6 11.3 0 40 0 1 1
-14.6 11.7 0 79 0 1 1
-14.6 12.1 0 68 0 1 1
-14.6 12.5 0 84 0 1 1
-14.6 12.9 0 81 0 1 1
-14.6 13.3 0 84 0 1 1
-14.6 13.6 0 76 0 1 1
-14.5 -0.1 1.9 74 0 1 3
-14.5 0.4 0.6 45 0 1 3
-14.5 13.7 0 73 0 1 1
-14.4 -0.3 2.1 72 0 1 3
-14.4 5.7 1.2 68 0 1 3
-14.4 6.1 1.2 75 0 1 3
-14.4 6.3 1.2 68 0 1 3
-14.3 5.9 1.1 77 0 1 3
-14.3 6.4 1.3 71 0 1 3
-14.3 6.5 1.3 73 0 1 3
-14.3 7.3 1.2 73 0 1 3
-14.2 -8.7 0 89 0 1 1
-14.2 -8.3 0 70 0 1 1
-14.2 -7.9 0 79 0 1 1
-14.2 -7.5 0 74 0 1 1
-14.2 -7.1 0 79 0 1 1
-14.2 -6.7 0 63 0 1 1
-14.2 -6.3 0 79 0 1 1
-14.2 -5.9 0 71 0 1 1
-14.2 -5.5 0 75 0 1 1
-14.2 -5.1 0 43 0 1 1
-14.2 -1.1 2.4 68 0 1 3
-14.2 0.1 1.6 63 0 1 3
-14.2 0.3 1.3 62 0 1 3
-14.2 0.4 0.3 50 0 1 3
-14.2 0.7 0 86 0 1 1
-14.2 1.1 0 84 0 1 1
-14.2 1.5 0 86 0 1 1
-14.2 1.9 0 89 0 1 1
-14.2 2.3 0 92 0 1 1
-14.2 2.7 0 77 0 1 1
-14.2 3.1 0 78 0 1 1
-14.2 3.5 0 82 0 1 1
-14.2 3.9 0 77 0 1 1
-14.2 4.3 0 83 0 1 1
-14.2 4.7 0 78 0 1 1
-14.2 5 0 75 0 1 1
-14.2 5.5 1.1 64 0 1 3
-14.2 8.6 0 75 0 1 1
-14.2 9 0 63 0 1 1
-14.2 9.4 0 54 0 1 1
-14.2 9.8 0 52 0 1 1
-14.2 10.1 0 72 0 1 1
-14.2 10.5 0 82 0 1 1
-14.2 10.9 0 71 0 1 1
-14.2 11.3 0 65 0 1 1
-14.2 11.7 0 64 0 1 1
-14.2 12.1 0 72 0 1 1
-14.2 12.5 0 87 0 1 1
-14.2 12.9 0 86 0 1 1
-14.2 13.3 0 75 0 1 1
-14.2 13.7 0 76 0 1 1
-14.2 14.1 0 84 0 1 1
-14.1 -4.6 1.9 67 0 1 3
-14.1 5.1 0.3 44 0 1 3
-14.1 5.1 0.6 58 0 1 3
-14.1 5.4 1 49 0 1 3
-14.1 7.1 1.2 83 0 1 3
-14 -4.8 1.5 68 0 1 3
-14 -0.9 2.3 74 0 1 3
-14 0.5 0 79 0 1 3
-14 5 0.5 75 0 1 3
-14 5.3 0.8 65 0 1 3
-14 5.5 1.2 69 0 1 3
-14 6.3 1.3 76 0 1 3
-13.9 -3.5 2 67 0 1 3
-13.9 -0.6 2 71 0 1 3
-13.9 5.1 0 79 0 1 3
-13.9 5.1 0.7 68 0 1 3
-13.9 5.4 1 42 0 1 3
-13.9 5.4 1.1 62 0 1 3
-13.9 6.1 1.3 70 0 1 3
-13.9 6.6 1.4 80 0 1 3
-13.8 -8.3 0 58 0 1 1
-13.8 -7.9 0 66 0 1 1
-13.8 -7.5 0 83 0 1 1
-13.8 -7.1 0 80 0 1 1
-13.8 -6.7 0 84 0 1 1
-13.8 -6.3 0 65 0 1 1
-13.8 -5.9 0 77 0 1 1
-13.8 -5.5 0 81 0 1 1
-13.8 -5.1 0 58 0 1 1
-13.8 0.7 0 83 0 1 1
-13.8 1.1 0 87 0 1 1
-13.8 1.5 0 86 0 1 1
-13.8 1.9 0 87 0 1 1
-13.8 2.3 0 86 0 1 1
-13.8 2.7 0 87 0 1 1
-13.8 3.1 0 82 0 1 1
-13.8 3.5 0 81 0 1 1
-13.8 3.9 0 75 0 1 1
-13.8 4.3 0 76 0 1 1
-13.8 4.7 0 76 0 1 1
-13.8 5 0 73 0 1 1
-13.8 6.9 1.2 81 0 1 3
-13.8 8.2 0 75 0 1 1
-13.8 8.6 0 75 0 1 1
-13.8 9 0 74 0 1 1
-13.8 9.4 0 76 0 1 1
-13.8 9.8 0 81 0 1 1
-13.8 10.1 0 79 0 1 1
-13.8 10.5 0 76 0 1 1
-13.8 10.9 0 70 0 1 1
-13.8 11.3 0 78 0 1 1
-13.8 11.7 0 79 0 1 1
-13.8 12.1 0 76 0 1 1
-13.8 12.5 0 78 0 1 1
-13.8 12.9 0 69 0 1 1
-13.8 13.3 0 83 0 1 1
-13.8 13.7 0 79 0 1 1
-13.7 -4.7 1.6 69 0 1 3
-13.7 -0.2 1.5 71 0 1 3
-13.7 0.2 0.5 60 0 1 3
-13.7 5 0.5 44 0 1 3
-13.7 5.2 0.7 64 0 1 3
-13.7 5.6 1.2 74 0 1 3
-13.6 -3.7 2 74 0 1 3
-13.6 0.1 1 59 0 1 3
-13.6 5.9 1.3 73 0 1 3
-13.6 6.1 1.2 73 0 1 3
-13.6 6.2 1.3 77 0 1 3
-13.5 -8.8 0.1 78 0 1 5
-13.5 -4.3 1.8 68 0 1 3
-13.5 -0.8 2.1 72 0 1 3
-13.5 5.1 0 27 0 1 3
-13.5 5.2 0.6 56 0 1 3
-13.5 5.3 1 59 0 1 3
-13.5 6.6 1.2 79 0 1 3
-13.4 -7.9 0 86 0 1 1
-13.4 -7.5 0 78 0 1 1
-13.4 -7.1 0 63 0 1 1
-13.4 -6.7 0 80 0 1 1
-13.4 -6.3 0 87 0 1 1
-13.4 -5.9 0 82 0 1 1
-13.4 -5.5 0 57 0 1 1
-13.4 -5.1 0 68 0 1 1
-13.4 -4.5 1.5 52 0 1 3
-13.4 -4.1 2 72 0 1 3
-13.4 0.3 0 83 0 1 1
-13.4 0.7 0 86 0 1 1
-13.4 1.1 0 85 0 1 1
-13.4 1.5 0 87 0 1 1
-13.4 1.9 0 86 0 1 1
-13.4 2.3 0 91 0 1 1
-13.4 2.7 0 89 0 1 1
-13.4 3.1 0 82 0 1 1
-13.4 3.5 0 81 0 1 1
-13.4 3.9 0 81 0 1 1
-13.4 4.3 0 81 0 1 1
-13.4 4.7 0 74 0 1 1
-13.4 5 0 79 0 1 1
-13.4 5.5 1 73 0 1 3
-13.4 5.7 1.1 75 0 1 3
-13.4 5.9 1.2 64 0 1 3
-13.4 8.2 0 79 0 1 1
-13.4 8.6 0 76 0 1 1
-13.4 9 0 77 0 1 1
-13.4 9.4 0 96 0 1 1
-13.4 9.8 0 72 0 1 1
-13.4 10.1 0 77 0 1 1
-13.4 10.5 0 67 0 1 1
-13.4 10.9 0 82 0 1 1
-13.4 11.3 0 87 0 1 1
-13.4 11.7 0 59 0 1 1
-13.4 12.1 0 84 0 1 1
-13.4 12.5 0 82 0 1 1
-13.4 12.9 0 74 0 1 1
-13.4 13.3 0 87 0 1 1
-13.3 -8.5 0.1 80 0 1 5
-13.3 -4.6 0.7 57 0 1 3
-13.3 5.3 0 36 0 1 3
-13.3 5.3 0.4 38 0 1 3
-13.3 7 1.2 86 0 1 3
-13.2 -8.2 0.1 81 0 1 5
-13.2 0.2 0.2 53 0 1 3
-13.2 5.3 0.6 44 0 1 3
-13.2 5.3 0.8 56 0 1 3
-13.2 5.5 0.9 75 0 1 3
-13.2 6 1.2 75 0 1 3
-13.2 7.4 1 82 0 1 3
-13.1 -9 0.3 70 0 1 5
-13.1 -3.7 2 73 0 1 3
-13.1 -0.3 1.6 72 0 1 3
-13.1 5.8 1 73 0 1 3
-13.1 6.6 1.1 82 0 1 3
-13.1 7.6 0.6 69 0 1 3
-13 -7.1 0 73 0 1 1
-13 -6.7 0 71 0 1 1
-13 -6.3 0 84 0 1 1
-13 -5.9 0 73 0 1 1
-13 -5.5 0 85 0 1 1
-13 -5.1 0 87 0 1 1
-13 -4.8 0 54 0 1 1
-13 -4 1.8 64 0 1 3
-13 0.2 0.2 45 0 1 3
-13 0.3 0 83 0 1 1
-13 0.7 0 87 0 1 1
-13 1.1 0 84 0 1 1
-13 1.5 0 86 0 1 1
-13 1.9 0 88 0 1 1
-13 2.3 0 87 0 1 1
-13 2.7 0 92 0 1 1
-13 3.1 0 90 0 1 1
-13 3.5 0 77 0 1 1
-13 3.9 0 80 0 1 1
-13 4.3 0 81 0 1 1
-13 4.7 0 78 0 1 1
-13 5 0 80 0 1 1
-13 5.4 0 80 0 1 1
-13 5.6 0.1 34 0 1 3
-13 6.2 1.2 80 0 1 3
-13 6.8 1.1 79 0 1 3
-13 7.8 0 79 0 1 1
-13 8.2 0 72 0 1 1
-13 8.6 0 70 0 1 1
-13 9 0 75 0 1 1
-13 9.4 0 75 0 1 1
-13 9.8 0 74 0 1 1
-13 10.1 0 62 0 1 1
-13 10.5 0 68 0 1 1
-13 10.9 0 73 0 1 1
-13 11.3 0 68 0 1 1
-13 11.7 0 73 0 1 1
-13 12.1 0 76 0 1 1
-13 12.5 0 61 0 1 1
-13 12.9 0 45 0 1 1
-12.9 -8.7 0.3 70 0 1 5
-12.9 -8.3 0.2 81 0 1 5
-12.9 -8 0.1 80 0 1 5
-12.9 5.7 0.1 24 0 1 3
-12.9 5.7 0.8 64 0 1 3
-12.9 5.9 0 47 0 1 3
-12.9 6.2 0 39 0 1 3
-12.9 6.5 1.1 84 0 1 3
-12.9 7.2 1.1 76 0 1 3
-12.9 7.5 0.8 70 0 1 3
-12.8 -4.7 0.1 64 0 1 3
-12.8 5.7 0.3 44 0 1 3
-12.8 6 1 81 0 1 3
-12.8 6.4 0 28 0 1 3
-12.8 6.7 1 104 0 1 3
-12.8 6.8 1 83 0 1 3
-12.8 7 1 81 0 1 3
-12.8 7.4 0 42 0 1 3
-12.8 7.6 0 59 0 1 3
-12.7 -8.3 0.3 80 0 1 5
-12.7 -8 0.2 81 0 1 5
-12.7 -7.7 0.1 83 0 1 5
-12.7 -7.3 0 81 0 1 5
-12.7 -7 0 61 0 1 5
-12.7 -3.2 2 71 0 1 3
-12.7 -0.9 2.2 78 0 1 3
-12.7 -0.4 1.8 69 0 1 3
-12.7 5.8 0.6 58 0 1 3
-12.7 5.9 0.8 74 0 1 3
-12.7 6.1 0.3 29 0 1 3
-12.7 6.3 1 90 0 1 3
-12.7 6.6 0.7 92 0 1 3
-12.7 7.2 0.9 74 0 1 3
-12.7 7.3 0.7 67 0 1 3
-12.7 7.5 0.3 72 0 1 3
-12.6 -6.7 0 84 0 1 1
-12.6 -6.3 0 56 0 1 1
-12.6 -5.9 0 74 0 1 1
-12.6 -5.5 0 69 0 1 1
-12.6 -5.1 0 70 0 1 1
-12.6 -4.8 0 64 0 1 1
-12.6 -4.3 1.1 50 0 1 3
-12.6 -0.1 0 77 0 1 1
-12.6 0.1 0.6 50 0 1 3
-12.6 0.3 0 78 0 1 1
-12.6 0.7 0 82 0 1 1
-12.6 1.1 0 85 0 1 1
-12.6 1.5 0 86 0 1 1
-12.6 1.9 0 86 0 1 1
-12.6 2.3 0 88 0 1 1
-12.6 2.7 0 91 0 1 1
-12.6 3.1 0 93 0 1 1
-12.6 3.5 0 88 0 1 1
-12.6 3.9 0 85 0 1 1
-12.6 4.3 0 79 0 1 1
-12.6 4.7 0 83 0 1 1
-12.6 5 0 72 0 1 1
-12.6 5.4 0 84 0 1 1
-12.6 5.8 0 79 0 1 1
-12.6 6.1 0.6 56 0 1 3
-12.6 6.2 0 75 0 1 1
-12.6 6.4 0.1 28 0 1 3
-12.6 6.4 0.7 72 0 1 3
-12.6 6.5 0.5 70 0 1 3
-12.6 6.6 0 79 0 1 1
-12.6 6.7 0.1 28 0 1 3
-12.6 7 0 74 0 1 1
-12.6 7.1 0 36 0 1 3
-12.6 7.3 0.1 43 0 1 3
-12.6 7.4 0 81 0 1 1
-12.6 7.8 0 81 0 1 1
-12.6 8.2 0 80 0 1 1
-12.6 8.6 0 64 0 1 1
-12.6 9 0 72 0 1 1
-12.6 9.4 0 77 0 1 1
-12.6 9.8 0 67 0 1 1
-12.6 10.1 0 71 0 1 1
-12.6 10.5 0 78 0 1 1
-12.6 10.9 0 79 0 1 1
-12.6 11.3 0 92 0 1 1
-12.6 11.7 0 78 0 1 1
-12.6 12.1 0 82 0 1 1
-12.6 12.5 0 88 0 1 1
-12.5 -3.9 1.7 71 0 1 3
-12.5 -1.8 2.4 75 0 1 3
-12.5 -1.1 2.4 71 0 1 3
-12.5 0 0.3 38 0 1 3
-12.5 6.3 0.3 38 0 1 3
-12.5 6.3 0.5 68 0 1 3
-12.5 6.5 0.2 47 0 1 3
-12.5 6.7 0.4 55 0 1 3
-12.5 6.7 0.7 64 0 1 3
-12.5 6.9 0.2 37 0 1 3
-12.5 7 0.9 86 0 1 3
-12.4 -8.3 0.3 71 0 1 5
-12.4 -8 0.2 76 0 1 5
-12.4 -4.1 1.4 59 0 1 3
-12.4 -3.1 2 78 0 1 3
-12.4 6.9 0.5 58 0 1 3
-12.4 7 0.5 56 0 1 3
-12.4 7 0.7 65 0 1 3
-12.4 7 0.8 93 0 1 3
-12.3 -8.5 0.5 69 0 1 5
-12.3 -7 0 77 0 1 5
-12.3 -2.1 2.2 71 0 1 3
-12.3 -0.2 1.5 67 0 1 3
-12.2 -7.1 0 80 0 1 1
-12.2 -6.7 0 66 0 1 1
-12.2 -6.3 0 79 0 1 1
-12.2 -5.9 0 87 0 1 1
-12.2 -5.5 0 54 0 1 1
-12.2 -5.1 0 82 0 1 1
-12.2 -4.8 0 76 0 1 1
-12.2 -4.3 0.7 53 0 1 3
-12.2 -4 1.1 58 0 1 3
-12.2 -3.8 1.5 69 0 1 3
-12.2 -0.9 2 64 0 1 3
-12.2 -0.1 0 76 0 1 1
-12.2 0.3 0 73 0 1 1
-12.2 0.7 0 76 0 1 1
-12.2 1.1 0 83 0 1 1
-12.2 1.5 0 87 0 1 1
-12.2 1.9 0 84 0 1 1
-12.2 2.3 0 85 0 1 1
-12.2 2.7 0 87 0 1 1
-12.2 3.1 0 93 0 1 1
-12.2 3.5 0 90 0 1 1
-12.2 3.9 0 85 0 1 1
-12.2 4.3 0 80 0 1 1
-12.2 4.7 0 77 0 1 1
-12.2 5 0 82 0 1 1
-12.2 5.4 0 72 0 1 1
-12.2 5.8 0 75 0 1 1
-12.2 6.2 0 84 0 1 1
-12.2 6.6 0 72 0 1 1
-12.2 7 0 76 0 1 1
-12.2 7.4 0 80 0 1 1
-12.2 7.8 0 77 0 1 1
-12.2 8.2 0 82 0 1 1
-12.2 9 0 75 0 1 1
-12.2 9.4 0 58 0 1 1
-12.2 9.8 0 77 0 1 1
-12.2 10.1 0 47 0 1 1
-12.2 10.5 0 69 0 1 1
-12.2 10.9 0 68 0 1 1
-12.2 11.3 0 80 0 1 1
-12.2 11.7 0 80 0 1 1
-12.2 12.1 0 82 0 1 1
-12.1 -8.7 0.6 69 0 1 5
-12.1 -8.2 0.4 72 0 1 5
-12.1 -7.9 0.2 77 0 1 5
-12.1 -4.4 0.2 39 0 1 3
-12.1 -3.2 1.9 77 0 1 3
-12.1 -1.8 2.2 73 0 1 3
-12.1 0 0.4 40 0 1 3
-12 -9.1 0.8 65 0 1 5
-12 -8.5 0.5 69 0 1 5
-12 -7.6 0.2 79 0 1 5
-12 -7.3 0.1 78 0 1 5
-12 -3.5 1.5 71 0 1 3
-12 -0.6 1.8 78 0 1 3
-12 0 1.1 61 0 1 3
-11.9 -8.7 0.7 67 0 1 5
-11.9 -7 0.1 78 0 1 5
-11.9 -4.4 0.4 63 0 1 3
-11.9 -2.7 2 73 0 1 3
-11.9 -0.2 1.5 66 0 1 3
-11.8 -8.3 0.5 69 0 1 5
-11.8 -8.1 0.4 73 0 1 5
-11.8 -7.1 0 86 0 1 1
-11.8 -6.7 0 84 0 1 1
-11.8 -6.3 0 78 0 1 1
-11.8 -5.9 0 72 0 1 1
-11.8 -5.5 0 66 0 1 1
-11.8 -5.1 0 79 0 1 1
-11.8 -4.8 0 80 0 1 1
-11.8 -4.4 0 80 0 1 1
-11.8 -4 0.9 61 0 1 3
-11.8 -2.5 2.1 72 0 1 3
-11.8 -2 2.2 79 0 1 3
-11.8 -0.1 0 74 0 1 1
-11.8 0 0.7 49 0 1 3
-11.8 0.3 0 76 0 1 1
-11.8 0.7 0 69 0 1 1
-11.8 1.1 0 81 0 1 1
-11.8 1.5 0 78 0 1 1
-11.8 1.9 0 89 0 1 1
-11.8 2.3 0 72 0 1 1
-11.8 2.7 0 85 0 1 1
-11.8 3.1 0 93 0 1 1
-11.8 3.5 0 97 0 1 1
-11.8 3.9 0 86 0 1 1
-11.8 4.3 0 81 0 1 1
-11.8 4.7 0 84 0 1 1
-11.8 5 0 73 0 1 1
-11.8 5.4 0 81 0 1 1
-11.8 5.8 0 65 0 1 1
-11.8 6.2 0 49 0 1 1
-11.8 6.6 0 83 0 1 1
-11.8 7 0 75 0 1 1
-11.8 7.4 0 85 0 1 1
-11.8 7.8 0 74 0 1 1
-11.8 9 0 79 0 1 1
-11.8 9.4 0 78 0 1 1
-11.8 9.8 0 73 0 1 1
-11.8 10.1 0 58 0 1 1
-11.8 10.5 0 80 0 1 1
-11.8 10.9 0 77 0 1 1
-11.8 11.3 0 79 0 1 1
-11.8 11.7 0 80 0 1 1
-11.7 -9.4 1 67 0 1 5
-11.7 -8.9 0.8 66 0 1 5
-11.7 -8.6 0.6 72 0 1 5
-11.7 -4.2 0.1 36 0 1 3
-11.7 -4.2 0.4 48 0 1 3
-11.7 -1.3 1.9 81 0 1 3
-11.7 -0.9 1.8 73 0 1 3
-11.7 -0.1 1.2 45 0 1 3
-11.6 -8.4 0.5 71 0 1 5
-11.6 -8.2 0.5 68 0 1 5
-11.6 -8 0.4 71 0 1 5
-11.6 -7.3 0.2 77 0 1 5
-11.6 -2.2 2.2 77 0 1 3
-11.6 -0.4 1.5 74 0 1 3
-11.6 0 0.2 39 0 1 3
-11.5 -9.1 1 67 0 1 5
-11.5 -7.8 0.3 73 0 1 5
-11.5 -3.9 0.6 61 0 1 3
-11.5 -2.9 1.8 72 0 1 3
-11.5 -0.2 0.7 35 0 1 3
-11.4 -9.4 1.1 60 0 1 5
-11.4 -8.9 0.9 60 0 1 5
-11.4 -7.6 0.3 73 0 1 5
-11.4 -7.1 0 79 0 1 1
-11.4 -6.7 0 88 0 1 1
-11.4 -6.3 0 84 0 1 1
-11.4 -5.9 0 76 0 1 1
-11.4 -5.5 0 74 0 1 1
-11.4 -5.1 0 76 0 1 1
-11.4 -4.8 0 82 0 1 1
-11.4 -4.4 0 74 0 1 1
-11.4 -4 0 88 0 1 1
-11.4 -2.6 1.9 66 0 1 3
-11.4 -2 2.1 80 0 1 3
-11.4 -0.8 1.5 83 0 1 3
-11.4 -0.1 0 74 0 1 1
-11.4 0.3 0 78 0 1 1
-11.4 0.7 0 78 0 1 1
-11.4 1.1 0 77 0 1 1
-11.4 1.5 0 79 0 1 1
-11.4 1.9 0 87 0 1 1
-11.4 2.7 0 86 0 1 1
-11.4 3.1 0 87 0 1 1
-11.4 3.5 0 89 0 1 1
-11.4 3.9 0 99 0 1 1
-11.4 4.3 0 84 0 1 1
-11.4 4.7 0 87 0 1 1
-11.4 5 0 83 0 1 1
-11.4 5.4 0 78 0 1 1
-11.4 5.8 0 70 0 1 1
-11.4 6.2 0 73 0 1 1
-11.4 6.6 0 84 0 1 1
-11.4 7 0 83 0 1 1
-11.4 7.4 0 71 0 1 1
-11.4 9 0 86 0 1 1
-11.4 9.4 0 72 0 1 1
-11.4 9.8 0 75 0 1 1
-11.4 10.1 0 69 0 1 1
-11.4 10.5 0 67 0 1 1
-11.4 10.9 0 75 0 1 1
-11.4 11.3 0 76 0 1 1
-11.3 -8.8 0.8 65 0 1 5
-11.3 -3.9 0.2 44 0 1 3
-11.3 -3.4 0.9 53 0 1 3
-11.3 -2.8 1.4 60 0 1 3
-11.3 -0.7 0.5 56 0 1 3
-11.3 -0.4 0.1 55 0 1 3
-11.3 -0.4 1 59 0 1 3
-11.2 -9.3 1.2 65 0 1 5
-11.2 -9.1 1 56 0 1 5
-11.2 -7.2 0.1 78 0 1 5
-11.2 -1.6 1.9 83 0 1 3
-11.2 -0.9 0.2 29 0 1 3
-11.1 -8.7 0.8 67 0 1 5
-11.1 -8.5 0.7 66 0 1 5
-11.1 -8.3 0.6 67 0 1 5
-11.1 -6.9 0.1 84 0 1 5
-11.1 -2.4 1.2 77 0 1 3
-11.1 -1.9 1.7 69 0 1 3
-11.1 -1.4 1.6 86 0 1 3
-11.1 -0.8 1 61 0 1 3
-11 -9.1 1.1 71 0 1 5
-11 -8 0.5 69 0 1 5
-11 -7.5 0.2 58 0 1 5
-11 -7.1 0 78 0 1 1
-11 -6.7 0 76 0 1 1
-11 -6.3 0 88 0 1 1
-11 -5.9 0 64 0 1 1
-11 -5.5 0 76 0 1 1
-11 -5.1 0 70 0 1 1
-11 -4.8 0 84 0 1 1
-11 -4.4 0 83 0 1 1
-11 -4 0 89 0 1 1
-11 -3.8 0.5 57 0 1 3
-11 -3.6 0 69 0 1 1
-11 -2.9 1.1 78 0 1 3
-11 -1.7 0.7 51 0 1 3
-11 -1.5 0.1 55 0 1 3
-11 -1.5 1 60 0 1 3
-11 -1.2 0 50 0 1 1
-11 -0.8 0 77 0 1 1
-11 -0.4 0 81 0 1 1
-11 -0.1 0 80 0 1 1
-11 0.3 0 75 0 1 1
-11 0.7 0 77 0 1 1
-11 1.1 0 62 0 1 1
-11 1.5 0 75 0 1 1
-11 1.9 0 82 0 1 1
-11 2.7 0 87 0 1 1
-11 3.1 0 85 0 1 1
-11 3.5 0 88 0 1 1
-11 3.9 0 96 0 1 1
-11 4.3 0 87 0 1 1
-11 4.7 0 83 0 1 1
-11 5 0 83 0 1 1
-11 5.4 0 83 0 1 1
-11 5.8 0 75 0 1 1
-11 6.2 0 78 0 1 1
-11 6.6 0 81 0 1 1
-11 7 0 77 0 1 1
-11 7.4 0 83 0 1 1
-11 8.6 0 70 0 1 1
-11 9 0 67 0 1 1
-11 9.4 0 79 0 1 1
-11 9.8 0 77 0 1 1
-11 10.1 0 77 0 1 1
-11 10.5 0 78 0 1 1
-11 10.9 0 78 0 1 1
-10.9 -9.5 1.4 69 0 1 5
-10.9 -9.3 1.2 66 0 1 5
-10.9 -8.3 0.6 65 0 1 5
-10.9 -7.8 0.4 66 0 1 5
-10.9 -2.2 0.8 74 0 1 3
-10.9 -2 0.2 48 0 1 3
-10.8 -9 1 61 0 1 5
-10.8 -3.5 0.3 37 0 1 3
-10.8 -3.3 0.7 72 0 1 3
-10.8 -2.8 0.1 41 0 1 3
-10.8 -2.6 1 86 0 1 3
-10.8 -2.3 0.1 43 0 1 3
-10.7 -3.1 0.3 30 0 1 3
-10.7 -2.8 0.7 66 0 1 3
-10.7 7.5 0.2 70 0 1 2
-10.7 7.8 0.2 73 0 1 2
-10.6 -9.6 1.5 72 0 1 5
-10.6 -9.5 1.5 68 0 1 5
-10.6 -9.3 1.3 64 0 1 5
-10.6 -9.1 1.1 69 0 1 5
-10.6 -8.8 0.9 68 0 1 5
-10.6 -8.7 0.8 63 0 1 5
-10.6 -7.1 0 79 0 1 1
-10.6 -6.7 0 65 0 1 1
-10.6 -6.3 0 111 0 1 1
-10.6 -5.5 0 79 0 1 1
-10.6 -5.1 0 68 0 1 1
-10.6 -4.8 0 39 0 1 1
-10.6 -4.4 0 67 0 1 1
-10.6 -4 0 86 0 1 1
-10.6 -3.6 0 79 0 1 1
-10.6 -3.2 0 83 0 1 1
-10.6 -2.8 0 82 0 1 1
-10.6 -2.4 0 77 0 1 1
-10.6 -2 0 75 0 1 1
-10.6 -1.6 0 62 0 1 1
-10.6 -1.2 0 66 0 1 1
-10.6 -0.8 0 80 0 1 1
-10.6 -0.4 0 58 0 1 1
-10.6 -0.1 0 79 0 1 1
-10.6 0.3 0 76 0 1 1
-10.6 0.7 0 77 0 1 1
-10.6 1.1 0 76 0 1 1
-10.6 1.5 0 76 0 1 1
-10.6 2.7 0 91 0 1 1
-10.6 3.1 0 87 0 1 1
-10.6 3.5 0 85 0 1 1
-10.6 3.9 0 84 0 1 1
-10.6 4.3 0 89 0 1 1
-10.6 4.7 0 87 0 1 1
-10.6 5 0 85 0 1 1
-10.6 5.4 0 82 0 1 1
-10.6 5.8 0 82 0 1 1
-10.6 6.2 0 73 0 1 1
-10.6 6.6 0 76 0 1 1
-10.6 7 0 81 0 1 1
-10.6 7.2 0.1 51 0 1 2
-10.6 7.3 0.2 62 0 1 2
-10.6 7.6 0.3 72 0 1 2
-10.6 8.2 0 79 0 1 1
-10.6 8.6 0 65 0 1 1
-10.6 9 0 37 0 1 1
-10.6 9.4 0 72 0 1 1
-10.6 9.8 0 77 0 1 1
-10.6 10.1 0 77 0 1 1
-10.6 10.5 0 78 0 1 1
-10.5 -9 1 64 0 1 5
-10.5 -8.1 0.6 69 0 1 5
-10.5 -7.7 0.4 72 0 1 5
-10.5 -7.4 0.2 73 0 1 5
-10.5 7.3 0 40 0 1 2
-10.5 7.3 0.1 45 0 1 2
-10.5 7.4 0.3 71 0 1 2
-10.5 7.6 0.2 78 0 1 2
-10.4 -9.7 1.6 65 0 1 5
-10.4 -9.1 1.1 69 0 1 5
-10.4 -8.9 1 67 0 1 5
-10.4 -8.7 0.8 70 0 1 5
-10.4 -8.4 0.7 72 0 1 5
-10.4 -7.1 0.1 73 0 1 5
-10.4 7.3 0.2 101 0 1 2
-10.4 7.4 0 29 0 1 2
-10.4 7.5 0 28 0 1 2
-10.4 7.6 0.2 80 0 1 2
-10.4 7.7 -0.1 68 0 1 2
-10.4 7.7 0.2 80 0 1 2
-10.4 7.8 0 67 0 1 2
-10.4 7.8 0.2 74 0 1 2
-10.3 -9.6 1.6 65 0 1 5
-10.3 -9.5 1.5 61 0 1 5
-10.3 -9.3 1.4 59 0 1 5
-10.3 -9.2 1.2 58 0 1 5
-10.3 -8.9 1 62 0 1 5
-10.3 -8.3 0.7 72 0 1 5
-10.3 7.4 0.1 83 0 1 2
-10.3 7.5 0.2 81 0 1 2
-10.3 7.6 0.1 91 0 1 2
-10.3 7.7 0 33 0 1 2
-10.2 -8.7 0.8 60 0 1 5
-10.2 -7.1 0 87 0 1 1
-10.2 -6.9 0.1 67 0 1 5
-10.2 -6.7 0 84 0 1 1
-10.2 -6.3 0 67 0 1 1
-10.2 -5.9 0 112 0 1 1
-10.2 -5.1 0 81 0 1 1
-10.2 -4.8 0 47 0 1 1
-10.2 -4.4 0 62 0 1 1
-10.2 -4 0 87 0 1 1
-10.2 -3.6 0 71 0 1 1
-10.2 -3.2 0 81 0 1 1
-10.2 -2.8 0 67 0 1 1
-10.2 -2.4 0 68 0 1 1
-10.2 -2 0 43 0 1 1
-10.2 -1.6 0 69 0 1 1
-10.2 -1.2 0 81 0 1 1
-10.2 -0.8 0 64 0 1 1
-10.2 -0.4 0 77 0 1 1
-10.2 -0.1 0 72 0 1 1
-10.2 0.3 0 79 0 1 1
-10.2 0.7 0 73 0 1 1
-10.2 1.1 0 69 0 1 1
-10.2 1.5 0 74 0 1 1
-10.2 2.7 0 85 0 1 1
-10.2 3.1 0 94 0 1 1
-10.2 3.5 0 87 0 1 1
-10.2 3.9 0 85 0 1 1
-10.2 4.3 0 91 0 1 1
-10.2 4.7 0 93 0 1 1
-10.2 5 0 81 0 1 1
-10.2 5.4 0 80 0 1 1
-10.2 5.8 0 78 0 1 1
-10.2 6.2 0 80 0 1 1
-10.2 6.6 0 83 0 1 1
-10.2 7 0 79 0 1 1
-10.2 7.4 0 82 0 1 1
-10.2 7.7 0.1 64 0 1 2
-10.2 7.8 0 78 0 1 1
-10.2 8.2 0 85 0 1 1
-10.2 8.6 0 80 0 1 1
-10.2 9 0 72 0 1 1
-10.2 9.4 0 73 0 1 1
-10.2 9.8 0 86 0 1 1
-10.2 10.1 0 80 0 1 1
-10.1 -9.7 1.7 68 0 1 5
-10.1 -9.6 1.7 62 0 1 5
-10.1 -9 1.1 70 0 1 5
-10.1 -8.6 0.8 70 0 1 5
-10.1 1.9 0.2 76 0 1 2
-10.1 2.3 0.2 77 0 1 2
-10.1 2.4 0.1 77 0 1 2
-10 -8.8 0.9 44 0 1 5
-10 -8.5 0.8 71 0 1 5
-10 -8.2 0.7 75 0 1 5
-10 -7.9 0.5 68 0 1 5
-10 1.7 0.1 81 0 1 2
-10 1.8 0.2 80 0 1 2
-10 2 0.2 70 0 1 2
-10 2.1 0.3 77 0 1 2
-10 2.3 0.2 84 0 1 2
-10 2.4 0 52 0 1 2
-9.9 -9.5 1.6 64 0 1 5
-9.9 -9.3 1.4 61 0 1 5
-9.9 -9.2 1.3 58 0 1 5
-9.9 -8.7 0.9 66 0 1 5
-9.9 -7.1 0 50 0 1 1
-9.9 -6.7 0 79 0 1 1
-9.9 -6.3 0 74 0 1 1
-9.9 -4.8 0 80 0 1 1
-9.9 -4.4 0 85 0 1 1
-9.9 -4 0 75 0 1 1
-9.9 -3.6 0 89 0 1 1
-9.9 -3.2 0 87 0 1 1
-9.9 -2.8 0 80 0 1 1
-9.9 -2.4 0 78 0 1 1
-9.9 -2 0 62 0 1 1
-9.9 -1.6 0 64 0 1 1
-9.9 -1.2 0 63 0 1 1
-9.9 -0.8 0 79 0 1 1
-9.9 -0.4 0 74 0 1 1
-9.9 -0.1 0 76 0 1 1
-9.9 0.3 0 74 0 1 1
-9.9 0.7 0 76 0 1 1
-9.9 1.1 0 79 0 1 1
-9.9 1.5 0 80 0 1 1
-9.9 1.8 0 71 0 1 2
-9.9 1.8 0.1 54 0 1 2
-9.9 2.2 0.2 73 0 1 2
-9.9 2.3 0 67 0 1 1
-9.9 2.4 0.1 41 0 1 2
-9.9 2.7 0 80 0 1 1
-9.9 3.1 0 86 0 1 1
-9.9 3.5 0 90 0 1 1
-9.9 3.9 0 82 0 1 1
-9.9 4.3 0 86 0 1 1
-9.9 4.7 0 88 0 1 1
-9.9 5 0 82 0 1 1
-9.9 5.4 0 84 0 1 1
-9.9 5.8 0 81 0 1 1
-9.9 6.2 0 82 0 1 1
-9.9 6.6 0 85 0 1 1
-9.9 7 0 75 0 1 1
-9.9 7.4 0 71 0 1 1
-9.9 7.8 0 83 0 1 1
-9.9 8.2 0 82 0 1 1
-9.9 8.6 0 75 0 1 1
-9.9 9 0 83 0 1 1
-9.9 9.4 0 74 0 1 1
-9.9 9.8 0 85 0 1 1
-9.8 -9.7 1.8 70 0 1 5
-9.8 -8.9 1.1 58 0 1 5
-9.8 -8.5 0.8 73 0 1 5
-9.8 -7.3 0.2 75 0 1 5
-9.8 1.8 0 63 0 1 2
-9.8 1.8 0.2 99 0 1 2
-9.8 1.9 0.3 73 0 1 2
-9.8 2.2 0.2 78 0 1 2
-9.7 -9.6 1.8 61 0 1 5
-9.7 -9.1 1.3 67 0 1 5
-9.7 -8.6 0.9 68 0 1 5
-9.7 1.9 0 28 0 1 2
-9.7 1.9 0.1 62 0 1 2
-9.7 2 0.1 33 0 1 2
-9.7 2 0.2 74 0 1 2
-9.7 2.1 0.2 79 0 1 2
-9.7 2.2 -0.1 60 0 1 2
-9.7 2.3 0 72 0 1 2
-9.7 2.3 0.1 46 0 1 2
-9.7 2.3 0.2 72 0 1 2
-9.6 -9.5 1.7 56 0 1 5
-9.6 -9.3 1.6 64 0 1 5
-9.6 -9.2 1.5 69 0 1 5
-9.6 -8.7 1 63 0 1 5
-9.6 -7.6 0.4 70 0 1 5
-9.6 -7.1 0.1 73 0 1 5
-9.6 2.1 0.1 88 0 1 2
-9.6 2.2 0.1 78 0 1 2
-9.5 -8.4 0.8 71 0 1 5
-9.5 -7.1 0 86 0 1 1
-9.5 -6.7 0 83 0 1 1
-9.5 -6.3 0 64 0 1 1
-9.5 -4.4 0 69 0 1 1
-9.5 -4 0 51 0 1 1
-9.5 -3.6 0 78 0 1 1
-9.5 -3.2 0 69 0 1 1
-9.5 -2.8 0 76 0 1 1
-9.5 -2.4 0 73 0 1 1
-9.5 -2 0 74 0 1 1
-9.5 -1.6 0 91 0 1 1
-9.5 -1.2 0 81 0 1 1
-9.5 -0.8 0 90 0 1 1
-9.5 -0.4 0 62 0 1 1
-9.5 -0.1 0 72 0 1 1
-9.5 0.3 0 76 0 1 1
-9.5 0.7 0 79 0 1 1
-9.5 1.1 0 81 0 1 1
-9.5 1.5 0 88 0 1 1
-9.5 1.9 0 78 0 1 1
-9.5 2.3 0 81 0 1 1
-9.5 2.7 0 79 0 1 1
-9.5 3.1 0 81 0 1 1
-9.5 3.5 0 98 0 1 1
-9.5 3.9 0 84 0 1 1
-9.5 4.3 0 86 0 1 1
-9.5 4.7 0 83 0 1 1
-9.5 5 0 92 0 1 1
-9.5 5.4 0 87 0 1 1
-9.5 5.8 0 81 0 1 1
-9.5 6.2 0 85 0 1 1
-9.5 6.6 0 85 0 1 1
-9.5 7 0 83 0 1 1
-9.5 7.4 0 85 0 1 1
-9.5 7.8 0 79 0 1 1
-9.5 8.2 0 90 0 1 1
-9.5 8.6 0 71 0 1 1
-9.5 9 0 90 0 1 1
-9.5 9.4 0 80 0 1 1
-9.4 -9.3 1.6 60 0 1 5
-9.4 -9.1 1.4 69 0 1 5
-9.4 -9 1.2 68 0 1 5
-9.4 -8.5 0.9 74 0 1 5
-9.4 -6.9 0 68 0 1 5
-9.3 -8.6 1 62 0 1 5
-9.1 -8.8 1.2 67 0 1 5
-9.1 -8.1 0.7 69 0 1 5
-9.1 -7.1 0 81 0 1 1
-9.1 -6.7 0 52 0 1 1
-9.1 -6.3 0 76 0 1 1
-9.1 -5.9 0 77 0 1 1
-9.1 -4.4 0 85 0 1 1
-9.1 -4 0 82 0 1 1
-9.1 -3.6 0 87 0 1 1
-9.1 -3.2 0 81 0 1 1
-9.1 -2.8 0 94 0 1 1
-9.1 -2.4 0 77 0 1 1
-9.1 -2 0 80 0 1 1
-9.1 -1.6 0 78 0 1 1
-9.1 -1.2 0 69 0 1 1
-9.1 -0.8 0 48 0 1 1
-9.1 -0.4 0 61 0 1 1
-9.1 -0.1 0 79 0 1 1
-9.1 0.3 0 68 0 1 1
-9.1 0.7 0 75 0 1 1
-9.1 1.1 0 78 0 1 1
-9.1 1.5 0 79 0 1 1
-9.1 1.9 0 81 0 1 1
-9.1 2.3 0 80 0 1 1
-9.1 2.7 0 79 0 1 1
-9.1 3.1 0 77 0 1 1
-9.1 3.5 0 86 0 1 1
-9.1 3.9 0 100 0 1 1
-9.1 4.3 0 91 0 1 1
-9.1 4.7 0 84 0 1 1
-9.1 5 0 86 0 1 1
-9.1 5.4 0 85 0 1 1
-9.1 5.8 0 85 0 1 1
-9.1 6.2 0 80 0 1 1
-9.1 6.6 0 76 0 1 1
-9.1 7 0 85 0 1 1
-9.1 7.4 0 82 0 1 1
-9.1 7.8 0 86 0 1 1
-9.1 8.2 0 82 0 1 1
-9.1 8.6 0 73 0 1 1
-9.1 9 0 84 0 1 1
-9 -8.2 0.7 67 0 1 5
-9 -7.3 0.2 72 0 1 5
-8.9 -8.6 1 74 0 1 5
-8.9 -4.6 0.3 71 0 1 2
-8.8 -7.6 0.4 74 0 1 5
-8.8 -7.1 0.1 75 0 1 5
-8.8 -4.9 0.1 74 0 1 2
-8.8 -4.5 0.2 68 0 1 2
-8.7 -7.1 0 85 0 1 1
-8.7 -6.7 0 64 0 1 1
-8.7 -6.3 0 81 0 1 1
-8.7 -5.9 0 76 0 1 1
-8.7 -4.3 0.1 62 0 1 2
-8.7 -4 0 72 0 1 1
-8.7 -3.6 0 44 0 1 1
-8.7 -3.2 0 73 0 1 1
-8.7 -2.8 0 69 0 1 1
-8.7 -2.4 0 84 0 1 1
-8.7 -2 0 83 0 1 1
-8.7 -1.6 0 90 0 1 1
-8.7 -1.2 0 84 0 1 1
-8.7 -0.8 0 97 0 1 1
-8.7 -0.4 0 94 0 1 1
-8.7 -0.1 0 70 0 1 1
-8.7 0.3 0 83 0 1 1
-8.7 0.7 0 77 0 1 1
-8.7 1.1 0 76 0 1 1
-8.7 1.5 0 71 0 1 1
-8.7 1.9 0 75 0 1 1
-8.7 2.3 0 82 0 1 1
-8.7 2.7 0 57 0 1 1
-8.7 3.1 0 83 0 1 1
-8.7 3.5 0 76 0 1 1
-8.7 3.9 0 84 0 1 1
-8.7 4.3 0 97 0 1 1
-8.7 4.7 0 86 0 1 1
-8.7 5 0 83 0 1 1
-8.7 5.4 0 89 0 1 1
-8.7 5.8 0 83 0 1 1
-8.7 6.2 0 85 0 1 1
-8.7 6.6 0 80 0 1 1
-8.7 7 0 79 0 1 1
-8.7 7.4 0 77 0 1 1
-8.7 7.8 0 81 0 1 1
-8.7 8.2 0 81 0 1 1
-8.7 8.6 0 73 0 1 1
-8.6 -8.2 0.8 71 0 1 5
-8.6 -7.9 0.5 74 0 1 5
-8.6 -7 0 68 0 1 5
-8.6 -4.2 0.1 88 0 1 2
-8.6 -4.1 0 86 0 1 2
-8.5 -7.4 0.2 74 0 1 5
-8.5 -5 0.3 70 0 1 2
-8.5 -4.8 0.1 53 0 1 2
-8.5 -4.8 0.4 65 0 1 2
-8.5 -4.5 0.4 74 0 1 2
-8.5 -4.3 0.3 54 0 1 2
-8.5 -4.2 0 50 0 1 2
-8.4 -8.3 0.8 80 0 1 5
-8.4 -5.5 0 65 0 1 2
-8.4 -5.4 0.2 78 0 1 2
-8.4 -5.1 0.4 85 0 1 2
-8.4 -4.7 0.3 64 0 1 2
-8.4 -4.5 0.3 59 0 1 2
-8.4 -4.2 0.3 70 0 1 2
-8.3 -7.2 0.1 79 0 1 5
-8.3 -7.1 0 62 0 1 1
-8.3 -6.7 0 68 0 1 1
-8.3 -6.3 0 86 0 1 1
-8.3 -5.9 0 89 0 1 1
-8.3 -5.5 0 33 0 1 1
-8.3 -4.8 0 87 0 1 1
-8.3 -4.7 0 64 0 1 2
-8.3 -4.6 0.2 60 0 1 2
-8.3 -4 0 44 0 1 1
-8.3 -3.6 0 45 0 1 1
-8.3 -3.2 0 33 0 1 1
-8.3 -2.8 0 80 0 1 1
-8.3 -2.4 0 79 0 1 1
-8.3 -2 0 85 0 1 1
-8.3 -1.6 0 100 0 1 1
-8.3 -1.2 0 74 0 1 1
-8.3 -0.8 0 77 0 1 1
-8.3 -0.4 0 77 0 1 1
-8.3 -0.1 0 90 0 1 1
-8.3 0.3 0 75 0 1 1
-8.3 0.7 0 62 0 1 1
-8.3 1.1 0 61 0 1 1
-8.3 1.5 0 77 0 1 1
-8.3 1.9 0 76 0 1 1
-8.3 2.3 0 78 0 1 1
-8.3 2.7 0 75 0 1 1
-8.3 3.1 0 79 0 1 1
-8.3 3.5 0 75 0 1 1
-8.3 3.9 0 73 0 1 1
-8.3 4.3 0 85 0 1 1
-8.3 4.7 0 91 0 1 1
-8.3 5 0 86 0 1 1
-8.3 5.4 0 88 0 1 1
-8.3 5.8 0 87 0 1 1
-8.3 6.2 0 87 0 1 1
-8.3 7.4 0 85 0 1 1
-8.3 7.8 0 85 0 1 1
-8.3 8.2 0 82 0 1 1
-8.2 -8 0.5 81 0 1 5
-8.2 -7.7 0.4 75 0 1 5
-8.2 -5.4 -0.1 30 0 1 2
-8.2 -5.3 0.3 109 0 1 2
-8.2 -4.1 0.1 47 0 1 2
-8.2 -4.1 0.2 64 0 1 2
-8.2 -4 0 47 0 1 2
-8.1 -4.8 0 62 0 1 2
-8.1 -4.8 0.1 64 0 1 2
-8.1 -4.5 0.1 62 0 1 2
-8.1 -4.3 0.3 74 0 1 2
-8.1 -4.1 0.1 54 0 1 2
-8 -5.2 0 35 0 1 2
-8 -5 0.2 79 0 1 2
-8 -4.2 0 70 0 1 2
-7.9 -7.8 0.4 75 0 1 5
-7.9 -7.5 0.2 70 0 1 5
-7.9 -7.1 0 57 0 1 1
-7.9 -6.7 0 74 0 1 1
-7.9 -6.3 0 51 0 1 1
-7.9 -5.9 0 77 0 1 1
-7.9 -5.5 0 58 0 1 1
-7.9 -5.1 0 32 0 1 1
-7.9 -4.8 0 49 0 1 1
-7.9 -4.4 0 68 0 1 1
-7.9 -4 0 73 0 1 1
-7.9 -3.6 0 82 0 1 1
-7.9 -3.2 0 89 0 1 1
-7.9 -2.8 0 79 0 1 1
-7.9 -2.4 0 62 0 1 1
-7.9 -2 0 49 0 1 1
-7.9 -1.6 0 60 0 1 1
-7.9 -1.2 0 88 0 1 1
-7.9 -0.8 0 76 0 1 1
-7.9 -0.4 0 86 0 1 1
-7.9 -0.1 0 88 0 1 1
-7.9 0.3 0 69 0 1 1
-7.9 0.7 0 80 0 1 1
-7.9 1.1 0 76 0 1 1
-7.9 1.5 0 68 0 1 1
-7.9 1.9 0 73 0 1 1
-7.9 2.3 0 83 0 1 1
-7.9 2.7 0 81 0 1 1
-7.9 3.1 0 66 0 1 1
-7.9 3.5 0 79 0 1 1
-7.9 3.9 0 74 0 1 1
-7.9 4.3 0 78 0 1 1
-7.9 4.7 0 89 0 1 1
-7.9 5 0 91 0 1 1
-7.9 5.4 0 86 0 1 1
-7.9 5.8 0 83 0 1 1
-7.9 7 0 92 0 1 1
-7.9 7.4 0 85 0 1 1
-7.9 7.8 0 86 0 1 1
-7.7 5.7 0 85 0 1 2
-7.6 -7.2 0 74 0 1 5
-7.6 5.6 0 78 0 1 2
-7.6 5.9 0.2 67 0 1 2
-7.5 -7.1 0 74 0 1 1
-7.5 -6.7 0 69 0 1 1
-7.5 -6.3 0 80 0 1 1
-7.5 -5.9 0 78 0 1 1
-7.5 -5.5 0 58 0 1 1
-7.5 -5.1 0 72 0 1 1
-7.5 -4.8 0 80 0 1 1
-7.5 -4.4 0 57 0 1 1
-7.5 -4 0 54 0 1 1
-7.5 -3.6 0 75 0 1 1
-7.5 -3.2 0 80 0 1 1
-7.5 -2.8 0 69 0 1 1
-7.5 -2.4 0 85 0 1 1
-7.5 -2 0 77 0 1 1
-7.5 -1.6 0 55 0 1 1
-7.5 -1.2 0 75 0 1 1
-7.5 -0.8 0 82 0 1 1
-7.5 -0.4 0 89 0 1 1
-7.5 -0.1 0 85 0 1 1
-7.5 0.3 0 81 0 1 1
-7.5 0.7 0 67 0 1 1
-7.5 1.1 0 75 0 1 1
-7.5 1.5 0 62 0 1 1
-7.5 1.9 0 71 0 1 1
-7.5 2.3 0 76 0 1 1
-7.5 2.7 0 72 0 1 1
-7.5 3.1 0 79 0 1 1
-7.5 3.5 0 71 0 1 1
-7.5 3.9 0 80 0 1 1
-7.5 4.3 0 74 0 1 1
-7.5 4.7 0 84 0 1 1
-7.5 5 0 90 0 1 1
-7.5 5.4 0 85 0 1 1
-7.5 5.7 0.1 70 0 1 2
-7.5 5.8 0.2 75 0 1 2
-7.5 7 0 54 0 1 1
-7.5 7.4 0 91 0 1 1
-7.4 5.6 0 49 0 1 2
-7.4 5.9 0.2 78 0 1 2
-7.3 5.5 -0.1 82 0 1 2
-7.3 5.6 0.1 59 0 1 2
-7.2 5.7 0.1 57 0 1 2
-7.2 5.8 0.3 49 0 1 2
-7.2 5.9 0.4 77 0 1 2
-7.1 -7.1 0 88 0 1 1
-7.1 -6.7 0 77 0 1 1
-7.1 -6.3 0 87 0 1 1
-7.1 -5.9 0 74 0 1 1
-7.1 -5.5 0 76 0 1 1
-7.1 -5.1 0 88 0 1 1
-7.1 -4.8 0 66 0 1 1
-7.1 -4.4 0 53 0 1 1
-7.1 -4 0 68 0 1 1
-7.1 -3.6 0 79 0 1 1
-7.1 -3.2 0 88 0 1 1
-7.1 -2.8 0 83 0 1 1
-7.1 -2.4 0 81 0 1 1
-7.1 -2 0 61 0 1 1
-7.1 -1.6 0 40 0 1 1
-7.1 -1.2 0 80 0 1 1
-7.1 -0.8 0 98 0 1 1
-7.1 -0.4 0 68 0 1 1
-7.1 -0.1 0 59 0 1 1
-7.1 0.3 0 73 0 1 1
-7.1 0.7 0 81 0 1 1
-7.1 1.1 0 85 0 1 1
-7.1 1.5 0 71 0 1 1
-7.1 1.9 0 75 0 1 1
-7.1 2.3 0 76 0 1 1
-7.1 2.7 0 78 0 1 1
-7.1 3.1 0 70 0 1 1
-7.1 3.5 0 77 0 1 1
-7.1 3.9 0 80 0 1 1
-7.1 4.3 0 63 0 1 1
-7.1 4.7 0 75 0 1 1
-7.1 5 0 86 0 1 1
-7.1 5.4 0 90 0 1 1
-7.1 5.8 0.4 76 0 1 2
-7.1 5.9 0.4 73 0 1 2
-7.1 6 0.3 78 0 1 2
-7.1 6.6 0 91 0 1 1
-7.1 7 0 86 0 1 1
-7 5.5 -0.1 88 0 1 2
-7 5.6 0.2 61 0 1 2
-7 5.7 0.2 58 0 1 2
-7 5.8 0.3 59 0 1 2
-6.9 5.6 0 56 0 1 2
-6.9 5.8 0.3 80 0 1 2
-6.9 6 0.2 70 0 1 2
-6.9 6 0.3 85 0 1 2
-6.9 6.1 0.1 83 0 1 2
-6.8 5.7 0.1 71 0 1 2
-6.8 6 0.2 87 0 1 2
-6.7 -6.7 0 69 0 1 1
-6.7 -6.3 0 73 0 1 1
-6.7 -5.9 0 48 0 1 1
-6.7 -4.8 0 61 0 1 1
-6.7 -4.4 0 87 0 1 1
-6.7 -4 0 83 0 1 1
-6.7 -3.6 0 72 0 1 1
-6.7 -3.2 0 76 0 1 1
-6.7 -2.8 0 53 0 1 1
-6.7 -2.4 0 86 0 1 1
-6.7 -2 0 88 0 1 1
-6.7 -1.6 0 78 0 1 1
-6.7 -1.2 0 70 0 1 1
-6.7 -0.8 0 76 0 1 1
-6.7 -0.4 0 37 0 1 1
-6.7 -0.1 0 98 0 1 1
-6.7 0.3 0 62 0 1 1
-6.7 0.7 -0.1 49 0 1 1
-6.7 1.1 -0.1 79 0 1 1
-6.7 1.5 -0.1 79 0 1 1
-6.7 1.9 -0.1 76 0 1 1
-6.7 2.3 -0.1 85 0 1 1
-6.7 2.7 -0.1 83 0 1 1
-6.7 3.1 -0.1 93 0 1 1
-6.7 3.5 -0.1 78 0 1 1
-6.7 3.9 0 77 0 1 1
-6.7 4.3 0 71 0 1 1
-6.7 4.7 0 65 0 1 1
-6.7 5 0 80 0 1 1
-6.7 5.4 0 80 0 1 1
-6.7 5.5 -0.1 86 0 1 2
-6.7 5.8 0.2 96 0 1 2
-6.7 6 0 55 0 1 2
-6.7 6.1 0 76 0 1 2
-6.7 6.2 0 88 0 1 1
-6.7 6.6 0 87 0 1 1
-6.6 5.8 0.1 75 0 1 2
-6.3 -6.3 0 74 0 1 1
-6.3 -5.9 0 72 0 1 1
-6.3 -4.4 0 83 0 1 1
-6.3 -4 0 56 0 1 1
-6.3 -3.6 0 77 0 1 1
-6.3 -3.2 0 83 0 1 1
-6.3 -2.8 0 80 0 1 1
-6.3 -2.4 0 66 0 1 1
-6.3 -2 0 84 0 1 1
-6.3 -1.6 0 97 0 1 1
-6.3 -1.2 0 83 0 1 1
-6.3 -0.8 0 94 0 1 1
-6.3 -0.4 0 91 0 1 1
-6.3 -0.1 0 93 0 1 1
-6.3 0.3 -0.1 78 0 1 1
-6.3 0.7 -0.3 76 0 1 1
-6.3 1.1 -0.4 70 0 1 1
-6.3 1.5 -0.4 66 0 1 1
-6.3 1.8 -0.4 93 0 1 1
-6.3 2.2 -0.4 87 0 1 1
-6.3 2.6 -0.4 81 0 1 1
-6.3 3 -0.4 83 0 1 1
-6.3 3.4 -0.3 74 0 1 1
-6.3 3.9 -0.1 50 0 1 1
-6.3 4.3 0 72 0 1 1
-6.3 4.7 0 92 0 1 1
-6.3 5 0 71 0 1 1
-6.3 5.4 0 80 0 1 1
-6.3 5.8 0 81 0 1 1
-6.3 6.2 0 88 0 1 1
-6 -4.5 0.2 83 0 1 2
-5.9 -5.9 0 81 0 1 1
-5.9 -5.5 0 72 0 1 1
-5.9 -4.4 0 83 0 1 1
-5.9 -4.2 0.1 72 0 1 2
-5.9 -4 0 66 0 1 1
-5.9 -3.6 0 80 0 1 1
-5.9 -3.2 0 84 0 1 1
-5.9 -2.8 0 87 0 1 1
-5.9 -2.4 0 68 0 1 1
-5.9 -2 0 86 0 1 1
-5.9 -1.6 0 49 0 1 1
-5.9 -1.2 0 68 0 1 1
-5.9 -0.8 0 84 0 1 1
-5.9 -0.4 0 54 0 1 1
-5.9 -0.1 -0.1 104 0 1 1
-5.9 0.3 -0.3 83 0 1 1
-5.9 0.6 -0.6 61 0 1 4
-5.9 1 -0.7 71 0 1 4
-5.9 1.4 -0.7 83 0 1 4
-5.9 1.8 -0.7 77 0 1 4
-5.9 2.2 -0.7 72 0 1 4
-5.9 2.6 -0.7 72 0 1 4
-5.9 3 -0.7 82 0 1 4
-5.9 3.4 -0.6 55 0 1 4
-5.9 3.8 -0.3 71 0 1 1
-5.9 4.3 -0.1 71 0 1 1
-5.9 4.7 0 73 0 1 1
-5.9 5 0 76 0 1 1
-5.9 5.4 0 71 0 1 1
-5.9 5.8 0 79 0 1 1
-5.7 -4.5 0.4 78 0 1 2
-5.6 -4.4 0.3 74 0 1 2
-5.5 -4 0 72 0 1 1
-5.5 -3.9 0.1 53 0 1 2
-5.5 -3.6 0 69 0 1 1
-5.5 -3.2 0 79 0 1 1
-5.5 -2.8 0 87 0 1 1
-5.5 -2.4 0 73 0 1 1
-5.5 -2 0 85 0 1 1
-5.5 -1.6 0 86 0 1 1
-5.5 -1.2 0 36 0 1 1
-5.5 -0.8 0 58 0 1 1
-5.5 -0.4 0 74 0 1 1
-5.5 -0.1 -0.1 68 0 1 1
-5.5 0.3 -0.4 77 0 1 1
-5.5 0.6 -0.7 63 0 1 4
-5.5 1 -0.9 68 0 1 4
-5.5 1.4 -0.9 65 0 1 4
-5.5 1.8 -0.9 36 0 1 4
-5.5 2.1 -0.9 61 0 1 4
-5.5 2.5 -0.9 45 0 1 4
-5.5 2.9 -0.9 74 0 1 4
-5.5 3.4 -0.7 46 0 1 4
-5.5 3.8 -0.4 58 0 1 1
-5.5 4.3 -0.1 67 0 1 1
-5.5 4.7 0 70 0 1 1
-5.5 5 0 77 0 1 1
-5.5 5.4 0 86 0 1 1
-5.4 -4.1 0.2 37 0 1 2
-5.3 -4.6 0 72 0 1 2
-5.3 -4.4 0.4 60 0 1 2
-5.3 -3.9 0.1 55 0 1 2
-5.2 -4.7 0.2 45 0 1 2
-5.2 -4.5 0 67 0 1 2
-5.2 -4.1 0 70 0 1 2
-5.1 -4.5 0.4 74 0 1 2
-5.1 -4.3 0 70 0 1 2
-5.1 -4.2 0 69 0 1 2
-5.1 -4.1 0.2 72 0 1 2
-5.1 -4 0 52 0 1 2
-5.1 -4 0.1 48 0 1 2
-5.1 -3.6 0 67 0 1 1
-5.1 -3.2 0 73 0 1 1
-5.1 -2.8 0 63 0 1 1
-5.1 -2.4 0 79 0 1 1
-5.1 -2 0 62 0 1 1
-5.1 -1.6 0 81 0 1 1
-5.1 -1.2 0 57 0 1 1
-5.1 -0.8 0 75 0 1 1
-5.1 -0.4 0 52 0 1 1
-5.1 -0.1 -0.1 78 0 1 1
-5.1 0.3 -0.4 53 0 1 1
-5.1 0.6 -0.7 59 0 1 4
-5.1 1 -0.9 64 0 1 4
-5.1 1.4 -0.9 36 0 1 4
-5.1 1.8 -0.9 63 0 1 4
-5.1 2.1 -0.9 75 0 1 4
-5.1 2.5 -0.9 49 0 1 4
-5.1 2.9 -0.9 59 0 1 4
-5.1 3.4 -0.7 60 0 1 4
-5.1 3.8 -0.4 57 0 1 1
-5.1 4.3 -0.1 60 0 1 1
-5.1 4.7 0 65 0 1 1
-5.1 5 0 68 0 1 1
-5 -4.6 0.3 71 0 1 2
-5 -4.5 0.1 61 0 1 2
-5 -4.2 0.1 34 0 1 2
-5 -4.2 0.2 79 0 1 2
-4.9 -5 -0.1 56 0 1 2
-4.9 -4.9 0.3 84 0 1 2
-4.9 -4.5 0.2 68 0 1 2
-4.9 -4.2 0 75 0 1 2
-4.8 -4.6 0.2 96 0 1 2
-4.8 -4.5 0 64 0 1 2
-4.8 -4.4 0 49 0 1 1
-4.8 -4.4 0.1 56 0 1 2
-4.8 -4 0 86 0 1 1
-4.8 -3.6 0 72 0 1 1
-4.8 -3.2 0 70 0 1 1
-4.8 -2.8 0 76 0 1 1
-4.8 -2.4 0 67 0 1 1
-4.8 -2 0 74 0 1 1
-4.8 -1.6 0 71 0 1 1
-4.8 -1.2 0 85 0 1 1
-4.8 -0.8 0 68 0 1 1
-4.8 -0.4 0 84 0 1 1
-4.8 -0.1 -0.1 73 0 1 1
-4.8 4.3 -0.1 58 0 1 1
-4.8 4.7 0 55 0 1 1
-4.7 -4.9 0.1 80 0 1 2
-4.7 -4.8 0 63 0 1 2
-4.7 -4.8 0.2 76 0 1 2
-4.7 -4.4 0 78 0 1 2
-4.7 0.3 -0.4 71 0 1 1
-4.7 0.6 -0.7 71 0 1 4
-4.7 1 -0.9 51 0 1 4
-4.7 1.4 -0.9 57 0 1 4
-4.7 1.8 -0.9 61 0 1 4
-4.7 2.1 -0.9 47 0 1 4
-4.7 2.5 -0.9 33 0 1 4
-4.7 2.9 -0.9 69 0 1 4
-4.7 3.4 -0.7 63 0 1 4
-4.7 3.8 -0.4 58 0 1 1
-4.4 -4.4 0 87 0 1 1
-4.4 -4 0 76 0 1 1
-4.4 -3.6 0 64 0 1 1
-4.4 -3.2 0 78 0 1 1
-4.4 -2.8 0 75 0 1 1
-4.4 -2.4 0 66 0 1 1
-4.4 -2 0 75 0 1 1
-4.4 -1.6 0 52 0 1 1
-4.4 -1.2 0 78 0 1 1
-4.4 -0.8 0 74 0 1 1
-4.4 -0.4 0 77 0 1 1
-4.4 -0.1 -0.1 80 0 1 1
-4.4 4.3 -0.1 66 0 1 1
-4.3 0.3 -0.4 49 0 1 1
-4.3 0.6 -0.7 57 0 1 4
-4.3 1 -0.9 40 0 1 4
-4.3 1.4 -0.9 69 0 1 4
-4.3 1.8 -0.9 63 0 1 4
-4.3 2.1 -0.9 36 0 1 4
-4.3 2.5 -0.9 36 0 1 4
-4.3 2.9 -0.9 84 0 1 4
-4.3 3.4 -0.7 39 0 1 4
-4.3 3.8 -0.4 63 0 1 1
-4 -4 0 84 0 1 1
-4 -3.6 0 72 0 1 1
-4 -3.2 0 78 0 1 1
-4 -2.8 0 80 0 1 1
-4 -2.4 0 77 0 1 1
-4 -2 0 79 0 1 1
-4 -1.6 0 79 0 1 1
-4 -1.2 0 82 0 1 1
-4 -0.8 0 51 0 1 1
-4 -0.4 0 58 0 1 1
-4 -0.1 -0.1 79 0 1 1
-4 0.3 -0.4 68 0 1 1
-4 3.8 -0.4 64 0 1 1
-3.6 -3.6 0 77 0 1 1
-3.6 -3.2 0 58 0 1 1
-3.6 -2.8 0 76 0 1 1
-3.6 -2.4 0 85 0 1 1
-3.6 -2 0 62 0 1 1
-3.6 -1.6 0 92 0 1 1
-3.6 -1.2 0 57 0 1 1
-3.6 -0.8 0 77 0 1 1
-3.6 -0.4 0 64 0 1 1
-3.6 -0.1 -0.1 74 0 1 1
-3.6 0.3 -0.4 72 0 1 1
-3.2 -3.2 0 89 0 1 1
-3.2 -2.8 0 80 0 1 1
-3.2 -2.4 0 81 0 1 1
-3.2 -2 0 61 0 1 1
-3.2 -1.6 0 81 0 1 1
-3.2 -1.2 0 73 0 1 1
-3.2 -0.8 0 80 0 1 1
-3.2 -0.4 0 53 0 1 1
-3.2 -0.1 -0.1 68 0 1 1
