0.7 -5.5 -0.6 71 0 1 1
1.2 -8.7 -0.5 93 0 1 1
1.2 -8.3 -0.5 154 0 1 1
1.2 -7.8 -0.5 61 0 1 1
1.2 -7.4 -0.5 47 0 1 1
1.2 -6.9 -0.6 130 0 1 1
1.2 -6.5 -0.6 114 0 1 1
1.2 -6 -0.6 161 0 1 1
1.2 -5.6 -0.6 39 0 1 1
1.2 -5.2 -0.7 114 0 1 1
1.6 -8.7 -0.5 123 0 1 1
1.6 -8.3 -0.5 142 0 1 1
1.6 -7.9 -0.6 50 0 1 1
1.6 -7.4 -0.6 125 0 1 1
1.6 -7 -0.6 149 0 1 1
1.6 -6.5 -0.6 158 0 1 1
1.6 -6.1 -0.7 147 0 1 1
1.6 -5.7 -0.7 61 0 1 1
1.6 -5.2 -0.7 122 0 1 1
1.6 -4.8 -0.7 137 0 1 1
1.7 -11.4 -0.4 89 0 1 1
1.7 -10.9 -0.4 124 0 1 1
1.7 -10.5 -0.4 137 0 1 1
1.7 -10.1 -0.5 151 0 1 1
1.7 -9.6 -0.5 136 0 1 1
1.7 -9.2 -0.5 129 0 1 1
2 -13 -0.1 109 0 1 2
2 -12.9 -0.2 119 0 1 2
2 -7.5 -0.6 142 0 1 1
2 -7 -0.7 131 0 1 1
2 -6.6 -0.7 149 0 1 1
2 -6.5 -0.6 98 0 1 2
2 -6.4 -0.5 81 0 1 2
2 -6.3 -0.7 47 0 1 2
2 -6.2 -0.7 156 0 1 1
2 -5.7 -0.7 140 0 1 1
2 -5.3 -0.7 119 0 1 1
2 -4.9 -0.8 70 0 1 1
2 -4.4 -0.8 136 0 1 1
2.1 -14.1 -0.3 104 0 1 1
2.1 -13.6 -0.3 129 0 1 1
2.1 -13.2 -0.4 91 0 1 1
2.1 -13 -0.3 113 0 1 2
2.1 -12.9 0 119 0 1 2
2.1 -12.7 -0.3 89 0 1 2
2.1 -12.7 -0.2 41 0 1 2
2.1 -12.7 -0.1 44 0 1 2
2.1 -12.6 -0.2 36 0 1 2
2.1 -11.4 -0.4 128 0 1 1
2.1 -11 -0.5 89 0 1 1
2.1 -10.5 -0.5 141 0 1 1
2.1 -10.1 -0.5 127 0 1 1
2.1 -9.7 -0.5 145 0 1 1
2.1 -9.2 -0.5 123 0 1 1
2.1 -8.8 -0.6 144 0 1 1
2.1 -8.3 -0.6 117 0 1 1
2.1 -7.9 -0.6 140 0 1 1
2.1 -6.5 -0.6 77 0 1 2
2.1 -6.3 -0.5 88 0 1 2
2.1 -6.2 -0.5 56 0 1 2
2.1 -6.1 -0.6 41 0 1 2
2.1 -6 -0.6 35 0 1 2
2.2 -12.8 -0.4 127 0 1 2
2.2 -12.7 -0.4 110 0 1 1
2.2 -12.6 -0.3 42 0 1 2
2.2 -12.6 -0.1 77 0 1 2
2.2 -12.3 -0.4 118 0 1 1
2.2 -11.8 -0.4 119 0 1 1
2.2 -6 -0.5 73 0 1 2
2.3 -12.8 0 132 0 1 2
2.3 -12.6 -0.4 69 0 1 2
2.3 -12.6 0 113 0 1 2
2.3 -12.5 -0.3 45 0 1 2
2.3 -12.5 -0.2 30 0 1 2
2.3 -6.2 -0.4 114 0 1 2
2.3 -6.1 -0.4 117 0 1 2
2.3 -6 -0.5 71 0 1 2
2.3 -5.9 -0.7 45 0 1 2
2.4 -12.8 0 132 0 1 2
2.4 -12.5 -0.4 113 0 1 2
2.4 -6.2 -0.4 133 0 1 2
2.4 -5.8 -0.8 154 0 1 1
2.4 -5.4 -0.8 133 0 1 1
2.4 -4.9 -0.8 137 0 1 1
2.4 -4.5 -0.8 46 0 1 1
2.4 -4 -0.8 135 0 1 1
2.4 -3.5 -0.7 131 0 1 1
2.5 -16.4 -0.2 138 0 1 1
2.5 -15.9 -0.3 139 0 1 1
2.5 -15.5 -0.3 140 0 1 1
2.5 -12.6 0 122 0 1 2
2.5 -12.4 -0.3 38 0 1 2
2.5 -12.4 -0.2 78 0 1 2
2.5 -12.4 -0.1 123 0 1 2
2.5 -10.1 -0.6 132 0 1 1
2.5 -9.7 -0.6 129 0 1 1
2.5 -9.3 -0.6 88 0 1 1
2.5 -8.8 -0.6 149 0 1 1
2.5 -8.4 -0.6 125 0 1 1
2.5 -8 -0.7 123 0 1 1
2.5 -7.5 -0.7 98 0 1 1
2.5 -7.1 -0.7 149 0 1 1
2.5 -6.1 -0.5 141 0 1 2
2.5 -5.9 -0.6 88 0 1 2
2.5 -5.9 -0.5 111 0 1 2
2.6 -15 -0.3 128 0 1 1
2.6 -12.7 -0.4 126 0 1 1
2.6 -12.5 -0.1 135 0 1 2
2.6 -12.3 -0.5 141 0 1 1
2.6 -11.9 -0.5 124 0 1 1
2.6 -11.4 -0.5 124 0 1 1
2.6 -11 -0.5 117 0 1 1
2.6 -10.6 -0.5 133 0 1 1
2.6 -6.3 -0.6 117 0 1 2
2.6 -6.1 -0.5 118 0 1 2
2.6 -6 -0.6 137 0 1 2
2.6 -5.9 -0.5 146 0 1 2
2.7 -12.6 -0.4 108 0 1 2
2.7 -12.6 -0.3 136 0 1 2
2.7 -12.6 -0.1 127 0 1 2
2.7 -12.5 -0.3 56 0 1 2
2.7 -12.5 -0.2 136 0 1 2
2.7 -6.2 -0.6 160 0 1 2
2.7 -6.1 -0.8 137 0 1 2
2.7 -6 -0.7 149 0 1 2
2.7 -6 -0.6 141 0 1 2
2.7 -5.9 -0.8 124 0 1 2
2.8 -12.7 -0.3 138 0 1 2
2.8 -5.8 -0.8 41 0 1 1
2.8 -5.4 -0.8 135 0 1 1
2.8 -5 -0.8 146 0 1 1
2.8 -4.5 -0.8 100 0 1 1
2.8 -4.1 -0.8 141 0 1 1
2.8 -3.6 -0.8 95 0 1 1
2.8 -3.1 -0.7 150 0 1 1
2.9 -18.7 -0.1 132 0 1 1
2.9 -18.2 -0.2 134 0 1 1
2.9 -17.8 -0.2 135 0 1 1
2.9 -17.3 -0.2 134 0 1 1
2.9 -9.3 -0.6 119 0 1 1
2.9 -8.9 -0.7 140 0 1 1
2.9 -8.4 -0.7 126 0 1 1
2.9 -8 -0.7 138 0 1 1
2.9 -7.6 -0.7 148 0 1 1
2.9 -7.1 -0.7 146 0 1 1
2.9 -6.7 -0.8 163 0 1 1
3 -16.9 -0.2 125 0 1 1
3 -16.4 -0.3 139 0 1 1
3 -16 -0.3 140 0 1 1
3 -15.5 -0.3 125 0 1 1
3 -15 -0.4 144 0 1 1
3 -13.7 -0.4 132 0 1 1
3 -13.2 -0.5 148 0 1 1
3 -12.8 -0.5 129 0 1 1
3 -12.3 -0.5 139 0 1 1
3 -11.9 -0.5 140 0 1 1
3 -11.4 -0.6 133 0 1 1
3 -11 -0.6 135 0 1 1
3 -10.6 -0.6 130 0 1 1
3 -10.2 -0.6 116 0 1 1
3 -9.7 -0.6 119 0 1 1
3.2 -5.5 -0.8 124 0 1 1
3.2 -5 -0.9 150 0 1 1
3.2 -4.6 -0.9 65 0 1 1
3.2 -4.1 -0.8 132 0 1 1
3.2 -3.6 -0.8 132 0 1 1
3.2 -3.2 -0.8 25 0 1 1
3.3 -19.7 -0.1 118 0 1 1
3.3 -19.6 -0.1 138 0 1 1
3.3 -19.2 -0.1 130 0 1 1
3.3 -8.5 -0.7 120 0 1 1
3.3 -8 -0.7 156 0 1 1
3.3 -7.6 -0.8 150 0 1 1
3.3 -7.2 -0.8 153 0 1 1
3.3 -6.8 -0.8 125 0 1 1
3.3 -6.3 -0.8 125 0 1 1
3.3 -5.9 -0.8 123 0 1 1
3.3 -2.7 -0.7 126 0 1 1
3.3 -2.2 -0.7 131 0 1 1
3.4 -18.7 -0.2 129 0 1 1
3.4 -18.2 -0.2 137 0 1 1
3.4 -17.8 -0.2 132 0 1 1
3.4 -17.3 -0.2 139 0 1 1
3.4 -16.9 -0.3 142 0 1 1
3.4 -16.4 -0.3 138 0 1 1
3.4 -16 -0.3 142 0 1 1
3.4 -15.5 -0.4 136 0 1 1
3.4 -15.1 -0.4 140 0 1 1
3.4 -14.6 -0.4 136 0 1 1
3.4 -11 -0.6 46 0 1 1
3.4 -10.6 -0.6 118 0 1 1
3.4 -10.2 -0.7 102 0 1 1
3.4 -9.8 -0.7 129 0 1 1
3.4 -9.3 -0.7 112 0 1 1
3.4 -8.9 -0.7 140 0 1 1
3.5 -14.1 -0.5 130 0 1 1
3.5 -13.7 -0.5 124 0 1 1
3.5 -13.2 -0.5 135 0 1 1
3.5 -12.8 -0.5 135 0 1 1
3.5 -12.3 -0.6 137 0 1 1
3.5 -11.9 -0.6 132 0 1 1
3.5 -11.5 -0.6 104 0 1 1
3.6 -5.1 -0.9 148 0 1 1
3.6 -4.6 -0.9 133 0 1 1
3.6 -4.2 -0.8 143 0 1 1
3.6 -3.7 -0.8 159 0 1 1
3.7 -7.6 -0.8 134 0 1 1
3.7 -7.2 -0.8 142 0 1 1
3.7 -6.8 -0.8 139 0 1 1
3.7 -6.4 -0.8 78 0 1 1
3.7 -5.9 -0.8 143 0 1 1
3.7 -5.5 -0.9 129 0 1 1
3.7 -3.2 -0.8 27 0 1 1
3.7 -2.7 -0.7 107 0 1 1
3.7 -2.2 -0.7 114 0 1 1
3.7 -1.7 -0.6 139 0 1 1
3.7 -1.3 -0.6 123 0 1 1
3.8 -19.6 -0.1 123 0 1 1
3.8 -19.2 -0.1 119 0 1 1
3.8 -18.7 -0.2 104 0 1 1
3.8 -18.2 -0.2 130 0 1 1
3.8 -17.8 -0.2 129 0 1 1
3.8 -17.3 -0.2 126 0 1 1
3.8 -16.9 -0.3 133 0 1 1
3.8 -16.4 -0.3 134 0 1 1
3.8 -9.8 -0.7 141 0 1 1
3.8 -9.3 -0.7 133 0 1 1
3.8 -8.9 -0.7 127 0 1 1
3.8 -8.5 -0.7 148 0 1 1
3.8 -8.1 -0.8 137 0 1 1
3.9 -16 -0.3 133 0 1 1
3.9 -15.5 -0.4 107 0 1 1
3.9 -15 -0.4 124 0 1 1
3.9 -14.6 -0.4 130 0 1 1
3.9 -14.1 -0.5 132 0 1 1
3.9 -13.7 -0.5 131 0 1 1
3.9 -13.2 -0.5 138 0 1 1
3.9 -12.8 -0.6 134 0 1 1
3.9 -12.3 -0.6 126 0 1 1
3.9 -11.9 -0.6 111 0 1 1
3.9 -11.5 -0.6 139 0 1 1
3.9 -11 -0.6 106 0 1 1
3.9 -10.6 -0.7 110 0 1 1
3.9 -10.2 -0.7 140 0 1 1
4 -19.6 -0.1 117 0 1 1
4.1 -19.6 -0.1 86 0 1 1
4.1 -6.4 -0.8 125 0 1 1
4.1 -5.9 -0.8 77 0 1 1
4.1 -5.5 -0.8 114 0 1 1
4.1 -5.1 -0.8 128 0 1 1
4.1 -4.6 -0.8 162 0 1 1
4.1 -4.2 -0.8 128 0 1 1
4.1 -3.7 -0.8 143 0 1 1
4.1 -3.2 -0.7 106 0 1 1
4.1 -2.7 -0.7 61 0 1 1
4.1 -2.2 -0.6 126 0 1 1
4.1 -1.7 -0.6 139 0 1 1
4.1 -1.3 -0.5 123 0 1 1
4.1 -0.8 -0.5 142 0 1 1
4.2 -19.5 -0.1 113 0 1 1
4.2 -19.1 -0.1 120 0 1 1
4.2 -18.7 -0.1 140 0 1 1
4.2 -8.9 -0.7 145 0 1 1
4.2 -8.5 -0.7 146 0 1 1
4.2 -8 -0.7 106 0 1 1
4.2 -7.6 -0.7 139 0 1 1
4.2 -7.2 -0.8 136 0 1 1
4.2 -6.8 -0.8 143 0 1 1
4.2 -0.3 -0.5 135 0 1 1
4.3 -18.2 -0.2 127 0 1 1
4.3 -17.7 -0.2 121 0 1 1
4.3 -17.3 -0.2 127 0 1 1
4.3 -16.8 -0.3 125 0 1 1
4.3 -16.4 -0.3 123 0 1 1
4.3 -15.9 -0.3 119 0 1 1
4.3 -15.5 -0.4 125 0 1 1
4.3 -15 -0.4 139 0 1 1
4.3 -14.6 -0.4 136 0 1 1
4.3 -11 -0.6 143 0 1 1
4.3 -10.6 -0.6 128 0 1 1
4.3 -10.2 -0.7 125 0 1 1
4.3 -9.7 -0.7 115 0 1 1
4.3 -9.3 -0.7 125 0 1 1
4.4 -14.1 -0.5 120 0 1 1
4.4 -13.6 -0.5 127 0 1 1
4.4 -13.2 -0.5 118 0 1 1
4.4 -12.7 -0.5 124 0 1 1
4.4 -12.3 -0.6 40 0 1 1
4.4 -11.9 -0.6 129 0 1 1
4.4 -11.4 -0.6 127 0 1 1
4.5 -5.5 -0.8 117 0 1 1
4.5 -5.1 -0.8 126 0 1 1
4.5 -4.6 -0.8 157 0 1 1
4.5 -4.2 -0.7 135 0 1 1
4.5 -3.7 -0.7 137 0 1 1
4.5 -3.2 -0.7 88 0 1 1
4.5 -2.7 -0.6 65 0 1 1
4.6 -7.6 -0.7 135 0 1 1
4.6 -7.2 -0.7 134 0 1 1
4.6 -6.7 -0.7 137 0 1 1
4.6 -6.3 -0.7 65 0 1 1
4.6 -5.9 -0.7 82 0 1 1
4.6 -2.2 -0.6 130 0 1 1
4.6 -1.7 -0.5 137 0 1 1
4.6 -1.2 -0.5 130 0 1 1
4.6 -0.8 -0.4 131 0 1 1
4.6 -0.3 -0.4 151 0 1 1
4.6 0.2 -0.4 152 0 1 1
4.6 0.7 -0.3 159 0 1 1
4.7 -19.4 0 91 0 1 1
4.7 -19 -0.1 121 0 1 1
4.7 -18.6 -0.1 134 0 1 1
4.7 -18.1 -0.1 121 0 1 1
4.7 -17.7 -0.2 119 0 1 1
4.7 -17.2 -0.2 120 0 1 1
4.7 -16.8 -0.2 126 0 1 1
4.7 -9.7 -0.6 135 0 1 1
4.7 -9.3 -0.6 132 0 1 1
4.7 -8.9 -0.6 53 0 1 1
4.7 -8.4 -0.7 146 0 1 1
4.7 -8 -0.7 123 0 1 1
4.8 -16.3 -0.2 130 0 1 1
4.8 -15.9 -0.3 129 0 1 1
4.8 -15.4 -0.3 109 0 1 1
4.8 -15 -0.3 114 0 1 1
4.8 -14.5 -0.4 130 0 1 1
4.8 -14 -0.4 110 0 1 1
4.8 -13.6 -0.4 110 0 1 1
4.8 -13.1 -0.5 137 0 1 1
4.8 -11.8 -0.6 120 0 1 1
4.8 -11.4 -0.6 121 0 1 1
4.8 -11 -0.6 138 0 1 1
4.8 -10.5 -0.6 138 0 1 1
4.8 -10.1 -0.6 147 0 1 1
4.9 -13.9 -0.4 115 0 1 3
4.9 -13.9 -0.1 117 0 1 3
4.9 -13.5 -0.3 48 0 1 3
4.9 -12.7 -0.5 113 0 1 1
4.9 -12.2 -0.5 88 0 1 1
4.9 -4.6 -0.7 110 0 1 1
4.9 -4.1 -0.7 128 0 1 1
5 -13.8 0.1 91 0 1 3
5 -13.7 0.3 78 0 1 3
5 -13.5 0 45 0 1 3
5 -13.5 0.4 68 0 1 3
5 -13.4 0.2 37 0 1 3
5 -13.3 -0.1 45 0 1 3
5 -12.8 -0.4 36 0 1 3
5 -12.6 -0.1 31 0 1 3
5 -6.7 -0.7 127 0 1 1
5 -6.3 -0.7 135 0 1 1
5 -5.9 -0.7 142 0 1 1
5 -5.5 -0.7 141 0 1 1
5 -5 -0.7 97 0 1 1
5 -3.6 -0.6 141 0 1 1
5 -3.2 -0.6 104 0 1 1
5 -2.7 -0.6 124 0 1 1
5 -2.2 -0.5 127 0 1 1
5 -1.7 -0.5 133 0 1 1
5 -1.2 -0.4 128 0 1 1
5 -0.8 -0.4 128 0 1 1
5 -0.3 -0.3 141 0 1 1
5.1 -19.3 0 112 0 1 1
5.1 -19 0 130 0 1 1
5.1 -13.4 0.6 81 0 1 3
5.1 -13.2 0.3 17 0 1 3
5.1 -13.1 0.1 35 0 1 3
5.1 -12.8 0 15 0 1 3
5.1 -8.4 -0.6 52 0 1 1
5.1 -8 -0.6 138 0 1 1
5.1 -7.6 -0.6 111 0 1 1
5.1 -7.1 -0.6 108 0 1 1
5.1 0.2 -0.3 149 0 1 1
5.1 0.7 -0.3 169 0 1 1
5.2 -18.5 0 123 0 1 1
5.2 -18.1 -0.1 128 0 1 1
5.2 -17.6 -0.1 126 0 1 1
5.2 -17.2 -0.1 125 0 1 1
5.2 -16.7 -0.2 130 0 1 1
5.2 -16.3 -0.2 129 0 1 1
5.2 -15.8 -0.2 128 0 1 1
5.2 -15.3 -0.3 116 0 1 1
5.2 -12.8 0.1 74 0 1 3
5.2 -12.5 0 41 0 1 3
5.2 -12.4 -0.4 32 0 1 3
5.2 -10.5 -0.5 137 0 1 1
5.2 -10.1 -0.6 111 0 1 1
5.2 -9.7 -0.6 105 0 1 1
5.2 -9.2 -0.6 96 0 1 1
5.2 -8.8 -0.6 126 0 1 1
5.3 -14.9 -0.3 122 0 1 1
5.3 -14 0.4 91 0 1 3
5.3 -13.4 0.6 129 0 1 3
5.3 -12.5 0.2 86 0 1 3
5.3 -12.3 -0.3 43 0 1 3
5.3 -12.2 -0.5 135 0 1 1
5.3 -11.8 -0.5 120 0 1 1
5.3 -11.3 -0.5 101 0 1 1
5.3 -10.9 -0.5 149 0 1 1
5.4 -14 0.6 102 0 1 3
5.4 -13.8 0.7 82 0 1 3
5.4 -13.1 0.4 95 0 1 3
5.4 -12.9 0.2 84 0 1 3
5.4 -6 -0.4 41 0 1 2
5.4 -5.8 -0.6 136 0 1 1
5.4 -5.4 -0.6 145 0 1 1
5.4 -5 -0.6 94 0 1 1
5.4 -4.6 -0.6 152 0 1 1
5.4 -4.1 -0.6 107 0 1 1
5.4 -3.6 -0.6 140 0 1 1
5.4 -3.1 -0.5 122 0 1 1
5.4 -2.7 -0.5 69 0 1 1
5.4 -2.2 -0.5 118 0 1 1
5.4 -1.7 -0.4 118 0 1 1
5.5 -12.6 0.2 103 0 1 3
5.5 -12.2 -0.1 49 0 1 3
5.5 -7.5 -0.6 142 0 1 1
5.5 -7.1 -0.6 93 0 1 1
5.5 -6.7 -0.6 103 0 1 1
5.5 -6.4 -0.5 37 0 1 2
5.5 -6.3 -0.6 145 0 1 1
5.5 -6.2 -0.5 46 0 1 2
5.5 -6.2 -0.3 47 0 1 2
5.5 -6.1 -0.6 125 0 1 2
5.5 -6 -0.6 38 0 1 2
5.5 -6 -0.3 98 0 1 2
5.5 -1.2 -0.4 134 0 1 1
5.5 -0.7 -0.3 139 0 1 1
5.5 -0.3 -0.3 145 0 1 1
5.5 0.2 -0.3 164 0 1 1
5.5 0.7 -0.2 164 0 1 1
5.6 -19.1 0 94 0 1 1
5.6 -18.9 0 130 0 1 1
5.6 -18.5 0 135 0 1 1
5.6 -18 0 130 0 1 1
5.6 -17.5 -0.1 124 0 1 1
5.6 -14.4 0.5 75 0 1 3
5.6 -13.5 0.7 122 0 1 3
5.6 -13.2 0.5 122 0 1 3
5.6 -12.2 0.1 85 0 1 3
5.6 -12 -0.4 37 0 1 3
5.6 -9.2 -0.5 123 0 1 1
5.6 -8.8 -0.5 75 0 1 1
5.6 -8.4 -0.6 139 0 1 1
5.6 -7.9 -0.6 131 0 1 1
5.6 -6.4 -0.5 38 0 1 2
5.6 -6.3 -0.4 47 0 1 2
5.6 -6.2 -0.3 79 0 1 2
5.6 -6.1 -0.2 126 0 1 2
5.6 -5.9 -0.4 71 0 1 2
5.6 -5.8 -0.5 39 0 1 2
5.6 -5.8 -0.4 68 0 1 2
5.7 -17.1 -0.1 123 0 1 1
5.7 -16.6 -0.1 125 0 1 1
5.7 -16.2 -0.2 138 0 1 1
5.7 -14.3 0.7 97 0 1 3
5.7 -13.9 0.7 122 0 1 3
5.7 -12.8 0.3 119 0 1 3
5.7 -12 -0.2 71 0 1 3
5.7 -10.9 -0.5 137 0 1 1
5.7 -10.4 -0.5 134 0 1 1
5.7 -10 -0.5 130 0 1 1
5.7 -9.6 -0.5 116 0 1 1
5.7 -6.4 -0.4 123 0 1 2
5.7 -6 -0.3 137 0 1 2
5.7 -5.8 -0.5 99 0 1 2
5.7 -5.8 -0.3 136 0 1 2
5.8 -14.2 0.8 86 0 1 3
5.8 -12.3 0.1 119 0 1 3
5.8 -11.7 -0.5 112 0 1 1
5.8 -11.3 -0.5 131 0 1 1
5.8 -6.3 -0.3 132 0 1 2
5.8 -6.2 -0.2 91 0 1 2
5.8 -5.8 -0.4 141 0 1 2
5.8 -5 -0.6 120 0 1 1
5.8 -4.5 -0.6 126 0 1 1
5.8 -4.1 -0.6 89 0 1 1
5.8 -3.6 -0.5 143 0 1 1
5.8 -3.1 -0.5 133 0 1 1
5.9 -13.4 0.7 124 0 1 3
5.9 -13.1 0.6 127 0 1 3
5.9 -12 -0.5 114 0 1 3
5.9 -12 0 118 0 1 3
5.9 -6.1 -0.3 131 0 1 2
5.9 -6 -0.3 139 0 1 2
5.9 -5.9 -0.5 138 0 1 2
5.9 -5.8 -0.6 131 0 1 1
5.9 -5.8 -0.5 107 0 1 2
5.9 -5.4 -0.6 131 0 1 1
5.9 -2.6 -0.4 114 0 1 1
5.9 -2.2 -0.4 126 0 1 1
5.9 -1.7 -0.4 135 0 1 1
5.9 -1.2 -0.3 138 0 1 1
5.9 -0.7 -0.3 131 0 1 1
5.9 -0.2 -0.2 146 0 1 1
5.9 0.2 -0.2 160 0 1 1
5.9 0.7 -0.2 172 0 1 1
6 -19 0.1 102 0 1 1
6 -18.8 0.1 135 0 1 1
6 -13.8 0.8 111 0 1 3
6 -12.8 0.3 143 0 1 3
6 -12.5 0.2 136 0 1 3
6 -12 -0.3 96 0 1 3
6 -8.3 -0.5 118 0 1 1
6 -7.9 -0.5 131 0 1 1
6 -7.5 -0.5 128 0 1 1
6 -7.1 -0.5 139 0 1 1
6 -5.9 -0.6 107 0 1 2
6 -5.9 -0.4 129 0 1 2
6.1 -18.4 0 122 0 1 1
6.1 -17.9 0 130 0 1 1
6.1 -17.5 0 124 0 1 1
6.1 -17 -0.1 118 0 1 1
6.1 -14.1 0.8 88 0 1 3
6.1 -12.1 0 126 0 1 3
6.1 -12 -0.1 121 0 1 3
6.1 -10 -0.5 119 0 1 1
6.1 -9.6 -0.5 135 0 1 1
6.1 -9.1 -0.5 116 0 1 1
6.1 -8.7 -0.5 50 0 1 1
6.2 -13.3 0.8 109 0 1 3
6.2 -13.1 0.5 136 0 1 3
6.2 -11.2 -0.4 128 0 1 1
6.2 -10.8 -0.4 129 0 1 1
6.2 -10.4 -0.4 97 0 1 1
6.3 -13.6 0.8 117 0 1 3
6.3 -12.8 0.2 150 0 1 3
6.3 -12.5 0.2 147 0 1 3
6.3 -12.2 0.1 145 0 1 3
6.3 -12 -0.3 102 0 1 3
6.3 -11.6 -0.4 123 0 1 1
6.3 -5.8 -0.5 140 0 1 1
6.3 -5.4 -0.5 134 0 1 1
6.3 -4.9 -0.5 129 0 1 1
6.3 -4.5 -0.5 97 0 1 1
6.3 -4.1 -0.5 39 0 1 1
6.3 -3.6 -0.5 78 0 1 1
6.3 -3.1 -0.4 113 0 1 1
6.3 -2.6 -0.4 133 0 1 1
6.3 -2.1 -0.3 135 0 1 1
6.3 -1.7 -0.3 139 0 1 1
6.3 -1.2 -0.3 127 0 1 1
6.3 -0.7 -0.2 135 0 1 1
6.4 -14 0.8 126 0 1 3
6.4 -13.5 0.7 117 0 1 3
6.4 -12.1 0 143 0 1 3
6.4 -12 -0.2 129 0 1 3
6.4 -7.4 -0.5 133 0 1 1
6.4 -7 -0.5 126 0 1 1
6.4 -6.6 -0.5 138 0 1 1
6.4 -6.2 -0.5 107 0 1 1
6.4 -0.2 -0.2 144 0 1 1
6.4 0.2 -0.2 155 0 1 1
6.4 0.7 -0.1 174 0 1 1
6.5 -18.9 0.1 96 0 1 1
6.5 -18.8 0.1 127 0 1 1
6.5 -18.3 0.1 131 0 1 1
6.5 -17.9 0 121 0 1 1
6.5 -13.8 0.7 95 0 1 3
6.5 -13.5 0.3 140 0 1 3
6.5 -8.7 -0.4 119 0 1 1
6.5 -8.3 -0.4 117 0 1 1
6.5 -7.9 -0.4 135 0 1 1
6.6 -13.7 0.7 128 0 1 3
6.6 -12.4 0 140 0 1 3
6.6 -12.3 -0.1 143 0 1 3
6.6 -10.3 -0.4 106 0 1 1
6.6 -9.9 -0.4 129 0 1 1
6.6 -9.5 -0.4 132 0 1 1
6.6 -9.1 -0.4 144 0 1 1
6.7 -13.7 0.4 149 0 1 3
6.7 -12.2 -0.3 102 0 1 3
6.7 -12.2 -0.2 157 0 1 3
6.7 -12 -0.3 116 0 1 1
6.7 -11.6 -0.4 94 0 1 1
6.7 -11.2 -0.4 103 0 1 1
6.7 -10.8 -0.4 35 0 1 1
6.7 -5.3 -0.4 127 0 1 1
6.7 -4.9 -0.4 86 0 1 1
6.7 -4.5 -0.4 136 0 1 1
6.7 -4 -0.4 36 0 1 1
6.7 -3.6 -0.4 34 0 1 1
6.7 -3.1 -0.4 35 0 1 1
6.7 -2.6 -0.3 53 0 1 1
6.7 -2.1 -0.3 125 0 1 1
6.8 -6.6 -0.4 144 0 1 1
6.8 -6.2 -0.4 135 0 1 1
6.8 -5.7 -0.4 101 0 1 1
6.8 -1.6 -0.2 120 0 1 1
6.8 -1.2 -0.2 117 0 1 1
6.8 -0.7 -0.2 142 0 1 1
6.8 -0.2 -0.1 152 0 1 1
6.8 0.3 -0.1 163 0 1 1
6.8 0.7 -0.1 172 0 1 1
6.9 -18.7 0.1 95 0 1 1
6.9 -13.7 0.1 135 0 1 3
6.9 -12.6 -0.2 145 0 1 3
6.9 -12.5 -0.2 134 0 1 3
6.9 -12.4 -0.2 135 0 1 3
6.9 -8.2 -0.4 148 0 1 1
6.9 -7.8 -0.4 133 0 1 1
6.9 -7.4 -0.4 133 0 1 1
6.9 -7 -0.4 143 0 1 1
7 -18.3 0.1 127 0 1 1
7 -13.6 0 143 0 1 3
7 -13 -0.2 129 0 1 3
7 -12.9 -0.2 139 0 1 3
7 -9.5 -0.4 121 0 1 1
7 -9.1 -0.4 121 0 1 1
7 -8.6 -0.4 97 0 1 1
7.1 -18.7 0.2 91 0 1 1
7.1 -14.6 0.4 150 0 1 3
7.1 -14.3 0.4 135 0 1 3
7.1 -13.9 0.2 144 0 1 3
7.1 -10.7 -0.3 155 0 1 1
7.1 -10.3 -0.3 131 0 1 1
7.1 -9.9 -0.4 129 0 1 1
7.1 -4.9 -0.4 147 0 1 1
7.1 -4.5 -0.4 97 0 1 1
7.1 -4 -0.4 40 0 1 1
7.1 -3.5 -0.3 38 0 1 1
7.2 -13.4 -0.2 141 0 1 3
7.2 -13.3 -0.2 119 0 1 1
7.2 -12.9 -0.2 103 0 1 1
7.2 -12.4 -0.3 121 0 1 1
7.2 -12 -0.3 106 0 1 1
7.2 -11.5 -0.3 103 0 1 1
7.2 -11.1 -0.3 90 0 1 1
7.2 -6.1 -0.4 133 0 1 1
7.2 -5.7 -0.4 137 0 1 1
7.2 -5.3 -0.4 116 0 1 1
7.2 -3.1 -0.3 78 0 1 1
7.2 -2.6 -0.3 120 0 1 1
7.2 -2.1 -0.2 118 0 1 1
7.2 -1.6 -0.2 144 0 1 1
7.2 -1.2 -0.2 143 0 1 1
7.2 -0.7 -0.1 154 0 1 1
7.2 -0.2 -0.1 155 0 1 1
7.3 -14.7 0.3 121 0 1 3
7.3 -14.4 0.3 156 0 1 3
7.3 -14.1 0.2 132 0 1 3
7.3 -13.8 0 139 0 1 3
7.3 -7.4 -0.3 140 0 1 1
7.3 -7 -0.4 120 0 1 1
7.3 -6.5 -0.4 98 0 1 1
7.3 0.3 -0.1 166 0 1 1
7.3 0.7 0 176 0 1 1
7.4 -13.9 -0.1 150 0 1 3
7.4 -8.6 -0.3 157 0 1 1
7.4 -8.2 -0.3 146 0 1 1
7.4 -7.8 -0.3 140 0 1 1
7.4 -3.8 -0.2 90 0 1 2
7.4 -3.7 -0.2 40 0 1 2
7.5 -9.8 -0.3 100 0 1 1
7.5 -9.4 -0.3 107 0 1 1
7.5 -9 -0.3 105 0 1 1
7.5 -3.8 -0.2 96 0 1 2
7.5 -3.7 -0.1 92 0 1 2
7.5 -3.5 -0.2 40 0 1 2
7.5 -3.4 -0.3 46 0 1 2
7.5 -3.4 -0.2 38 0 1 2
7.6 -14.1 -0.1 126 0 1 1
7.6 -13.7 -0.1 80 0 1 1
7.6 -13.2 -0.2 129 0 1 1
7.6 -11.1 -0.3 102 0 1 1
7.6 -10.7 -0.3 148 0 1 1
7.6 -10.3 -0.3 106 0 1 1
7.6 -5.3 -0.3 99 0 1 1
7.6 -4.9 -0.3 134 0 1 1
7.6 -4.4 -0.3 113 0 1 1
7.6 -4 -0.3 130 0 1 1
7.6 -3.6 0 88 0 1 2
7.6 -3.4 0 98 0 1 2
7.6 -3 -0.2 76 0 1 1
7.6 -2.6 -0.2 135 0 1 1
7.6 -2.1 -0.2 101 0 1 1
7.6 -1.6 -0.1 136 0 1 1
7.7 -12.8 -0.2 123 0 1 1
7.7 -12.4 -0.2 100 0 1 1
7.7 -11.9 -0.3 160 0 1 1
7.7 -11.5 -0.3 117 0 1 1
7.7 -6.5 -0.3 111 0 1 1
7.7 -6.1 -0.3 43 0 1 1
7.7 -5.7 -0.3 130 0 1 1
7.7 -3.6 0 105 0 1 2
7.7 -3.3 -0.2 39 0 1 2
7.7 -3.3 -0.1 46 0 1 2
7.7 -1.1 -0.1 141 0 1 1
7.7 -0.7 -0.1 130 0 1 1
7.7 -0.2 0 154 0 1 1
7.7 0.3 0 158 0 1 1
7.7 0.7 0 170 0 1 1
7.7 1.2 0.1 182 0 1 1
7.8 -7.7 -0.3 131 0 1 1
7.8 -7.3 -0.3 143 0 1 1
7.8 -6.9 -0.3 111 0 1 1
7.8 -3.6 0 104 0 1 2
7.8 -3.4 0 144 0 1 2
7.9 -9 -0.3 118 0 1 1
7.9 -8.6 -0.3 141 0 1 1
7.9 -8.1 -0.3 88 0 1 1
7.9 -3.3 0 96 0 1 2
7.9 -3.2 -0.2 83 0 1 2
7.9 -3.2 -0.1 120 0 1 2
8 -15 0 101 0 1 1
8 -14.5 0 128 0 1 1
8 -10.2 -0.2 111 0 1 1
8 -9.8 -0.2 149 0 1 1
8 -9.4 -0.3 133 0 1 1
8 -4.8 -0.3 151 0 1 1
8 -4.4 -0.3 128 0 1 1
8 -3.9 -0.2 130 0 1 1
8 -3 -0.2 121 0 1 1
8 -2.5 -0.1 108 0 1 1
8.1 -14.1 -0.1 122 0 1 1
8.1 -13.6 -0.1 84 0 1 1
8.1 -13.2 -0.1 109 0 1 1
8.1 -12.7 -0.2 100 0 1 1
8.1 -12.3 -0.2 121 0 1 1
8.1 -11.9 -0.2 128 0 1 1
8.1 -11.4 -0.2 105 0 1 1
8.1 -11 -0.2 103 0 1 1
8.1 -10.6 -0.2 155 0 1 1
8.1 -6.1 -0.2 116 0 1 1
8.1 -5.7 -0.2 158 0 1 1
8.1 -5.2 -0.3 130 0 1 1
8.1 -3.4 0 126 0 1 2
8.1 -3.3 -0.1 127 0 1 2
8.1 -2.1 -0.1 122 0 1 1
8.1 -1.6 -0.1 137 0 1 1
8.1 -1.1 0 120 0 1 1
8.1 -0.7 0 136 0 1 1
8.1 -0.2 0 146 0 1 1
8.1 0.3 0 159 0 1 1
8.2 -7.3 -0.2 142 0 1 1
8.2 -6.9 -0.2 134 0 1 1
8.2 -6.5 -0.2 38 0 1 1
8.2 0.8 0.1 170 0 1 1
8.2 1.2 0.1 176 0 1 1
8.3 -8.5 -0.2 103 0 1 1
8.3 -8.1 -0.2 121 0 1 1
8.3 -7.7 -0.2 37 0 1 1
8.4 -17.2 0.2 122 0 1 1
8.4 -16.7 0.2 123 0 1 1
8.4 -16.3 0.1 117 0 1 1
8.4 -15.8 0.1 126 0 1 1
8.4 -9.3 -0.2 138 0 1 1
8.4 -8.9 -0.2 39 0 1 1
8.4 -4.4 -0.2 134 0 1 1
8.4 -3.9 -0.2 108 0 1 1
8.5 -15.4 0.1 116 0 1 1
8.5 -14.9 0 130 0 1 1
8.5 -14.5 0 126 0 1 1
8.5 -14 0 125 0 1 1
8.5 -13.6 -0.1 118 0 1 1
8.5 -10.6 -0.2 130 0 1 1
8.5 -10.2 -0.2 116 0 1 1
8.5 -9.7 -0.2 126 0 1 1
8.5 -5.6 -0.2 141 0 1 1
8.5 -5.2 -0.2 132 0 1 1
8.5 -4.8 -0.2 137 0 1 1
8.5 -3.5 -0.1 119 0 1 1
8.5 -3 -0.1 96 0 1 1
8.5 -2.5 -0.1 128 0 1 1
8.5 -2.1 -0.1 137 0 1 1
8.5 -1.6 0 137 0 1 1
8.5 -1.1 0 143 0 1 1
8.5 -0.6 0 135 0 1 1
8.6 -18 0.3 122 0 1 1
8.6 -13.1 -0.1 110 0 1 1
8.6 -12.7 -0.1 134 0 1 1
8.6 -12.2 -0.1 109 0 1 1
8.6 -11.8 -0.2 91 0 1 1
8.6 -11.4 -0.2 121 0 1 1
8.6 -11 -0.2 109 0 1 1
8.6 -6.4 -0.2 126 0 1 1
8.6 -6 -0.2 111 0 1 1
8.6 -0.2 0.1 152 0 1 1
8.6 0.3 0.1 168 0 1 1
8.6 0.8 0.1 178 0 1 1
8.6 1.2 0.2 185 0 1 1
8.7 -7.7 -0.2 135 0 1 1
8.7 -7.3 -0.2 132 0 1 1
8.7 -6.8 -0.2 132 0 1 1
8.8 -17.9 0.3 86 0 1 1
8.8 -17.5 0.3 121 0 1 1
8.8 -17.1 0.2 129 0 1 1
8.8 -16.6 0.2 120 0 1 1
8.8 -8.9 -0.2 145 0 1 1
8.8 -8.5 -0.2 143 0 1 1
8.8 -8.1 -0.2 98 0 1 1
8.9 -16.2 0.2 131 0 1 1
8.9 -15.7 0.1 123 0 1 1
8.9 -15.3 0.1 126 0 1 1
8.9 -14.9 0.1 137 0 1 1
8.9 -9.7 -0.1 91 0 1 1
8.9 -9.3 -0.1 123 0 1 1
8.9 -5.2 -0.1 76 0 1 1
8.9 -4.8 -0.1 127 0 1 1
8.9 -4.3 -0.1 138 0 1 1
8.9 -3.9 -0.1 141 0 1 1
8.9 -3.4 -0.1 134 0 1 1
8.9 -3 -0.1 128 0 1 1
8.9 -2.5 0 132 0 1 1
8.9 -2 0 131 0 1 1
9 -14.4 0 125 0 1 1
9 -14 0 120 0 1 1
9 -13.5 0 120 0 1 1
9 -13.1 0 107 0 1 1
9 -10.9 -0.1 88 0 1 1
9 -10.5 -0.1 110 0 1 1
9 -10.1 -0.1 38 0 1 1
9 -6 -0.1 132 0 1 1
9 -5.6 -0.1 124 0 1 1
9 -1.6 0 133 0 1 1
9 -1.1 0.1 138 0 1 1
9 -0.6 0.1 131 0 1 1
9 -0.2 0.1 131 0 1 1
9 0.3 0.1 162 0 1 1
9 0.8 0.2 175 0 1 1
9.1 -12.6 -0.1 109 0 1 1
9.1 -12.2 -0.1 120 0 1 1
9.1 -11.7 -0.1 124 0 1 1
9.1 -11.3 -0.1 133 0 1 1
9.1 -7.2 -0.1 129 0 1 1
9.1 -6.8 -0.1 106 0 1 1
9.1 -6.4 -0.1 147 0 1 1
9.1 1.2 0.2 187 0 1 1
9.2 -17.7 0.3 119 0 1 1
9.2 -8 -0.1 93 0 1 1
9.2 -7.6 -0.1 153 0 1 1
9.3 -17.5 0.3 122 0 1 1
9.3 -17 0.3 124 0 1 1
9.3 -16.6 0.2 130 0 1 1
9.3 -16.1 0.2 125 0 1 1
9.3 -9.2 -0.1 57 0 1 1
9.3 -8.8 -0.1 144 0 1 1
9.3 -8.4 -0.1 145 0 1 1
9.3 -4.7 -0.1 133 0 1 1
9.3 -4.3 -0.1 135 0 1 1
9.3 -3.9 0 142 0 1 1
9.3 -3.4 0 128 0 1 1
9.3 -2.9 0 139 0 1 1
9.4 -15.7 0.2 124 0 1 1
9.4 -15.2 0.2 131 0 1 1
9.4 -14.8 0.1 121 0 1 1
9.4 -14.4 0.1 118 0 1 1
9.4 -10.1 -0.1 114 0 1 1
9.4 -9.6 -0.1 134 0 1 1
9.4 -5.6 -0.1 128 0 1 1
9.4 -5.2 -0.1 145 0 1 1
9.4 -2.5 0 132 0 1 1
9.4 -2 0.1 124 0 1 1
9.4 -1.5 0.1 134 0 1 1
9.4 -1.1 0.1 136 0 1 1
9.4 -0.6 0.1 131 0 1 1
9.4 -0.4 0.7 38 0 1 3
9.4 -0.2 0.2 115 0 1 1
9.4 0 0.8 26 0 1 3
9.4 0.3 0.9 37 0 1 3
9.5 -13.9 0.1 87 0 1 1
9.5 -13.5 0 114 0 1 1
9.5 -13 0 109 0 1 1
9.5 -12.6 0 118 0 1 1
9.5 -12.1 0 88 0 1 1
9.5 -11.3 -0.1 117 0 1 1
9.5 -10.9 -0.1 131 0 1 1
9.5 -10.5 -0.1 73 0 1 1
9.5 -8.7 0.1 77 0 1 2
9.5 -8.6 -0.1 114 0 1 2
9.5 -8.6 0.1 99 0 1 2
9.5 -8.5 0 37 0 1 2
9.5 -8.4 -0.1 150 0 1 2
9.5 -8.3 0.1 41 0 1 2
9.5 -6.8 -0.1 141 0 1 1
9.5 -6.4 -0.1 102 0 1 1
9.5 -6 -0.1 124 0 1 1
9.5 -0.9 1 42 0 1 3
9.5 -0.8 1.1 41 0 1 3
9.5 -0.7 1.2 39 0 1 3
9.5 -0.6 0.8 36 0 1 3
9.5 -0.5 0.5 39 0 1 3
9.5 -0.5 0.9 31 0 1 3
9.5 -0.2 1 26 0 1 3
9.5 -0.1 0.5 38 0 1 3
9.5 0.1 0.2 59 0 1 3
9.5 0.2 0.5 45 0 1 3
9.5 0.2 1.1 55 0 1 3
9.5 0.3 0.2 166 0 1 1
9.5 0.5 0.9 43 0 1 3
9.5 0.8 0.2 181 0 1 1
9.5 1.2 0.2 183 0 1 1
9.6 -11.7 -0.1 104 0 1 1
9.6 -8.6 0.1 53 0 1 2
9.6 -8.5 0.2 106 0 1 2
9.6 -8.4 0.1 50 0 1 2
9.6 -8.2 0.1 38 0 1 2
9.6 -7.6 -0.1 130 0 1 1
9.6 -7.2 -0.1 95 0 1 1
9.6 -0.8 0.6 28 0 1 3
9.6 -0.7 0.3 43 0 1 3
9.6 -0.3 0.3 42 0 1 3
9.6 -0.3 1.2 67 0 1 3
9.6 0 1.2 66 0 1 3
9.6 0.3 1.1 92 0 1 3
9.7 -17.4 0.3 108 0 1 1
9.7 -17 0.3 118 0 1 1
9.7 -8.4 0.2 130 0 1 2
9.7 -8.2 0.1 87 0 1 2
9.7 -8.1 0 39 0 1 2
9.7 -8 -0.1 156 0 1 1
9.7 -0.9 1 49 0 1 3
9.7 -0.8 1.1 83 0 1 3
9.7 -0.7 0.2 44 0 1 3
9.7 -0.6 1.3 117 0 1 3
9.7 0.2 0.2 145 0 1 3
9.7 0.4 0.5 24 0 1 3
9.7 0.6 0.9 43 0 1 3
9.8 -17.4 0.3 114 0 1 1
9.8 -16.5 0.3 125 0 1 1
9.8 -16.1 0.3 127 0 1 1
9.8 -15.6 0.2 135 0 1 1
9.8 -15.2 0.2 134 0 1 1
9.8 -9.6 0 117 0 1 1
9.8 -9.2 0 107 0 1 1
9.8 -8.5 0.2 114 0 1 2
9.8 -8.3 0.2 138 0 1 2
9.8 -8.2 0.2 90 0 1 2
9.8 -5.1 0 139 0 1 1
9.8 -4.7 0 95 0 1 1
9.8 -4.3 0 89 0 1 1
9.8 -3.8 0 122 0 1 1
9.8 -3.4 0 135 0 1 1
9.8 -2.9 0.1 142 0 1 1
9.8 -2.5 0.1 133 0 1 1
9.8 -2 0.1 135 0 1 1
9.8 -1.5 0.1 136 0 1 1
9.8 -0.2 1.3 128 0 1 3
9.8 0.2 1.2 99 0 1 3
9.8 0.5 0.5 36 0 1 3
9.8 0.5 1 115 0 1 3
9.9 -14.7 0.2 119 0 1 1
9.9 -14.3 0.1 132 0 1 1
9.9 -13.8 0.1 110 0 1 1
9.9 -13.4 0.1 131 0 1 1
9.9 -10.4 0 117 0 1 1
9.9 -10 0 98 0 1 1
9.9 -8.4 0.2 138 0 1 2
9.9 -8.2 0.2 140 0 1 2
9.9 -8.1 0 89 0 1 2
9.9 -5.9 0 115 0 1 1
9.9 -5.5 0 143 0 1 1
9.9 -1.1 0.2 148 0 1 1
9.9 -1 0.7 48 0 1 3
9.9 -0.9 0.4 47 0 1 3
9.9 -0.9 1.1 96 0 1 3
9.9 -0.7 1.2 81 0 1 3
9.9 -0.5 1.4 82 0 1 3
9.9 0.6 0.8 46 0 1 3
9.9 0.8 0.3 181 0 1 1
9.9 1.2 0.3 189 0 1 1
10 -13 0.1 55 0 1 1
10 -12.5 0 106 0 1 1
10 -12.1 0 74 0 1 1
10 -11.6 0 122 0 1 1
10 -11.2 0 37 0 1 1
10 -10.8 0 100 0 1 1
10 -8.1 0.1 119 0 1 2
10 -8.1 0.2 138 0 1 2
10 -7.1 0 148 0 1 1
10 -6.7 0 144 0 1 1
10 -6.3 0 147 0 1 1
10 0.2 1.5 90 0 1 3
10 0.4 1.2 75 0 1 3
10 0.5 0.4 44 0 1 3
10.1 -8.1 0.1 145 0 1 2
10.1 -7.9 0 148 0 1 1
10.1 -7.5 0 79 0 1 1
10.1 -1.1 0.8 107 0 1 3
10.1 -1 0.3 46 0 1 3
10.1 -0.4 1.5 106 0 1 3
10.1 -0.1 1.5 89 0 1 3
10.1 0.6 0.9 107 0 1 3
10.2 -17.2 0.4 90 0 1 1
10.2 -16.9 0.3 124 0 1 1
10.2 -16.4 0.3 128 0 1 1
10.2 -16 0.3 144 0 1 1
10.2 -8.2 0 147 0 1 2
10.2 -6.3 0.2 101 0 1 2
10.2 -6.2 0.3 62 0 1 2
10.2 -4.7 0.1 139 0 1 1
10.2 -4.3 0.1 132 0 1 1
10.2 -3.8 0.1 139 0 1 1
10.2 -3.4 0.1 125 0 1 1
10.2 -2.9 0.1 140 0 1 1
10.2 -2.4 0.2 115 0 1 1
10.2 -0.5 1.4 55 0 1 3
10.2 0.4 1.4 76 0 1 3
10.2 0.5 1.3 57 0 1 3
10.2 0.7 0.4 38 0 1 3
10.2 0.7 0.7 42 0 1 3
10.3 -15.6 0.3 121 0 1 1
10.3 -15.1 0.2 138 0 1 1
10.3 -14.7 0.2 120 0 1 1
10.3 -10 0 123 0 1 1
10.3 -9.6 0 122 0 1 1
10.3 -6.4 0.1 107 0 1 2
10.3 -6.3 0.2 114 0 1 2
10.3 -6.2 0.1 48 0 1 2
10.3 -6.1 0.2 37 0 1 2
10.3 -5.5 0.1 135 0 1 1
10.3 -5.1 0.1 139 0 1 1
10.3 -2 0.2 126 0 1 1
10.3 -1.5 0.2 130 0 1 1
10.3 -1.2 0.4 130 0 1 3
10.3 -1.1 0.2 147 0 1 1
10.3 0 1.6 153 0 1 3
10.3 0.3 1.7 103 0 1 3
10.3 0.4 1.5 110 0 1 3
10.3 0.5 1.4 91 0 1 3
10.4 -14.2 0.2 124 0 1 1
10.4 -13.8 0.2 130 0 1 1
10.4 -13.3 0.1 107 0 1 1
10.4 -12.9 0.1 42 0 1 1
10.4 -10.8 0 153 0 1 1
10.4 -10.4 0 43 0 1 1
10.4 -6.7 0.1 134 0 1 1
10.4 -6.2 0.3 88 0 1 2
10.4 -6.1 0.3 92 0 1 2
10.4 -6 0.1 69 0 1 2
10.4 -6 0.2 43 0 1 2
10.4 -5.9 0.1 109 0 1 1
10.4 -0.4 1.6 124 0 1 3
10.4 -0.3 1.6 128 0 1 3
10.4 0.6 1 81 0 1 3
10.4 0.8 0.3 179 0 1 1
10.4 1.3 0.3 187 0 1 1
10.5 -12.5 0.1 57 0 1 1
10.5 -12 0 133 0 1 1
10.5 -11.6 0 84 0 1 1
10.5 -11.2 0 93 0 1 1
10.5 -7.5 0.1 136 0 1 1
10.5 -7.1 0.1 151 0 1 1
10.5 -6.2 0.3 137 0 1 2
10.5 -6.2 0.4 115 0 1 2
10.5 -5.9 0.2 79 0 1 2
10.5 -1.2 0.3 120 0 1 3
10.5 -0.5 1.5 78 0 1 3
10.5 0.6 1.2 69 0 1 3
10.5 0.8 0.7 53 0 1 3
10.6 -16.9 0.4 112 0 1 1
10.6 -16.8 0.4 119 0 1 1
10.6 -8.3 0.1 119 0 1 1
10.6 -7.9 0.1 120 0 1 1
10.6 -6 0.3 137 0 1 2
10.6 -6 0.4 127 0 1 2
10.6 -4.2 0.1 136 0 1 1
10.6 -3.8 0.1 144 0 1 1
10.6 -3.3 0.2 138 0 1 1
10.6 0 1.7 134 0 1 3
10.6 0.8 0.4 42 0 1 3
10.7 -16.4 0.4 130 0 1 1
10.7 -15.9 0.3 126 0 1 1
10.7 -15.5 0.3 124 0 1 1
10.7 -6.2 0.4 139 0 1 2
10.7 -6 0.3 129 0 1 2
10.7 -5.9 0.2 92 0 1 2
10.7 -5.1 0.1 148 0 1 1
10.7 -4.7 0.1 128 0 1 1
10.7 -2.9 0.2 146 0 1 1
10.7 -2.4 0.2 140 0 1 1
10.7 -2 0.2 148 0 1 1
10.7 -1.5 0.3 143 0 1 1
10.7 -0.4 1.6 88 0 1 3
10.7 -0.3 1.6 127 0 1 3
10.7 0.5 1.4 125 0 1 3
10.7 0.6 1.3 95 0 1 3
10.8 -15.1 0.3 119 0 1 1
10.8 -14.6 0.3 122 0 1 1
10.8 -14.2 0.2 129 0 1 1
10.8 -13.7 0.2 119 0 1 1
10.8 -10.3 0.1 137 0 1 1
10.8 -9.9 0.1 108 0 1 1
10.8 -9.5 0.1 137 0 1 1
10.8 -5.9 0.1 97 0 1 1
10.8 -5.5 0.1 139 0 1 1
10.8 0.4 1.5 138 0 1 3
10.8 0.8 0.4 152 0 1 3
10.8 0.9 0.7 165 0 1 3
10.8 1.3 0.4 185 0 1 1
10.8 1.7 0.4 194 0 1 1
10.9 -16.8 0.4 117 0 1 1
10.9 -13.3 0.2 116 0 1 1
10.9 -12.8 0.1 95 0 1 1
10.9 -12.4 0.1 60 0 1 1
10.9 -11.1 0.1 55 0 1 1
10.9 -10.7 0.1 118 0 1 1
10.9 -7.1 0.1 72 0 1 1
10.9 -6 0.3 147 0 1 2
10.9 -5.9 0.2 113 0 1 2
10.9 0.8 1 80 0 1 3
11 -12 0.1 121 0 1 1
11 -11.5 0.1 81 0 1 1
11 -7.9 0.1 137 0 1 1
11 -7.5 0.1 139 0 1 1
11 -0.3 1.6 120 0 1 3
11 0.8 1.2 98 0 1 3
11.1 -16.7 0.4 98 0 1 1
11.1 -16.3 0.4 115 0 1 1
11.1 -8.7 0.1 143 0 1 1
11.1 -8.3 0.1 149 0 1 1
11.1 -5 0.2 131 0 1 1
11.1 -4.6 0.2 143 0 1 1
11.1 -4.2 0.2 135 0 1 1
11.1 -3.8 0.2 139 0 1 1
11.1 -3.3 0.2 143 0 1 1
11.1 -2.9 0.3 147 0 1 1
11.1 -2.4 0.3 122 0 1 1
11.1 -1.9 0.3 115 0 1 1
11.1 0.7 1.3 95 0 1 3
11.2 -16.6 0.4 116 0 1 1
11.2 -15.9 0.4 123 0 1 1
11.2 -15.4 0.4 136 0 1 1
11.2 -15 0.3 130 0 1 1
11.2 -9.5 0.1 135 0 1 1
11.2 -9.1 0.1 81 0 1 1
11.2 -5.8 0.2 116 0 1 1
11.2 -5.4 0.2 140 0 1 1
11.2 -1.5 0.3 148 0 1 1
11.2 0.6 1.4 140 0 1 3
11.3 -14.6 0.3 129 0 1 1
11.3 -14.1 0.3 117 0 1 1
11.3 -13.7 0.2 108 0 1 1
11.3 -13.2 0.2 122 0 1 1
11.3 -10.3 0.1 105 0 1 1
11.3 -9.9 0.1 97 0 1 1
11.3 1.3 0.4 187 0 1 1
11.3 1.7 0.5 195 0 1 1
11.4 -12.8 0.2 86 0 1 1
11.4 -12.3 0.2 107 0 1 1
11.4 -11.9 0.1 98 0 1 1
11.4 -11.5 0.1 119 0 1 1
11.4 -11.1 0.1 59 0 1 1
11.4 -10.7 0.1 130 0 1 1
11.4 -7.4 0.2 136 0 1 1
11.4 -7 0.2 132 0 1 1
11.5 -8.2 0.2 138 0 1 1
11.5 -7.8 0.2 128 0 1 1
11.5 -4.6 0.2 133 0 1 1
11.5 -4.2 0.2 142 0 1 1
11.5 -3.8 0.3 133 0 1 1
11.5 -3.3 0.3 143 0 1 1
11.5 -2.9 0.3 155 0 1 1
11.6 -16.3 0.4 122 0 1 1
11.6 -15.8 0.4 113 0 1 1
11.6 -9 0.2 119 0 1 1
11.6 -8.6 0.2 145 0 1 1
11.6 -5.4 0.2 125 0 1 1
11.6 -5 0.2 146 0 1 1
11.6 -2.4 0.3 138 0 1 1
11.6 -1.9 0.3 138 0 1 1
11.6 -1.5 0.3 156 0 1 1
11.7 -15.4 0.4 142 0 1 1
11.7 -14.9 0.4 124 0 1 1
11.7 -14.5 0.3 115 0 1 1
11.7 -14.1 0.3 112 0 1 1
11.7 -9.8 0.2 74 0 1 1
11.7 -9.4 0.2 113 0 1 1
11.7 -6.2 0.2 59 0 1 1
11.7 -5.8 0.2 110 0 1 1
11.7 1.3 0.5 188 0 1 1
11.7 1.7 0.5 186 0 1 1
11.8 -13.6 0.3 127 0 1 1
11.8 -13.2 0.3 126 0 1 1
11.8 -12.7 0.2 92 0 1 1
11.8 -10.6 0.2 121 0 1 1
11.8 -10.2 0.2 123 0 1 1
11.8 -7 0.2 155 0 1 1
11.8 -6.6 0.2 93 0 1 1
11.9 -12.3 0.2 86 0 1 1
11.9 -11.9 0.2 34 0 1 1
11.9 -11.4 0.2 120 0 1 1
11.9 -11 0.2 77 0 1 1
11.9 -7.8 0.2 139 0 1 1
11.9 -7.4 0.2 132 0 1 1
12 -8.6 0.2 133 0 1 1
12 -8.2 0.2 127 0 1 1
12 -5 0.3 156 0 1 1
12 -4.6 0.3 148 0 1 1
12 -4.2 0.3 145 0 1 1
12 -3.8 0.3 150 0 1 1
12 -3.3 0.3 148 0 1 1
12 -2.9 0.3 150 0 1 1
12 -2.4 0.3 137 0 1 1
12 -1.9 0.3 149 0 1 1
12.1 -15.9 0.5 121 0 1 1
12.1 -15.8 0.4 128 0 1 1
12.1 -15.3 0.4 127 0 1 1
12.1 -14.9 0.4 132 0 1 1
12.1 -9.4 0.2 111 0 1 1
12.1 -9 0.2 117 0 1 1
12.1 -5.8 0.2 142 0 1 1
12.1 -5.4 0.2 149 0 1 1
12.1 -1.5 0.4 151 0 1 1
12.2 -15.8 0.5 131 0 1 1
12.2 -14.5 0.4 124 0 1 1
12.2 -14 0.3 108 0 1 1
12.2 -13.6 0.3 115 0 1 1
12.2 -10.2 0.2 114 0 1 1
12.2 -9.8 0.2 104 0 1 1
12.2 -6.6 0.2 75 0 1 1
12.2 -6.2 0.2 137 0 1 1
12.2 1.3 0.5 181 0 1 1
12.2 1.7 0.5 188 0 1 1
12.3 -13.1 0.3 100 0 1 1
12.3 -12.7 0.3 117 0 1 1
12.3 -12.3 0.2 113 0 1 1
12.3 -11.8 0.2 108 0 1 1
12.3 -11 0.2 133 0 1 1
12.3 -10.6 0.2 131 0 1 1
12.3 -7.4 0.2 150 0 1 1
12.3 -7 0.2 154 0 1 1
12.4 -11.4 0.2 110 0 1 1
12.4 -8.2 0.2 137 0 1 1
12.4 -7.8 0.2 155 0 1 1
12.4 -4.2 0.3 132 0 1 1
12.4 -3.8 0.3 149 0 1 1
12.5 -9 0.2 146 0 1 1
12.5 -8.6 0.2 145 0 1 1
12.5 -5.1 0.3 146 0 1 1
12.5 -4.7 0.3 149 0 1 1
12.5 -3.3 0.3 134 0 1 1
12.5 -2.9 0.3 158 0 1 1
12.5 -2.4 0.3 141 0 1 1
12.5 -2 0.3 153 0 1 1
12.5 -1.5 0.3 155 0 1 1
12.6 -15.5 0.4 123 0 1 1
12.6 -15.3 0.4 125 0 1 1
12.6 -14.9 0.4 131 0 1 1
12.6 -14.5 0.4 133 0 1 1
12.6 -9.8 0.2 115 0 1 1
12.6 -9.4 0.2 121 0 1 1
12.6 -5.8 0.3 131 0 1 1
12.6 -5.5 0.3 52 0 1 1
12.7 -15.4 0.4 126 0 1 1
12.7 -14 0.4 125 0 1 1
12.7 -13.6 0.3 134 0 1 1
12.7 -13.1 0.3 129 0 1 1
12.7 -12.7 0.3 96 0 1 1
12.7 -10.6 0.2 79 0 1 1
12.7 -10.2 0.2 140 0 1 1
12.7 -7 0.3 135 0 1 1
12.7 -6.6 0.3 143 0 1 1
12.7 -6.2 0.3 134 0 1 1
12.7 1.3 0.4 180 0 1 1
12.7 1.7 0.5 186 0 1 1
12.8 -12.3 0.3 92 0 1 1
12.8 -11.8 0.2 74 0 1 1
12.8 -11.4 0.2 126 0 1 1
12.8 -11 0.2 116 0 1 1
12.8 -7.8 0.3 147 0 1 1
12.8 -7.4 0.3 150 0 1 1
12.9 -8.6 0.3 124 0 1 1
12.9 -8.2 0.3 143 0 1 1
12.9 -4.7 0.3 145 0 1 1
12.9 -4.3 0.3 153 0 1 1
12.9 -3.8 0.3 141 0 1 1
12.9 -3.4 0.3 153 0 1 1
13 -15.1 0.4 110 0 1 1
13 -9.4 0.3 137 0 1 1
13 -9 0.3 140 0 1 1
13 -5.5 0.3 45 0 1 1
13 -5.1 0.3 75 0 1 1
13 -2.9 0.3 158 0 1 1
13 -2.4 0.3 144 0 1 1
13 -2 0.3 153 0 1 1
13 -1.5 0.3 148 0 1 1
13.1 -14.9 0.4 124 0 1 1
13.1 -14.5 0.4 121 0 1 1
13.1 -14 0.4 122 0 1 1
13.1 -13.6 0.4 125 0 1 1
13.1 -10.2 0.2 142 0 1 1
13.1 -9.8 0.2 135 0 1 1
13.1 -6.3 0.3 112 0 1 1
13.1 -5.9 0.3 128 0 1 1
13.1 1.3 0.4 178 0 1 1
13.2 -14.9 0.4 101 0 1 1
13.2 -13.2 0.3 120 0 1 1
13.2 -12.7 0.3 96 0 1 1
13.2 -12.3 0.3 114 0 1 1
13.2 -11.8 0.3 121 0 1 1
13.2 -11.4 0.3 126 0 1 1
13.2 -11 0.2 138 0 1 1
13.2 -10.6 0.2 115 0 1 1
13.2 -7.5 0.3 138 0 1 1
13.2 -7.1 0.3 135 0 1 1
13.2 -6.7 0.3 147 0 1 1
13.2 1.7 0.4 187 0 1 1
13.3 -8.2 0.3 130 0 1 1
13.3 -7.8 0.3 106 0 1 1
13.4 -9 0.3 138 0 1 1
13.4 -8.6 0.3 145 0 1 1
13.4 -5.1 0.3 80 0 1 1
13.4 -4.7 0.3 150 0 1 1
13.4 -4.3 0.3 153 0 1 1
13.4 -3.9 0.3 150 0 1 1
13.4 -3.4 0.3 153 0 1 1
13.4 -2.9 0.3 156 0 1 1
13.4 -2.5 0.3 156 0 1 1
13.5 -14.7 0.4 95 0 1 1
13.5 -14.5 0.4 125 0 1 1
13.5 -9.8 0.3 130 0 1 1
13.5 -9.4 0.3 130 0 1 1
13.5 -5.9 0.3 156 0 1 1
13.5 -5.5 0.3 149 0 1 1
13.5 -2 0.3 149 0 1 1
13.5 -1.5 0.3 151 0 1 1
13.6 -14.1 0.4 120 0 1 1
13.6 -13.6 0.4 128 0 1 1
13.6 -13.2 0.3 115 0 1 1
13.6 -12.7 0.3 109 0 1 1
13.6 -12.3 0.3 136 0 1 1
13.6 -11 0.3 133 0 1 1
13.6 -10.6 0.3 106 0 1 1
13.6 -10.2 0.3 125 0 1 1
13.6 -6.7 0.3 146 0 1 1
13.6 -6.3 0.3 136 0 1 1
13.6 1.3 0.4 182 0 1 1
13.6 1.7 0.4 186 0 1 1
13.7 -14.5 0.4 99 0 1 1
13.7 -11.8 0.3 115 0 1 1
13.7 -11.4 0.3 143 0 1 1
13.7 -7.9 0.3 140 0 1 1
13.7 -7.5 0.3 134 0 1 1
13.7 -7.1 0.3 136 0 1 1
13.8 -8.7 0.3 133 0 1 1
13.8 -8.3 0.3 116 0 1 1
13.8 -4.3 0.3 151 0 1 1
13.9 -9.8 0.3 128 0 1 1
13.9 -9.4 0.3 131 0 1 1
13.9 -9 0.3 133 0 1 1
13.9 -5.5 0.3 146 0 1 1
13.9 -5.1 0.3 151 0 1 1
13.9 -4.7 0.3 115 0 1 1
13.9 -3.9 0.3 148 0 1 1
13.9 -3.4 0.3 138 0 1 1
13.9 -3 0.3 157 0 1 1
13.9 -2.5 0.3 158 0 1 1
13.9 -2 0.3 141 0 1 1
14 -14.3 0.4 99 0 1 1
14 -14.1 0.4 130 0 1 1
14 -13.6 0.4 125 0 1 1
14 -13.2 0.4 129 0 1 1
14 -10.6 0.3 80 0 1 1
14 -10.2 0.3 141 0 1 1
14 -6.3 0.3 137 0 1 1
14 -5.9 0.3 144 0 1 1
14 -1.6 0.3 153 0 1 1
14.1 -12.7 0.3 125 0 1 1
14.1 -12.3 0.3 110 0 1 1
14.1 -11.9 0.3 99 0 1 1
14.1 -11.4 0.3 134 0 1 1
14.1 -11 0.3 135 0 1 1
14.1 -7.5 0.3 138 0 1 1
14.1 -7.1 0.3 94 0 1 1
14.1 -6.7 0.3 134 0 1 1
14.1 1.3 0.4 183 0 1 1
14.1 1.7 0.4 186 0 1 1
14.1 2.2 0.4 186 0 1 1
14.2 -14.1 0.4 114 0 1 1
14.2 -8.3 0.3 145 0 1 1
14.2 -7.9 0.3 150 0 1 1
14.3 -9.5 0.3 143 0 1 1
14.3 -9.1 0.3 138 0 1 1
14.3 -8.7 0.3 139 0 1 1
14.3 -4.8 0.3 135 0 1 1
14.3 -4.4 0.3 153 0 1 1
14.3 -3.9 0.3 145 0 1 1
14.3 -3.4 0.3 111 0 1 1
14.4 -10.2 0.3 136 0 1 1
14.4 -9.9 0.3 132 0 1 1
14.4 -6 0.3 142 0 1 1
14.4 -5.6 0.3 144 0 1 1
14.4 -5.2 0.3 127 0 1 1
14.4 -3 0.3 152 0 1 1
14.4 -2.5 0.3 144 0 1 1
14.4 -2 0.3 150 0 1 1
14.4 -1.6 0.3 148 0 1 1
14.5 -13.8 0.4 90 0 1 1
14.5 -13.7 0.4 105 0 1 1
14.5 -13.2 0.4 116 0 1 1
14.5 -12.8 0.4 99 0 1 1
14.5 -12.3 0.3 103 0 1 1
14.5 -11.9 0.3 125 0 1 1
14.5 -11.4 0.3 84 0 1 1
14.5 -11 0.3 121 0 1 1
14.5 -10.6 0.3 99 0 1 1
14.5 -6.7 0.3 97 0 1 1
14.5 -6.3 0.3 149 0 1 1
14.6 -13.7 0.4 82 0 1 1
14.6 -7.9 0.3 151 0 1 1
14.6 -7.5 0.3 151 0 1 1
14.6 -7.1 0.3 95 0 1 1
14.6 1.3 0.4 181 0 1 1
14.6 1.7 0.4 187 0 1 1
14.6 2.2 0.4 191 0 1 1
14.7 -8.7 0.3 142 0 1 1
14.7 -8.3 0.3 146 0 1 1
14.8 -9.9 0.3 102 0 1 1
14.8 -9.5 0.3 134 0 1 1
14.8 -9.1 0.3 101 0 1 1
14.8 -5.2 0.3 137 0 1 1
14.8 -4.8 0.3 127 0 1 1
14.8 -4.4 0.3 132 0 1 1
14.8 -4.3 0.3 121 0 1 2
14.8 -4.3 0.4 88 0 1 2
14.8 -4.3 0.5 64 0 1 2
14.8 -4.2 0.4 35 0 1 2
14.8 -4.1 0.2 141 0 1 2
14.8 -4.1 0.5 78 0 1 2
14.8 -4 0.4 41 0 1 2
14.8 -3.9 0.3 126 0 1 1
14.8 -3.9 0.4 41 0 1 2
14.8 -3.5 0.3 147 0 1 1
14.8 -3 0.3 139 0 1 1
14.9 -13.3 0.4 95 0 1 1
14.9 -13.2 0.4 97 0 1 1
14.9 -12.8 0.4 110 0 1 1
14.9 -11 0.3 129 0 1 1
14.9 -10.6 0.3 98 0 1 1
14.9 -10.3 0.3 143 0 1 1
14.9 -6.4 0.3 153 0 1 1
14.9 -6 0.3 147 0 1 1
14.9 -5.6 0.3 130 0 1 1
14.9 -4.3 0.5 145 0 1 2
14.9 -4.2 0.5 138 0 1 2
14.9 -4 0.5 101 0 1 2
14.9 -2.5 0.3 154 0 1 1
14.9 -2.1 0.3 137 0 1 1
14.9 -1.6 0.3 154 0 1 1
15 -12.3 0.4 89 0 1 1
15 -11.9 0.4 124 0 1 1
15 -11.5 0.4 111 0 1 1
15 -7.2 0.3 141 0 1 1
15 -6.8 0.3 129 0 1 1
15 -4.4 0.3 131 0 1 2
15 -4.2 0.6 121 0 1 2
15 -4 0.5 108 0 1 2
15 -4 0.6 164 0 1 2
15 -3.9 0.4 42 0 1 2
15.1 -8.3 0.3 133 0 1 1
15.1 -7.9 0.3 145 0 1 1
15.1 -7.5 0.3 146 0 1 1
15.1 -4.2 0.6 149 0 1 2
15.1 -3.9 0.4 100 0 1 2
15.1 1.3 0.3 181 0 1 1
15.1 1.7 0.3 188 0 1 1
15.1 2.2 0.3 190 0 1 1
15.2 -9.5 0.3 135 0 1 1
15.2 -9.1 0.3 139 0 1 1
15.2 -8.7 0.3 141 0 1 1
15.2 -4.2 0.6 130 0 1 2
15.2 -4 0.6 181 0 1 2
15.2 -3.9 0.5 155 0 1 2
15.3 -12.8 0.4 78 0 1 1
15.3 -10.7 0.4 97 0 1 1
15.3 -10.3 0.4 146 0 1 1
15.3 -9.9 0.3 145 0 1 1
15.3 -5.6 0.3 151 0 1 1
15.3 -5.2 0.3 151 0 1 1
15.3 -4.8 0.3 136 0 1 1
15.3 -3.9 0.2 142 0 1 2
15.3 -3.5 0.3 149 0 1 1
15.3 -3 0.3 140 0 1 1
15.3 -2.6 0.3 128 0 1 1
15.4 -12.7 0.4 76 0 1 1
15.4 -12.4 0.4 124 0 1 1
15.4 -11.9 0.4 136 0 1 1
15.4 -11.5 0.4 111 0 1 1
15.4 -11.1 0.4 120 0 1 1
15.4 -6.8 0.3 142 0 1 1
15.4 -6.4 0.3 152 0 1 1
15.4 -6 0.3 146 0 1 1
15.4 -2.1 0.3 150 0 1 1
15.4 -1.6 0.3 150 0 1 1
15.5 -8 0.3 146 0 1 1
15.5 -7.6 0.3 145 0 1 1
15.5 -7.2 0.3 144 0 1 1
15.5 1.2 0.3 180 0 1 1
15.6 -9.1 0.4 139 0 1 1
15.6 -8.7 0.3 142 0 1 1
15.6 -8.3 0.3 142 0 1 1
15.6 1.7 0.3 184 0 1 1
15.6 2.2 0.3 188 0 1 1
15.7 -12.4 0.4 75 0 1 1
15.7 -10.3 0.4 138 0 1 1
15.7 -9.9 0.4 146 0 1 1
15.7 -9.5 0.4 120 0 1 1
15.7 -4.9 0.3 145 0 1 1
15.8 -12.2 0.4 108 0 1 1
15.8 -11.9 0.4 120 0 1 1
15.8 -11.5 0.4 134 0 1 1
15.8 -11.1 0.4 105 0 1 1
15.8 -10.7 0.4 105 0 1 1
15.8 -6 0.3 158 0 1 1
15.8 -5.6 0.3 153 0 1 1
15.8 -5.3 0.3 155 0 1 1
15.8 -3.5 0.3 154 0 1 1
15.8 -3.1 0.3 143 0 1 1
15.8 -2.6 0.3 142 0 1 1
15.8 -2.1 0.3 149 0 1 1
15.9 -7.2 0.3 144 0 1 1
15.9 -6.8 0.3 133 0 1 1
15.9 -6.4 0.3 156 0 1 1
15.9 -1.6 0.3 154 0 1 1
16 -11.9 0.4 84 0 1 1
16 -8.4 0.4 135 0 1 1
16 -8 0.3 135 0 1 1
16 -7.6 0.3 127 0 1 1
16 1.2 0.3 79 0 1 1
16 1.7 0.3 184 0 1 1
16.1 -9.9 0.4 147 0 1 1
16.1 -9.5 0.4 129 0 1 1
16.1 -9.1 0.4 147 0 1 1
16.1 -8.8 0.4 138 0 1 1
16.1 2.2 0.3 190 0 1 1
16.2 -11.1 0.4 104 0 1 1
16.2 -10.7 0.4 143 0 1 1
16.2 -10.3 0.4 109 0 1 1
16.2 -5.3 0.3 143 0 1 1
16.2 -4.9 0.3 153 0 1 1
16.2 -4 0.3 106 0 1 1
16.2 -3.6 0.3 147 0 1 1
16.2 -3.1 0.3 146 0 1 1
16.3 -11.6 0.4 112 0 1 1
16.3 -11.5 0.4 117 0 1 1
16.3 -6.8 0.3 147 0 1 1
16.3 -6.5 0.3 147 0 1 1
16.3 -6.1 0.3 159 0 1 1
16.3 -5.7 0.3 156 0 1 1
16.3 -2.6 0.3 150 0 1 1
16.3 -2.1 0.3 154 0 1 1
16.3 -1.6 0.3 146 0 1 1
16.4 -11.5 0.4 121 0 1 1
16.4 -8 0.4 132 0 1 1
16.4 -7.6 0.3 114 0 1 1
16.4 -7.2 0.3 148 0 1 1
16.5 -9.2 0.4 142 0 1 1
16.5 -8.8 0.4 147 0 1 1
16.5 -8.4 0.4 126 0 1 1
16.5 1.7 0.3 186 0 1 1
16.5 2.2 0.3 185 0 1 1
16.6 -10.7 0.4 136 0 1 1
16.6 -10.3 0.4 129 0 1 1
16.6 -9.9 0.4 152 0 1 1
16.6 -9.5 0.4 135 0 1 1
16.7 -11.1 0.4 71 0 1 1
16.7 -6.1 0.3 148 0 1 1
16.7 -5.7 0.3 147 0 1 1
16.7 -5.3 0.3 146 0 1 1
16.7 -4.9 0.3 137 0 1 1
16.7 -4.1 0.3 104 0 1 1
16.7 -3.6 0.3 137 0 1 1
16.7 -3.1 0.3 158 0 1 1
16.7 -2.6 0.3 127 0 1 1
16.8 -7.2 0.3 162 0 1 1
16.8 -6.9 0.3 143 0 1 1
16.8 -6.5 0.3 150 0 1 1
16.8 -2.1 0.3 153 0 1 1
16.8 -1.7 0.3 148 0 1 1
16.9 -10.7 0.4 97 0 1 1
16.9 -8.8 0.4 124 0 1 1
16.9 -8.4 0.4 136 0 1 1
16.9 -8 0.4 134 0 1 1
16.9 -7.6 0.4 118 0 1 1
17 -10 0.4 122 0 1 1
17 -9.6 0.4 130 0 1 1
17 -9.2 0.4 127 0 1 1
17 1.7 0.2 185 0 1 1
17 2.2 0.2 184 0 1 1
17.1 -10.4 0.4 115 0 1 1
17.1 -10.3 0.4 110 0 1 1
17.1 -5 0.3 150 0 1 1
17.1 -4.1 0.3 151 0 1 1
17.1 2.7 0.2 193 0 1 1
17.2 -6.5 0.3 151 0 1 1
17.2 -6.1 0.3 140 0 1 1
17.2 -5.7 0.3 125 0 1 1
17.2 -5.3 0.3 135 0 1 1
17.2 -3.6 0.3 138 0 1 1
17.2 -3.1 0.3 161 0 1 1
17.2 -2.6 0.2 100 0 1 1
17.2 -2.2 0.2 159 0 1 1
17.3 -10 0.4 101 0 1 1
17.3 -8 0.4 126 0 1 1
17.3 -7.7 0.4 158 0 1 1
17.3 -7.3 0.4 152 0 1 1
17.3 -6.9 0.3 127 0 1 1
17.3 -1.7 0.2 153 0 1 1
17.4 -9.7 0.4 102 0 1 1
17.4 -9.6 0.4 102 0 1 1
17.4 -9.2 0.4 148 0 1 1
17.4 -8.8 0.4 142 0 1 1
17.4 -8.4 0.4 126 0 1 1
17.5 -9.6 0.4 103 0 1 1
17.5 1.7 0.2 185 0 1 1
17.5 2.2 0.2 189 0 1 1
17.5 2.7 0.2 195 0 1 1
17.6 -5.8 0.3 147 0 1 1
17.6 -5.4 0.3 128 0 1 1
17.6 -5 0.3 141 0 1 1
17.6 -4.1 0.3 171 0 1 1
17.6 -3.6 0.3 157 0 1 1
17.7 -9.2 0.4 95 0 1 1
17.7 -7.3 0.4 147 0 1 1
17.7 -6.9 0.3 157 0 1 1
17.7 -6.5 0.3 131 0 1 1
17.7 -6.1 0.3 163 0 1 1
17.7 -3.1 0.2 162 0 1 1
17.7 -2.7 0.2 144 0 1 1
17.7 -2.2 0.2 149 0 1 1
17.8 -9 0.4 120 0 1 1
17.8 -8.8 0.4 125 0 1 1
17.8 -8.4 0.4 143 0 1 1
17.8 -8.1 0.4 141 0 1 1
17.8 -7.7 0.4 85 0 1 1
17.8 -1.7 0.2 158 0 1 1
17.9 -8.8 0.4 121 0 1 1
18 1.7 0.2 183 0 1 1
18 2.2 0.2 188 0 1 1
18 2.7 0.2 194 0 1 1
18.1 -8.5 0.4 83 0 1 1
18.1 -6.6 0.3 160 0 1 1
18.1 -6.2 0.3 159 0 1 1
18.1 -5.8 0.3 128 0 1 1
18.1 -5.4 0.3 132 0 1 1
18.1 -4.6 0.3 153 0 1 1
18.1 -4.1 0.3 173 0 1 1
18.1 -3.7 0.2 166 0 1 1
18.1 -3.2 0.2 164 0 1 1
18.2 -8.2 0.4 85 0 1 1
18.2 -8.1 0.4 85 0 1 1
18.2 -7.7 0.4 133 0 1 1
18.2 -7.3 0.4 136 0 1 1
18.2 -6.9 0.4 137 0 1 1
18.2 -2.7 0.2 130 0 1 1
18.2 -2.2 0.2 153 0 1 1
18.2 -1.7 0.2 115 0 1 1
18.3 -8.1 0.4 85 0 1 1
18.4 1.7 0.2 185 0 1 1
18.5 -7.7 0.4 89 0 1 1
18.5 -5.4 0.3 153 0 1 1
18.5 -5 0.3 121 0 1 1
18.5 -4.6 0.3 136 0 1 1
18.5 -4.2 0.3 156 0 1 1
18.5 2.2 0.2 185 0 1 1
18.5 2.7 0.2 187 0 1 1
18.6 -7.3 0.4 119 0 1 1
18.6 -7 0.4 139 0 1 1
18.6 -6.6 0.3 145 0 1 1
18.6 -6.2 0.3 152 0 1 1
18.6 -5.8 0.3 158 0 1 1
18.6 -3.7 0.2 152 0 1 1
18.6 -3.2 0.2 160 0 1 1
18.6 -2.7 0.2 144 0 1 1
18.7 -7 0.4 102 0 1 1
18.7 -2.2 0.2 152 0 1 1
18.9 -6.6 0.4 120 0 1 1
18.9 1.7 0.1 187 0 1 1
19 -6.2 0.3 114 0 1 1
19 -6 0.3 140 0 1 1
19 -5.8 0.3 158 0 1 1
19 -5.5 0.3 146 0 1 1
19 -5.1 0.3 163 0 1 1
19 -4.7 0.3 137 0 1 1
19 -4.2 0.3 162 0 1 1
19 -3.7 0.2 150 0 1 1
19 2.2 0.1 185 0 1 1
19 2.7 0.1 189 0 1 1
19.1 -5.8 0.3 98 0 1 1
19.1 -3.2 0.2 162 0 1 1
19.1 -2.7 0.2 155 0 1 1
19.1 -2.2 0.2 148 0 1 1
19.2 -5.5 0.3 133 0 1 1
19.3 -5.1 0.3 101 0 1 1
19.4 -4.7 0.3 127 0 1 1
19.4 1.7 0.1 186 0 1 1
19.4 2.2 0.1 185 0 1 1
19.5 -4.6 0.3 113 0 1 1
19.5 -4.2 0.2 158 0 1 1
19.5 -3.7 0.2 147 0 1 1
19.5 -3.2 0.2 167 0 1 1
19.5 2.7 0.1 180 0 1 1
19.6 -2.7 0.2 160 0 1 1
19.6 -2.3 0.2 152 0 1 1
19.7 -3.9 0.2 145 0 1 1
19.7 -3.7 0.2 112 0 1 1
19.7 -3.3 0.2 130 0 1 1
19.8 -2.8 0.2 122 0 1 1
19.8 2.2 0.1 146 0 1 1
19.8 2.7 0.1 122 0 1 1
19.9 1.7 0.1 153 0 1 1
19.9 1.8 0.1 106 0 1 1
