-18.5 7.3 0 116 0 1 1
-18.4 7.3 0 110 0 1 1
-18.4 7.6 0 85 0 1 1
-18.4 7.7 0 72 0 1 1
-18.2 8.1 -0.1 80 0 1 1
-17.9 6.9 0 108 0 1 1
-17.9 7.3 0 101 0 1 1
-17.9 7.7 -0.1 89 0 1 1
-17.9 8.1 -0.1 120 0 1 1
-17.9 8.6 -0.1 83 0 1 1
-17.8 8.6 -0.1 111 0 1 1
-17.8 8.7 -0.1 94 0 1 1
-17.7 9 -0.1 115 0 1 1
-17.5 6.8 -0.1 118 0 1 1
-17.5 9.4 -0.1 76 0 1 1
-17.4 7.2 -0.1 119 0 1 1
-17.4 7.7 -0.1 118 0 1 1
-17.4 8.1 -0.1 115 0 1 1
-17.4 8.5 -0.1 109 0 1 1
-17.4 9 -0.1 109 0 1 1
-17.3 9.4 -0.1 93 0 1 1
-17.3 9.7 -0.1 101 0 1 1
-17.3 9.8 -0.1 111 0 1 1
-17 6.8 -0.1 103 0 1 1
-17 7.2 -0.1 113 0 1 1
-17 10.2 -0.1 111 0 1 1
-16.9 7.7 -0.1 116 0 1 1
-16.9 8.1 -0.1 116 0 1 1
-16.9 8.5 -0.1 117 0 1 1
-16.9 8.9 -0.1 107 0 1 1
-16.9 9.4 -0.1 114 0 1 1
-16.9 9.8 -0.1 128 0 1 1
-16.8 10.2 -0.1 130 0 1 1
-16.8 10.6 -0.1 74 0 1 1
-16.8 10.7 -0.1 77 0 1 1
-16.6 11.1 -0.1 88 0 1 1
-16.5 6.7 -0.1 122 0 1 1
-16.5 7.2 -0.1 98 0 1 1
-16.5 7.6 -0.1 118 0 1 1
-16.4 8.1 -0.1 95 0 1 1
-16.4 8.5 -0.1 114 0 1 1
-16.4 8.9 -0.1 96 0 1 1
-16.4 9.4 -0.1 92 0 1 1
-16.4 9.8 -0.1 101 0 1 1
-16.4 10.2 -0.1 114 0 1 1
-16.4 10.7 -0.1 104 0 1 1
-16.3 11.1 -0.1 113 0 1 1
-16.3 11.4 -0.2 111 0 1 1
-16.2 11.6 -0.2 84 0 1 1
-16 6.7 -0.1 97 0 1 1
-16 7.2 -0.1 129 0 1 1
-16 7.6 -0.1 123 0 1 1
-16 8 -0.1 131 0 1 1
-16 8.5 -0.1 105 0 1 1
-15.9 8.9 -0.1 105 0 1 1
-15.9 9.4 -0.1 93 0 1 1
-15.9 9.8 -0.1 111 0 1 1
-15.9 10.2 -0.1 121 0 1 1
-15.9 10.7 -0.1 129 0 1 1
-15.9 11.1 -0.2 126 0 1 1
-15.9 11.6 -0.2 128 0 1 1
-15.9 12 -0.2 89 0 1 1
-15.8 12 -0.2 90 0 1 1
-15.5 6.7 -0.1 123 0 1 1
-15.5 7.1 -0.1 120 0 1 1
-15.5 7.6 -0.1 124 0 1 1
-15.5 8 -0.1 115 0 1 1
-15.5 8.5 -0.1 121 0 1 1
-15.5 8.9 -0.1 57 0 1 1
-15.5 9.4 -0.1 95 0 1 1
-15.5 12.5 -0.2 71 0 1 1
-15.4 9.8 -0.1 121 0 1 1
-15.4 10.2 -0.2 125 0 1 1
-15.4 10.7 -0.2 112 0 1 1
-15.4 11.1 -0.2 132 0 1 1
-15.4 11.6 -0.2 104 0 1 1
-15.4 12 -0.2 123 0 1 1
-15.4 12.5 -0.2 73 0 1 1
-15.1 6.2 -0.1 112 0 1 1
-15.1 6.6 -0.1 112 0 1 1
-15.1 12.9 -0.2 116 0 1 1
-15 7.1 -0.1 119 0 1 1
-15 7.5 -0.1 103 0 1 1
-15 8 -0.1 97 0 1 1
-15 8.4 -0.1 119 0 1 1
-15 8.9 -0.1 101 0 1 1
-15 9.3 -0.1 88 0 1 1
-15 9.8 -0.2 101 0 1 1
-15 10.2 -0.2 133 0 1 1
-15 10.7 -0.2 119 0 1 1
-15 11.1 -0.2 115 0 1 1
-14.9 11.6 -0.2 129 0 1 1
-14.9 12 -0.2 103 0 1 1
-14.9 12.5 -0.2 94 0 1 1
-14.9 12.9 -0.2 103 0 1 1
-14.9 13.1 -0.2 97 0 1 1
-14.7 13.3 -0.2 86 0 1 1
-14.6 6.2 -0.1 83 0 1 1
-14.6 6.6 -0.1 114 0 1 1
-14.6 7.1 -0.1 133 0 1 1
-14.6 7.5 -0.1 72 0 1 1
-14.6 8 -0.1 126 0 1 1
-14.5 8.4 -0.1 115 0 1 1
-14.5 8.9 -0.1 102 0 1 1
-14.5 9.3 -0.2 83 0 1 1
-14.5 9.8 -0.2 106 0 1 1
-14.5 10.2 -0.2 124 0 1 1
-14.5 10.7 -0.2 124 0 1 1
-14.5 11.1 -0.2 130 0 1 1
-14.5 11.6 -0.2 76 0 1 1
-14.5 12 -0.2 41 0 1 1
-14.5 12.5 -0.2 45 0 1 1
-14.5 12.9 -0.2 111 0 1 1
-14.5 13.4 -0.2 123 0 1 1
-14.5 13.6 -0.2 94 0 1 1
-14.4 13.8 -0.2 106 0 1 1
-14.1 6.1 -0.1 108 0 1 1
-14.1 6.6 -0.1 96 0 1 1
-14.1 7 -0.1 100 0 1 1
-14.1 7.5 -0.1 135 0 1 1
-14.1 8 -0.1 110 0 1 1
-14.1 8.4 -0.2 94 0 1 1
-14.1 8.9 -0.2 99 0 1 1
-14.1 9.3 -0.2 83 0 1 1
-14.1 14.1 -0.2 83 0 1 1
-14 9.8 -0.2 97 0 1 1
-14 10.2 -0.2 125 0 1 1
-14 10.7 -0.2 80 0 1 1
-14 11.2 -0.2 127 0 1 1
-14 11.6 -0.2 47 0 1 1
-14 12.1 -0.2 61 0 1 1
-14 12.5 -0.2 56 0 1 1
-14 12.9 -0.2 134 0 1 1
-14 13.4 -0.2 134 0 1 1
-14 13.8 -0.2 108 0 1 1
-14 14.2 -0.2 83 0 1 1
-13.9 14.2 -0.2 85 0 1 1
-13.6 6.1 -0.1 109 0 1 1
-13.6 6.5 -0.1 134 0 1 1
-13.6 7 -0.1 129 0 1 1
-13.6 7.5 -0.2 139 0 1 1
-13.6 7.9 -0.2 105 0 1 1
-13.6 8.4 -0.2 117 0 1 1
-13.6 8.9 -0.2 103 0 1 1
-13.6 9.3 -0.2 85 0 1 1
-13.6 9.8 -0.2 121 0 1 1
-13.6 10.2 -0.2 132 0 1 1
-13.6 10.7 -0.2 119 0 1 1
-13.6 11.2 -0.2 113 0 1 1
-13.6 11.6 -0.2 69 0 1 1
-13.6 12.1 -0.2 24 0 1 1
-13.6 12.5 -0.2 36 0 1 1
-13.6 13 -0.2 141 0 1 1
-13.6 13.4 -0.2 100 0 1 1
-13.6 13.8 -0.2 97 0 1 1
-13.6 14.3 -0.2 106 0 1 1
-13.6 14.5 -0.2 103 0 1 1
-13.4 14.7 -0.2 123 0 1 1
-13.1 6 -0.2 137 0 1 1
-13.1 6.5 -0.2 136 0 1 1
-13.1 7 -0.2 122 0 1 1
-13.1 7.4 -0.2 116 0 1 1
-13.1 7.9 -0.2 138 0 1 1
-13.1 8.4 -0.2 84 0 1 1
-13.1 8.8 -0.2 94 0 1 1
-13.1 9.3 -0.2 83 0 1 1
-13.1 9.8 -0.2 107 0 1 1
-13.1 10.2 -0.2 99 0 1 1
-13.1 10.7 -0.2 130 0 1 1
-13.1 11.2 -0.2 128 0 1 1
-13.1 11.6 -0.2 116 0 1 1
-13.1 12.1 -0.2 120 0 1 1
-13.1 12.5 -0.2 138 0 1 1
-13.1 13 -0.2 139 0 1 1
-13.1 13.4 -0.2 30 0 1 1
-13.1 13.8 -0.2 91 0 1 1
-13.1 14.3 -0.2 116 0 1 1
-13.1 14.7 -0.2 132 0 1 1
-13.1 14.9 -0.2 92 0 1 1
-12.8 15.2 -0.2 99 0 1 1
-12.7 6 -0.2 128 0 1 1
-12.7 6.5 -0.2 118 0 1 1
-12.7 6.9 -0.2 85 0 1 1
-12.7 7.4 -0.2 102 0 1 1
-12.7 7.9 -0.2 102 0 1 1
-12.7 8.4 -0.2 131 0 1 1
-12.7 8.8 -0.2 97 0 1 1
-12.7 9.3 -0.2 87 0 1 1
-12.7 13.9 -0.2 33 0 1 1
-12.7 14.3 -0.2 73 0 1 1
-12.7 14.7 -0.2 141 0 1 1
-12.7 15.2 -0.2 69 0 1 1
-12.7 15.3 -0.2 72 0 1 1
-12.6 9.8 -0.2 112 0 1 1
-12.6 10.2 -0.2 126 0 1 1
-12.6 10.7 -0.2 129 0 1 1
-12.6 11.2 -0.2 95 0 1 1
-12.6 11.6 -0.2 123 0 1 1
-12.6 12.1 -0.2 132 0 1 1
-12.6 12.5 -0.2 142 0 1 1
-12.6 13 -0.2 121 0 1 1
-12.6 13.4 -0.2 27 0 1 1
-12.3 15.6 -0.2 81 0 1 1
-12.2 6 -0.2 142 0 1 1
-12.2 6.4 -0.2 118 0 1 1
-12.2 6.9 -0.2 78 0 1 1
-12.2 7.4 -0.2 78 0 1 1
-12.2 7.9 -0.2 101 0 1 1
-12.2 8.3 -0.2 106 0 1 1
-12.2 8.8 -0.2 111 0 1 1
-12.2 9.3 -0.2 78 0 1 1
-12.2 9.8 -0.2 114 0 1 1
-12.2 10.2 -0.2 121 0 1 1
-12.2 10.7 -0.2 129 0 1 1
-12.2 11.2 -0.2 82 0 1 1
-12.2 11.6 -0.2 127 0 1 1
-12.2 12.1 -0.2 135 0 1 1
-12.2 12.6 -0.2 139 0 1 1
-12.2 13 -0.2 118 0 1 1
-12.2 13.4 -0.2 82 0 1 1
-12.2 13.9 -0.2 106 0 1 1
-12.2 14.3 -0.2 142 0 1 1
-12.2 14.7 -0.2 130 0 1 1
-12.2 15.2 -0.2 79 0 1 1
-12.2 15.6 -0.2 83 0 1 1
-12.2 15.7 -0.2 81 0 1 1
-11.9 2.2 1.9 112 0 1 5
-11.8 15.2 -0.2 110 0 1 1
-11.8 15.6 -0.2 75 0 1 1
-11.8 16 -0.2 147 0 1 1
-11.7 2 1.9 105 0 1 5
-11.7 2.7 1.6 69 0 1 5
-11.7 5.5 -0.2 99 0 1 1
-11.7 6 -0.2 140 0 1 1
-11.7 6.4 -0.2 133 0 1 1
-11.7 6.9 -0.2 40 0 1 1
-11.7 7.4 -0.2 77 0 1 1
-11.7 7.9 -0.2 79 0 1 1
-11.7 8.3 -0.2 56 0 1 1
-11.7 8.8 -0.2 119 0 1 1
-11.7 9.3 -0.2 70 0 1 1
-11.7 9.8 -0.2 78 0 1 1
-11.7 10.2 -0.2 129 0 1 1
-11.7 10.7 -0.2 116 0 1 1
-11.7 11.2 -0.2 111 0 1 1
-11.7 11.7 -0.2 131 0 1 1
-11.7 12.1 -0.2 123 0 1 1
-11.7 12.6 -0.2 125 0 1 1
-11.7 13 -0.2 128 0 1 1
-11.7 13.4 -0.2 124 0 1 1
-11.7 13.9 -0.2 73 0 1 1
-11.7 14.3 -0.2 135 0 1 1
-11.7 14.7 -0.2 132 0 1 1
-11.6 1.9 1.9 102 0 1 5
-11.6 2.2 1.8 109 0 1 5
-11.5 2.1 1.9 126 0 1 5
-11.4 1.8 1.9 69 0 1 5
-11.3 2.3 1.8 135 0 1 5
-11.3 2.7 1.6 107 0 1 5
-11.3 3.1 1.4 127 0 1 5
-11.3 5.5 -0.2 127 0 1 1
-11.3 6 -0.2 144 0 1 1
-11.3 6.4 -0.2 136 0 1 1
-11.3 6.9 -0.2 22 0 1 1
-11.3 7.4 -0.2 23 0 1 1
-11.3 7.9 -0.2 25 0 1 1
-11.3 8.3 -0.2 33 0 1 1
-11.3 8.8 -0.2 101 0 1 1
-11.3 9.3 -0.2 67 0 1 1
-11.3 9.8 -0.2 79 0 1 1
-11.3 10.2 -0.2 123 0 1 1
-11.3 10.7 -0.2 115 0 1 1
-11.3 11.2 -0.2 118 0 1 1
-11.3 11.6 -0.2 126 0 1 1
-11.3 12.1 -0.2 135 0 1 1
-11.3 12.6 -0.2 121 0 1 1
-11.3 13 -0.2 106 0 1 1
-11.3 13.4 -0.2 140 0 1 1
-11.3 13.9 -0.2 133 0 1 1
-11.3 14.3 -0.2 127 0 1 1
-11.3 14.7 -0.2 130 0 1 1
-11.3 15.2 -0.2 112 0 1 1
-11.3 15.6 -0.1 73 0 1 1
-11.3 16.1 -0.1 156 0 1 1
-11.3 16.4 -0.1 48 0 1 1
-11.2 2 1.8 135 0 1 5
-11.2 3.1 1.4 109 0 1 5
-11.2 16.5 -0.1 66 0 1 1
-11.1 1.8 1.8 154 0 1 5
-11.1 2.3 1.7 112 0 1 5
-11.1 2.7 1.6 123 0 1 5
-11.1 3.4 1.3 94 0 1 5
-11.1 3.6 1.1 110 0 1 5
-11.1 3.9 1 111 0 1 5
-11.1 4.1 0.8 129 0 1 5
-11.1 16.6 -0.1 60 0 1 1
-11 2 1.7 70 0 1 5
-11 3.1 1.4 147 0 1 5
-11 3.4 1.2 134 0 1 5
-11 4.7 0.3 114 0 1 5
-10.9 1.8 1.7 100 0 1 5
-10.9 3.6 1.1 144 0 1 5
-10.9 3.8 1 131 0 1 5
-10.9 4.1 0.8 127 0 1 5
-10.9 8.8 -0.2 83 0 1 1
-10.9 9.3 -0.2 73 0 1 1
-10.9 9.8 -0.2 124 0 1 1
-10.9 10.2 -0.2 118 0 1 1
-10.9 10.7 -0.2 100 0 1 1
-10.9 11.2 -0.2 114 0 1 1
-10.9 11.6 -0.2 128 0 1 1
-10.9 12.1 -0.2 128 0 1 1
-10.9 12.5 -0.2 128 0 1 1
-10.9 13 -0.2 93 0 1 1
-10.9 13.4 -0.2 136 0 1 1
-10.9 13.9 -0.2 114 0 1 1
-10.9 14.3 -0.1 141 0 1 1
-10.9 14.7 -0.1 134 0 1 1
-10.9 15.2 -0.1 95 0 1 1
-10.9 15.6 -0.1 88 0 1 1
-10.9 16 -0.1 41 0 1 1
-10.9 16.5 -0.1 67 0 1 1
-10.9 16.7 -0.1 145 0 1 1
-10.8 2 1.6 150 0 1 5
-10.8 2.3 1.6 153 0 1 5
-10.8 2.7 1.5 143 0 1 5
-10.8 3.1 1.3 144 0 1 5
-10.8 3.3 1.2 139 0 1 5
-10.8 4 0.8 136 0 1 5
-10.8 4.6 0.3 127 0 1 5
-10.8 5.2 -0.2 126 0 1 5
-10.8 5.5 -0.2 99 0 1 1
-10.8 6 -0.2 136 0 1 1
-10.8 6.5 -0.2 138 0 1 1
-10.8 6.9 -0.2 117 0 1 1
-10.8 7.4 -0.2 84 0 1 1
-10.8 7.9 -0.2 40 0 1 1
-10.8 8.3 -0.2 88 0 1 1
-10.7 1.8 1.6 157 0 1 5
-10.7 3.5 1.1 148 0 1 5
-10.7 3.8 0.9 135 0 1 5
-10.6 2.3 1.5 154 0 1 5
-10.6 2.6 1.4 150 0 1 5
-10.6 3.1 1.3 151 0 1 5
-10.5 2.1 1.5 133 0 1 5
-10.5 3.4 1.1 144 0 1 5
-10.5 3.8 0.8 128 0 1 5
-10.5 4 0.7 141 0 1 5
-10.5 10.2 -0.2 114 0 1 1
-10.5 10.7 -0.2 97 0 1 1
-10.5 11.1 -0.2 125 0 1 1
-10.5 11.6 -0.2 128 0 1 1
-10.5 12.1 -0.2 129 0 1 1
-10.5 12.5 -0.1 130 0 1 1
-10.5 13 -0.1 120 0 1 1
-10.5 13.4 -0.1 141 0 1 1
-10.5 13.8 -0.1 132 0 1 1
-10.5 14.3 -0.1 133 0 1 1
-10.5 14.7 -0.1 127 0 1 1
-10.5 15.2 -0.1 114 0 1 1
-10.5 15.6 -0.1 112 0 1 1
-10.5 16 -0.1 117 0 1 1
-10.5 16.5 -0.1 130 0 1 1
-10.5 16.9 -0.1 98 0 1 1
-10.4 1.9 1.4 138 0 1 5
-10.4 2.3 1.4 142 0 1 5
-10.4 2.6 1.3 149 0 1 5
-10.4 3 1.2 141 0 1 5
-10.4 3.6 0.9 138 0 1 5
-10.4 4.5 0.3 120 0 1 5
-10.4 5.1 -0.2 129 0 1 5
-10.4 5.6 -0.2 139 0 1 1
-10.4 6 -0.2 135 0 1 1
-10.4 6.5 -0.2 136 0 1 1
-10.4 7 -0.2 133 0 1 1
-10.4 7.4 -0.2 110 0 1 1
-10.4 7.9 -0.2 125 0 1 1
-10.4 8.4 -0.2 75 0 1 1
-10.4 8.8 -0.2 75 0 1 1
-10.4 9.3 -0.2 78 0 1 1
-10.4 9.8 -0.2 91 0 1 1
-10.3 1.6 1.3 149 0 1 5
-10.3 3.3 1 106 0 1 5
-10.3 3.9 0.7 99 0 1 5
-10.2 2.1 1.3 159 0 1 5
-10.2 3.8 0.7 139 0 1 5
-10.1 1.7 1.2 154 0 1 5
-10.1 2.3 1.2 159 0 1 5
-10.1 2.7 1.1 156 0 1 5
-10.1 3.1 1 148 0 1 5
-10.1 3.6 0.8 147 0 1 5
-10.1 4.4 0.3 129 0 1 5
-10.1 11.1 -0.1 139 0 1 1
-10.1 11.6 -0.1 75 0 1 1
-10.1 12.1 -0.1 125 0 1 1
-10.1 12.5 -0.1 122 0 1 1
-10.1 12.9 -0.1 114 0 1 1
-10.1 13.4 -0.1 128 0 1 1
-10.1 13.8 -0.1 123 0 1 1
-10.1 14.3 -0.1 138 0 1 1
-10.1 14.7 -0.1 125 0 1 1
-10 2 1.2 119 0 1 5
-10 2.2 1.1 148 0 1 5
-10 3.4 0.8 155 0 1 5
-10 4.3 0.3 134 0 1 5
-10 4.9 -0.2 134 0 1 5
-10 7 -0.2 117 0 1 1
-10 7.5 -0.2 113 0 1 1
-10 7.9 -0.2 140 0 1 1
-10 8.4 -0.2 76 0 1 1
-10 8.8 -0.2 80 0 1 1
-10 9.3 -0.2 78 0 1 1
-10 9.8 -0.2 87 0 1 1
-10 10.2 -0.2 98 0 1 1
-10 10.7 -0.2 96 0 1 1
-10 15.1 -0.1 73 0 1 1
-10 15.6 -0.1 116 0 1 1
-10 16 -0.1 125 0 1 1
-10 16.5 -0.1 152 0 1 1
-9.9 2.3 1 147 0 1 5
-9.9 2.8 0.9 148 0 1 5
-9.9 3.2 0.8 136 0 1 5
-9.9 5.2 -0.2 97 0 1 1
-9.9 5.6 -0.2 138 0 1 1
-9.9 6.1 -0.2 120 0 1 1
-9.9 6.5 -0.2 75 0 1 1
-9.8 4.1 0.3 137 0 1 5
-9.8 4.8 -0.2 132 0 1 5
-9.7 4 0.3 140 0 1 5
-9.7 12 -0.1 130 0 1 1
-9.7 12.5 -0.1 119 0 1 1
-9.7 12.9 -0.1 140 0 1 1
-9.6 1.4 0.8 149 0 1 5
-9.6 1.8 0.8 150 0 1 5
-9.6 8.4 -0.2 97 0 1 1
-9.6 8.8 -0.2 79 0 1 1
-9.6 9.3 -0.2 76 0 1 1
-9.6 10.7 -0.1 106 0 1 1
-9.6 11.1 -0.1 130 0 1 1
-9.6 11.6 -0.1 128 0 1 1
-9.6 13.4 -0.1 127 0 1 1
-9.6 13.8 -0.1 139 0 1 1
-9.6 14.2 -0.1 100 0 1 1
-9.6 14.7 -0.1 118 0 1 1
-9.6 15.1 -0.1 65 0 1 1
-9.5 3.8 0.3 140 0 1 5
-9.5 4.6 -0.1 132 0 1 5
-9.5 5.2 -0.2 129 0 1 1
-9.5 5.7 -0.2 132 0 1 1
-9.5 6.1 -0.2 129 0 1 1
-9.5 6.6 -0.2 52 0 1 1
-9.5 7 -0.2 46 0 1 1
-9.5 7.5 -0.2 108 0 1 1
-9.5 7.9 -0.2 119 0 1 1
-9.4 2.1 0.6 158 0 1 5
-9.4 2.3 0.5 150 0 1 5
-9.4 2.6 0.6 143 0 1 5
-9.4 3.6 0.3 153 0 1 5
-9.4 4.7 -0.3 136 0 1 1
-9.3 2.9 0.4 155 0 1 5
-9.3 3.4 0.3 143 0 1 5
-9.3 4.5 -0.2 141 0 1 5
-9.2 1.6 0.4 137 0 1 5
-9.2 4.4 -0.2 149 0 1 5
-9.2 10.7 -0.1 93 0 1 1
-9.2 11.1 -0.1 105 0 1 1
-9.2 11.6 -0.1 138 0 1 1
-9.2 12 -0.1 130 0 1 1
-9.2 12.5 -0.1 126 0 1 1
-9.2 12.9 -0.1 98 0 1 1
-9.2 13.3 -0.1 93 0 1 1
-9.2 13.8 -0.1 134 0 1 1
-9.2 14.2 -0.1 126 0 1 1
-9.1 4.2 -0.2 144 0 1 5
-9.1 6.6 -0.2 51 0 1 1
-9.1 7.1 -0.2 101 0 1 1
-9.1 7.5 -0.2 60 0 1 1
-9.1 8 -0.2 98 0 1 1
-9.1 8.4 -0.2 74 0 1 1
-9.1 8.9 -0.2 78 0 1 1
-9 1.9 0.2 158 0 1 5
-9 4.3 -0.3 149 0 1 1
-9 4.8 -0.3 40 0 1 1
-9 5.2 -0.3 116 0 1 1
-9 5.7 -0.2 141 0 1 1
-9 6.1 -0.2 102 0 1 1
-8.9 2.9 0.1 130 0 1 5
-8.9 4 -0.2 142 0 1 5
-8.8 1.7 0.1 153 0 1 5
-8.8 2.2 0.1 157 0 1 5
-8.8 2.6 0.1 154 0 1 5
-8.8 3.2 0 151 0 1 5
-8.8 3.8 -0.2 143 0 1 5
-8.8 10.2 -0.1 99 0 1 1
-8.8 10.7 -0.1 126 0 1 1
-8.8 11.1 -0.1 42 0 1 1
-8.8 11.6 -0.1 133 0 1 1
-8.8 12 -0.1 120 0 1 1
-8.8 12.4 -0.1 131 0 1 1
-8.8 12.9 -0.1 96 0 1 1
-8.8 13.3 -0.1 103 0 1 1
-8.8 13.8 -0.1 138 0 1 1
-8.7 1.3 -0.1 149 0 1 5
-8.7 3.5 -0.2 140 0 1 5
-8.7 4.1 -0.3 74 0 1 5
-8.7 7.5 -0.2 115 0 1 1
-8.7 8 -0.2 92 0 1 1
-8.7 8.4 -0.2 82 0 1 1
-8.6 2 0 151 0 1 5
-8.6 2.7 -0.1 143 0 1 5
-8.6 3.3 -0.2 149 0 1 5
-8.6 5.3 -0.3 127 0 1 1
-8.6 5.7 -0.3 137 0 1 1
-8.6 6.2 -0.2 139 0 1 1
-8.6 6.6 -0.2 138 0 1 1
-8.6 7.1 -0.2 121 0 1 1
-8.5 1.8 -0.2 145 0 1 5
-8.5 2.4 -0.1 144 0 1 5
-8.5 3.9 -0.3 124 0 1 1
-8.5 4.4 -0.3 114 0 1 1
-8.5 4.8 -0.3 125 0 1 1
-8.4 2.2 -0.2 149 0 1 5
-8.4 10.6 -0.1 125 0 1 1
-8.4 11.1 -0.1 113 0 1 1
-8.4 11.5 -0.1 132 0 1 1
-8.4 12 0 114 0 1 1
-8.4 12.4 0 129 0 1 1
-8.4 12.9 0 130 0 1 1
-8.3 10.2 -0.1 100 0 1 1
-8.2 1.4 -0.2 108 0 1 1
-8.2 1.8 -0.3 129 0 1 1
-8.2 6.2 -0.3 96 0 1 1
-8.2 6.7 -0.2 136 0 1 1
-8.2 7.1 -0.2 74 0 1 1
-8.2 7.5 -0.2 21 0 1 1
-8.2 8 -0.2 75 0 1 1
-8.2 8.2 0.1 51 0 1 2
-8.2 8.5 0.3 93 0 1 2
-8.1 2.2 -0.3 141 0 1 1
-8.1 2.7 -0.3 106 0 1 1
-8.1 3.1 -0.3 139 0 1 1
-8.1 3.6 -0.3 128 0 1 1
-8.1 4 -0.3 139 0 1 1
-8.1 4.4 -0.3 147 0 1 1
-8.1 4.9 -0.3 131 0 1 1
-8.1 5.3 -0.3 153 0 1 1
-8.1 5.8 -0.3 53 0 1 1
-8.1 8.2 0.2 110 0 1 2
-8.1 8.4 0.2 95 0 1 2
-8 8.1 -0.1 79 0 1 2
-8 11.1 0 135 0 1 1
-8 11.5 0 130 0 1 1
-8 12 0 129 0 1 1
-7.9 8 0.1 50 0 1 2
-7.9 8.3 0.2 113 0 1 2
-7.9 8.6 0.2 122 0 1 2
-7.9 9.3 -0.1 72 0 1 1
-7.9 9.8 -0.1 92 0 1 1
-7.9 10.2 -0.1 69 0 1 1
-7.9 10.6 -0.1 134 0 1 1
-7.8 7.1 -0.2 45 0 1 1
-7.8 7.6 -0.2 46 0 1 1
-7.8 8 -0.2 77 0 1 1
-7.8 8 0 63 0 1 2
-7.8 8.1 0.2 116 0 1 2
-7.8 8.2 0.2 129 0 1 2
-7.8 8.4 0.1 122 0 1 2
-7.8 8.8 0.2 116 0 1 2
-7.7 1.4 -0.3 140 0 1 1
-7.7 1.9 -0.3 119 0 1 1
-7.7 2.3 -0.3 136 0 1 1
-7.7 2.7 -0.3 122 0 1 1
-7.7 5.4 -0.3 125 0 1 1
-7.7 5.8 -0.3 132 0 1 1
-7.7 6.3 -0.3 64 0 1 1
-7.7 6.7 -0.2 134 0 1 1
-7.7 8.2 0.1 132 0 1 2
-7.7 8.4 0.1 123 0 1 2
-7.7 8.5 0.1 161 0 1 2
-7.7 8.7 0.2 130 0 1 2
-7.6 3.2 -0.3 141 0 1 1
-7.6 3.6 -0.3 134 0 1 1
-7.6 4.1 -0.3 140 0 1 1
-7.6 4.5 -0.3 141 0 1 1
-7.6 4.9 -0.3 153 0 1 1
-7.6 8 -0.1 54 0 1 2
-7.6 8.1 0.1 122 0 1 2
-7.6 11.1 0 130 0 1 1
-7.6 11.5 0 111 0 1 1
-7.5 8.2 -0.1 127 0 1 2
-7.5 8.3 0 122 0 1 2
-7.5 8.5 0.1 128 0 1 2
-7.5 8.6 0.2 125 0 1 2
-7.5 8.7 0.1 125 0 1 2
-7.5 9.8 -0.1 91 0 1 1
-7.5 10.2 -0.1 132 0 1 1
-7.5 10.6 -0.1 132 0 1 1
-7.4 8 -0.2 110 0 1 1
-7.4 8.7 0.1 97 0 1 2
-7.4 8.9 -0.1 70 0 1 1
-7.4 9.3 -0.1 71 0 1 1
-7.4 18.5 0 120 0 1 1
-7.3 1 -0.3 125 0 1 1
-7.3 1.5 -0.3 125 0 1 1
-7.3 6.3 -0.3 129 0 1 1
-7.3 6.7 -0.2 98 0 1 1
-7.3 7.2 -0.2 116 0 1 1
-7.3 7.6 -0.2 109 0 1 1
-7.3 8.4 0 137 0 1 2
-7.3 8.7 -0.1 85 0 1 2
-7.2 1.9 -0.3 146 0 1 1
-7.2 2.4 -0.3 130 0 1 1
-7.2 2.8 -0.3 137 0 1 1
-7.2 3.2 -0.3 106 0 1 1
-7.2 3.7 -0.4 97 0 1 1
-7.2 4.1 -0.4 134 0 1 1
-7.2 4.6 -0.4 122 0 1 1
-7.2 5 -0.3 109 0 1 1
-7.2 5.4 -0.3 144 0 1 1
-7.2 5.9 -0.3 125 0 1 1
-7.1 9.8 -0.1 116 0 1 1
-7.1 10.2 -0.1 123 0 1 1
-7.1 10.6 0 125 0 1 1
-7 8.5 -0.2 72 0 1 1
-7 8.9 -0.1 69 0 1 1
-7 9.3 -0.1 64 0 1 1
-7 18.2 0 147 0 1 1
-7 18.6 0 118 0 1 1
-7 18.7 0 113 0 1 1
-6.9 6.8 -0.3 86 0 1 1
-6.9 7.2 -0.2 139 0 1 1
-6.9 7.6 -0.2 47 0 1 1
-6.9 8 -0.2 74 0 1 1
-6.8 1.1 -0.3 135 0 1 1
-6.8 1.5 -0.3 125 0 1 1
-6.8 2 -0.3 141 0 1 1
-6.8 2.4 -0.3 132 0 1 1
-6.8 5.5 -0.3 132 0 1 1
-6.8 5.9 -0.3 58 0 1 1
-6.8 6.3 -0.3 122 0 1 1
-6.7 2.9 -0.4 134 0 1 1
-6.7 3.3 -0.4 134 0 1 1
-6.7 3.7 -0.4 117 0 1 1
-6.7 4.2 -0.4 109 0 1 1
-6.7 4.6 -0.4 98 0 1 1
-6.7 5 -0.3 89 0 1 1
-6.6 8.9 -0.1 69 0 1 1
-6.6 9.3 -0.1 59 0 1 1
-6.6 9.8 -0.1 82 0 1 1
-6.6 17.7 0 129 0 1 1
-6.6 18.2 0 143 0 1 1
-6.5 7.6 -0.2 54 0 1 1
-6.5 8.1 -0.2 40 0 1 1
-6.5 8.5 -0.2 65 0 1 1
-6.5 18.6 0 149 0 1 1
-6.5 18.8 0 109 0 1 1
-6.4 1.1 -0.3 108 0 1 1
-6.4 1.6 -0.3 137 0 1 1
-6.4 5.9 -0.3 150 0 1 1
-6.4 6.4 -0.3 119 0 1 1
-6.4 6.8 -0.3 130 0 1 1
-6.4 7.2 -0.2 115 0 1 1
-6.3 2 -0.3 136 0 1 1
-6.3 2.5 -0.4 148 0 1 1
-6.3 2.9 -0.4 148 0 1 1
-6.3 3.4 -0.4 128 0 1 1
-6.3 3.8 -0.4 109 0 1 1
-6.3 4.2 -0.4 113 0 1 1
-6.3 4.7 -0.4 100 0 1 1
-6.3 5.1 -0.4 145 0 1 1
-6.3 5.5 -0.3 143 0 1 1
-6.2 16.8 0 143 0 1 1
-6.2 17.3 0 135 0 1 1
-6.1 8.1 -0.2 81 0 1 1
-6.1 8.5 -0.1 67 0 1 1
-6.1 8.9 -0.1 64 0 1 1
-6.1 17.7 0 143 0 1 1
-6.1 18.2 0 130 0 1 1
-6.1 18.6 0 117 0 1 1
-6.1 18.9 0 85 0 1 1
-6 6.8 -0.3 119 0 1 1
-6 7.2 -0.2 131 0 1 1
-6 7.7 -0.2 63 0 1 1
-5.9 1.2 -0.3 144 0 1 1
-5.9 1.6 -0.3 134 0 1 1
-5.9 2.1 -0.4 120 0 1 1
-5.9 5.6 -0.3 136 0 1 1
-5.9 6 -0.3 128 0 1 1
-5.9 6.4 -0.3 135 0 1 1
-5.8 3 -0.4 127 0 1 1
-5.8 3.4 -0.4 126 0 1 1
-5.8 3.9 -0.4 140 0 1 1
-5.8 4.3 -0.4 122 0 1 1
-5.8 4.7 -0.4 135 0 1 1
-5.8 5.1 -0.4 21 0 1 1
-5.7 8.5 -0.1 67 0 1 1
-5.7 17.3 0 145 0 1 1
-5.7 17.7 0 128 0 1 1
-5.7 18.2 0 129 0 1 1
-5.7 18.6 0 119 0 1 1
-5.7 19.1 0 160 0 1 1
-5.6 7.3 -0.2 117 0 1 1
-5.6 7.7 -0.2 56 0 1 1
-5.6 8.1 -0.2 77 0 1 1
-5.6 19.1 0 159 0 1 1
-5.5 0.8 -0.3 127 0 1 1
-5.5 1.2 -0.4 145 0 1 1
-5.5 6 -0.3 151 0 1 1
-5.5 6.4 -0.3 137 0 1 1
-5.5 6.9 -0.3 106 0 1 1
-5.4 1.7 -0.4 133 0 1 1
-5.4 3 -0.4 136 0 1 1
-5.4 3.5 -0.4 91 0 1 1
-5.4 4.8 -0.4 125 0 1 1
-5.4 5.2 -0.4 104 0 1 1
-5.4 5.6 -0.4 135 0 1 1
-5.3 3.9 -0.4 142 0 1 1
-5.3 4.3 -0.4 50 0 1 1
-5.3 17.3 0 135 0 1 1
-5.3 17.7 0 125 0 1 1
-5.3 18.2 0 136 0 1 1
-5.2 2.2 0 116 0 1 2
-5.2 2.4 -0.1 106 0 1 2
-5.2 7.7 -0.2 91 0 1 1
-5.2 18.6 0 144 0 1 1
-5.2 19.1 0 105 0 1 1
-5.2 19.2 0 91 0 1 1
-5.1 1.9 -0.1 121 0 1 2
-5.1 2.1 -0.1 125 0 1 2
-5.1 6.5 -0.3 131 0 1 1
-5.1 6.9 -0.3 104 0 1 1
-5.1 7.3 -0.2 41 0 1 1
-5.1 7.6 0.5 114 0 1 3
-5 0.9 -0.4 126 0 1 1
-5 1.3 -0.4 130 0 1 1
-5 1.7 -0.4 120 0 1 1
-5 2 -0.1 106 0 1 2
-5 5.7 -0.4 107 0 1 1
-5 6.1 -0.3 61 0 1 1
-5 8.6 1.2 68 0 1 3
-4.9 1.7 -0.2 103 0 1 2
-4.9 2.3 -0.1 121 0 1 2
-4.9 3.1 -0.4 135 0 1 1
-4.9 3.5 -0.4 119 0 1 1
-4.9 4 -0.5 135 0 1 1
-4.9 4.4 -0.5 134 0 1 1
-4.9 4.8 -0.4 146 0 1 1
-4.9 5.2 -0.4 132 0 1 1
-4.9 7.5 0.7 119 0 1 3
-4.9 16.8 0.1 146 0 1 1
-4.9 17.3 0.1 135 0 1 1
-4.9 17.7 0.1 132 0 1 1
-4.8 1.8 -0.3 53 0 1 2
-4.8 1.8 -0.1 109 0 1 2
-4.8 1.9 -0.1 119 0 1 2
-4.8 2.1 -0.1 115 0 1 2
-4.8 2.5 -0.1 125 0 1 2
-4.8 2.6 -0.2 118 0 1 2
-4.8 7.3 0.2 56 0 1 3
-4.8 8.4 1.1 102 0 1 3
-4.8 18.2 0 119 0 1 1
-4.8 18.6 0 95 0 1 1
-4.8 19.1 0 118 0 1 1
-4.8 19.3 0 122 0 1 1
-4.7 1.9 -0.2 136 0 1 2
-4.7 2.1 -0.2 124 0 1 2
-4.7 2.3 -0.2 125 0 1 2
-4.7 2.4 -0.1 125 0 1 2
-4.7 6.9 -0.3 124 0 1 1
-4.7 7.5 1 112 0 1 3
-4.7 7.8 1 121 0 1 3
-4.7 8.1 1.1 106 0 1 3
-4.6 1.7 -0.3 126 0 1 2
-4.6 1.8 -0.2 109 0 1 2
-4.6 2.5 -0.2 109 0 1 2
-4.6 6.1 -0.4 137 0 1 1
-4.6 6.5 -0.3 122 0 1 1
-4.6 7 -0.1 119 0 1 3
-4.6 7.2 0.4 48 0 1 3
-4.6 8.8 1.2 87 0 1 3
-4.5 1.4 -0.4 123 0 1 1
-4.5 1.8 -0.4 147 0 1 1
-4.5 1.9 -0.4 112 0 1 2
-4.5 2 -0.2 137 0 1 2
-4.5 2.2 -0.2 116 0 1 2
-4.5 2.3 -0.1 136 0 1 2
-4.5 2.5 -0.2 133 0 1 2
-4.5 2.7 -0.4 146 0 1 1
-4.5 3.1 -0.5 124 0 1 1
-4.5 3.6 -0.5 83 0 1 1
-4.5 4.9 -0.5 136 0 1 1
-4.5 5.3 -0.4 142 0 1 1
-4.5 5.7 -0.4 125 0 1 1
-4.5 7.7 1 115 0 1 3
-4.5 8 1.1 100 0 1 3
-4.5 15.9 0.1 120 0 1 1
-4.5 16.3 0.1 138 0 1 1
-4.5 16.8 0.1 122 0 1 1
-4.4 2.4 -0.3 120 0 1 2
-4.4 2.4 -0.2 126 0 1 2
-4.4 4 -0.5 145 0 1 1
-4.4 4.5 -0.5 147 0 1 1
-4.4 7.2 0.8 41 0 1 3
-4.4 8.5 1.1 136 0 1 3
-4.4 17.2 0.1 131 0 1 1
-4.4 17.7 0.1 139 0 1 1
-4.4 18.2 0.1 138 0 1 1
-4.4 18.6 0 120 0 1 1
-4.4 19.1 0 135 0 1 1
-4.3 2.1 -0.4 96 0 1 2
-4.3 2.1 -0.2 135 0 1 2
-4.3 6.9 0.2 34 0 1 3
-4.3 7.4 1 85 0 1 3
-4.3 19.5 0 95 0 1 1
-4.2 6.5 -0.3 127 0 1 1
-4.2 7 -0.3 133 0 1 1
-4.2 7.9 1.1 128 0 1 3
-4.2 8.9 1.1 89 0 1 3
-4.1 1.4 -0.4 54 0 1 1
-4.1 1.9 -0.4 138 0 1 1
-4.1 2.3 -0.4 148 0 1 1
-4.1 5.7 -0.4 125 0 1 1
-4.1 6.1 -0.4 110 0 1 1
-4.1 6.9 0.6 63 0 1 3
-4.1 15 0.1 70 0 1 1
-4.1 15.4 0.1 140 0 1 1
-4.1 15.9 0.1 118 0 1 1
-4.1 16.3 0.1 137 0 1 1
-4.1 19.5 0 119 0 1 1
-4 2.7 -0.5 125 0 1 1
-4 3.2 -0.5 130 0 1 1
-4 3.6 -0.5 132 0 1 1
-4 4.1 -0.5 121 0 1 1
-4 4.5 -0.5 139 0 1 1
-4 4.9 -0.5 149 0 1 1
-4 5.3 -0.4 126 0 1 1
-4 7.1 0.8 83 0 1 3
-4 7.6 1.1 117 0 1 3
-4 16.8 0.1 116 0 1 1
-4 17.2 0.1 132 0 1 1
-4 17.7 0.1 131 0 1 1
-4 18.1 0.1 135 0 1 1
-3.9 6.9 0.4 68 0 1 3
-3.9 7.8 1.1 95 0 1 3
-3.9 18.6 0 105 0 1 1
-3.9 19.1 0 140 0 1 1
-3.9 19.5 0 136 0 1 1
-3.8 6.9 0.3 59 0 1 3
-3.8 7 -0.3 33 0 1 1
-3.8 7.1 0.7 128 0 1 3
-3.8 7.3 1 124 0 1 3
-3.8 8.8 0.9 132 0 1 3
-3.8 9.1 1 111 0 1 3
-3.8 19.6 0 144 0 1 1
-3.7 5.8 -0.4 115 0 1 1
-3.7 6.2 -0.4 130 0 1 1
-3.7 6.6 -0.3 45 0 1 1
-3.7 7.4 1 118 0 1 3
-3.7 14 0.1 121 0 1 1
-3.7 14.5 0.1 125 0 1 1
-3.7 14.9 0.1 80 0 1 1
-3.7 15.4 0.1 134 0 1 1
-3.6 1.9 -0.5 78 0 1 1
-3.6 2.3 -0.5 141 0 1 1
-3.6 2.8 -0.5 147 0 1 1
-3.6 3.2 -0.5 132 0 1 1
-3.6 3.7 -0.5 138 0 1 1
-3.6 5 -0.5 110 0 1 1
-3.6 5.4 -0.4 132 0 1 1
-3.6 7.6 1.1 122 0 1 3
-3.6 15.9 0.1 137 0 1 1
-3.6 16.3 0.1 127 0 1 1
-3.6 16.8 0.1 110 0 1 1
-3.6 17.2 0.1 131 0 1 1
-3.6 17.7 0.1 129 0 1 1
-3.5 4.1 -0.5 138 0 1 1
-3.5 4.5 -0.5 137 0 1 1
-3.5 7.2 0.5 110 0 1 3
-3.5 7.3 0.9 134 0 1 3
-3.5 8.7 0.7 146 0 1 3
-3.5 18.1 0 145 0 1 1
-3.5 18.6 0 123 0 1 1
-3.5 19.1 0 139 0 1 1
-3.5 19.5 0 152 0 1 1
-3.5 19.6 0 92 0 1 1
-3.4 6.9 0.2 39 0 1 3
-3.4 7 0.4 71 0 1 3
-3.4 7.5 0.9 119 0 1 3
-3.4 9 0.8 153 0 1 3
-3.4 9.3 0.9 135 0 1 3
-3.3 6.2 -0.4 139 0 1 1
-3.3 6.6 -0.3 121 0 1 1
-3.3 7 -0.3 98 0 1 1
-3.3 7.4 0.8 130 0 1 3
-3.3 12.6 0.2 152 0 1 1
-3.3 13.1 0.1 141 0 1 1
-3.3 13.6 0.1 129 0 1 1
-3.3 14 0.1 104 0 1 1
-3.3 14.5 0.1 151 0 1 1
-3.2 2.3 -0.5 108 0 1 1
-3.2 2.8 -0.5 117 0 1 1
-3.2 3.2 -0.5 114 0 1 1
-3.2 5.4 -0.4 141 0 1 1
-3.2 5.8 -0.4 146 0 1 1
-3.2 14.9 0.1 136 0 1 1
-3.2 15.4 0.1 129 0 1 1
-3.2 15.8 0.1 131 0 1 1
-3.2 16.3 0.1 148 0 1 1
-3.2 16.8 0.1 105 0 1 1
-3.1 3.7 -0.5 124 0 1 1
-3.1 4.1 -0.5 139 0 1 1
-3.1 4.5 -0.5 138 0 1 1
-3.1 5 -0.5 140 0 1 1
-3.1 7.3 0.6 134 0 1 3
-3.1 8.8 0.9 131 0 1 3
-3.1 17.2 0 152 0 1 1
-3.1 17.7 0 105 0 1 1
-3.1 18.1 0 49 0 1 1
-3 6.9 0.1 50 0 1 3
-3 7 0.3 117 0 1 3
-3 7.3 -0.2 133 0 1 1
-3 9.1 0.9 132 0 1 3
-2.9 6.5 -0.3 147 0 1 1
-2.9 6.9 -0.3 85 0 1 1
-2.9 7.1 0.5 123 0 1 3
-2.9 7.6 0.6 124 0 1 3
-2.9 11.7 0.1 117 0 1 1
-2.9 12.2 0.1 110 0 1 1
-2.9 12.6 0.1 106 0 1 1
-2.9 13.1 0.1 131 0 1 1
-2.8 2.7 -0.5 115 0 1 1
-2.8 5.3 -0.4 116 0 1 1
-2.8 5.7 -0.4 120 0 1 1
-2.8 6.1 -0.3 126 0 1 1
-2.8 7.2 0.1 137 0 1 3
-2.8 7.4 0.5 147 0 1 3
-2.8 13.5 0.1 119 0 1 1
-2.8 14 0.1 154 0 1 1
-2.8 14.4 0.1 145 0 1 1
-2.8 14.9 0.1 108 0 1 1
-2.8 15.4 0.1 132 0 1 1
-2.8 16.1 0.3 126 0 1 3
-2.8 16.2 0.1 91 0 1 3
-2.7 3.2 -0.5 119 0 1 1
-2.7 3.6 -0.5 128 0 1 1
-2.7 4.1 -0.5 125 0 1 1
-2.7 4.5 -0.5 140 0 1 1
-2.7 4.9 -0.5 128 0 1 1
-2.7 7.3 0.3 132 0 1 3
-2.7 9 1 139 0 1 3
-2.7 15.8 0.1 126 0 1 1
-2.7 15.8 0.3 46 0 1 3
-2.7 15.9 0.1 95 0 1 3
-2.7 16 0.5 49 0 1 3
-2.6 7.5 0 141 0 1 3
-2.6 7.6 0.2 146 0 1 3
-2.6 7.7 0.5 132 0 1 3
-2.6 8.1 0.5 36 0 1 3
-2.6 8.4 0.6 120 0 1 3
-2.6 8.7 0.8 135 0 1 3
-2.5 6.5 -0.3 104 0 1 1
-2.5 6.9 -0.3 131 0 1 1
-2.5 7.3 -0.2 56 0 1 1
-2.5 7.5 0 87 0 1 3
-2.5 9 0.7 139 0 1 3
-2.5 15.2 0.2 54 0 1 3
-2.5 15.4 0.2 49 0 1 3
-2.5 15.7 0.5 46 0 1 3
-2.5 16.1 0.6 72 0 1 3
-2.4 2.7 -0.5 118 0 1 1
-2.4 5.3 -0.4 116 0 1 1
-2.4 5.7 -0.4 84 0 1 1
-2.4 6.1 -0.3 133 0 1 1
-2.4 7.9 0.5 136 0 1 3
-2.4 8.7 0.5 151 0 1 3
-2.4 10.9 0.1 148 0 1 1
-2.4 11.3 0.1 144 0 1 1
-2.4 11.7 0.1 127 0 1 1
-2.4 12.1 0.1 134 0 1 1
-2.4 12.6 0.1 127 0 1 1
-2.4 13.1 0.1 135 0 1 1
-2.4 13.5 0.1 138 0 1 1
-2.4 14 0.1 126 0 1 1
-2.4 14.8 0.2 40 0 1 3
-2.4 15.1 0.5 42 0 1 3
-2.4 15.4 0.5 62 0 1 3
-2.3 3.1 -0.5 76 0 1 1
-2.3 3.6 -0.5 127 0 1 1
-2.3 4.1 -0.5 121 0 1 1
-2.3 4.5 -0.5 129 0 1 1
-2.3 4.9 -0.4 142 0 1 1
-2.3 7.7 -0.1 146 0 1 3
-2.3 7.8 0.2 127 0 1 3
-2.3 8.2 0.5 116 0 1 3
-2.3 9.1 0.5 147 0 1 3
-2.3 9.3 0 117 0 1 1
-2.3 9.7 0 103 0 1 1
-2.3 10.1 0 132 0 1 1
-2.3 10.5 0 127 0 1 1
-2.3 14.4 0.1 134 0 1 1
-2.3 14.8 0.4 37 0 1 3
-2.3 15.8 0.6 82 0 1 3
-2.2 8.6 0.5 127 0 1 3
-2.2 9.1 0.1 123 0 1 3
-2.2 9.1 0.3 121 0 1 3
-2.2 16.1 0.8 84 0 1 3
-2.2 16.4 0.9 49 0 1 3
-2.1 6.9 -0.2 106 0 1 1
-2.1 7.3 -0.2 146 0 1 1
-2.1 7.7 -0.2 97 0 1 1
-2.1 8 0.2 141 0 1 3
-2.1 8.1 0.4 140 0 1 3
-2.1 8.5 0.2 145 0 1 3
-2.1 8.6 0 94 0 1 3
-2.1 14.9 0.5 94 0 1 3
-2.1 15.2 0.5 80 0 1 3
-2.1 16.2 0.9 93 0 1 3
-2.1 16.6 1 63 0 1 3
-2 5.7 -0.3 124 0 1 1
-2 6.1 -0.3 116 0 1 1
-2 6.5 -0.3 134 0 1 1
-2 8 -0.1 88 0 1 3
-2 11.7 0.1 115 0 1 1
-2 12.1 0.1 119 0 1 1
-2 16.5 1 73 0 1 3
-1.9 3.1 -0.4 125 0 1 1
-1.9 3.6 -0.4 121 0 1 1
-1.9 4 -0.4 144 0 1 1
-1.9 4.5 -0.4 126 0 1 1
-1.9 4.9 -0.4 135 0 1 1
-1.9 5.3 -0.4 118 0 1 1
-1.9 10 0 115 0 1 1
-1.9 10.4 0 89 0 1 1
-1.9 10.8 0.1 145 0 1 1
-1.9 11.3 0.1 136 0 1 1
-1.9 12.6 0.1 122 0 1 1
-1.9 13 0.1 118 0 1 1
-1.9 13.5 0.1 138 0 1 1
-1.9 14 0.1 131 0 1 1
-1.9 14.4 0.1 124 0 1 1
-1.9 14.6 0.2 48 0 1 3
-1.9 14.6 0.5 62 0 1 3
-1.9 16.3 1.1 68 0 1 3
-1.8 8.9 -0.1 71 0 1 1
-1.8 9.3 -0.1 65 0 1 1
-1.8 9.7 0 96 0 1 1
-1.8 15 0.6 104 0 1 3
-1.7 7.3 -0.2 86 0 1 1
-1.7 7.7 -0.2 131 0 1 1
-1.7 8.1 -0.1 74 0 1 1
-1.7 8.5 -0.1 89 0 1 1
-1.6 5.7 -0.3 96 0 1 1
-1.6 6.1 -0.3 144 0 1 1
-1.6 6.5 -0.3 122 0 1 1
-1.6 6.9 -0.2 109 0 1 1
-1.6 14.7 0.5 89 0 1 3
-1.6 16.5 1.1 85 0 1 3
-1.5 3.5 -0.4 134 0 1 1
-1.5 4 -0.4 142 0 1 1
-1.5 4.4 -0.4 118 0 1 1
-1.5 4.8 -0.4 45 0 1 1
-1.5 5.3 -0.4 121 0 1 1
-1.5 10.8 0.1 145 0 1 1
-1.5 11.2 0.1 132 0 1 1
-1.5 11.6 0.1 132 0 1 1
-1.5 12.1 0.1 110 0 1 1
-1.5 12.5 0.1 108 0 1 1
-1.5 13 0.1 128 0 1 1
-1.5 13.5 0.1 139 0 1 1
-1.5 14.9 0.8 73 0 1 3
-1.4 9.2 -0.1 67 0 1 1
-1.4 9.6 0 84 0 1 1
-1.4 10 0 121 0 1 1
-1.4 10.4 0 115 0 1 1
-1.4 13.9 0.1 140 0 1 1
-1.4 14.3 0.1 41 0 1 3
-1.4 14.3 0.3 60 0 1 3
-1.4 14.4 0.5 67 0 1 3
-1.3 7.6 -0.2 128 0 1 1
-1.3 8 -0.1 93 0 1 1
-1.3 8.4 -0.1 85 0 1 1
-1.3 8.8 -0.1 87 0 1 1
-1.3 14.6 0.7 79 0 1 3
-1.3 14.8 1 98 0 1 3
-1.3 16.7 1.1 91 0 1 3
-1.2 6 -0.3 128 0 1 1
-1.2 6.4 -0.3 82 0 1 1
-1.2 6.8 -0.2 74 0 1 1
-1.2 7.2 -0.2 137 0 1 1
-1.1 4 -0.4 114 0 1 1
-1.1 4.4 -0.4 139 0 1 1
-1.1 4.8 -0.4 118 0 1 1
-1.1 5.2 -0.3 140 0 1 1
-1.1 5.6 -0.3 119 0 1 1
-1.1 16.8 1.1 96 0 1 3
-1 10 0 143 0 1 1
-1 10.4 0 153 0 1 1
-1 10.8 0 127 0 1 1
-1 11.2 0.1 122 0 1 1
-1 11.6 0.1 103 0 1 1
-1 12.1 0.1 122 0 1 1
-1 12.5 0.1 124 0 1 1
-1 13 0.1 135 0 1 1
-1 13.4 0 114 0 1 1
-1 13.9 0 134 0 1 1
-1 14.4 0 143 0 1 1
-0.9 8.4 -0.1 90 0 1 1
-0.9 8.8 -0.1 80 0 1 1
-0.9 9.2 -0.1 73 0 1 1
-0.9 9.6 0 111 0 1 1
-0.9 14.6 0.6 123 0 1 3
-0.9 15 0.9 114 0 1 3
-0.9 17 1.1 119 0 1 3
-0.8 6.4 -0.2 121 0 1 1
-0.8 6.8 -0.2 149 0 1 1
-0.8 7.2 -0.2 150 0 1 1
-0.8 7.6 -0.2 107 0 1 1
-0.8 8 -0.1 92 0 1 1
-0.8 15.8 0.9 102 0 1 3
-0.7 3.9 -0.4 134 0 1 1
-0.7 4.4 -0.4 117 0 1 1
-0.7 4.8 -0.3 135 0 1 1
-0.7 5.2 -0.3 138 0 1 1
-0.7 5.6 -0.3 118 0 1 1
-0.7 6 -0.3 137 0 1 1
-0.7 16.5 1.1 106 0 1 3
-0.6 11.2 0.1 119 0 1 1
-0.6 11.6 0.1 120 0 1 1
-0.6 12 0.1 122 0 1 1
-0.6 12.5 0.1 136 0 1 1
-0.6 15.2 0.9 132 0 1 3
-0.6 15.6 1 123 0 1 3
-0.6 16.9 1.1 109 0 1 3
-0.5 4.1 -0.2 101 0 1 2
-0.5 4.2 -0.3 120 0 1 2
-0.5 9.2 -0.1 70 0 1 1
-0.5 9.6 0 125 0 1 1
-0.5 10 0 143 0 1 1
-0.5 10.4 0 144 0 1 1
-0.5 10.8 0 115 0 1 1
-0.5 13 0 116 0 1 1
-0.5 13.4 0 122 0 1 1
-0.5 13.9 0 112 0 1 1
-0.5 14.4 0 128 0 1 1
-0.5 14.9 0.7 151 0 1 3
-0.5 16.1 1.1 119 0 1 3
-0.4 3.8 -0.1 49 0 1 2
-0.4 3.9 -0.1 45 0 1 2
-0.4 4.1 0.1 70 0 1 2
-0.4 4.2 0 83 0 1 2
-0.4 6.8 -0.2 135 0 1 1
-0.4 7.2 -0.2 120 0 1 1
-0.4 7.6 -0.2 107 0 1 1
-0.4 8 -0.1 96 0 1 1
-0.4 8.4 -0.1 88 0 1 1
-0.4 8.8 -0.1 91 0 1 1
-0.4 16.5 1.2 130 0 1 3
-0.3 3.8 0 62 0 1 2
-0.3 3.9 0 107 0 1 2
-0.3 5.2 -0.3 110 0 1 1
-0.3 5.6 -0.3 142 0 1 1
-0.3 6 -0.2 127 0 1 1
-0.3 6.4 -0.2 110 0 1 1
-0.3 16.9 1.2 78 0 1 3
-0.2 3.9 0 133 0 1 2
-0.2 4.2 0 138 0 1 2
-0.2 15.4 0.8 127 0 1 3
-0.1 3.7 0 132 0 1 2
0 3.8 0 122 0 1 2
-0.1 4 0 113 0 1 2
0 4.1 -0.1 128 0 1 2
-0.1 4.4 0 118 0 1 2
0 7.5 -0.1 126 0 1 1
0 7.9 -0.1 101 0 1 1
0 8.3 -0.1 91 0 1 1
0 8.7 -0.1 89 0 1 1
0 9.1 -0.1 78 0 1 1
0 9.5 0 80 0 1 1
0 9.9 0 120 0 1 1
-0.1 10.3 0 77 0 1 1
-0.1 10.8 0 134 0 1 1
-0.1 11.2 0 135 0 1 1
-0.1 11.6 0.1 127 0 1 1
-0.1 12 0.1 127 0 1 1
-0.1 12.5 0 135 0 1 1
-0.1 12.9 0 134 0 1 1
-0.1 13.4 0 134 0 1 1
-0.1 13.9 0 135 0 1 1
-0.1 14.3 0 139 0 1 1
-0.1 14.8 0 129 0 1 1
-0.1 15.1 0.5 133 0 1 3
0.1 3.7 -0.1 135 0 1 2
0.1 4 -0.1 122 0 1 2
0.1 4.3 0 125 0 1 2
0.1 5.1 -0.3 140 0 1 1
0.1 5.5 -0.3 145 0 1 1
0.1 5.9 -0.2 86 0 1 1
0.1 6.3 -0.2 142 0 1 1
0.1 6.7 -0.2 125 0 1 1
0.1 7.1 -0.2 124 0 1 1
0.1 16.6 1 82 0 1 3
0.2 15.8 0.2 144 0 1 3
0.3 4 -0.1 139 0 1 2
0.3 4.2 0 127 0 1 2
0.3 16.5 0.6 124 0 1 3
0.4 4.2 -0.1 128 0 1 2
0.4 9.1 -0.1 81 0 1 1
0.4 9.5 -0.1 127 0 1 1
0.4 9.9 0 145 0 1 1
0.4 10.3 0 149 0 1 1
0.4 10.7 0 145 0 1 1
0.4 11.1 0 142 0 1 1
0.4 11.5 0 129 0 1 1
0.4 12 0 134 0 1 1
0.4 12.5 0 141 0 1 1
0.4 12.9 0 144 0 1 1
0.4 13.4 0 115 0 1 1
0.4 13.9 0 109 0 1 1
0.4 14.3 0 136 0 1 1
0.4 14.8 0 137 0 1 1
0.4 15.2 -0.1 98 0 1 1
0.4 15.7 -0.1 124 0 1 1
0.4 16.2 -0.1 132 0 1 1
0.5 4.7 -0.3 135 0 1 1
0.5 5.1 -0.3 118 0 1 1
0.5 5.5 -0.2 107 0 1 1
0.5 5.9 -0.2 134 0 1 1
0.5 6.3 -0.2 128 0 1 1
0.5 6.7 -0.2 109 0 1 1
0.5 7.1 -0.2 132 0 1 1
0.5 7.5 -0.1 71 0 1 1
0.5 7.9 -0.1 101 0 1 1
0.5 8.3 -0.1 100 0 1 1
0.5 8.7 -0.1 100 0 1 1
0.6 16.7 0.1 85 0 1 3
0.8 12.4 0 131 0 1 1
0.8 12.9 0 133 0 1 1
0.8 13.4 0 122 0 1 1
0.8 13.8 0 132 0 1 1
0.8 14.3 0 113 0 1 1
0.8 14.8 -0.1 139 0 1 1
0.8 15.2 -0.1 110 0 1 1
0.8 15.7 -0.1 141 0 1 1
0.8 16.2 -0.1 149 0 1 1
0.8 16.6 -0.1 131 0 1 1
0.8 17.1 -0.1 89 0 1 1
0.8 17.6 -0.1 141 0 1 1
0.8 18 -0.2 145 0 1 1
0.8 18.5 -0.2 138 0 1 1
0.8 19 -0.2 133 0 1 1
0.8 19.4 -0.2 109 0 1 1
0.8 19.9 -0.2 95 0 1 1
0.9 5.9 -0.2 120 0 1 1
0.9 6.3 -0.2 140 0 1 1
0.9 6.7 -0.2 106 0 1 1
0.9 7.1 -0.2 149 0 1 1
0.9 7.5 -0.1 128 0 1 1
0.9 8.3 -0.2 98 0 1 1
0.9 9.1 -0.1 103 0 1 1
0.9 9.9 -0.1 144 0 1 1
0.9 10.7 -0.1 135 0 1 1
0.9 11.1 -0.1 147 0 1 1
0.9 11.5 0 142 0 1 1
0.9 12 0 147 0 1 1
1 7.9 -0.2 92 0 1 1
1 8.7 -0.2 109 0 1 1
1 9.5 -0.1 91 0 1 1
1 10.3 -0.1 138 0 1 1
1.1 19.9 -0.2 82 0 1 1
1.2 11.5 -0.1 139 0 1 1
1.3 8 -0.2 113 0 1 1
1.3 8.3 -0.3 109 0 1 1
1.3 8.5 -0.3 107 0 1 1
1.3 8.9 -0.3 106 0 1 1
1.3 9.1 -0.2 109 0 1 1
1.3 9.3 -0.2 88 0 1 1
1.3 9.7 -0.2 103 0 1 1
1.3 9.9 -0.2 157 0 1 1
1.3 10.1 -0.2 143 0 1 1
1.3 10.5 -0.2 156 0 1 1
1.3 10.7 -0.2 144 0 1 1
1.3 10.9 -0.2 155 0 1 1
1.3 11.3 -0.1 142 0 1 1
1.3 11.8 -0.1 145 0 1 1
1.3 12.1 0 135 0 1 1
1.3 12.5 0 133 0 1 1
1.3 12.9 0 126 0 1 1
1.3 13.3 0 113 0 1 1
1.3 13.8 -0.1 130 0 1 1
1.3 14.3 -0.1 135 0 1 1
1.3 14.7 -0.1 137 0 1 1
1.3 15.2 -0.1 145 0 1 1
1.3 15.7 -0.1 146 0 1 1
1.3 16.1 -0.1 136 0 1 1
1.3 16.6 -0.1 138 0 1 1
1.3 17.1 -0.2 63 0 1 1
1.3 17.5 -0.2 134 0 1 1
1.3 18 -0.2 140 0 1 1
1.3 18.5 -0.2 118 0 1 1
1.3 18.9 -0.2 139 0 1 1
1.3 19.4 -0.2 119 0 1 1
1.3 19.9 -0.2 122 0 1 1
1.4 8.7 -0.3 125 0 1 1
1.4 9.5 -0.3 95 0 1 1
1.4 10.3 -0.2 157 0 1 1
1.4 11.1 -0.2 158 0 1 1
1.4 12 -0.1 140 0 1 1
1.5 9.7 -0.4 114 0 1 1
1.5 9.9 -0.4 152 0 1 1
1.5 10.1 -0.4 169 0 1 1
1.5 10.5 -0.4 138 0 1 1
1.5 10.7 -0.3 152 0 1 1
1.5 10.9 -0.3 152 0 1 1
1.5 11.1 -0.3 145 0 1 1
1.5 11.3 -0.3 139 0 1 1
1.5 11.5 -0.3 150 0 1 1
1.5 11.7 -0.2 131 0 1 1
1.5 12 -0.2 116 0 1 1
1.5 12.2 -0.1 137 0 1 1
1.6 9.5 -0.4 153 0 1 1
1.6 10.3 -0.4 130 0 1 1
1.6 12.4 -0.1 130 0 1 1
1.7 13.3 -0.1 133 0 1 1
1.7 13.8 -0.1 124 0 1 1
1.7 14.3 -0.1 140 0 1 1
1.7 14.7 -0.1 148 0 1 1
1.7 15.2 -0.1 147 0 1 1
1.7 15.7 -0.1 131 0 1 1
1.7 16.1 -0.1 135 0 1 1
1.7 16.6 -0.2 142 0 1 1
1.7 17.1 -0.2 133 0 1 1
1.7 17.5 -0.2 115 0 1 1
1.7 18 -0.2 146 0 1 1
1.7 18.5 -0.2 132 0 1 1
1.7 18.9 -0.2 144 0 1 1
1.7 19.4 -0.2 117 0 1 1
1.7 19.8 -0.3 115 0 1 1
1.8 10.8 -0.6 133 0 1 1
1.8 10.9 -0.6 124 0 1 4
1.8 11 -0.5 132 0 1 1
1.8 11.1 -0.5 139 0 1 1
1.8 11.2 -0.5 141 0 1 1
1.8 11.3 -0.5 133 0 1 1
1.8 11.4 -0.5 152 0 1 1
1.8 11.5 -0.5 154 0 1 1
1.8 11.6 -0.5 153 0 1 1
1.8 11.7 -0.4 154 0 1 1
1.8 11.8 -0.4 123 0 1 1
1.8 11.9 -0.4 141 0 1 1
1.8 12 -0.3 136 0 1 4
1.8 12.2 -0.2 132 0 1 1
1.8 12.3 -0.1 147 0 1 1
1.8 12.8 -0.1 133 0 1 1
1.9 11.9 -0.4 144 0 1 1
1.9 12.4 -0.1 144 0 1 1
2.1 17.5 -0.2 127 0 1 1
2.1 18 -0.2 121 0 1 1
2.1 18.5 -0.2 151 0 1 1
2.1 18.9 -0.3 150 0 1 1
2.1 19.4 -0.3 138 0 1 1
2.1 19.8 -0.3 81 0 1 1
2.2 13.8 -0.1 117 0 1 1
2.2 14.2 -0.1 137 0 1 1
2.2 14.7 -0.1 127 0 1 1
2.2 15.2 -0.1 138 0 1 1
2.2 15.6 -0.1 137 0 1 1
2.2 16.1 -0.2 135 0 1 1
2.2 16.6 -0.2 145 0 1 1
2.2 17.1 -0.2 128 0 1 1
2.5 19.7 -0.3 133 0 1 1
2.6 16.6 -0.2 102 0 1 1
2.6 17 -0.2 125 0 1 1
2.6 17.5 -0.2 127 0 1 1
2.6 18 -0.2 149 0 1 1
2.6 18.4 -0.3 146 0 1 1
2.6 18.9 -0.3 145 0 1 1
2.6 19.4 -0.3 142 0 1 1
3 18.9 -0.3 146 0 1 1
3 19.4 -0.3 136 0 1 1
3 19.7 -0.3 128 0 1 1
