-18.5 7.3 0 83 0 1 1
-18.4 7.3 0 110 0 1 1
-18.4 7.6 0 82 0 1 1
-18.4 7.7 0 71 0 1 1
-18.2 8.1 -0.1 81 0 1 1
-17.9 6.9 0 111 0 1 1
-17.9 7.3 0 103 0 1 1
-17.9 7.7 -0.1 95 0 1 1
-17.9 8.1 -0.1 128 0 1 1
-17.9 8.6 -0.1 93 0 1 1
-17.8 8.6 -0.1 111 0 1 1
-17.8 8.7 -0.1 110 0 1 1
-17.7 9 -0.1 95 0 1 1
-17.5 6.8 -0.1 119 0 1 1
-17.5 9.4 -0.1 76 0 1 1
-17.4 7.2 -0.1 117 0 1 1
-17.4 7.7 -0.1 119 0 1 1
-17.4 8.1 -0.1 117 0 1 1
-17.4 8.5 -0.1 110 0 1 1
-17.4 9 -0.1 105 0 1 1
-17.3 9.4 -0.1 92 0 1 1
-17.3 9.7 -0.1 96 0 1 1
-17.3 9.8 -0.1 83 0 1 1
-17 6.8 -0.1 112 0 1 1
-17 7.2 -0.1 109 0 1 1
-17 10.2 -0.1 93 0 1 1
-16.9 7.7 -0.1 120 0 1 1
-16.9 8.1 -0.1 116 0 1 1
-16.9 8.5 -0.1 124 0 1 1
-16.9 8.9 -0.1 103 0 1 1
-16.9 9.4 -0.1 105 0 1 1
-16.9 9.8 -0.1 106 0 1 1
-16.8 10.2 -0.1 126 0 1 1
-16.8 10.6 -0.1 76 0 1 1
-16.8 10.7 -0.1 75 0 1 1
-16.6 11.1 -0.1 77 0 1 1
-16.5 6.7 -0.1 118 0 1 1
-16.5 7.2 -0.1 83 0 1 1
-16.5 7.6 -0.1 114 0 1 1
-16.4 8.1 -0.1 102 0 1 1
-16.4 8.5 -0.1 118 0 1 1
-16.4 8.9 -0.1 97 0 1 1
-16.4 9.4 -0.1 92 0 1 1
-16.4 9.8 -0.1 100 0 1 1
-16.4 10.2 -0.1 99 0 1 1
-16.4 10.7 -0.1 115 0 1 1
-16.3 11.1 -0.1 112 0 1 1
-16.3 11.4 -0.2 113 0 1 1
-16.2 11.6 -0.2 98 0 1 1
-16 6.7 -0.1 88 0 1 1
-16 7.2 -0.1 129 0 1 1
-16 7.6 -0.1 124 0 1 1
-16 8 -0.1 130 0 1 1
-16 8.5 -0.1 103 0 1 1
-15.9 8.9 -0.1 96 0 1 1
-15.9 9.4 -0.1 92 0 1 1
-15.9 9.8 -0.1 105 0 1 1
-15.9 10.2 -0.1 121 0 1 1
-15.9 10.7 -0.1 126 0 1 1
-15.9 11.1 -0.2 130 0 1 1
-15.9 11.6 -0.2 129 0 1 1
-15.9 12 -0.2 114 0 1 1
-15.8 12 -0.2 109 0 1 1
-15.5 6.7 -0.1 123 0 1 1
-15.5 7.1 -0.1 118 0 1 1
-15.5 7.6 -0.1 128 0 1 1
-15.5 8 -0.1 118 0 1 1
-15.5 8.5 -0.1 114 0 1 1
-15.5 8.9 -0.1 63 0 1 1
-15.5 9.4 -0.1 94 0 1 1
-15.5 12.5 -0.2 71 0 1 1
-15.4 9.8 -0.1 107 0 1 1
-15.4 10.2 -0.2 121 0 1 1
-15.4 10.7 -0.2 115 0 1 1
-15.4 11.1 -0.2 131 0 1 1
-15.4 11.6 -0.2 115 0 1 1
-15.4 12 -0.2 131 0 1 1
-15.4 12.5 -0.2 73 0 1 1
-15.1 6.2 -0.1 111 0 1 1
-15.1 6.6 -0.1 112 0 1 1
-15.1 12.9 -0.2 120 0 1 1
-15 7.1 -0.1 119 0 1 1
-15 7.5 -0.1 103 0 1 1
-15 8 -0.1 96 0 1 1
-15 8.4 -0.1 121 0 1 1
-15 8.9 -0.1 94 0 1 1
-15 9.3 -0.1 88 0 1 1
-15 9.8 -0.2 118 0 1 1
-15 10.2 -0.2 133 0 1 1
-15 10.7 -0.2 124 0 1 1
-15 11.1 -0.2 128 0 1 1
-14.9 11.6 -0.2 129 0 1 1
-14.9 12 -0.2 102 0 1 1
-14.9 12.5 -0.2 91 0 1 1
-14.9 12.9 -0.2 116 0 1 1
-14.9 13.1 -0.2 78 0 1 1
-14.7 13.3 -0.2 89 0 1 1
-14.6 6.2 -0.1 82 0 1 1
-14.6 6.6 -0.1 106 0 1 1
-14.6 7.1 -0.1 124 0 1 1
-14.6 7.5 -0.1 82 0 1 1
-14.6 8 -0.1 125 0 1 1
-14.5 8.4 -0.1 115 0 1 1
-14.5 8.9 -0.1 105 0 1 1
-14.5 9.3 -0.2 84 0 1 1
-14.5 9.8 -0.2 93 0 1 1
-14.5 10.2 -0.2 125 0 1 1
-14.5 10.7 -0.2 125 0 1 1
-14.5 11.1 -0.2 130 0 1 1
-14.5 11.6 -0.2 80 0 1 1
-14.5 12 -0.2 43 0 1 1
-14.5 12.5 -0.2 53 0 1 1
-14.5 12.9 -0.2 110 0 1 1
-14.5 13.4 -0.2 124 0 1 1
-14.5 13.6 -0.2 83 0 1 1
-14.4 13.8 -0.2 104 0 1 1
-14.1 6.1 -0.1 103 0 1 1
-14.1 6.6 -0.1 94 0 1 1
-14.1 7 -0.1 101 0 1 1
-14.1 7.5 -0.1 136 0 1 1
-14.1 8 -0.1 120 0 1 1
-14.1 8.4 -0.2 91 0 1 1
-14.1 8.9 -0.2 104 0 1 1
-14.1 9.3 -0.2 82 0 1 1
-14.1 14.1 -0.2 94 0 1 1
-14 9.8 -0.2 118 0 1 1
-14 10.2 -0.2 119 0 1 1
-14 10.7 -0.2 78 0 1 1
-14 11.2 -0.2 125 0 1 1
-14 11.6 -0.2 39 0 1 1
-14 12.1 -0.2 54 0 1 1
-14 12.5 -0.2 56 0 1 1
-14 12.9 -0.2 133 0 1 1
-14 13.4 -0.2 134 0 1 1
-14 13.8 -0.2 108 0 1 1
-14 14.2 -0.2 87 0 1 1
-13.9 14.2 -0.2 78 0 1 1
-13.7 -3.8 1.3 93 0 1 5
-13.6 -3.7 1.3 110 0 1 5
-13.6 6.1 -0.1 125 0 1 1
-13.6 6.5 -0.1 130 0 1 1
-13.6 7 -0.1 133 0 1 1
-13.6 7.5 -0.2 140 0 1 1
-13.6 7.9 -0.2 101 0 1 1
-13.6 8.4 -0.2 116 0 1 1
-13.6 8.9 -0.2 104 0 1 1
-13.6 9.3 -0.2 85 0 1 1
-13.6 9.8 -0.2 122 0 1 1
-13.6 10.2 -0.2 132 0 1 1
-13.6 10.7 -0.2 118 0 1 1
-13.6 11.2 -0.2 113 0 1 1
-13.6 11.6 -0.2 58 0 1 1
-13.6 12.1 -0.2 24 0 1 1
-13.6 12.5 -0.2 35 0 1 1
-13.6 13 -0.2 138 0 1 1
-13.6 13.4 -0.2 97 0 1 1
-13.6 13.8 -0.2 94 0 1 1
-13.6 14.3 -0.2 100 0 1 1
-13.6 14.5 -0.2 97 0 1 1
-13.5 0.4 2.2 106 0 1 5
-13.4 14.7 -0.2 119 0 1 1
-13.3 -4.1 1.5 107 0 1 5
-13.3 0 2.2 80 0 1 5
-13.3 1 2.2 121 0 1 5
-13.3 1.3 2.1 81 0 1 5
-13.2 -4 1.5 113 0 1 5
-13.2 -0.4 2.2 108 0 1 5
-13.1 -3.9 1.5 116 0 1 5
-13.1 -3.6 1.3 118 0 1 5
-13.1 -1.2 2.2 70 0 1 5
-13.1 -1 2.2 85 0 1 5
-13.1 -0.9 2.3 72 0 1 5
-13.1 -0.1 2.2 95 0 1 5
-13.1 0.3 2.2 108 0 1 5
-13.1 1.2 2.2 100 0 1 5
-13.1 6 -0.2 138 0 1 1
-13.1 6.5 -0.2 136 0 1 1
-13.1 7 -0.2 125 0 1 1
-13.1 7.4 -0.2 116 0 1 1
-13.1 7.9 -0.2 138 0 1 1
-13.1 8.4 -0.2 84 0 1 1
-13.1 8.8 -0.2 90 0 1 1
-13.1 9.3 -0.2 85 0 1 1
-13.1 9.8 -0.2 87 0 1 1
-13.1 10.2 -0.2 89 0 1 1
-13.1 10.7 -0.2 129 0 1 1
-13.1 11.2 -0.2 127 0 1 1
-13.1 11.6 -0.2 114 0 1 1
-13.1 12.1 -0.2 121 0 1 1
-13.1 12.5 -0.2 139 0 1 1
-13.1 13 -0.2 139 0 1 1
-13.1 13.4 -0.2 28 0 1 1
-13.1 13.8 -0.2 73 0 1 1
-13.1 14.3 -0.2 117 0 1 1
-13.1 14.7 -0.2 134 0 1 1
-13.1 14.9 -0.2 122 0 1 1
-13 -4.6 1.8 116 0 1 5
-13 -0.5 2.2 117 0 1 5
-12.9 -4.5 1.8 78 0 1 5
-12.9 -4.4 1.7 81 0 1 5
-12.9 -1.4 2.2 97 0 1 5
-12.9 -1.1 2.2 105 0 1 5
-12.9 -1 2.2 91 0 1 5
-12.9 -0.2 2.2 106 0 1 5
-12.9 0.2 2.2 120 0 1 5
-12.9 0.7 2.2 73 0 1 5
-12.9 0.9 2.2 81 0 1 5
-12.8 -4.3 1.7 107 0 1 5
-12.8 -3.9 1.5 92 0 1 5
-12.8 -3.6 1.3 39 0 1 5
-12.8 -0.6 2.2 132 0 1 5
-12.8 1.1 2.2 76 0 1 5
-12.8 15.2 -0.2 102 0 1 1
-12.7 -2.2 2 90 0 1 5
-12.7 -1.9 2.1 98 0 1 5
-12.7 -1.6 2.2 79 0 1 5
-12.7 -1.3 2.2 105 0 1 5
-12.7 -1.1 2.2 136 0 1 5
-12.7 -0.2 2.2 94 0 1 5
-12.7 6 -0.2 126 0 1 1
-12.7 6.5 -0.2 119 0 1 1
-12.7 6.9 -0.2 83 0 1 1
-12.7 7.4 -0.2 100 0 1 1
-12.7 7.9 -0.2 102 0 1 1
-12.7 8.4 -0.2 132 0 1 1
-12.7 8.8 -0.2 110 0 1 1
-12.7 9.3 -0.2 88 0 1 1
-12.7 13.9 -0.2 30 0 1 1
-12.7 14.3 -0.2 103 0 1 1
-12.7 14.7 -0.2 143 0 1 1
-12.7 15.2 -0.2 72 0 1 1
-12.7 15.3 -0.2 72 0 1 1
-12.6 -4.8 1.9 116 0 1 5
-12.6 -0.6 2.2 100 0 1 5
-12.6 1.8 2 108 0 1 5
-12.6 9.8 -0.2 102 0 1 1
-12.6 10.2 -0.2 126 0 1 1
-12.6 10.7 -0.2 127 0 1 1
-12.6 11.2 -0.2 96 0 1 1
-12.6 11.6 -0.2 123 0 1 1
-12.6 12.1 -0.2 134 0 1 1
-12.6 12.5 -0.2 144 0 1 1
-12.6 13 -0.2 127 0 1 1
-12.6 13.4 -0.2 27 0 1 1
-12.5 -4.7 1.9 89 0 1 5
-12.5 -4.6 1.8 110 0 1 5
-12.5 -2.8 1.6 106 0 1 5
-12.5 -2.1 2 115 0 1 5
-12.5 -1.8 2 117 0 1 5
-12.5 -1.6 2.1 131 0 1 5
-12.5 -1.3 2.1 104 0 1 5
-12.5 -1.1 2.2 93 0 1 5
-12.5 -0.2 2.1 91 0 1 5
-12.5 0.4 2.2 93 0 1 5
-12.5 0.8 2.2 98 0 1 5
-12.5 1.6 2 89 0 1 5
-12.4 -5.2 2.1 107 0 1 5
-12.4 -4.3 1.7 91 0 1 5
-12.4 -4 1.5 37 0 1 5
-12.4 -3.4 1.3 90 0 1 5
-12.4 -2.5 1.8 95 0 1 5
-12.4 -0.7 2.1 34 0 1 5
-12.4 1.1 2.1 127 0 1 5
-12.4 1.4 2.1 101 0 1 5
-12.3 -3.1 1.5 111 0 1 5
-12.3 -2.1 1.9 112 0 1 5
-12.3 -1.8 2 141 0 1 5
-12.3 -1.6 2.1 115 0 1 5
-12.3 -1.4 2.1 100 0 1 5
-12.3 -1.2 2.1 110 0 1 5
-12.3 -0.1 2.1 137 0 1 5
-12.3 0.4 2.1 125 0 1 5
-12.3 1.3 2.1 101 0 1 5
-12.3 15.6 -0.2 83 0 1 1
-12.2 -5.5 2.1 115 0 1 5
-12.2 -5 2 102 0 1 5
-12.2 -3.4 1.2 123 0 1 5
-12.2 -2.8 1.6 82 0 1 5
-12.2 -2.4 1.8 124 0 1 5
-12.2 -0.3 2 127 0 1 5
-12.2 0.9 2.1 116 0 1 5
-12.2 6 -0.2 141 0 1 1
-12.2 6.4 -0.2 121 0 1 1
-12.2 6.9 -0.2 83 0 1 1
-12.2 7.4 -0.2 72 0 1 1
-12.2 7.9 -0.2 96 0 1 1
-12.2 8.3 -0.2 101 0 1 1
-12.2 8.8 -0.2 107 0 1 1
-12.2 9.3 -0.2 79 0 1 1
-12.2 9.8 -0.2 91 0 1 1
-12.2 10.2 -0.2 117 0 1 1
-12.2 10.7 -0.2 128 0 1 1
-12.2 11.2 -0.2 80 0 1 1
-12.2 11.6 -0.2 128 0 1 1
-12.2 12.1 -0.2 135 0 1 1
-12.2 12.6 -0.2 138 0 1 1
-12.2 13 -0.2 123 0 1 1
-12.2 13.4 -0.2 55 0 1 1
-12.2 13.9 -0.2 108 0 1 1
-12.2 14.3 -0.2 141 0 1 1
-12.2 14.7 -0.2 134 0 1 1
-12.2 15.2 -0.2 96 0 1 1
-12.2 15.6 -0.2 81 0 1 1
-12.2 15.7 -0.2 78 0 1 1
-12.1 -4.8 2 82 0 1 5
-12.1 -4.6 1.8 62 0 1 5
-12.1 -4.3 1.7 51 0 1 5
-12.1 -3.9 1.5 60 0 1 5
-12.1 -3.2 1.4 94 0 1 5
-12.1 -2.7 1.6 94 0 1 5
-12.1 -2.3 1.8 140 0 1 5
-12.1 -2.1 1.9 150 0 1 5
-12.1 -1.8 1.9 129 0 1 5
-12.1 -1.5 2 126 0 1 5
-12.1 -1.3 2 100 0 1 5
-12.1 -0.8 2 24 0 1 5
-12 -5.8 2.2 103 0 1 5
-12 -5.3 2.1 76 0 1 5
-12 -3.5 1.1 98 0 1 5
-12 -3 1.4 121 0 1 5
-12 -2.6 1.6 145 0 1 5
-12 -1.7 1.9 123 0 1 5
-12 -0.2 2 140 0 1 5
-12 0 2 131 0 1 5
-12 0.6 2 133 0 1 5
-12 1.2 2.1 86 0 1 5
-11.9 -5.1 2.1 121 0 1 5
-11.9 -2.9 1.4 128 0 1 5
-11.9 -2.3 1.7 122 0 1 5
-11.9 -2.1 1.8 150 0 1 5
-11.9 -0.9 1.9 136 0 1 5
-11.9 -0.4 1.9 143 0 1 5
-11.9 2.2 1.9 105 0 1 5
-11.8 -5.6 2.2 88 0 1 5
-11.8 -4.3 1.7 21 0 1 5
-11.8 -3.4 1.2 126 0 1 5
-11.8 -2.6 1.5 88 0 1 5
-11.8 -2.4 1.6 105 0 1 5
-11.8 -1.9 1.8 144 0 1 5
-11.8 -1.6 1.8 133 0 1 5
-11.8 -1.4 1.9 106 0 1 5
-11.8 0.7 2 103 0 1 5
-11.8 1.1 2 120 0 1 5
-11.8 1.5 2 100 0 1 5
-11.8 2.8 1.6 136 0 1 5
-11.8 15.2 -0.2 108 0 1 1
-11.8 15.6 -0.2 78 0 1 1
-11.8 16 -0.2 100 0 1 1
-11.7 -5.4 2.1 117 0 1 5
-11.7 -4.8 1.9 52 0 1 5
-11.7 -4.5 1.8 21 0 1 5
-11.7 -3.7 1.2 38 0 1 5
-11.7 -3.2 1.3 98 0 1 5
-11.7 -2.9 1.3 136 0 1 5
-11.7 -2.1 1.7 144 0 1 5
-11.7 -1.8 1.8 156 0 1 5
-11.7 0.1 1.9 110 0 1 5
-11.7 0.6 1.9 155 0 1 5
-11.7 1.4 2 132 0 1 5
-11.7 1.7 2 115 0 1 5
-11.7 2 1.9 80 0 1 5
-11.7 2.7 1.6 74 0 1 5
-11.7 5.5 -0.2 101 0 1 1
-11.7 6 -0.2 142 0 1 1
-11.7 6.4 -0.2 133 0 1 1
-11.7 6.9 -0.2 44 0 1 1
-11.7 7.4 -0.2 77 0 1 1
-11.7 7.9 -0.2 79 0 1 1
-11.7 8.3 -0.2 70 0 1 1
-11.7 8.8 -0.2 122 0 1 1
-11.7 9.3 -0.2 70 0 1 1
-11.7 9.8 -0.2 93 0 1 1
-11.7 10.2 -0.2 132 0 1 1
-11.7 10.7 -0.2 112 0 1 1
-11.7 11.2 -0.2 109 0 1 1
-11.7 11.7 -0.2 132 0 1 1
-11.7 12.1 -0.2 121 0 1 1
-11.7 12.6 -0.2 126 0 1 1
-11.7 13 -0.2 127 0 1 1
-11.7 13.4 -0.2 123 0 1 1
-11.7 13.9 -0.2 73 0 1 1
-11.7 14.3 -0.2 138 0 1 1
-11.7 14.7 -0.2 134 0 1 1
-11.7 16.1 -0.2 102 0 1 1
-11.6 -5.7 2.2 107 0 1 5
-11.6 -2.7 1.4 95 0 1 5
-11.6 -2 1.6 122 0 1 5
-11.6 -0.5 1.8 157 0 1 5
-11.6 -0.1 1.8 160 0 1 5
-11.6 1.9 1.9 112 0 1 5
-11.6 2.2 1.8 112 0 1 5
-11.5 -5.1 2 108 0 1 5
-11.5 -4.2 1.6 21 0 1 5
-11.5 -3.8 1.3 22 0 1 5
-11.5 -2.4 1.5 111 0 1 5
-11.5 -1 1.7 151 0 1 5
-11.5 1.3 2 90 0 1 5
-11.5 1.6 1.9 122 0 1 5
-11.5 2.1 1.9 119 0 1 5
-11.4 -5.5 2.2 121 0 1 5
-11.4 -4.7 1.9 22 0 1 5
-11.4 -4.5 1.8 20 0 1 5
-11.4 -3.2 1.1 77 0 1 5
-11.4 -3 1.1 107 0 1 5
-11.4 -2.1 1.5 112 0 1 5
-11.4 -1.5 1.6 37 0 1 5
-11.4 -1.3 1.6 144 0 1 5
-11.4 0.1 1.7 158 0 1 5
-11.4 1.2 1.9 75 0 1 5
-11.4 1.8 1.9 86 0 1 5
-11.3 -4.1 1.5 22 0 1 5
-11.3 -3.6 1.2 105 0 1 5
-11.3 -2.9 1.1 117 0 1 5
-11.3 -1.8 1.4 28 0 1 5
-11.3 -0.5 1.6 162 0 1 5
-11.3 -0.2 1.7 157 0 1 5
-11.3 0.6 1.8 154 0 1 5
-11.3 1.2 1.9 146 0 1 5
-11.3 1.6 1.9 133 0 1 5
-11.3 2.3 1.8 118 0 1 5
-11.3 2.7 1.6 81 0 1 5
-11.3 3.1 1.4 121 0 1 5
-11.3 5.5 -0.2 128 0 1 1
-11.3 6 -0.2 143 0 1 1
-11.3 6.4 -0.2 138 0 1 1
-11.3 6.9 -0.2 22 0 1 1
-11.3 7.4 -0.2 23 0 1 1
-11.3 7.9 -0.2 24 0 1 1
-11.3 8.3 -0.2 32 0 1 1
-11.3 8.8 -0.2 108 0 1 1
-11.3 9.3 -0.2 68 0 1 1
-11.3 9.8 -0.2 91 0 1 1
-11.3 10.2 -0.2 122 0 1 1
-11.3 10.7 -0.2 115 0 1 1
-11.3 11.2 -0.2 116 0 1 1
-11.3 11.6 -0.2 128 0 1 1
-11.3 12.1 -0.2 137 0 1 1
-11.3 12.6 -0.2 127 0 1 1
-11.3 13 -0.2 106 0 1 1
-11.3 13.4 -0.2 139 0 1 1
-11.3 13.9 -0.2 136 0 1 1
-11.3 14.3 -0.2 131 0 1 1
-11.3 14.7 -0.2 129 0 1 1
-11.3 15.2 -0.2 111 0 1 1
-11.3 15.6 -0.1 150 0 1 1
-11.3 16.1 -0.1 105 0 1 1
-11.3 16.4 -0.1 45 0 1 1
-11.2 -5.6 2.2 113 0 1 5
-11.2 -4.4 1.7 22 0 1 5
-11.2 -2.6 1.1 142 0 1 5
-11.2 1.5 1.8 143 0 1 5
-11.2 2 1.8 148 0 1 5
-11.2 3.1 1.4 111 0 1 5
-11.2 16.5 -0.1 50 0 1 1
-11.1 -4 1.5 91 0 1 5
-11.1 -2 1.3 124 0 1 5
-11.1 -0.8 1.5 138 0 1 5
-11.1 0.7 1.7 60 0 1 5
-11.1 1.2 1.8 120 0 1 5
-11.1 1.8 1.8 153 0 1 5
-11.1 2.3 1.7 118 0 1 5
-11.1 2.7 1.6 129 0 1 5
-11.1 3.4 1.3 95 0 1 5
-11.1 3.6 1.1 97 0 1 5
-11.1 3.9 1 130 0 1 5
-11.1 16.6 -0.1 67 0 1 1
-11 -4.2 1.7 70 0 1 5
-11 -3.5 1.1 89 0 1 5
-11 -1.2 1.4 153 0 1 5
-11 -0.2 1.5 146 0 1 5
-11 0.1 1.5 113 0 1 5
-11 1.5 1.8 131 0 1 5
-11 2 1.7 70 0 1 5
-11 3.1 1.4 146 0 1 5
-11 3.4 1.2 120 0 1 5
-10.9 -5 2 109 0 1 5
-10.9 -4.5 1.8 114 0 1 5
-10.9 -3.4 1.1 86 0 1 5
-10.9 -1.5 1.2 154 0 1 5
-10.9 -0.6 1.4 154 0 1 5
-10.9 1.3 1.7 153 0 1 5
-10.9 1.8 1.7 105 0 1 5
-10.9 3.6 1.1 144 0 1 5
-10.9 3.8 1 137 0 1 5
-10.9 4.1 0.8 122 0 1 5
-10.9 8.8 -0.2 78 0 1 1
-10.9 9.3 -0.2 72 0 1 1
-10.9 9.8 -0.2 89 0 1 1
-10.9 10.2 -0.2 116 0 1 1
-10.9 10.7 -0.2 100 0 1 1
-10.9 11.2 -0.2 111 0 1 1
-10.9 11.6 -0.2 119 0 1 1
-10.9 12.1 -0.2 127 0 1 1
-10.9 12.5 -0.2 125 0 1 1
-10.9 13 -0.2 101 0 1 1
-10.9 13.4 -0.2 131 0 1 1
-10.9 13.9 -0.2 108 0 1 1
-10.9 14.3 -0.1 141 0 1 1
-10.9 14.7 -0.1 134 0 1 1
-10.9 15.2 -0.1 107 0 1 1
-10.9 15.6 -0.1 101 0 1 1
-10.9 16 -0.1 34 0 1 1
-10.9 16.5 -0.1 82 0 1 1
-10.9 16.7 -0.1 136 0 1 1
-10.8 -5.1 2 92 0 1 5
-10.8 -4.6 1.9 108 0 1 5
-10.8 -3.9 1.4 112 0 1 5
-10.8 -2.5 0.9 36 0 1 5
-10.8 -1.9 1.1 150 0 1 5
-10.8 -1 1.2 154 0 1 5
-10.8 0.7 1.5 77 0 1 5
-10.8 1.5 1.7 144 0 1 5
-10.8 2 1.6 150 0 1 5
-10.8 2.3 1.6 156 0 1 5
-10.8 2.7 1.5 143 0 1 5
-10.8 3.1 1.3 137 0 1 5
-10.8 3.3 1.2 131 0 1 5
-10.8 4 0.8 133 0 1 5
-10.8 4.6 0.3 129 0 1 5
-10.8 5.2 -0.2 126 0 1 5
-10.8 5.5 -0.2 96 0 1 1
-10.8 6 -0.2 136 0 1 1
-10.8 6.5 -0.2 138 0 1 1
-10.8 6.9 -0.2 121 0 1 1
-10.8 7.4 -0.2 86 0 1 1
-10.8 7.9 -0.2 37 0 1 1
-10.8 8.3 -0.2 86 0 1 1
-10.7 -5.3 2.1 86 0 1 5
-10.7 -3.1 0.9 105 0 1 5
-10.7 0.1 1.3 149 0 1 5
-10.7 1.3 1.6 158 0 1 5
-10.7 1.8 1.6 160 0 1 5
-10.7 3.5 1.1 145 0 1 5
-10.7 3.8 0.9 135 0 1 5
-10.6 -3.7 1.4 80 0 1 5
-10.6 -0.4 1.2 139 0 1 5
-10.6 0.7 1.4 133 0 1 5
-10.6 1.6 1.5 142 0 1 5
-10.6 2.3 1.5 153 0 1 5
-10.6 2.6 1.4 150 0 1 5
-10.6 3.1 1.3 151 0 1 5
-10.5 -4 1.6 111 0 1 5
-10.5 -2.7 0.8 120 0 1 5
-10.5 -2.5 0.7 41 0 1 5
-10.5 -1.9 0.9 142 0 1 5
-10.5 -0.9 1.1 142 0 1 5
-10.5 0.1 1.3 88 0 1 5
-10.5 1.3 1.5 139 0 1 5
-10.5 2.1 1.5 130 0 1 5
-10.5 3.4 1.1 146 0 1 5
-10.5 3.8 0.8 126 0 1 5
-10.5 4 0.7 141 0 1 5
-10.5 10.2 -0.2 114 0 1 1
-10.5 10.7 -0.2 98 0 1 1
-10.5 11.1 -0.2 125 0 1 1
-10.5 11.6 -0.2 127 0 1 1
-10.5 12.1 -0.2 118 0 1 1
-10.5 12.5 -0.1 130 0 1 1
-10.5 13 -0.1 119 0 1 1
-10.5 13.4 -0.1 140 0 1 1
-10.5 13.8 -0.1 133 0 1 1
-10.5 14.3 -0.1 134 0 1 1
-10.5 14.7 -0.1 125 0 1 1
-10.5 15.2 -0.1 109 0 1 1
-10.5 15.6 -0.1 108 0 1 1
-10.5 16 -0.1 118 0 1 1
-10.5 16.5 -0.1 158 0 1 1
-10.5 16.9 -0.1 159 0 1 1
-10.4 -4.3 1.8 109 0 1 5
-10.4 -3.4 1.2 100 0 1 5
-10.4 -0.4 1.1 121 0 1 5
-10.4 0.1 1.2 158 0 1 5
-10.4 0.7 1.3 118 0 1 5
-10.4 1.9 1.4 140 0 1 5
-10.4 2.3 1.4 142 0 1 5
-10.4 2.6 1.3 140 0 1 5
-10.4 3 1.2 146 0 1 5
-10.4 3.6 0.9 139 0 1 5
-10.4 4.5 0.3 119 0 1 5
-10.4 5.1 -0.2 128 0 1 5
-10.4 5.6 -0.2 138 0 1 1
-10.4 6 -0.2 137 0 1 1
-10.4 6.5 -0.2 136 0 1 1
-10.4 7 -0.2 131 0 1 1
-10.4 7.4 -0.2 110 0 1 1
-10.4 7.9 -0.2 125 0 1 1
-10.4 8.4 -0.2 78 0 1 1
-10.4 8.8 -0.2 74 0 1 1
-10.4 9.3 -0.2 79 0 1 1
-10.4 9.8 -0.2 78 0 1 1
-10.3 -4.4 1.8 129 0 1 5
-10.3 -3.4 1.3 85 0 1 5
-10.3 -1.2 0.9 87 0 1 5
-10.3 1.3 1.3 152 0 1 5
-10.3 1.6 1.3 150 0 1 5
-10.3 3.3 1 113 0 1 5
-10.3 3.9 0.7 113 0 1 5
-10.2 -4.5 1.9 126 0 1 5
-10.2 -3.7 1.4 116 0 1 5
-10.2 -3 1 94 0 1 5
-10.2 -1.9 0.7 157 0 1 5
-10.2 -1.6 0.8 135 0 1 5
-10.2 0.7 1.2 122 0 1 5
-10.2 2.1 1.3 155 0 1 5
-10.2 3.8 0.7 142 0 1 5
-10.1 -5 2 108 0 1 5
-10.1 -4.7 1.9 102 0 1 5
-10.1 -3.9 1.6 126 0 1 5
-10.1 -3 1.1 107 0 1 5
-10.1 -1.1 0.8 121 0 1 5
-10.1 -1 0.9 128 0 1 5
-10.1 0.1 1 119 0 1 5
-10.1 1.3 1.2 156 0 1 5
-10.1 1.7 1.2 153 0 1 5
-10.1 2.3 1.2 158 0 1 5
-10.1 2.7 1.1 156 0 1 5
-10.1 3.1 1 148 0 1 5
-10.1 3.6 0.8 143 0 1 5
-10.1 4.4 0.3 132 0 1 5
-10.1 11.1 -0.1 136 0 1 1
-10.1 11.6 -0.1 79 0 1 1
-10.1 12.1 -0.1 124 0 1 1
-10.1 12.5 -0.1 121 0 1 1
-10.1 12.9 -0.1 75 0 1 1
-10.1 13.4 -0.1 122 0 1 1
-10.1 13.8 -0.1 122 0 1 1
-10.1 14.3 -0.1 140 0 1 1
-10.1 14.7 -0.1 124 0 1 1
-10 -4.1 1.6 115 0 1 5
-10 -3.1 1.1 125 0 1 5
-10 -0.5 0.9 136 0 1 5
-10 -0.3 0.9 130 0 1 5
-10 0.7 1 147 0 1 5
-10 2 1.2 122 0 1 5
-10 2.2 1.1 142 0 1 5
-10 3.4 0.8 154 0 1 5
-10 4.3 0.3 135 0 1 5
-10 4.9 -0.2 130 0 1 5
-10 7 -0.2 116 0 1 1
-10 7.5 -0.2 111 0 1 1
-10 7.9 -0.2 140 0 1 1
-10 8.4 -0.2 77 0 1 1
-10 8.8 -0.2 79 0 1 1
-10 9.3 -0.2 77 0 1 1
-10 9.8 -0.2 84 0 1 1
-10 10.2 -0.2 105 0 1 1
-10 10.7 -0.2 92 0 1 1
-10 15.1 -0.1 67 0 1 1
-10 15.6 -0.1 118 0 1 1
-10 16 -0.1 114 0 1 1
-10 16.5 -0.1 146 0 1 1
-9.9 -4.8 1.9 123 0 1 5
-9.9 -4.5 1.8 128 0 1 5
-9.9 -3.3 1.3 108 0 1 5
-9.9 -2.8 0.9 116 0 1 5
-9.9 -2.1 0.5 153 0 1 5
-9.9 -1.6 0.6 149 0 1 5
-9.9 2.3 1 141 0 1 5
-9.9 2.8 0.9 152 0 1 5
-9.9 3.2 0.8 138 0 1 5
-9.9 5.2 -0.2 100 0 1 1
-9.9 5.6 -0.2 120 0 1 1
-9.9 6.1 -0.2 121 0 1 1
-9.9 6.5 -0.2 84 0 1 1
-9.8 -4.6 1.9 118 0 1 5
-9.8 -3.6 1.4 128 0 1 5
-9.8 -2.5 0.7 136 0 1 5
-9.8 0.1 0.8 133 0 1 5
-9.8 4.1 0.3 139 0 1 5
-9.8 4.8 -0.2 131 0 1 5
-9.7 -4.9 1.9 95 0 1 5
-9.7 -4 1.6 112 0 1 5
-9.7 -3.6 1.4 65 0 1 5
-9.7 -3.3 1.3 123 0 1 5
-9.7 -3.1 1.1 139 0 1 5
-9.7 -2.8 1 126 0 1 5
-9.7 -1.9 0.5 105 0 1 5
-9.7 -1.7 0.5 130 0 1 5
-9.7 -1.3 0.5 108 0 1 5
-9.7 -1.2 0.6 106 0 1 5
-9.7 -1.1 0.6 114 0 1 5
-9.7 -0.8 0.6 124 0 1 5
-9.7 -0.2 0.7 139 0 1 5
-9.7 4 0.3 140 0 1 5
-9.7 12 -0.1 129 0 1 1
-9.7 12.5 -0.1 118 0 1 1
-9.7 12.9 -0.1 139 0 1 1
-9.6 -4.7 1.8 112 0 1 5
-9.6 -4.4 1.8 67 0 1 5
-9.6 -4 1.6 115 0 1 5
-9.6 -2.6 0.8 106 0 1 5
-9.6 -0.6 0.6 145 0 1 5
-9.6 1.4 0.8 148 0 1 5
-9.6 1.8 0.8 148 0 1 5
-9.6 8.4 -0.2 110 0 1 1
-9.6 8.8 -0.2 80 0 1 1
-9.6 9.3 -0.2 78 0 1 1
-9.6 10.7 -0.1 107 0 1 1
-9.6 11.1 -0.1 129 0 1 1
-9.6 11.6 -0.1 126 0 1 1
-9.6 13.4 -0.1 124 0 1 1
-9.6 13.8 -0.1 139 0 1 1
-9.6 14.2 -0.1 101 0 1 1
-9.6 14.7 -0.1 112 0 1 1
-9.6 15.1 -0.1 50 0 1 1
-9.5 -3.6 1.4 119 0 1 5
-9.5 -3.4 1.3 75 0 1 5
-9.5 0.8 0.6 142 0 1 5
-9.5 3.8 0.3 141 0 1 5
-9.5 4.6 -0.1 132 0 1 5
-9.5 5.2 -0.2 129 0 1 1
-9.5 5.7 -0.2 135 0 1 1
-9.5 6.1 -0.2 126 0 1 1
-9.5 6.6 -0.2 38 0 1 1
-9.5 7 -0.2 51 0 1 1
-9.5 7.5 -0.2 108 0 1 1
-9.5 7.9 -0.2 119 0 1 1
-9.4 -4.5 1.7 149 0 1 5
-9.4 -4 1.6 104 0 1 5
-9.4 -3.1 1.1 97 0 1 5
-9.4 -2.9 1 58 0 1 5
-9.4 -2.6 0.8 101 0 1 5
-9.4 -2 0.3 124 0 1 5
-9.4 -1.5 0.4 143 0 1 5
-9.4 0.4 0.4 148 0 1 5
-9.4 2.1 0.6 157 0 1 5
-9.4 2.3 0.5 152 0 1 5
-9.4 2.6 0.6 143 0 1 5
-9.4 3.6 0.3 153 0 1 5
-9.4 4.7 -0.3 139 0 1 1
-9.3 -4.7 1.7 150 0 1 5
-9.3 -3.6 1.4 105 0 1 5
-9.3 -3.4 1.2 135 0 1 5
-9.3 -2.9 1 102 0 1 5
-9.3 -2.7 0.8 119 0 1 5
-9.3 -2.1 0.3 121 0 1 5
-9.3 -1.9 0.2 141 0 1 5
-9.3 -1 0.3 134 0 1 5
-9.3 -0.8 0.4 91 0 1 5
-9.3 -0.6 0.4 127 0 1 5
-9.3 0.2 0.4 151 0 1 5
-9.3 2.9 0.4 153 0 1 5
-9.3 3.4 0.3 145 0 1 5
-9.3 4.5 -0.2 143 0 1 5
-9.2 -3.2 1.1 126 0 1 5
-9.2 -1.8 0.2 150 0 1 5
-9.2 -1.6 0.2 132 0 1 5
-9.2 -0.2 0.3 137 0 1 5
-9.2 1.6 0.4 140 0 1 5
-9.2 4.4 -0.2 147 0 1 5
-9.2 10.7 -0.1 95 0 1 1
-9.2 11.1 -0.1 104 0 1 1
-9.2 11.6 -0.1 140 0 1 1
-9.2 12 -0.1 128 0 1 1
-9.2 12.5 -0.1 137 0 1 1
-9.2 12.9 -0.1 90 0 1 1
-9.2 13.3 -0.1 90 0 1 1
-9.2 13.8 -0.1 130 0 1 1
-9.2 14.2 -0.1 129 0 1 1
-9.1 -4.5 1.6 34 0 1 5
-9.1 -4 1.5 106 0 1 5
-9.1 -3.6 1.3 123 0 1 5
-9.1 -3.4 1.2 141 0 1 5
-9.1 -3 0.9 104 0 1 5
-9.1 -2.7 0.8 100 0 1 5
-9.1 -2.1 0.3 120 0 1 5
-9.1 4.2 -0.2 146 0 1 5
-9.1 6.6 -0.2 51 0 1 1
-9.1 7.1 -0.2 96 0 1 1
-9.1 7.5 -0.2 60 0 1 1
-9.1 8 -0.2 99 0 1 1
-9.1 8.4 -0.2 75 0 1 1
-9.1 8.9 -0.2 78 0 1 1
-9 -3.2 1.1 109 0 1 5
-9 -0.6 0.2 65 0 1 5
-9 1.1 0.2 150 0 1 5
-9 1.9 0.2 159 0 1 5
-9 4.3 -0.3 149 0 1 1
-9 4.8 -0.3 39 0 1 1
-9 5.2 -0.3 117 0 1 1
-9 5.7 -0.2 142 0 1 1
-9 6.1 -0.2 102 0 1 1
-8.9 -4.5 1.5 121 0 1 5
-8.9 -4.1 1.4 111 0 1 5
-8.9 -3.7 1.3 112 0 1 5
-8.9 -1.4 0.1 50 0 1 5
-8.9 -0.2 0.1 147 0 1 5
-8.9 0.7 0.1 122 0 1 5
-8.9 2.9 0.1 133 0 1 5
-8.9 4 -0.2 142 0 1 5
-8.8 -3.4 1.1 104 0 1 5
-8.8 -3 0.8 123 0 1 5
-8.8 -2.8 0.7 87 0 1 5
-8.8 0.2 0 144 0 1 5
-8.8 0.5 0 153 0 1 5
-8.8 1.7 0.1 153 0 1 5
-8.8 2.2 0.1 156 0 1 5
-8.8 2.6 0.1 153 0 1 5
-8.8 3.2 0 151 0 1 5
-8.8 3.8 -0.2 143 0 1 5
-8.8 10.2 -0.1 101 0 1 1
-8.8 10.7 -0.1 128 0 1 1
-8.8 11.1 -0.1 49 0 1 1
-8.8 11.6 -0.1 132 0 1 1
-8.8 12 -0.1 134 0 1 1
-8.8 12.4 -0.1 131 0 1 1
-8.8 12.9 -0.1 125 0 1 1
-8.8 13.3 -0.1 108 0 1 1
-8.8 13.8 -0.1 140 0 1 1
-8.7 -4.4 1.4 117 0 1 5
-8.7 -4.1 1.3 108 0 1 5
-8.7 -3.8 1.2 93 0 1 5
-8.7 -3.2 0.9 105 0 1 5
-8.7 -2.3 0.3 111 0 1 5
-8.7 -1.7 0 145 0 1 5
-8.7 1.3 -0.1 149 0 1 5
-8.7 3.5 -0.2 143 0 1 5
-8.7 7.5 -0.2 117 0 1 1
-8.7 8 -0.2 92 0 1 1
-8.7 8.4 -0.2 83 0 1 1
-8.6 -3.4 1 100 0 1 5
-8.6 -2.8 0.7 88 0 1 5
-8.6 -1.7 -0.1 151 0 1 5
-8.6 -1.6 -0.1 145 0 1 5
-8.6 2 0 150 0 1 5
-8.6 2.7 -0.1 146 0 1 5
-8.6 3.3 -0.2 147 0 1 5
-8.6 5.3 -0.3 129 0 1 1
-8.6 5.7 -0.3 138 0 1 1
-8.6 6.2 -0.2 130 0 1 1
-8.6 6.6 -0.2 140 0 1 1
-8.6 7.1 -0.2 122 0 1 1
-8.5 -3.7 1 114 0 1 5
-8.5 -3.1 0.8 123 0 1 5
-8.5 -3 0.7 125 0 1 5
-8.5 -2.3 0.3 126 0 1 5
-8.5 -1.1 -0.1 139 0 1 5
-8.5 -0.7 -0.1 146 0 1 5
-8.5 -0.2 -0.2 120 0 1 5
-8.5 0.9 -0.2 138 0 1 5
-8.5 1.8 -0.2 145 0 1 5
-8.5 2.4 -0.1 145 0 1 5
-8.5 3.5 -0.3 154 0 1 1
-8.5 3.9 -0.3 125 0 1 1
-8.5 4.4 -0.3 114 0 1 1
-8.5 4.8 -0.3 126 0 1 1
-8.4 -4 1.1 110 0 1 5
-8.4 2.2 -0.2 143 0 1 5
-8.4 10.6 -0.1 122 0 1 1
-8.4 11.1 -0.1 117 0 1 1
-8.4 11.5 -0.1 134 0 1 1
-8.4 12 0 96 0 1 1
-8.4 12.4 0 124 0 1 1
-8.4 12.9 0 131 0 1 1
-8.3 -3.3 0.8 102 0 1 5
-8.3 -2.5 0.3 112 0 1 5
-8.3 -1.7 -0.1 131 0 1 1
-8.3 -1.3 -0.1 133 0 1 1
-8.3 -0.9 -0.2 130 0 1 1
-8.3 -0.4 -0.2 125 0 1 1
-8.3 9.8 -0.1 108 0 1 1
-8.3 10.2 -0.1 101 0 1 1
-8.2 -4 0.9 144 0 1 5
-8.2 -3.5 0.8 135 0 1 5
-8.2 -2.6 0.3 120 0 1 5
-8.2 0 -0.2 130 0 1 1
-8.2 0.5 -0.2 118 0 1 1
-8.2 0.9 -0.2 35 0 1 1
-8.2 1.4 -0.2 105 0 1 1
-8.2 1.8 -0.3 130 0 1 1
-8.2 6.2 -0.3 99 0 1 1
-8.2 6.7 -0.2 136 0 1 1
-8.2 7.1 -0.2 71 0 1 1
-8.2 7.5 -0.2 22 0 1 1
-8.2 8 -0.2 74 0 1 1
-8.2 8.2 0.1 70 0 1 2
-8.2 8.5 0.3 86 0 1 2
-8.1 2.2 -0.3 141 0 1 1
-8.1 2.7 -0.3 104 0 1 1
-8.1 3.1 -0.3 139 0 1 1
-8.1 3.6 -0.3 129 0 1 1
-8.1 4 -0.3 140 0 1 1
-8.1 4.4 -0.3 144 0 1 1
-8.1 4.9 -0.3 132 0 1 1
-8.1 5.3 -0.3 153 0 1 1
-8.1 5.8 -0.3 67 0 1 1
-8.1 8.2 0.2 108 0 1 2
-8.1 8.4 0.2 92 0 1 2
-8 -2.7 0.3 134 0 1 5
-8 8.1 -0.1 109 0 1 2
-8 11.1 0 135 0 1 1
-8 11.5 0 131 0 1 1
-8 12 0 127 0 1 1
-8 12.4 0 50 0 1 1
-7.9 -2.9 0.3 117 0 1 5
-7.9 -2.1 -0.1 65 0 1 1
-7.9 -1.7 -0.1 108 0 1 1
-7.9 8 0.1 55 0 1 2
-7.9 8.3 0.2 116 0 1 2
-7.9 8.6 0.2 123 0 1 2
-7.9 9.3 -0.1 70 0 1 1
-7.9 9.8 -0.1 93 0 1 1
-7.9 10.2 -0.1 81 0 1 1
-7.9 10.6 -0.1 137 0 1 1
-7.8 -1.2 -0.2 130 0 1 1
-7.8 -0.8 -0.2 137 0 1 1
-7.8 -0.4 -0.2 135 0 1 1
-7.8 0.1 -0.2 133 0 1 1
-7.8 0.5 -0.2 129 0 1 1
-7.8 7.1 -0.2 46 0 1 1
-7.8 7.6 -0.2 36 0 1 1
-7.8 8 -0.2 82 0 1 1
-7.8 8 0 60 0 1 2
-7.8 8.1 0.2 106 0 1 2
-7.8 8.2 0.2 130 0 1 2
-7.8 8.4 0.1 124 0 1 2
-7.8 8.8 0.2 115 0 1 2
-7.7 -3.1 0.3 144 0 1 5
-7.7 1 -0.2 124 0 1 1
-7.7 1.4 -0.3 141 0 1 1
-7.7 1.9 -0.3 118 0 1 1
-7.7 2.3 -0.3 137 0 1 1
-7.7 2.7 -0.3 122 0 1 1
-7.7 5.4 -0.3 122 0 1 1
-7.7 5.8 -0.3 134 0 1 1
-7.7 6.3 -0.3 63 0 1 1
-7.7 6.7 -0.2 136 0 1 1
-7.7 8.2 0.1 131 0 1 2
-7.7 8.4 0.1 122 0 1 2
-7.7 8.5 0.1 133 0 1 2
-7.7 8.7 0.2 134 0 1 2
-7.6 -3.8 0.4 161 0 1 5
-7.6 -3.4 0.3 122 0 1 5
-7.6 3.2 -0.3 142 0 1 1
-7.6 3.6 -0.3 133 0 1 1
-7.6 4.1 -0.3 139 0 1 1
-7.6 4.5 -0.3 143 0 1 1
-7.6 4.9 -0.3 151 0 1 1
-7.6 8 -0.1 52 0 1 2
-7.6 8.1 0.1 120 0 1 2
-7.6 11.1 0 128 0 1 1
-7.6 11.5 0 112 0 1 1
-7.5 -2.5 -0.1 127 0 1 1
-7.5 8.2 -0.1 126 0 1 2
-7.5 8.3 0 133 0 1 2
-7.5 8.5 0.1 126 0 1 2
-7.5 8.6 0.2 117 0 1 2
-7.5 8.7 0.1 110 0 1 2
-7.5 9.8 -0.1 95 0 1 1
-7.5 10.2 -0.1 132 0 1 1
-7.5 10.6 -0.1 132 0 1 1
-7.4 -2.1 -0.2 130 0 1 1
-7.4 -1.6 -0.2 131 0 1 1
-7.4 -1.2 -0.2 133 0 1 1
-7.4 -0.8 -0.2 127 0 1 1
-7.4 8 -0.2 116 0 1 1
-7.4 8.7 0.1 103 0 1 2
-7.4 8.9 -0.1 70 0 1 1
-7.4 9.3 -0.1 72 0 1 1
-7.3 -0.3 -0.2 136 0 1 1
-7.3 0.1 -0.2 117 0 1 1
-7.3 0.6 -0.2 110 0 1 1
-7.3 1.5 -0.3 124 0 1 1
-7.3 6.3 -0.3 127 0 1 1
-7.3 6.7 -0.2 96 0 1 1
-7.3 7.2 -0.2 118 0 1 1
-7.3 7.6 -0.2 107 0 1 1
-7.3 8.4 0 131 0 1 2
-7.3 8.7 -0.1 96 0 1 2
-7.2 1.9 -0.3 145 0 1 1
-7.2 2.4 -0.3 126 0 1 1
-7.2 2.8 -0.3 137 0 1 1
-7.2 3.2 -0.3 111 0 1 1
-7.2 3.7 -0.4 104 0 1 1
-7.2 4.1 -0.4 135 0 1 1
-7.2 4.6 -0.4 123 0 1 1
-7.2 5 -0.3 110 0 1 1
-7.2 5.4 -0.3 144 0 1 1
-7.2 5.9 -0.3 126 0 1 1
-7.1 -3.5 0 121 0 1 5
-7.1 9.8 -0.1 85 0 1 1
-7.1 10.2 -0.1 119 0 1 1
-7.1 10.6 0 119 0 1 1
-7 -3.4 -0.1 123 0 1 1
-7 -2.9 -0.1 92 0 1 1
-7 -2.5 -0.2 136 0 1 1
-7 -2 -0.2 126 0 1 1
-7 -1.6 -0.2 126 0 1 1
-7 8.5 -0.2 72 0 1 1
-7 8.9 -0.1 67 0 1 1
-7 9.3 -0.1 63 0 1 1
-6.9 -1.1 -0.2 119 0 1 1
-6.9 -0.7 -0.2 92 0 1 1
-6.9 -0.3 -0.2 136 0 1 1
-6.9 0.2 -0.3 135 0 1 1
-6.9 0.8 -0.1 120 0 1 2
-6.9 1 -0.1 114 0 1 2
-6.9 6.8 -0.3 94 0 1 1
-6.9 7.2 -0.2 140 0 1 1
-6.9 7.6 -0.2 60 0 1 1
-6.9 8 -0.2 74 0 1 1
-6.8 1.1 -0.2 122 0 1 2
-6.8 1.3 -0.2 116 0 1 2
-6.8 1.5 -0.3 124 0 1 1
-6.8 2 -0.3 140 0 1 1
-6.8 2.4 -0.3 135 0 1 1
-6.8 5.5 -0.3 137 0 1 1
-6.8 5.9 -0.3 58 0 1 1
-6.8 6.3 -0.3 120 0 1 1
-6.7 2.9 -0.4 130 0 1 1
-6.7 3.3 -0.4 128 0 1 1
-6.7 3.7 -0.4 119 0 1 1
-6.7 4.2 -0.4 104 0 1 1
-6.7 4.6 -0.4 97 0 1 1
-6.7 5 -0.3 84 0 1 1
-6.6 -3.3 -0.2 129 0 1 1
-6.6 -2.9 -0.2 150 0 1 1
-6.6 0.4 -0.2 99 0 1 2
-6.6 0.5 -0.1 97 0 1 2
-6.6 0.7 -0.1 119 0 1 2
-6.6 1.2 -0.2 102 0 1 2
-6.6 8.9 -0.1 68 0 1 1
-6.6 9.3 -0.1 60 0 1 1
-6.6 9.8 -0.1 101 0 1 1
-6.5 -2.4 -0.2 131 0 1 1
-6.5 -2 -0.2 129 0 1 1
-6.5 -1.5 -0.2 129 0 1 1
-6.5 -1.1 -0.2 127 0 1 1
-6.5 -0.6 -0.2 136 0 1 1
-6.5 7.6 -0.2 49 0 1 1
-6.5 8.1 -0.2 57 0 1 1
-6.5 8.5 -0.2 66 0 1 1
-6.4 -0.2 -0.3 129 0 1 1
-6.4 0.2 -0.3 144 0 1 1
-6.4 0.4 -0.3 98 0 1 2
-6.4 0.5 0 115 0 1 2
-6.4 0.8 -0.1 107 0 1 2
-6.4 1 -0.1 104 0 1 2
-6.4 1.1 -0.2 102 0 1 2
-6.4 1.3 -0.2 125 0 1 2
-6.4 1.6 -0.3 137 0 1 1
-6.4 5.9 -0.3 151 0 1 1
-6.4 6.4 -0.3 118 0 1 1
-6.4 6.8 -0.3 129 0 1 1
-6.4 7.2 -0.2 118 0 1 1
-6.3 0.6 -0.1 133 0 1 2
-6.3 0.7 -0.1 130 0 1 2
-6.3 1 -0.1 134 0 1 2
-6.3 2 -0.3 135 0 1 1
-6.3 2.5 -0.4 149 0 1 1
-6.3 2.9 -0.4 147 0 1 1
-6.3 3.4 -0.4 116 0 1 1
-6.3 3.8 -0.4 108 0 1 1
-6.3 4.2 -0.4 113 0 1 1
-6.3 4.7 -0.4 100 0 1 1
-6.3 5.1 -0.4 147 0 1 1
-6.3 5.5 -0.3 144 0 1 1
-6.2 0.7 -0.2 98 0 1 2
-6.2 0.8 -0.1 167 0 1 2
-6.2 1 -0.2 128 0 1 2
-6.2 1.1 -0.3 126 0 1 2
-6.1 -3.3 -0.2 141 0 1 1
-6.1 -2.8 -0.2 135 0 1 1
-6.1 -2.4 -0.2 125 0 1 1
-6.1 -1.9 -0.2 108 0 1 1
-6.1 8.1 -0.2 73 0 1 1
-6.1 8.5 -0.1 67 0 1 1
-6.1 8.9 -0.1 65 0 1 1
-6 -1.5 -0.2 130 0 1 1
-6 -1 -0.3 132 0 1 1
-6 -0.6 -0.3 125 0 1 1
-6 -0.1 -0.3 121 0 1 1
-6 0.3 -0.3 115 0 1 1
-6 6.8 -0.3 125 0 1 1
-6 7.2 -0.2 130 0 1 1
-6 7.7 -0.2 62 0 1 1
-5.9 0.7 -0.3 128 0 1 1
-5.9 1.2 -0.3 142 0 1 1
-5.9 1.6 -0.3 137 0 1 1
-5.9 2.1 -0.4 120 0 1 1
-5.9 5.6 -0.3 134 0 1 1
-5.9 6 -0.3 126 0 1 1
-5.9 6.4 -0.3 133 0 1 1
-5.8 3 -0.4 129 0 1 1
-5.8 3.4 -0.4 121 0 1 1
-5.8 3.9 -0.4 139 0 1 1
-5.8 4.3 -0.4 122 0 1 1
-5.8 4.7 -0.4 132 0 1 1
-5.8 5.1 -0.4 21 0 1 1
-5.7 8.5 -0.1 68 0 1 1
-5.6 -2.8 -0.2 141 0 1 1
-5.6 -2.3 -0.2 105 0 1 1
-5.6 -1.9 -0.3 102 0 1 1
-5.6 -1.4 -0.3 137 0 1 1
-5.6 -1 -0.3 132 0 1 1
-5.6 7.3 -0.2 117 0 1 1
-5.6 7.7 -0.2 53 0 1 1
-5.6 8.1 -0.2 74 0 1 1
-5.5 -0.5 -0.3 130 0 1 1
-5.5 -0.1 -0.3 117 0 1 1
-5.5 0.4 -0.3 130 0 1 1
-5.5 0.8 -0.3 125 0 1 1
-5.5 1.2 -0.4 144 0 1 1
-5.5 6 -0.3 149 0 1 1
-5.5 6.4 -0.3 140 0 1 1
-5.5 6.9 -0.3 104 0 1 1
-5.4 1.7 -0.4 133 0 1 1
-5.4 3 -0.4 137 0 1 1
-5.4 3.5 -0.4 91 0 1 1
-5.4 4.8 -0.4 125 0 1 1
-5.4 5.2 -0.4 103 0 1 1
-5.4 5.6 -0.4 139 0 1 1
-5.3 3.9 -0.4 142 0 1 1
-5.3 4.3 -0.4 48 0 1 1
-5.2 -2.7 -0.3 129 0 1 1
-5.2 2.2 0 120 0 1 2
-5.2 2.4 -0.1 135 0 1 2
-5.2 7.7 -0.2 87 0 1 1
-5.1 -2.3 -0.3 115 0 1 1
-5.1 -1.8 -0.3 111 0 1 1
-5.1 -1.4 -0.3 108 0 1 1
-5.1 -0.9 -0.3 134 0 1 1
-5.1 -0.5 -0.3 101 0 1 1
-5.1 0 -0.3 138 0 1 1
-5.1 1.9 -0.1 129 0 1 2
-5.1 2.1 -0.1 121 0 1 2
-5.1 6.5 -0.3 134 0 1 1
-5.1 6.9 -0.3 102 0 1 1
-5.1 7.3 -0.2 36 0 1 1
-5.1 7.6 0.5 108 0 1 3
-5 0.4 -0.3 127 0 1 1
-5 0.9 -0.4 128 0 1 1
-5 1.3 -0.4 130 0 1 1
-5 1.7 -0.4 121 0 1 1
-5 2 -0.1 106 0 1 2
-5 5.7 -0.4 109 0 1 1
-5 6.1 -0.3 52 0 1 1
-5 8.6 1.2 69 0 1 3
-4.9 1.7 -0.2 101 0 1 2
-4.9 2.3 -0.1 125 0 1 2
-4.9 3.1 -0.4 139 0 1 1
-4.9 3.5 -0.4 119 0 1 1
-4.9 4 -0.5 134 0 1 1
-4.9 4.4 -0.5 137 0 1 1
-4.9 4.8 -0.4 146 0 1 1
-4.9 5.2 -0.4 135 0 1 1
-4.9 7.5 0.7 91 0 1 3
-4.8 1.8 -0.3 49 0 1 2
-4.8 1.8 -0.1 114 0 1 2
-4.8 1.9 -0.1 124 0 1 2
-4.8 2.1 -0.1 106 0 1 2
-4.8 2.5 -0.1 124 0 1 2
-4.8 2.6 -0.2 107 0 1 2
-4.8 7.3 0.2 63 0 1 3
-4.8 8.4 1.1 104 0 1 3
-4.7 -2.2 -0.3 133 0 1 1
-4.7 -1.8 -0.3 137 0 1 1
-4.7 -1.3 -0.3 133 0 1 1
-4.7 1.9 -0.2 129 0 1 2
-4.7 2.1 -0.2 126 0 1 2
-4.7 2.3 -0.2 140 0 1 2
-4.7 2.4 -0.1 127 0 1 2
-4.7 6.9 -0.3 125 0 1 1
-4.7 7.5 1 116 0 1 3
-4.7 7.8 1 106 0 1 3
-4.7 8.1 1.1 105 0 1 3
-4.6 -0.9 -0.3 137 0 1 1
-4.6 -0.4 -0.3 136 0 1 1
-4.6 0 -0.4 130 0 1 1
-4.6 0.5 -0.4 132 0 1 1
-4.6 0.9 -0.4 124 0 1 1
-4.6 1.7 -0.3 108 0 1 2
-4.6 1.8 -0.2 102 0 1 2
-4.6 2.5 -0.2 113 0 1 2
-4.6 6.1 -0.4 134 0 1 1
-4.6 6.5 -0.3 121 0 1 1
-4.6 7 -0.1 131 0 1 3
-4.6 7.2 0.4 51 0 1 3
-4.6 8.8 1.2 97 0 1 3
-4.5 1.4 -0.4 123 0 1 1
-4.5 1.8 -0.4 147 0 1 1
-4.5 1.9 -0.4 115 0 1 2
-4.5 2 -0.2 132 0 1 2
-4.5 2.2 -0.2 125 0 1 2
-4.5 2.3 -0.1 141 0 1 2
-4.5 2.5 -0.2 123 0 1 2
-4.5 2.7 -0.4 144 0 1 1
-4.5 3.1 -0.5 122 0 1 1
-4.5 3.6 -0.5 102 0 1 1
-4.5 4.9 -0.5 138 0 1 1
-4.5 5.3 -0.4 143 0 1 1
-4.5 5.7 -0.4 125 0 1 1
-4.5 7.7 1 114 0 1 3
-4.5 8 1.1 109 0 1 3
-4.4 2.4 -0.3 119 0 1 2
-4.4 2.4 -0.2 122 0 1 2
-4.4 4 -0.5 145 0 1 1
-4.4 4.5 -0.5 146 0 1 1
-4.4 7.2 0.8 49 0 1 3
-4.4 8.5 1.1 141 0 1 3
-4.3 2.1 -0.4 99 0 1 2
-4.3 2.1 -0.2 135 0 1 2
-4.3 6.9 0.2 41 0 1 3
-4.3 7.4 1 61 0 1 3
-4.2 -1.7 -0.3 133 0 1 1
-4.2 -1.3 -0.3 122 0 1 1
-4.2 -0.8 -0.4 125 0 1 1
-4.2 -0.4 -0.4 127 0 1 1
-4.2 6.5 -0.3 126 0 1 1
-4.2 7 -0.3 132 0 1 1
-4.2 7.9 1.1 126 0 1 3
-4.1 0.1 -0.4 131 0 1 1
-4.1 0.5 -0.4 133 0 1 1
-4.1 1 -0.4 132 0 1 1
-4.1 1.4 -0.4 51 0 1 1
-4.1 1.9 -0.4 139 0 1 1
-4.1 2.3 -0.4 147 0 1 1
-4.1 5.7 -0.4 132 0 1 1
-4.1 6.1 -0.4 110 0 1 1
-4.1 6.9 0.6 62 0 1 3
-4 2.7 -0.5 125 0 1 1
-4 3.2 -0.5 130 0 1 1
-4 3.6 -0.5 133 0 1 1
-4 4.1 -0.5 119 0 1 1
-4 4.5 -0.5 138 0 1 1
-4 4.9 -0.5 149 0 1 1
-4 5.3 -0.4 125 0 1 1
-4 7.1 0.8 80 0 1 3
-4 7.6 1.1 119 0 1 3
-3.9 6.9 0.4 79 0 1 3
-3.8 6.9 0.3 61 0 1 3
-3.8 7 -0.3 36 0 1 1
-3.8 7.1 0.7 127 0 1 3
-3.8 7.3 1 125 0 1 3
-3.7 0.1 -0.4 138 0 1 1
-3.7 0.5 -0.4 140 0 1 1
-3.7 1 -0.4 135 0 1 1
-3.7 5.8 -0.4 116 0 1 1
-3.7 6.2 -0.4 130 0 1 1
-3.7 6.6 -0.3 48 0 1 1
-3.6 1.4 -0.4 131 0 1 1
-3.6 1.9 -0.5 78 0 1 1
-3.6 2.3 -0.5 141 0 1 1
-3.6 2.8 -0.5 148 0 1 1
-3.6 3.2 -0.5 128 0 1 1
-3.6 3.7 -0.5 137 0 1 1
-3.6 5 -0.5 109 0 1 1
-3.6 5.4 -0.4 132 0 1 1
-3.5 4.1 -0.5 138 0 1 1
-3.5 4.5 -0.5 135 0 1 1
-3.3 6.2 -0.4 139 0 1 1
-3.3 6.6 -0.3 128 0 1 1
-3.2 1.9 -0.5 134 0 1 1
-3.2 2.3 -0.5 108 0 1 1
-3.2 2.8 -0.5 119 0 1 1
-3.2 3.2 -0.5 109 0 1 1
-3.2 5.4 -0.4 142 0 1 1
-3.2 5.8 -0.4 147 0 1 1
-3.1 3.7 -0.5 123 0 1 1
-3.1 4.1 -0.5 138 0 1 1
-3.1 4.5 -0.5 137 0 1 1
-3.1 5 -0.5 138 0 1 1
-2.8 5.3 -0.4 115 0 1 1
-2.7 3.6 -0.5 127 0 1 1
-2.7 4.1 -0.5 126 0 1 1
-2.7 4.5 -0.5 140 0 1 1
-2.7 4.9 -0.5 131 0 1 1
