0.9 -4.9 -0.1 124 0 1 1
0.9 -4.4 0 131 0 1 1
0.9 -3.9 0 123 0 1 1
1.3 -9.4 -1 121 0 1 4
1.3 -8.9 -1 121 0 1 4
1.3 -8.4 -1 112 0 1 4
1.3 -7.9 -1 121 0 1 4
1.3 -7.4 -0.9 116 0 1 4
1.3 -7 -0.9 125 0 1 4
1.4 -4.9 -0.2 121 0 1 1
1.4 -4.4 -0.1 117 0 1 1
1.4 -3.9 0 129 0 1 1
1.4 -3.4 0 124 0 1 1
1.5 -2.9 0 133 0 1 1
1.7 -8.9 -1.1 112 0 1 4
1.7 -8.4 -1.1 117 0 1 4
1.7 -7.9 -1.1 119 0 1 4
1.7 -7.4 -1.1 119 0 1 4
1.7 -6.9 -1.1 115 0 1 4
1.8 -12 -0.1 123 0 1 1
1.8 -11.6 -0.1 117 0 1 1
1.8 -11.1 -0.3 125 0 1 1
1.8 -10.7 -0.6 112 0 1 1
1.8 -10.3 -0.8 102 0 1 4
1.8 -9.8 -1 120 0 1 4
1.8 -9.4 -1.1 111 0 1 4
1.9 -4.9 -0.3 118 0 1 1
1.9 -4.3 -0.1 121 0 1 1
1.9 -3.9 -0.1 124 0 1 1
1.9 -3.4 -0.1 132 0 1 1
1.9 -2.9 -0.1 134 0 1 1
2 -2.4 -0.1 131 0 1 1
2.2 -9.8 -1 111 0 1 4
2.2 -9.3 -1.1 99 0 1 4
2.2 -8.8 -1.1 110 0 1 4
2.2 -8.3 -1.1 114 0 1 4
2.2 -7.9 -1.1 115 0 1 4
2.2 -7.4 -1.1 123 0 1 4
2.2 -6.9 -1.1 112 0 1 4
2.3 -14.4 -0.1 118 0 1 1
2.3 -14 -0.1 122 0 1 1
2.3 -13.5 -0.1 118 0 1 1
2.3 -13 -0.1 119 0 1 1
2.3 -12.5 -0.1 124 0 1 1
2.3 -12 -0.1 119 0 1 1
2.3 -11.5 -0.1 116 0 1 1
2.3 -11.1 -0.3 124 0 1 1
2.3 -10.7 -0.5 114 0 1 1
2.3 -10.2 -0.8 105 0 1 4
2.4 -15.8 -0.1 120 0 1 1
2.4 -15.3 -0.1 127 0 1 1
2.4 -14.9 -0.1 119 0 1 1
2.4 -4.8 -0.3 123 0 1 1
2.4 -4.3 -0.1 124 0 1 1
2.4 -3.8 -0.1 126 0 1 1
2.4 -3.4 -0.1 132 0 1 1
2.4 -2.9 -0.1 131 0 1 1
2.4 -2.4 -0.1 122 0 1 1
2.5 -2 -0.1 124 0 1 1
2.7 -10.6 -0.5 113 0 1 1
2.7 -10.2 -0.8 114 0 1 4
2.7 -9.8 -1.1 109 0 1 4
2.7 -9.3 -1.2 113 0 1 4
2.7 -8.8 -1.2 113 0 1 4
2.7 -8.3 -1.2 114 0 1 4
2.7 -7.8 -1.1 115 0 1 4
2.7 -7.3 -1.1 117 0 1 4
2.7 -6.8 -1.1 117 0 1 4
2.8 -15.3 -0.1 124 0 1 1
2.8 -14.9 -0.1 128 0 1 1
2.8 -14.4 -0.1 122 0 1 1
2.8 -14 -0.1 122 0 1 1
2.8 -13.5 -0.1 124 0 1 1
2.8 -13 -0.1 118 0 1 1
2.8 -12.5 -0.1 123 0 1 1
2.8 -12 -0.1 123 0 1 1
2.8 -11.5 -0.1 127 0 1 1
2.8 -11.1 -0.3 129 0 1 1
2.9 -18.1 0 119 0 1 1
2.9 -17.7 -0.1 119 0 1 1
2.9 -17.2 -0.1 128 0 1 1
2.9 -16.7 -0.1 120 0 1 1
2.9 -16.3 -0.1 119 0 1 1
2.9 -15.8 -0.1 125 0 1 1
2.9 -4.8 -0.4 120 0 1 1
2.9 -4.3 -0.2 120 0 1 1
2.9 -3.8 -0.1 126 0 1 1
2.9 -3.3 -0.1 129 0 1 1
2.9 -2.9 -0.1 133 0 1 1
2.9 -2.4 -0.1 123 0 1 1
2.9 -1.9 -0.1 131 0 1 1
2.9 -1.5 -0.2 128 0 1 1
3 -19.5 0 122 0 1 1
3 -19.1 0 124 0 1 1
3 -18.6 0 119 0 1 1
3 -2.9 0 80 0 1 2
3 -2.8 -0.1 38 0 1 2
3.1 -3.3 -0.1 61 0 1 2
3.1 -3.1 -0.1 55 0 1 2
3.1 -3 0 45 0 1 2
3.1 -3 0.1 95 0 1 2
3.1 -2.9 0.1 105 0 1 2
3.1 -2.8 0 45 0 1 2
3.2 -13.5 -0.1 126 0 1 1
3.2 -11 -0.3 107 0 1 1
3.2 -10.6 -0.5 114 0 1 1
3.2 -10.2 -0.8 119 0 1 4
3.2 -9.7 -1.1 112 0 1 4
3.2 -9.3 -1.2 111 0 1 4
3.2 -8.8 -1.2 112 0 1 4
3.2 -8.3 -1.2 113 0 1 4
3.2 -7.8 -1.2 129 0 1 4
3.2 -7.3 -1.2 111 0 1 4
3.2 -6.8 -1.2 115 0 1 4
3.2 -3.3 -0.1 106 0 1 2
3.2 -3.2 0 122 0 1 2
3.2 -3.1 0.1 127 0 1 2
3.2 -3 0.2 97 0 1 2
3.2 -2.9 0.2 105 0 1 2
3.2 -2.8 0.1 103 0 1 2
3.3 -16.7 0 124 0 1 1
3.3 -16.3 0 123 0 1 1
3.3 -15.8 0 123 0 1 1
3.3 -15.3 -0.1 110 0 1 1
3.3 -14.9 -0.1 133 0 1 1
3.3 -14.4 -0.1 124 0 1 1
3.3 -14 -0.1 124 0 1 1
3.3 -13 -0.1 124 0 1 1
3.3 -12.5 -0.1 125 0 1 1
3.3 -12 -0.1 129 0 1 1
3.3 -11.5 -0.1 123 0 1 1
3.3 -3.3 0 67 0 1 2
3.3 -2.9 0.2 143 0 1 2
3.3 -2.8 0.2 136 0 1 2
3.3 -2.7 -0.1 112 0 1 2
3.3 -2.7 0.1 127 0 1 2
3.4 -19.7 0 107 0 1 1
3.4 -19.5 0 122 0 1 1
3.4 -19.1 0 122 0 1 1
3.4 -18.6 0 125 0 1 1
3.4 -18.1 0 119 0 1 1
3.4 -17.7 0 110 0 1 1
3.4 -17.2 0 129 0 1 1
3.4 -4.8 -0.4 102 0 1 1
3.4 -4.2 -0.2 125 0 1 1
3.4 -3.8 -0.2 128 0 1 1
3.4 -2.9 0.1 152 0 1 2
3.4 -2.8 0 136 0 1 2
3.4 -2.7 -0.1 115 0 1 2
3.4 -2.7 0.1 127 0 1 2
3.4 -2.4 -0.2 134 0 1 1
3.4 -1.9 -0.2 128 0 1 1
3.4 -1.4 -0.2 131 0 1 1
3.4 -1 -0.2 134 0 1 1
3.6 -19.7 0 94 0 1 1
3.7 -14.4 0 121 0 1 1
3.7 -13.9 0 122 0 1 1
3.7 -13.5 0 120 0 1 1
3.7 -13 0 123 0 1 1
3.7 -12.5 -0.1 121 0 1 1
3.7 -12 -0.1 129 0 1 1
3.7 -11.5 -0.1 121 0 1 1
3.7 -11 -0.3 132 0 1 1
3.7 -10.6 -0.5 119 0 1 1
3.7 -10.2 -0.8 109 0 1 4
3.7 -9.7 -1.1 114 0 1 4
3.7 -9.2 -1.2 106 0 1 4
3.7 -8.7 -1.2 115 0 1 4
3.7 -8.2 -1.2 117 0 1 4
3.7 -7.7 -1.2 96 0 1 4
3.7 -7.2 -1.2 120 0 1 4
3.7 -6.7 -1.2 115 0 1 4
3.8 -18.1 0 123 0 1 1
3.8 -17.7 0 126 0 1 1
3.8 -17.2 0 115 0 1 1
3.8 -16.7 0 125 0 1 1
3.8 -16.3 0 116 0 1 1
3.8 -15.8 0 125 0 1 1
3.8 -15.3 0 123 0 1 1
3.8 -14.9 0 114 0 1 1
3.8 -3.7 -0.2 136 0 1 1
3.9 -19.7 0 116 0 1 1
3.9 -19.5 0 121 0 1 1
3.9 -19.1 0 117 0 1 1
3.9 -18.6 0 123 0 1 1
3.9 -4.7 -0.4 113 0 1 1
3.9 -4.2 -0.2 120 0 1 1
3.9 -2.8 -0.2 124 0 1 1
3.9 -2.3 -0.2 135 0 1 1
3.9 -1.9 -0.2 129 0 1 1
3.9 -1.4 -0.2 136 0 1 1
3.9 -1 -0.2 140 0 1 1
3.9 -0.5 -0.2 148 0 1 1
3.9 0 -0.2 151 0 1 1
4.2 -19.6 0 86 0 1 1
4.2 -15.8 0 107 0 1 1
4.2 -15.4 0 121 0 1 1
4.2 -14.9 0 125 0 1 1
4.2 -14.4 0 124 0 1 1
4.2 -13.9 0 123 0 1 1
4.2 -13.5 0 121 0 1 1
4.2 -13 0 128 0 1 1
4.2 -12.5 0 123 0 1 1
4.2 -12 -0.1 113 0 1 1
4.2 -11.5 -0.1 128 0 1 1
4.2 -11 -0.3 127 0 1 1
4.2 -10.6 -0.5 120 0 1 1
4.2 -10.1 -0.8 121 0 1 4
4.2 -9.7 -1.1 123 0 1 4
4.2 -9.2 -1.2 110 0 1 4
4.2 -8.7 -1.2 117 0 1 4
4.2 -8.2 -1.2 110 0 1 4
4.2 -7.7 -1.2 85 0 1 4
4.2 -7.2 -1.3 104 0 1 4
4.2 -6.7 -1.2 113 0 1 4
4.2 -6.2 -1.1 112 0 1 4
4.3 -19.5 0 104 0 1 1
4.3 -19.1 0 120 0 1 1
4.3 -18.6 0 126 0 1 1
4.3 -18.2 0 122 0 1 1
4.3 -17.7 0 123 0 1 1
4.3 -17.2 0 120 0 1 1
4.3 -16.8 0 120 0 1 1
4.3 -16.3 0 123 0 1 1
4.3 -5.7 -0.9 120 0 1 4
4.3 -5.2 -0.6 116 0 1 1
4.3 -4.2 -0.3 124 0 1 1
4.3 -3.7 -0.2 131 0 1 1
4.3 -3.2 -0.2 128 0 1 1
4.4 -4.7 -0.4 108 0 1 1
4.4 -2.8 -0.2 127 0 1 1
4.4 -2.3 -0.2 131 0 1 1
4.4 -1.9 -0.2 136 0 1 1
4.4 -1.4 -0.2 145 0 1 1
4.4 -0.9 -0.3 149 0 1 1
4.4 -0.5 -0.3 152 0 1 1
4.4 0 -0.4 160 0 1 1
4.7 -17.7 0 115 0 1 1
4.7 -17.2 0 108 0 1 1
4.7 -16.8 0 121 0 1 1
4.7 -16.3 0 113 0 1 1
4.7 -15.8 0 123 0 1 1
4.7 -15.4 0 122 0 1 1
4.7 -14.9 0 121 0 1 1
4.7 -14.4 0 119 0 1 1
4.7 -13.9 0 113 0 1 1
4.7 -13.5 0 124 0 1 1
4.7 -13 0 126 0 1 1
4.7 -12.5 0 121 0 1 1
4.7 -12 0 114 0 1 1
4.7 -11.5 -0.1 128 0 1 1
4.7 -11 -0.2 125 0 1 1
4.7 -10.5 -0.5 125 0 1 1
4.7 -10.1 -0.8 118 0 1 4
4.7 -9.7 -1.1 119 0 1 4
4.7 -9.2 -1.2 115 0 1 4
4.7 -8.7 -1.2 113 0 1 4
4.7 -8.2 -1.3 119 0 1 4
4.7 -7.7 -1.3 110 0 1 4
4.7 -7.2 -1.3 107 0 1 4
4.8 -19.4 0 117 0 1 1
4.8 -19.1 0 119 0 1 1
4.8 -18.6 0 118 0 1 1
4.8 -18.2 0 122 0 1 1
4.8 -14.6 0.1 92 0 1 2
4.8 -14.5 0.1 72 0 1 2
4.8 -6.1 -1 105 0 1 4
4.8 -5.6 -0.7 105 0 1 4
4.8 -5.1 -0.5 115 0 1 1
4.8 -4.6 -0.4 120 0 1 1
4.8 -4.1 -0.3 122 0 1 1
4.8 -3.7 -0.3 130 0 1 1
4.8 -3.2 -0.3 134 0 1 1
4.8 -2.7 -0.3 131 0 1 1
4.8 -2.3 -0.3 134 0 1 1
4.9 -14.7 0.2 97 0 1 2
4.9 -1.8 -0.3 142 0 1 1
4.9 -1.4 -0.4 151 0 1 1
4.9 -0.9 -0.5 160 0 1 1
4.9 -0.5 -0.5 153 0 1 1
4.9 0 -0.6 156 0 1 1
5 -19.2 0 122 0 1 1
5 -14.8 0.2 79 0 1 2
5 -14.7 0.2 61 0 1 2
5 -14.7 0.3 100 0 1 2
5 -14.5 0.2 81 0 1 2
5 -14.4 0.1 74 0 1 2
5 -14.3 0.1 75 0 1 2
5.1 -14.7 0.4 95 0 1 2
5.1 -14.3 0.1 93 0 1 2
5.1 -14.3 0.2 113 0 1 2
5.1 -13.9 0 120 0 1 1
5.1 -13.5 0 126 0 1 1
5.1 -13 0 127 0 1 1
5.1 -12.5 0 122 0 1 1
5.1 -11.9 0 130 0 1 1
5.1 -10.1 -0.8 125 0 1 4
5.1 -9.6 -1.1 115 0 1 4
5.1 -9.1 -1.2 111 0 1 4
5.2 -19.2 0 114 0 1 1
5.2 -19.1 0 118 0 1 1
5.2 -18.7 0 129 0 1 1
5.2 -18.2 0 127 0 1 1
5.2 -17.7 0 128 0 1 1
5.2 -17.2 0 128 0 1 1
5.2 -16.8 0 135 0 1 1
5.2 -16.3 0 125 0 1 1
5.2 -15.8 0 121 0 1 1
5.2 -14.7 0.4 110 0 1 2
5.2 -14.6 0.3 81 0 1 2
5.2 -14.5 0.3 96 0 1 2
5.2 -14.3 0.1 144 0 1 2
5.2 -14.2 0 103 0 1 2
5.2 -14.2 0.1 141 0 1 2
5.2 -11.4 -0.1 126 0 1 1
5.2 -11 -0.2 125 0 1 1
5.2 -10.5 -0.5 127 0 1 1
5.2 -8.6 -1.3 120 0 1 4
5.2 -8.1 -1.3 114 0 1 4
5.2 -7.6 -1.3 105 0 1 4
5.2 -7.1 -1.3 114 0 1 4
5.3 -14.6 0.3 133 0 1 2
5.3 -14.4 0 117 0 1 2
5.3 -14.4 0.1 140 0 1 2
5.3 -5.1 -0.5 114 0 1 1
5.3 -4.6 -0.3 128 0 1 1
5.3 -4.1 -0.3 134 0 1 1
5.3 -3.6 -0.3 128 0 1 1
5.3 -3.2 -0.3 130 0 1 1
5.3 -2.7 -0.3 137 0 1 1
5.3 -2.3 -0.3 145 0 1 1
5.3 -1.8 -0.4 154 0 1 4
5.3 -1.4 -0.6 160 0 1 4
5.3 -0.9 -0.7 173 0 1 4
5.4 -14.7 0.1 136 0 1 2
5.4 -14.7 0.2 124 0 1 2
5.4 -14.6 0.2 136 0 1 2
5.4 -14.6 0.3 129 0 1 2
5.4 -14.5 0.2 139 0 1 2
5.6 -19.1 0 87 0 1 1
5.6 -17.2 0 118 0 1 1
5.6 -16.8 0 118 0 1 1
5.6 -14.9 0.1 125 0 1 1
5.6 -14.4 0.1 126 0 1 1
5.6 -13.9 0.1 125 0 1 1
5.6 -13.5 0.1 125 0 1 1
5.6 -13 0 128 0 1 1
5.6 -12.4 0 126 0 1 1
5.6 -11.9 0 135 0 1 1
5.6 -11.4 -0.1 131 0 1 1
5.6 -10.9 -0.2 129 0 1 1
5.6 -10.5 -0.5 126 0 1 1
5.6 -10 -0.8 102 0 1 4
5.6 -9.6 -1.1 91 0 1 4
5.6 -9.1 -1.2 103 0 1 4
5.6 -8.6 -1.2 106 0 1 4
5.7 -19.1 0 109 0 1 1
5.7 -18.7 0 121 0 1 1
5.7 -18.2 0 123 0 1 1
5.7 -17.7 0 109 0 1 1
5.7 -8.1 -1.2 107 0 1 4
5.7 -7.6 -1.2 95 0 1 4
5.7 -7 -1.3 109 0 1 4
5.7 -6.5 -1.2 100 0 1 4
5.8 -5.5 -0.7 100 0 1 4
5.8 -5 -0.5 108 0 1 1
5.8 -4.5 -0.3 129 0 1 1
5.8 -4.1 -0.3 131 0 1 1
5.8 -3.6 -0.3 133 0 1 1
5.8 -3.1 -0.3 136 0 1 1
5.8 -2.7 -0.3 142 0 1 1
5.8 -2.2 -0.4 153 0 1 4
5.8 -1.8 -0.6 160 0 1 4
5.8 -1.3 -0.8 162 0 1 4
6.1 -19 0 101 0 1 1
6.1 -18.7 0 126 0 1 1
6.1 -18.2 0 123 0 1 1
6.1 -17.7 0 124 0 1 1
6.1 -17.3 0.1 72 0 1 1
6.1 -16.3 0.1 122 0 1 1
6.1 -15.8 0.1 126 0 1 1
6.1 -15.4 0.1 124 0 1 1
6.1 -14.9 0.1 124 0 1 1
6.1 -14.4 0.1 124 0 1 1
6.1 -13.9 0.1 131 0 1 1
6.1 -13.5 0.1 127 0 1 1
6.1 -13 0.1 128 0 1 1
6.1 -12.4 0 126 0 1 1
6.1 -11.9 0 98 0 1 1
6.1 -11.4 0 136 0 1 1
6.1 -10.9 -0.2 119 0 1 1
6.1 -10.4 -0.4 108 0 1 1
6.1 -10 -0.7 94 0 1 4
6.1 -9.5 -0.9 88 0 1 4
6.1 -9 -0.9 92 0 1 4
6.1 -8.5 -1 94 0 1 4
6.2 -8 -1 65 0 1 4
6.2 -7.5 -1 97 0 1 4
6.2 -6.9 -1.1 88 0 1 4
6.2 -6.4 -1 97 0 1 4
6.2 -5.9 -0.8 92 0 1 4
6.3 -5.4 -0.6 106 0 1 1
6.3 -4.9 -0.5 124 0 1 1
6.3 -4.5 -0.4 125 0 1 1
6.3 -4 -0.4 138 0 1 1
6.3 -3.6 -0.4 136 0 1 1
6.3 -3.1 -0.4 139 0 1 1
6.3 -2.7 -0.4 152 0 1 1
6.3 -2.2 -0.6 159 0 1 4
6.3 -1.8 -0.8 157 0 1 4
6.3 -1.3 -1 159 0 1 4
6.3 -0.9 -1.2 156 0 1 4
6.5 -15.8 0.1 127 0 1 1
6.5 -15.4 0.1 127 0 1 1
6.5 -14.9 0.1 120 0 1 1
6.5 -14.4 0.1 132 0 1 1
6.5 -13.9 0.1 117 0 1 1
6.5 -13.5 0.1 129 0 1 1
6.5 -12.9 0.1 127 0 1 1
6.6 -18.8 0 85 0 1 1
6.6 -18.7 0.1 127 0 1 1
6.6 -18.2 0.1 127 0 1 1
6.6 -17.7 0.1 124 0 1 1
6.6 -17.3 0.1 123 0 1 1
6.6 -16.8 0.1 121 0 1 1
6.6 -16.3 0.1 126 0 1 1
6.6 -12.4 0 128 0 1 1
6.6 -11.9 0 125 0 1 1
6.6 -11.4 0 125 0 1 1
6.6 -10.9 -0.1 123 0 1 1
6.6 -10.4 -0.3 108 0 1 1
6.6 -9.9 -0.5 94 0 1 1
6.6 -9.4 -0.6 91 0 1 4
6.6 -8.9 -0.7 84 0 1 4
6.6 -8.4 -0.7 90 0 1 4
6.7 -7.9 -0.7 82 0 1 4
6.7 -7.4 -0.8 79 0 1 4
6.7 -6.8 -0.8 82 0 1 4
6.7 -6.3 -0.8 96 0 1 4
6.7 -5.8 -0.6 103 0 1 1
6.7 -1.7 -0.9 144 0 1 4
6.7 -1.3 -1.2 144 0 1 4
6.7 -0.8 -1.4 159 0 1 4
6.8 -18.7 0.1 95 0 1 1
6.8 -5.4 -0.5 113 0 1 1
6.8 -4.9 -0.4 112 0 1 1
6.8 -4.4 -0.4 129 0 1 1
6.8 -4 -0.4 132 0 1 1
6.8 -3.5 -0.4 133 0 1 1
6.8 -3.1 -0.4 140 0 1 1
6.8 -2.6 -0.5 154 0 1 1
6.8 -2.2 -0.7 153 0 1 4
7 -18.7 0.1 98 0 1 1
7 -18.2 0.1 130 0 1 1
7 -17.7 0.1 131 0 1 1
7 -17.3 0.1 119 0 1 1
7 -16.8 0.1 129 0 1 1
7 -16.3 0.1 130 0 1 1
7 -15.8 0.1 133 0 1 1
7 -15.4 0.1 131 0 1 1
7 -14.9 0.1 133 0 1 1
7 -14.4 0.1 122 0 1 1
7 -13.9 0.1 124 0 1 1
7 -13.5 0.1 127 0 1 1
7 -13 0.1 130 0 1 1
7 -12.4 0.1 129 0 1 1
7 -11.9 0 131 0 1 1
7 -11.4 0 129 0 1 1
7 -10.9 -0.1 126 0 1 1
7 -10.4 -0.1 120 0 1 1
7 -9.9 -0.3 113 0 1 1
7.1 -18.7 0.1 106 0 1 1
7.1 -9.4 -0.4 100 0 1 1
7.1 -8.9 -0.4 106 0 1 1
7.1 -8.4 -0.5 86 0 1 1
7.1 -7.9 -0.5 102 0 1 1
7.1 -7.3 -0.5 97 0 1 1
7.1 -6.8 -0.6 99 0 1 1
7.1 -0.4 -1.7 146 0 1 4
7.2 -6.3 -0.5 82 0 1 1
7.2 -5.8 -0.5 112 0 1 1
7.2 -5.4 -0.4 124 0 1 1
7.2 -4.9 -0.4 124 0 1 1
7.2 -4.5 -0.4 131 0 1 1
7.2 -4 -0.4 132 0 1 1
7.2 -3.6 -0.4 133 0 1 1
7.2 -3.1 -0.4 139 0 1 1
7.2 -2.7 -0.5 152 0 1 1
7.2 -2.2 -0.7 160 0 1 4
7.2 -1.8 -1 146 0 1 4
7.2 -1.3 -1.2 139 0 1 4
7.2 -0.9 -1.5 136 0 1 4
7.3 -18.6 0.1 113 0 1 1
7.4 -16.3 0.1 130 0 1 1
7.4 -15.8 0.1 106 0 1 1
7.4 -15.4 0.1 124 0 1 1
7.4 -14.9 0.1 118 0 1 1
7.4 -14.4 0.1 116 0 1 1
7.4 -13.9 0.1 130 0 1 1
7.4 -13.5 0.1 130 0 1 1
7.4 -13 0.1 130 0 1 1
7.4 -12.4 0.1 131 0 1 1
7.5 -18.6 0.1 116 0 1 1
7.5 -18.5 0.1 85 0 1 1
7.5 -18.4 0.1 122 0 1 1
7.5 -18.2 0.1 128 0 1 1
7.5 -17.7 0.1 124 0 1 1
7.5 -17.3 0.1 132 0 1 1
7.5 -16.8 0.1 127 0 1 1
7.5 -11.9 0 119 0 1 1
7.5 -11.4 0 121 0 1 1
7.5 -10.9 0 128 0 1 1
7.5 -10.4 -0.1 127 0 1 1
7.5 -9.9 -0.1 123 0 1 1
7.5 -9.4 -0.2 121 0 1 1
7.5 -8.9 -0.2 114 0 1 1
7.5 -8.4 -0.3 123 0 1 1
7.6 -18.5 0.1 100 0 1 1
7.6 -7.9 -0.3 119 0 1 1
7.6 -7.4 -0.3 98 0 1 1
7.6 -6.8 -0.4 115 0 1 1
7.6 -6.3 -0.4 123 0 1 1
7.6 -5.9 -0.4 131 0 1 1
7.6 -5.4 -0.4 134 0 1 1
7.6 -5 -0.4 127 0 1 1
7.6 -4.5 -0.4 126 0 1 1
7.6 -4.1 -0.3 136 0 1 1
7.6 -3.6 -0.3 133 0 1 1
7.6 -3.2 -0.4 148 0 1 1
7.6 -2.7 -0.5 160 0 1 1
7.6 -2.3 -0.7 162 0 1 4
7.6 -1.8 -1 151 0 1 4
7.6 -1.3 -1.2 135 0 1 4
7.6 -0.9 -1.5 136 0 1 4
7.6 -0.4 -1.7 146 0 1 4
7.6 0 -1.9 159 0 1 4
7.6 0.5 -1.9 153 0 1 4
7.8 -18.4 0.1 86 0 1 1
7.9 -18.4 0.1 116 0 1 1
7.9 -18.2 0.1 121 0 1 1
7.9 -17.7 0.1 116 0 1 1
7.9 -17.3 0.1 126 0 1 1
7.9 -16.8 0.1 128 0 1 1
7.9 -16.3 0.1 125 0 1 1
7.9 -15.8 0.1 98 0 1 1
7.9 -15.4 0.1 117 0 1 1
7.9 -14.9 0.1 126 0 1 1
7.9 -14.4 0.1 122 0 1 1
7.9 -13.9 0.1 126 0 1 1
7.9 -13.5 0.1 133 0 1 1
7.9 -13 0.1 126 0 1 1
7.9 -12.5 0.1 127 0 1 1
7.9 -12 0 128 0 1 1
7.9 -11.4 0 128 0 1 1
7.9 -10.9 0 126 0 1 1
7.9 -10.4 -0.1 124 0 1 1
8 -9.9 -0.1 131 0 1 1
8 -9.4 -0.1 121 0 1 1
8 -8.9 -0.2 132 0 1 1
8 -8.4 -0.2 131 0 1 1
8 -7.9 -0.2 133 0 1 1
8 -7.4 -0.3 126 0 1 1
8 -6.9 -0.3 126 0 1 1
8 -1.8 -0.9 150 0 1 4
8 -1.4 -1.2 126 0 1 4
8 -0.9 -1.5 142 0 1 4
8 -0.5 -1.7 147 0 1 4
8 0 -1.9 156 0 1 4
8 0.5 -1.9 165 0 1 4
8 0.9 -1.9 161 0 1 4
8 1.4 -1.9 167 0 1 4
8.1 -6.4 -0.4 127 0 1 1
8.1 -5.9 -0.3 129 0 1 1
8.1 -5.5 -0.3 140 0 1 1
8.1 -5 -0.3 130 0 1 1
8.1 -4.6 -0.3 132 0 1 1
8.1 -4.1 -0.3 133 0 1 1
8.1 -3.6 -0.3 135 0 1 1
8.1 -3.2 -0.4 151 0 1 1
8.1 -2.7 -0.5 166 0 1 1
8.1 -2.3 -0.7 167 0 1 4
8.2 -18.2 0.1 85 0 1 1
8.3 -18.2 0.1 102 0 1 1
8.3 -16.8 0.1 131 0 1 1
8.3 -16.3 0.1 131 0 1 1
8.3 -15.8 0.1 129 0 1 1
8.3 -15.4 0.1 104 0 1 1
8.3 -14.9 0.1 128 0 1 1
8.3 -14.4 0.1 114 0 1 1
8.3 -14 0.1 129 0 1 1
8.3 -13.5 0.2 129 0 1 1
8.3 -13 0.1 139 0 1 1
8.3 -12.5 0.1 126 0 1 1
8.3 -12 0 132 0 1 1
8.4 -18.1 0.1 116 0 1 1
8.4 -17.7 0.1 128 0 1 1
8.4 -17.3 0.1 127 0 1 1
8.4 -11.5 0 129 0 1 1
8.4 -11 0 136 0 1 1
8.4 -10.5 -0.1 132 0 1 1
8.4 -10 -0.1 129 0 1 1
8.4 -9.4 -0.1 131 0 1 1
8.4 -8.9 -0.2 120 0 1 1
8.4 -8.4 -0.2 135 0 1 1
8.4 -7.9 -0.2 127 0 1 1
8.4 -0.5 -1.7 148 0 1 4
8.4 0 -1.8 162 0 1 4
8.4 0.4 -1.9 158 0 1 4
8.4 0.9 -1.9 163 0 1 4
8.4 1.4 -1.9 167 0 1 4
8.5 -7.4 -0.3 114 0 1 1
8.5 -6.9 -0.3 127 0 1 1
8.5 -6.4 -0.3 136 0 1 1
8.5 -6 -0.3 128 0 1 1
8.5 -5.5 -0.3 127 0 1 1
8.5 -5.1 -0.3 134 0 1 1
8.5 -4.6 -0.3 132 0 1 1
8.5 -4.1 -0.3 130 0 1 1
8.5 -3.7 -0.3 133 0 1 1
8.5 -3.2 -0.3 154 0 1 1
8.5 -2.8 -0.5 169 0 1 1
8.5 -2.3 -0.7 164 0 1 4
8.5 -1.9 -0.9 149 0 1 4
8.5 -1.4 -1.2 140 0 1 4
8.5 -0.9 -1.5 140 0 1 4
8.6 -17.9 0.1 122 0 1 1
8.6 -6.9 0 45 0 1 3
8.7 -14 0.2 133 0 1 1
8.7 -13.5 0.2 123 0 1 1
8.7 -7.2 0 38 0 1 3
8.7 -7.1 0.2 38 0 1 3
8.7 -6.9 0.2 96 0 1 3
8.7 -4.3 -0.2 39 0 1 2
8.7 -4.2 -0.3 36 0 1 2
8.7 -4.2 -0.2 97 0 1 2
8.8 -17.9 0.1 113 0 1 1
8.8 -17.8 0.1 117 0 1 1
8.8 -17.7 0.1 119 0 1 1
8.8 -17.3 0.1 124 0 1 1
8.8 -16.8 0.1 128 0 1 1
8.8 -16.3 0.1 129 0 1 1
8.8 -15.8 0.1 125 0 1 1
8.8 -15.4 0.1 129 0 1 1
8.8 -14.9 0.1 130 0 1 1
8.8 -14.4 0.1 120 0 1 1
8.8 -13 0.1 129 0 1 1
8.8 -12.5 0.1 128 0 1 1
8.8 -12 0.1 123 0 1 1
8.8 -11.5 0 128 0 1 1
8.8 -11 0 124 0 1 1
8.8 -10.5 0 137 0 1 1
8.8 -10 -0.1 128 0 1 1
8.8 -9.5 -0.1 128 0 1 1
8.8 -8 0.1 43 0 1 3
8.8 -7.9 0.3 55 0 1 3
8.8 -7.8 0 38 0 1 3
8.8 -7.6 0.5 60 0 1 3
8.8 -7.3 0.5 77 0 1 3
8.8 -7.2 0.4 55 0 1 3
8.8 -7 0.3 89 0 1 3
8.8 -6.8 0.1 65 0 1 3
8.8 -4.5 0 87 0 1 2
8.8 -4.4 -0.2 41 0 1 2
8.8 -4.3 -0.2 45 0 1 2
8.8 -4.3 0 97 0 1 2
8.8 -4.2 0 79 0 1 2
8.8 -4 -0.2 120 0 1 2
8.9 -9 -0.1 122 0 1 1
8.9 -8.5 -0.2 134 0 1 1
8.9 -8.1 0.2 43 0 1 3
8.9 -8.1 0.3 49 0 1 3
8.9 -6.5 -0.3 139 0 1 1
8.9 -6 -0.3 129 0 1 1
8.9 -5.6 -0.3 131 0 1 1
8.9 -5.1 -0.3 128 0 1 1
8.9 -4.6 -0.3 132 0 1 1
8.9 -4.5 -0.2 111 0 1 2
8.9 -4.5 0 107 0 1 2
8.9 -4 -0.2 98 0 1 2
8.9 -4 0 75 0 1 2
8.9 -3.7 -0.3 134 0 1 1
8.9 -3.3 -0.3 145 0 1 1
8.9 -2.8 -0.4 163 0 1 1
8.9 -2.4 -0.6 166 0 1 4
8.9 -1.9 -0.9 149 0 1 4
8.9 -1.4 -1.2 144 0 1 4
8.9 -1 -1.4 133 0 1 4
8.9 -0.5 -1.7 151 0 1 4
8.9 -0.1 -1.8 166 0 1 4
8.9 0.4 -1.9 158 0 1 4
8.9 0.9 -1.9 162 0 1 4
8.9 1.4 -1.8 168 0 1 4
9 -8.5 -0.1 44 0 1 3
9 -8.2 0.2 59 0 1 3
9 -7.4 0.6 70 0 1 3
9 -7.3 0.7 76 0 1 3
9 -6.7 0.1 79 0 1 3
9 -4.5 0.1 133 0 1 2
9 -4 0 101 0 1 2
9.1 -17.7 0.1 112 0 1 1
9.1 -7.3 0.8 70 0 1 3
9.1 -4.4 0.1 127 0 1 2
9.1 -4.2 0 139 0 1 2
9.1 -4 0 122 0 1 2
9.2 -17.7 0.1 84 0 1 1
9.2 -17.3 0.1 125 0 1 1
9.2 -16.8 0.1 127 0 1 1
9.2 -16.3 0.1 127 0 1 1
9.2 -15.8 0.1 128 0 1 1
9.2 -15.4 0.1 120 0 1 1
9.2 -14.9 0.2 127 0 1 1
9.2 -14.4 0.2 129 0 1 1
9.2 -14 0.2 124 0 1 1
9.2 -13.5 0.2 131 0 1 1
9.2 -13 0.1 139 0 1 1
9.2 -12.5 0.1 127 0 1 1
9.2 -12 0.1 135 0 1 1
9.2 -11.5 0 132 0 1 1
9.2 -11 0 135 0 1 1
9.2 -8.7 0.1 54 0 1 3
9.2 -4.4 0 122 0 1 2
9.3 -17.6 0.1 104 0 1 1
9.3 -10.5 0 133 0 1 1
9.3 -10 -0.1 129 0 1 1
9.3 -9.5 -0.1 128 0 1 1
9.3 -9 -0.1 138 0 1 1
9.3 -8.2 0.4 76 0 1 3
9.3 -8 0.5 76 0 1 3
9.3 -7.9 0.6 79 0 1 3
9.3 -7.3 0.9 78 0 1 3
9.3 -6.7 0.3 132 0 1 3
9.3 -4 0 131 0 1 2
9.3 -1.9 -0.9 153 0 1 4
9.3 -1.5 -1.1 147 0 1 4
9.3 -1 -1.4 147 0 1 4
9.3 -0.5 -1.6 154 0 1 4
9.3 -0.1 -1.8 166 0 1 4
9.3 0.4 -1.8 166 0 1 4
9.3 0.9 -1.8 162 0 1 4
9.3 1.3 -1.8 168 0 1 4
9.4 -8.6 0.2 82 0 1 3
9.4 -8.5 0.3 77 0 1 3
9.4 -7.6 0.8 75 0 1 3
9.4 -6.1 -0.3 135 0 1 1
9.4 -5.6 -0.3 128 0 1 1
9.4 -5.1 -0.3 132 0 1 1
9.4 -4.1 -0.3 97 0 1 2
9.4 -3.8 -0.3 134 0 1 1
9.4 -3.3 -0.3 152 0 1 1
9.4 -2.8 -0.4 170 0 1 1
9.4 -2.4 -0.6 163 0 1 4
9.5 -17.4 0.1 112 0 1 1
9.5 -9.1 0 82 0 1 3
9.5 -9.1 0.1 100 0 1 3
9.5 -8.6 0.3 82 0 1 3
9.5 -8.5 0.4 77 0 1 3
9.5 -7.2 1.1 74 0 1 3
9.5 -6.9 0.6 121 0 1 3
9.5 -4.3 0 140 0 1 2
9.5 -4.1 -0.2 93 0 1 2
9.5 -4.1 0 139 0 1 2
9.6 -14.4 0.2 126 0 1 1
9.6 -14 0.2 130 0 1 1
9.6 -13.5 0.2 133 0 1 1
9.6 -13 0.1 132 0 1 1
9.6 -9.2 -0.1 53 0 1 3
9.6 -8.1 0.6 78 0 1 3
9.6 -7.7 0.8 67 0 1 3
9.6 -6.9 0.6 118 0 1 3
9.7 -17.4 0.1 94 0 1 1
9.7 -17.3 0.1 100 0 1 1
9.7 -16.8 0.1 129 0 1 1
9.7 -16.3 0.1 124 0 1 1
9.7 -15.9 0.1 125 0 1 1
9.7 -15.4 0.2 128 0 1 1
9.7 -14.9 0.2 132 0 1 1
9.7 -12.5 0.1 128 0 1 1
9.7 -12 0.1 130 0 1 1
9.7 -11.5 0 129 0 1 1
9.7 -11 0 139 0 1 1
9.7 -10.5 0 125 0 1 1
9.7 -10 -0.1 131 0 1 1
9.7 -9.5 -0.1 130 0 1 1
9.7 -8.5 0.4 79 0 1 3
9.7 -6.9 0.7 80 0 1 3
9.7 -6.3 -0.1 76 0 1 3
9.7 -0.6 -1.6 159 0 1 4
9.7 -0.1 -1.8 165 0 1 4
9.7 0.4 -1.8 167 0 1 4
9.7 0.8 -1.8 162 0 1 4
9.7 1.3 -1.8 168 0 1 4
9.8 -9.2 0.2 117 0 1 3
9.8 -8.1 0.7 68 0 1 3
9.8 -7.7 1 71 0 1 3
9.8 -7.2 1.3 77 0 1 3
9.8 -7.1 1.3 100 0 1 3
9.8 -6.4 0.3 98 0 1 3
9.8 -6.1 -0.3 131 0 1 1
9.8 -5.7 -0.3 132 0 1 1
9.8 -5.2 -0.3 130 0 1 1
9.8 -3.8 -0.3 136 0 1 1
9.8 -3.3 -0.3 146 0 1 1
9.8 -2.9 -0.4 164 0 1 1
9.8 -2.4 -0.6 168 0 1 4
9.8 -2 -0.8 150 0 1 4
9.8 -1.5 -1.1 146 0 1 4
9.8 -1 -1.4 147 0 1 4
9.9 -7.2 1.3 89 0 1 3
9.9 -6.9 0.8 78 0 1 3
9.9 -6.9 0.9 73 0 1 3
10 -17.3 0.1 95 0 1 1
10 -9.2 0.3 102 0 1 3
10 -8.4 0.7 103 0 1 3
10 -7.6 1.2 72 0 1 3
10 -7.2 1.4 136 0 1 3
10 -6.9 1 76 0 1 3
10.1 -17.2 0.1 124 0 1 1
10.1 -16.8 0.1 126 0 1 1
10.1 -16.3 0.1 131 0 1 1
10.1 -15.9 0.2 128 0 1 1
10.1 -15.4 0.2 127 0 1 1
10.1 -14.9 0.2 134 0 1 1
10.1 -14.4 0.2 134 0 1 1
10.1 -14 0.2 132 0 1 1
10.1 -13.5 0.2 127 0 1 1
10.1 -13 0.2 131 0 1 1
10.1 -12.5 0.1 130 0 1 1
10.1 -12 0.1 129 0 1 1
10.1 -11.5 0.1 133 0 1 1
10.1 -11 0 137 0 1 1
10.1 -10.6 0 133 0 1 1
10.1 -10.1 0 136 0 1 1
10.1 -6.9 1.2 79 0 1 3
10.2 -9 0.5 133 0 1 3
10.2 -8.5 0.7 45 0 1 3
10.2 -8.4 0.8 46 0 1 3
10.2 -7.6 1.3 65 0 1 3
10.2 -7.4 1.5 106 0 1 3
10.2 -6.2 -0.3 138 0 1 1
10.2 -5.7 -0.3 128 0 1 1
10.2 -5.2 -0.3 139 0 1 1
10.2 -4.3 -0.2 134 0 1 1
10.2 -3.8 -0.2 136 0 1 1
10.2 -3.4 -0.2 148 0 1 1
10.2 -2.9 -0.3 160 0 1 1
10.2 -2.5 -0.5 174 0 1 4
10.2 -2 -0.8 160 0 1 4
10.2 -1.5 -1.1 148 0 1 4
10.2 -1.1 -1.4 142 0 1 4
10.2 -0.6 -1.6 152 0 1 4
10.2 -0.1 -1.7 163 0 1 4
10.2 0.3 -1.8 163 0 1 4
10.2 0.8 -1.8 166 0 1 4
10.2 1.3 -1.8 169 0 1 4
10.3 -8.9 0.6 124 0 1 3
10.3 -8.1 1.1 70 0 1 3
10.3 -7.4 1.5 99 0 1 3
10.4 -16.9 0.1 124 0 1 1
10.4 -8.9 0.6 127 0 1 3
10.4 -8.5 0.9 49 0 1 3
10.4 -8.1 1.1 67 0 1 3
10.4 -7.4 1.6 109 0 1 3
10.4 -6.5 0.7 107 0 1 3
10.5 -14.9 0.2 128 0 1 1
10.5 -14.4 0.2 132 0 1 1
10.5 -14 0.2 126 0 1 1
10.5 -13.5 0.2 135 0 1 1
10.5 -13 0.2 139 0 1 1
10.5 -12.5 0.1 130 0 1 1
10.5 -12 0.1 130 0 1 1
10.5 -8.9 0.6 122 0 1 3
10.5 -8 1.2 64 0 1 3
10.5 -7.3 1.6 78 0 1 3
10.5 -6.6 1 101 0 1 3
10.6 -16.9 0.1 115 0 1 1
10.6 -16.8 0.1 118 0 1 1
10.6 -16.3 0.2 131 0 1 1
10.6 -15.9 0.2 126 0 1 1
10.6 -15.4 0.2 121 0 1 1
10.6 -11.6 0.1 133 0 1 1
10.6 -11.1 0 129 0 1 1
10.6 -10.6 0 127 0 1 1
10.6 -10.1 0 136 0 1 1
10.6 -8.9 0.6 69 0 1 3
10.6 -8.7 0.9 71 0 1 3
10.6 -7.9 1.4 59 0 1 3
10.6 -7.2 1.5 88 0 1 3
10.6 -7 1.4 152 0 1 3
10.6 -6.7 1.3 128 0 1 3
10.6 -6.4 0.2 104 0 1 3
10.6 -2 -0.7 167 0 1 4
10.6 -1.6 -1 153 0 1 4
10.6 -1.1 -1.3 149 0 1 4
10.6 -0.6 -1.5 151 0 1 4
10.6 -0.2 -1.7 163 0 1 4
10.6 0.3 -1.7 156 0 1 4
10.6 0.8 -1.7 146 0 1 4
10.6 1.3 -1.7 155 0 1 4
10.6 1.8 -1.7 159 0 1 4
10.7 -6.7 1.3 111 0 1 3
10.7 -6.6 0.9 107 0 1 3
10.7 -6.2 -0.3 136 0 1 1
10.7 -5.7 -0.2 131 0 1 1
10.7 -5.3 -0.2 122 0 1 1
10.7 -4.8 -0.2 124 0 1 1
10.7 -4.3 -0.2 135 0 1 1
10.7 -3.9 -0.2 136 0 1 1
10.7 -3.4 -0.2 144 0 1 1
10.7 -3 -0.3 170 0 1 1
10.7 -2.5 -0.5 175 0 1 4
10.8 -16.8 0.2 113 0 1 1
10.8 -8.5 1.2 68 0 1 3
10.8 -7.9 1.5 63 0 1 3
10.8 -7.8 1.6 68 0 1 3
10.8 -6.8 1.3 117 0 1 3
10.8 -6.7 1.3 83 0 1 3
10.9 -16.7 0.2 125 0 1 1
10.9 -8.3 1.3 66 0 1 3
10.9 -8 1.5 78 0 1 3
10.9 -6.6 1.2 105 0 1 3
11 -16.7 0.2 103 0 1 1
11 -16.5 0.2 133 0 1 1
11 -16.3 0.2 129 0 1 1
11 -15.9 0.2 132 0 1 1
11 -15.4 0.2 129 0 1 1
11 -14.9 0.2 132 0 1 1
11 -14.4 0.2 135 0 1 1
11 -14 0.2 131 0 1 1
11 -13.5 0.2 130 0 1 1
11 -13 0.2 137 0 1 1
11 -12.5 0.1 138 0 1 1
11 -12.1 0.1 123 0 1 1
11 -11.6 0.1 135 0 1 1
11 -11.1 0 131 0 1 1
11 -10.6 0 135 0 1 1
11 -6.6 0.9 108 0 1 3
11 -6.4 -0.1 112 0 1 3
11 -0.2 -1.5 146 0 1 4
11 0.3 -1.5 136 0 1 4
11.1 -6.6 0.8 88 0 1 3
11.1 -6.5 0.7 86 0 1 3
11.1 -6.3 -0.2 135 0 1 1
11.1 -5.8 -0.2 130 0 1 1
11.1 -5.3 -0.2 125 0 1 1
11.1 -4.9 -0.2 133 0 1 1
11.1 -4.4 -0.2 135 0 1 1
11.1 -3.9 -0.2 136 0 1 1
11.1 -3.5 -0.2 144 0 1 1
11.1 -3 -0.3 165 0 1 1
11.1 -2.5 -0.4 183 0 1 4
11.1 -2.1 -0.6 170 0 1 4
11.1 -1.6 -0.9 157 0 1 4
11.1 -1.1 -1.1 147 0 1 4
11.1 -0.6 -1.3 146 0 1 4
11.1 0.8 -1.5 138 0 1 4
11.1 1.3 -1.5 134 0 1 4
11.1 1.7 -1.5 132 0 1 4
11.2 -6.7 0.8 108 0 1 3
11.2 -6.5 0.4 119 0 1 3
11.3 -16.5 0.2 85 0 1 1
11.3 -6.4 0.2 133 0 1 3
11.4 -15.4 0.2 129 0 1 1
11.4 -14.9 0.2 130 0 1 1
11.4 -14.4 0.2 132 0 1 1
11.4 -14 0.2 128 0 1 1
11.4 -13.5 0.2 128 0 1 1
11.4 -13 0.2 116 0 1 1
11.4 -12.5 0.1 132 0 1 1
11.4 -12.1 0.1 119 0 1 1
11.4 -11.6 0.1 133 0 1 1
11.5 -16.3 0.2 102 0 1 1
11.5 -15.9 0.2 130 0 1 1
11.5 -11.1 0.1 138 0 1 1
11.5 -10.6 0 134 0 1 1
11.5 -6.3 -0.2 131 0 1 1
11.5 -5.8 -0.2 137 0 1 1
11.5 -5.4 -0.2 140 0 1 1
11.5 -4.9 -0.2 137 0 1 1
11.5 -4.4 -0.2 135 0 1 1
11.5 -4 -0.2 136 0 1 1
11.5 -3.5 -0.2 140 0 1 1
11.5 -3 -0.2 160 0 1 1
11.5 -2.6 -0.3 179 0 1 4
11.5 -2.1 -0.5 180 0 1 4
11.5 -1.6 -0.7 163 0 1 4
11.5 -1.1 -0.9 144 0 1 4
11.5 -0.7 -1.1 137 0 1 4
11.5 -0.2 -1.3 123 0 1 4
11.5 0.3 -1.3 118 0 1 4
11.5 0.8 -1.3 109 0 1 4
11.5 1.2 -1.3 117 0 1 4
11.5 1.7 -1.3 115 0 1 4
11.7 -16.2 0.2 101 0 1 1
11.9 -16 0.2 86 0 1 1
11.9 -15.9 0.2 134 0 1 1
11.9 -15.4 0.2 133 0 1 1
11.9 -14.9 0.2 134 0 1 1
11.9 -14.5 0.2 135 0 1 1
11.9 -14 0.2 132 0 1 1
11.9 -13.5 0.2 133 0 1 1
11.9 -13 0.2 130 0 1 1
11.9 -12.6 0.2 133 0 1 1
11.9 -12.1 0.1 125 0 1 1
11.9 -11.6 0.1 124 0 1 1
11.9 -11.1 0.1 130 0 1 1
11.9 -0.7 -0.9 127 0 1 4
11.9 -0.2 -1 111 0 1 4
11.9 0.3 -1 106 0 1 4
11.9 0.7 -1 102 0 1 4
12 -6.4 -0.2 139 0 1 1
12 -5.9 -0.2 137 0 1 1
12 -5.4 -0.2 131 0 1 1
12 -4.9 -0.2 138 0 1 1
12 -4.5 -0.2 132 0 1 1
12 -4 -0.2 136 0 1 1
12 -3.5 -0.1 138 0 1 1
12 -3.1 -0.1 150 0 1 1
12 -2.6 -0.2 166 0 1 1
12 -2.1 -0.4 183 0 1 4
12 -1.6 -0.5 172 0 1 4
12 -1.2 -0.7 151 0 1 4
12 1.2 -1 104 0 1 4
12 1.7 -1 108 0 1 4
12.1 -15.9 0.2 112 0 1 1
12.2 -15.7 0.2 132 0 1 1
12.3 -15.6 0.2 95 0 1 1
12.3 -15.4 0.2 133 0 1 1
12.3 -14.9 0.2 132 0 1 1
12.3 -14.5 0.2 115 0 1 1
12.3 -14 0.2 128 0 1 1
12.3 -13.5 0.2 133 0 1 1
12.3 -13 0.2 136 0 1 1
12.3 -12.6 0.2 135 0 1 1
12.3 -12.1 0.1 136 0 1 1
12.3 -11.6 0.1 136 0 1 1
12.3 -11.1 0.1 133 0 1 1
12.4 -6.9 -0.2 138 0 1 1
12.4 -6.4 -0.2 131 0 1 1
12.4 -5.9 -0.2 139 0 1 1
12.4 -5.5 -0.2 125 0 1 1
12.4 -5 -0.2 135 0 1 1
12.4 -4.5 -0.1 133 0 1 1
12.4 -4 -0.1 139 0 1 1
12.4 -3.6 -0.1 140 0 1 1
12.4 -3.1 -0.1 135 0 1 1
12.4 -2.6 -0.1 151 0 1 1
12.4 -2.1 -0.2 175 0 1 1
12.4 -1.7 -0.3 173 0 1 4
12.4 -1.2 -0.5 155 0 1 4
12.4 -0.7 -0.6 125 0 1 4
12.4 -0.3 -0.7 117 0 1 4
12.4 0.2 -0.7 108 0 1 4
12.4 0.7 -0.7 104 0 1 4
12.4 1.2 -0.7 110 0 1 4
12.4 1.7 -0.7 108 0 1 4
12.6 -15.4 0.2 94 0 1 1
12.7 -15.3 0.2 106 0 1 1
12.7 -13.5 0.2 135 0 1 1
12.7 -13 0.2 135 0 1 1
12.8 -15.3 0.2 116 0 1 1
12.8 -14.9 0.2 134 0 1 1
12.8 -14.5 0.2 119 0 1 1
12.8 -14 0.2 143 0 1 1
12.8 -12.6 0.2 141 0 1 1
12.8 -12.1 0.1 136 0 1 1
12.8 -11.6 0.1 134 0 1 1
12.8 -6.9 -0.2 137 0 1 1
12.8 -6.5 -0.2 133 0 1 1
12.8 -6 -0.2 145 0 1 1
12.8 -5.5 -0.2 133 0 1 1
12.8 -5 -0.1 135 0 1 1
12.8 -4.6 -0.1 140 0 1 1
12.8 -4.1 -0.1 138 0 1 1
12.8 -3.6 -0.1 145 0 1 1
12.8 -3.1 -0.1 141 0 1 1
12.8 -2.7 -0.1 150 0 1 1
12.8 -2.2 -0.1 153 0 1 1
12.8 -1.7 -0.2 165 0 1 1
12.8 -1.2 -0.3 161 0 1 4
12.8 -0.8 -0.4 146 0 1 4
12.8 -0.3 -0.4 133 0 1 4
12.8 0.2 -0.5 132 0 1 4
12.8 0.7 -0.5 138 0 1 4
12.9 1.2 -0.4 128 0 1 4
12.9 1.7 -0.4 127 0 1 4
13.2 -14.9 0.2 110 0 1 1
13.2 -14 0.2 120 0 1 1
13.2 -13.5 0.2 134 0 1 1
13.2 -13 0.2 140 0 1 1
13.2 -12.6 0.2 132 0 1 1
13.3 -14.9 0.2 107 0 1 1
13.3 -14.5 0.2 132 0 1 1
13.3 -12.1 0.1 141 0 1 1
13.3 -11.6 0.1 136 0 1 1
13.3 -7.4 -0.1 137 0 1 1
13.3 -6.9 -0.2 135 0 1 1
13.3 -6.4 -0.2 123 0 1 1
13.3 -5.9 -0.1 134 0 1 1
13.3 -5.5 -0.1 127 0 1 1
13.3 -5 -0.1 134 0 1 1
13.3 -4.5 -0.1 132 0 1 1
13.3 -4 -0.1 137 0 1 1
13.3 -3.6 -0.1 144 0 1 1
13.3 -3.1 -0.1 149 0 1 1
13.3 -2.6 -0.1 146 0 1 1
13.3 -2.1 -0.1 152 0 1 1
13.3 -1.7 -0.1 161 0 1 1
13.3 -1.2 -0.1 162 0 1 1
13.3 -0.7 -0.2 162 0 1 1
13.3 -0.2 -0.2 161 0 1 1
13.3 0.2 -0.2 152 0 1 1
13.3 0.7 -0.2 162 0 1 1
13.3 1.2 -0.2 161 0 1 1
13.4 1.7 -0.2 185 0 1 1
13.5 -14.6 0.2 127 0 1 1
13.7 -13.5 0.2 135 0 1 1
13.7 -13 0.2 132 0 1 1
13.7 -12.6 0.1 135 0 1 1
13.7 -12.1 0.1 139 0 1 1
13.8 -14.5 0.2 126 0 1 1
13.8 -14.4 0.2 126 0 1 1
13.8 -7.8 -0.1 136 0 1 1
13.8 -7.3 -0.1 135 0 1 1
13.8 -6.9 -0.1 139 0 1 1
13.8 -6.4 -0.1 113 0 1 1
13.8 -5.9 -0.1 132 0 1 1
13.8 -5.4 -0.1 138 0 1 1
13.8 -5 -0.1 138 0 1 1
13.8 -4.5 -0.1 135 0 1 1
13.8 -4 -0.1 143 0 1 1
13.8 -3.5 -0.1 137 0 1 1
13.8 -3.1 -0.1 143 0 1 1
13.8 -2.6 -0.1 146 0 1 1
13.8 -2.1 -0.1 148 0 1 1
13.8 -1.6 0 153 0 1 1
13.8 -1.2 0 159 0 1 1
13.8 -0.7 -0.1 159 0 1 1
13.8 -0.2 -0.1 166 0 1 1
13.8 0.3 -0.1 174 0 1 1
13.8 0.8 -0.1 173 0 1 1
13.8 1.2 -0.1 184 0 1 1
13.8 1.7 0 188 0 1 1
13.9 -14.3 0.2 126 0 1 1
13.9 2.2 0 185 0 1 1
14.1 -14.2 0.2 121 0 1 1
14.2 -14.1 0.1 108 0 1 1
14.2 -14 0.1 97 0 1 1
14.2 -13.5 0.1 140 0 1 1
14.2 -13 0.1 139 0 1 1
14.2 -12.5 0.1 134 0 1 1
14.3 -14 0.1 90 0 1 1
14.3 -13.7 0.1 126 0 1 1
14.3 -7.8 -0.1 143 0 1 1
14.3 -7.3 -0.1 144 0 1 1
14.3 -6.8 -0.1 134 0 1 1
14.3 -6.4 -0.1 141 0 1 1
14.3 -5.9 -0.1 139 0 1 1
14.3 -5.4 -0.1 138 0 1 1
14.3 -4.9 -0.1 135 0 1 1
14.3 -4.5 -0.1 144 0 1 1
14.3 -4 -0.1 144 0 1 1
14.3 -3.5 -0.1 142 0 1 1
14.3 -3 -0.1 141 0 1 1
14.3 -2.5 -0.1 148 0 1 1
14.3 -2.1 -0.1 148 0 1 1
14.3 -1.6 0 153 0 1 1
14.3 -1.1 0 152 0 1 1
14.3 -0.6 0 157 0 1 1
14.3 -0.2 0 163 0 1 1
14.3 0.3 0 167 0 1 1
14.3 0.8 0 172 0 1 1
14.3 1.3 0 177 0 1 1
14.3 1.8 0 179 0 1 1
14.3 2.2 0 182 0 1 1
14.7 -13.5 0.1 90 0 1 1
14.7 -13.4 0.1 132 0 1 1
14.7 -13 0.1 140 0 1 1
14.7 -12.5 0.1 136 0 1 1
14.7 -0.1 0 162 0 1 1
14.8 -8.2 -0.1 139 0 1 1
14.8 -7.8 -0.1 137 0 1 1
14.8 -7.3 -0.1 135 0 1 1
14.8 -6.8 -0.1 135 0 1 1
14.8 -6.3 -0.1 136 0 1 1
14.8 -5.8 -0.1 140 0 1 1
14.8 -5.4 -0.1 137 0 1 1
14.8 -4.9 -0.1 142 0 1 1
14.8 -4.4 -0.1 137 0 1 1
14.8 -3.9 -0.1 139 0 1 1
14.8 -3.5 -0.1 143 0 1 1
14.8 -3 -0.1 145 0 1 1
14.8 -2.5 -0.1 154 0 1 1
14.8 -2 0 149 0 1 1
14.8 -1.6 0 150 0 1 1
14.8 -1.1 0 153 0 1 1
14.8 -0.6 0 157 0 1 1
14.8 0.3 0 168 0 1 1
14.8 0.8 0 171 0 1 1
14.8 1.3 0 175 0 1 1
14.8 1.8 0 177 0 1 1
14.8 2.3 0 180 0 1 1
15.1 -13 0.1 113 0 1 1
15.1 -12.9 0.1 92 0 1 1
15.2 -12.8 0.1 129 0 1 1
15.2 -2.5 0 152 0 1 1
15.2 -2 0 151 0 1 1
15.2 -1.5 0 152 0 1 1
15.2 -1.1 0 156 0 1 1
15.2 -0.6 0 159 0 1 1
15.2 -0.1 0 163 0 1 1
15.2 0.4 0 168 0 1 1
15.2 0.8 0 171 0 1 1
15.3 -8.7 0 143 0 1 1
15.3 -8.2 -0.1 141 0 1 1
15.3 -7.7 -0.1 137 0 1 1
15.3 -7.2 -0.1 134 0 1 1
15.3 -6.8 -0.1 142 0 1 1
15.3 -6.3 -0.1 142 0 1 1
15.3 -5.8 -0.1 141 0 1 1
15.3 -5.3 -0.1 137 0 1 1
15.3 -4.9 -0.1 137 0 1 1
15.3 -4.4 -0.1 141 0 1 1
15.3 -3.9 -0.1 144 0 1 1
15.3 -3.4 -0.1 147 0 1 1
15.3 -3 0 150 0 1 1
15.3 1.3 0 175 0 1 1
15.3 1.8 0 178 0 1 1
15.3 2.3 0 180 0 1 1
15.7 -3.9 -0.1 144 0 1 1
15.7 -3.4 0 146 0 1 1
15.7 -2.9 0 148 0 1 1
15.7 -2.4 0 151 0 1 1
15.7 -2 0 152 0 1 1
15.7 -1.5 0 157 0 1 1
15.7 -1 0 156 0 1 1
15.7 -0.5 0 159 0 1 1
15.7 -0.1 0 164 0 1 1
15.7 0.4 0 168 0 1 1
15.7 0.9 0 173 0 1 1
15.7 1.4 0 176 0 1 1
15.8 -8.7 0 144 0 1 1
15.8 -8.2 -0.1 138 0 1 1
15.8 -7.7 -0.1 151 0 1 1
15.8 -7.2 -0.1 136 0 1 1
15.8 -6.7 -0.1 130 0 1 1
15.8 -6.2 -0.1 136 0 1 1
15.8 -5.8 -0.1 135 0 1 1
15.8 -5.3 -0.1 142 0 1 1
15.8 -4.8 -0.1 143 0 1 1
15.8 -4.3 -0.1 142 0 1 1
15.8 1.8 0 177 0 1 1
15.8 2.3 0 181 0 1 1
16.2 -9.1 0 145 0 1 1
16.2 -4.3 0 144 0 1 1
16.2 -3.8 0 150 0 1 1
16.2 -3.4 0 149 0 1 1
16.2 -2.9 0 145 0 1 1
16.2 -2.4 0 151 0 1 1
16.2 -1.9 0 154 0 1 1
16.2 -1.5 0 154 0 1 1
16.2 -1 0 160 0 1 1
16.2 -0.5 0 162 0 1 1
16.2 0 0 166 0 1 1
16.2 0.4 0 170 0 1 1
16.2 0.9 0 173 0 1 1
16.2 1.4 0 176 0 1 1
16.2 1.9 0 177 0 1 1
16.3 -8.6 0 145 0 1 1
16.3 -8.1 0 142 0 1 1
16.3 -7.7 0 137 0 1 1
16.3 -7.2 -0.1 139 0 1 1
16.3 -6.7 -0.1 139 0 1 1
16.3 -6.2 -0.1 131 0 1 1
16.3 -5.7 -0.1 139 0 1 1
16.3 -5.3 -0.1 128 0 1 1
16.3 -4.8 0 146 0 1 1
16.3 2.3 0 181 0 1 1
16.6 0 0 166 0 1 1
16.7 -9.6 0 139 0 1 1
16.7 -9.1 0 144 0 1 1
16.7 -8.6 0 145 0 1 1
16.7 -5.2 0 141 0 1 1
16.7 -4.8 0 141 0 1 1
16.7 -4.3 0 148 0 1 1
16.7 -3.8 0 148 0 1 1
16.7 -3.3 0 150 0 1 1
16.7 -2.9 0 153 0 1 1
16.7 -2.4 0 153 0 1 1
16.7 -1.9 0 152 0 1 1
16.7 -1.4 0 152 0 1 1
16.7 -0.9 0 159 0 1 1
16.7 -0.5 0 162 0 1 1
16.7 0.5 0 170 0 1 1
16.7 0.9 0 174 0 1 1
16.7 1.4 0 178 0 1 1
16.7 1.9 0 178 0 1 1
16.7 2.3 0 182 0 1 1
16.8 -8.1 0 142 0 1 1
16.8 -7.6 0 140 0 1 1
16.8 -7.1 0 145 0 1 1
16.8 -6.7 0 141 0 1 1
16.8 -6.2 0 143 0 1 1
16.8 -5.7 0 146 0 1 1
17.1 -1.4 0 153 0 1 1
17.1 -0.9 0 160 0 1 1
17.1 -0.4 0 163 0 1 1
17.1 0 0 167 0 1 1
17.1 0.5 0 171 0 1 1
17.2 -10 0 132 0 1 1
17.2 -9.6 0 138 0 1 1
17.2 -9.1 0 139 0 1 1
17.2 -8.6 0 143 0 1 1
17.2 -8.1 0 142 0 1 1
17.2 -5.7 0 144 0 1 1
17.2 -5.2 0 146 0 1 1
17.2 -4.7 0 148 0 1 1
17.2 -4.2 0 146 0 1 1
17.2 -3.8 0 142 0 1 1
17.2 -3.3 0 145 0 1 1
17.2 -2.8 0 150 0 1 1
17.2 -2.3 0 148 0 1 1
17.2 -1.9 0 153 0 1 1
17.2 1 0 175 0 1 1
17.2 1.4 0 179 0 1 1
17.2 1.9 0 178 0 1 1
17.2 2.4 0 182 0 1 1
17.3 -9.5 0 119 0 1 1
17.3 -7.6 0 144 0 1 1
17.3 -7.1 0 142 0 1 1
17.3 -6.6 0 139 0 1 1
17.3 -6.1 0 143 0 1 1
17.4 -9.5 0 118 0 1 1
17.4 -9.3 0 137 0 1 1
17.6 -1.8 0 156 0 1 1
17.6 -1.4 0 156 0 1 1
17.6 -0.9 0 160 0 1 1
17.6 -0.4 0 164 0 1 1
17.6 0.1 0 168 0 1 1
17.6 0.5 0 172 0 1 1
17.6 1 0 175 0 1 1
17.7 -9 0 104 0 1 1
17.7 -8.5 0 138 0 1 1
17.7 -8.1 0 144 0 1 1
17.7 -7.6 0 144 0 1 1
17.7 -5.6 0 142 0 1 1
17.7 -5.2 0 148 0 1 1
17.7 -4.7 0 143 0 1 1
17.7 -4.2 0 147 0 1 1
17.7 -3.7 0 145 0 1 1
17.7 -3.3 0 151 0 1 1
17.7 -2.8 0 150 0 1 1
17.7 -2.3 0 147 0 1 1
17.7 1.5 0 179 0 1 1
17.7 1.9 0 179 0 1 1
17.7 2.4 0 182 0 1 1
17.8 -7.1 0 141 0 1 1
17.8 -6.6 0 141 0 1 1
17.8 -6.1 0 139 0 1 1
18 -8.5 0 99 0 1 1
18.1 -8.3 0 105 0 1 1
18.1 -2.7 0 153 0 1 1
18.1 -2.3 0 153 0 1 1
18.1 -1.8 0 158 0 1 1
18.1 -1.3 0 156 0 1 1
18.1 -0.8 0 160 0 1 1
18.1 -0.4 0 166 0 1 1
18.1 0.1 0 168 0 1 1
18.1 0.6 0 172 0 1 1
18.1 1 0 176 0 1 1
18.1 1.5 0 179 0 1 1
18.1 1.9 0 180 0 1 1
18.2 -8.1 0 111 0 1 1
18.2 -8 0 110 0 1 1
18.2 -7.5 0 133 0 1 1
18.2 -7 0 136 0 1 1
18.2 -6.1 0 143 0 1 1
18.2 -5.6 0 138 0 1 1
18.2 -5.1 0 142 0 1 1
18.2 -4.6 0 148 0 1 1
18.2 -4.2 0 147 0 1 1
18.2 -3.7 0 145 0 1 1
18.2 -3.2 0 149 0 1 1
18.2 2.4 0 182 0 1 1
18.2 2.9 0 184 0 1 1
18.3 -8 0 110 0 1 1
18.3 -7.9 0 111 0 1 1
18.3 -6.5 0 145 0 1 1
18.4 -7.7 0 112 0 1 1
18.4 -7.3 0 134 0 1 1
18.5 -7.5 0 107 0 1 1
18.5 0.1 0 169 0 1 1
18.6 -7 0 105 0 1 1
18.6 -3.2 0 150 0 1 1
18.6 -2.7 0 156 0 1 1
18.6 -2.2 0 152 0 1 1
18.6 -1.8 0 153 0 1 1
18.6 -1.3 0 158 0 1 1
18.6 -0.8 0 162 0 1 1
18.6 -0.3 0 166 0 1 1
18.6 0.6 0 171 0 1 1
18.6 1.1 0 175 0 1 1
18.6 1.5 0 179 0 1 1
18.6 2 0 179 0 1 1
18.7 -6.8 0 103 0 1 1
18.7 -6.6 0 99 0 1 1
18.7 -6 0 148 0 1 1
18.7 -5.6 0 144 0 1 1
18.7 -5.1 0 144 0 1 1
18.7 -4.6 0 148 0 1 1
18.7 -4.1 0 150 0 1 1
18.7 -3.7 0 148 0 1 1
18.7 2.4 0 182 0 1 1
18.7 2.9 -0.1 184 0 1 1
18.8 -6.5 0 139 0 1 1
18.8 -6.3 0 134 0 1 1
18.9 -6 0 123 0 1 1
19 -0.8 0 163 0 1 1
19 -0.3 0 167 0 1 1
19 0.2 0 169 0 1 1
19 0.6 0 173 0 1 1
19.1 -5.5 0 137 0 1 1
19.1 -5.4 0 121 0 1 1
19.1 -3.6 0 152 0 1 1
19.1 -3.2 0 151 0 1 1
19.1 -2.7 0 154 0 1 1
19.1 -2.2 0 150 0 1 1
19.1 -1.7 0 155 0 1 1
19.1 -1.3 0 161 0 1 1
19.1 1.1 0 176 0 1 1
19.1 1.5 0 180 0 1 1
19.1 2 0 181 0 1 1
19.1 2.5 0 184 0 1 1
19.2 -5.2 0 100 0 1 1
19.2 -5.1 0 140 0 1 1
19.2 -4.8 0 128 0 1 1
19.2 -4.6 0 146 0 1 1
19.2 -4.1 0 149 0 1 1
19.2 2.9 -0.1 185 0 1 1
19.4 -4.6 0 107 0 1 1
19.4 -3.6 0 153 0 1 1
19.5 -4.1 0 119 0 1 1
19.5 -4 0 110 0 1 1
19.5 -1.2 0 102 0 1 1
19.5 -0.7 0 158 0 1 1
19.5 -0.3 0 149 0 1 1
19.5 0.2 0 111 0 1 1
19.5 0.7 0 155 0 1 1
19.5 1.1 0 172 0 1 1
19.6 -4 0 100 0 1 1
19.6 -3.8 0 136 0 1 1
19.6 -3.6 0 97 0 1 1
19.6 -3.5 0 142 0 1 1
19.6 -3.4 0 124 0 1 1
19.6 -3.3 0 145 0 1 1
19.6 -3.1 0 114 0 1 1
19.6 -2.6 0 125 0 1 1
19.6 -2.2 0 124 0 1 1
19.6 -1.7 0 116 0 1 1
19.6 1.6 0 130 0 1 1
19.6 2 0 143 0 1 1
19.6 2.5 -0.1 155 0 1 1
19.6 2.9 -0.1 157 0 1 1
19.6 3 -0.1 184 0 1 1
19.6 3.1 -0.1 167 0 1 1
