-14.2 14.1 -0.3 80 0 1 1
-14 14.1 -0.2 112 0 1 1
-13.8 14 -0.2 117 0 1 1
-13.8 14.4 -0.2 112 0 1 1
-13.5 13.8 -0.2 115 0 1 1
-13.5 14.6 -0.2 114 0 1 1
-13.3 14 -0.2 109 0 1 1
-13.3 14.5 -0.2 118 0 1 1
-13.3 14.8 -0.2 92 0 1 1
-13.2 13 -0.2 117 0 1 1
-13.2 13.5 -0.2 117 0 1 1
-13.2 14.9 -0.2 118 0 1 1
-13.1 14.2 -0.2 118 0 1 1
-13 13.3 -0.2 117 0 1 1
-13 13.8 -0.2 113 0 1 1
-13 15 -0.2 105 0 1 1
-12.9 14.5 -0.2 119 0 1 1
-12.9 14.9 -0.2 117 0 1 1
-12.9 15.2 -0.2 104 0 1 1
-12.8 13 -0.2 122 0 1 1
-12.8 13.5 -0.2 105 0 1 1
-12.8 14 -0.2 112 0 1 1
-12.8 15.3 -0.2 109 0 1 1
-12.7 14.7 -0.2 118 0 1 1
-12.6 12.8 -0.2 111 0 1 1
-12.6 13.3 -0.2 93 0 1 1
-12.6 13.8 -0.2 108 0 1 1
-12.6 14.2 -0.2 121 0 1 1
-12.6 15.4 -0.2 113 0 1 1
-12.5 15.4 -0.2 92 0 1 1
-12.5 15.5 -0.2 71 0 1 1
-12.4 12.5 -0.2 116 0 1 1
-12.4 13 -0.2 124 0 1 1
-12.4 13.5 -0.2 107 0 1 1
-12.4 14 -0.2 119 0 1 1
-12.4 14.5 -0.2 113 0 1 1
-12.4 14.9 -0.2 109 0 1 1
-12.2 12.3 -0.2 121 0 1 1
-12.2 12.8 -0.2 118 0 1 1
-12.2 13.3 -0.2 128 0 1 1
-12.2 13.8 -0.2 108 0 1 1
-12.2 14.2 -0.2 118 0 1 1
-12.2 14.7 -0.2 114 0 1 1
-12 13 -0.2 123 0 1 1
-12 13.5 -0.2 114 0 1 1
-12 14 -0.2 119 0 1 1
-12 14.5 -0.2 124 0 1 1
-11.9 12 -0.2 120 0 1 1
-11.9 12.5 -0.2 118 0 1 1
-11.8 13.8 -0.2 109 0 1 1
-11.8 14.2 -0.2 103 0 1 1
-11.7 11.8 -0.2 121 0 1 1
-11.7 12.3 -0.2 117 0 1 1
-11.7 12.8 -0.2 118 0 1 1
-11.7 13.3 -0.2 118 0 1 1
-11.5 11.5 -0.2 123 0 1 1
-11.5 12 -0.2 120 0 1 1
-11.5 12.5 -0.2 109 0 1 1
-11.5 13 -0.2 129 0 1 1
-11.5 13.5 -0.2 101 0 1 1
-11.3 11.3 -0.2 123 0 1 1
-11.3 11.8 -0.2 123 0 1 1
-11.3 12.3 -0.2 112 0 1 1
-11.3 12.8 -0.2 108 0 1 1
-11.3 13.3 -0.2 118 0 1 1
-11.1 11 -0.2 121 0 1 1
-11.1 11.5 -0.2 125 0 1 1
-11.1 12 -0.2 120 0 1 1
-11.1 12.5 -0.2 127 0 1 1
-11.1 13 -0.2 114 0 1 1
-10.9 11.3 -0.2 126 0 1 1
-10.9 11.8 -0.2 119 0 1 1
-10.9 12.3 -0.2 121 0 1 1
-10.8 10.8 -0.2 107 0 1 1
-10.7 12 -0.2 115 0 1 1
-10.6 10.5 -0.2 118 0 1 1
-10.6 11 -0.2 111 0 1 1
-10.6 11.5 -0.2 119 0 1 1
-10.5 12.2 -0.1 68 0 1 5
-10.4 10.3 -0.2 126 0 1 1
-10.4 10.8 -0.2 116 0 1 1
-10.4 11.3 -0.2 115 0 1 1
-10.4 11.8 -0.2 120 0 1 1
-10.2 10 -0.2 122 0 1 1
-10.2 10.5 -0.2 129 0 1 1
-10.2 11 -0.2 120 0 1 1
-10.2 11.5 -0.2 116 0 1 1
-10 10.3 -0.2 119 0 1 1
-10 10.8 -0.2 120 0 1 1
-10 11.3 -0.2 97 0 1 1
-10 11.5 -0.1 72 0 1 5
-10 11.7 0 114 0 1 5
-10 11.9 0.1 72 0 1 5
-10 12.2 0.1 72 0 1 5
-9.9 9.8 -0.2 124 0 1 1
-9.8 11 -0.2 111 0 1 1
-9.7 9.5 -0.2 120 0 1 1
-9.7 10 -0.2 126 0 1 1
-9.7 10.5 -0.2 123 0 1 1
-9.6 10.9 -0.2 106 0 1 5
-9.6 11.1 -0.1 77 0 1 5
-9.6 11.3 0.1 75 0 1 5
-9.6 11.5 0.2 75 0 1 5
-9.6 11.7 0.3 96 0 1 5
-9.6 11.9 0.3 71 0 1 5
-9.5 9.3 -0.1 113 0 1 1
-9.5 9.8 -0.2 117 0 1 1
-9.5 10.3 -0.2 129 0 1 1
-9.5 10.8 -0.2 106 0 1 1
-9.3 9.5 -0.1 123 0 1 1
-9.3 10 -0.2 123 0 1 1
-9.3 10.5 -0.2 117 0 1 1
-9.2 10.6 -0.1 83 0 1 5
-9.2 10.9 0.1 77 0 1 5
-9.2 11.1 0.2 72 0 1 5
-9.2 11.3 0.3 71 0 1 5
-9.2 11.5 0.4 73 0 1 5
-9.2 11.7 0.5 71 0 1 5
-9.1 10.2 -0.2 124 0 1 1
-9 9.3 -0.1 109 0 1 1
-9 9.8 -0.1 122 0 1 1
-8.8 9 -0.1 123 0 1 1
-8.8 9.5 -0.1 125 0 1 1
-8.8 10 -0.1 125 0 1 1
-8.7 10.2 -0.1 105 0 1 5
-8.7 10.4 0 76 0 1 5
-8.7 10.6 0.2 75 0 1 5
-8.7 10.9 0.3 73 0 1 5
-8.7 11.1 0.5 70 0 1 5
-8.7 11.3 0.6 66 0 1 5
-8.7 11.5 0.7 70 0 1 5
-8.7 11.7 0.8 72 0 1 5
-8.7 11.9 0.9 72 0 1 5
-8.6 8.8 -0.1 119 0 1 1
-8.6 9.3 -0.1 115 0 1 1
-8.6 9.7 -0.1 120 0 1 1
-8.4 9.5 -0.1 120 0 1 1
-8.4 10 -0.1 82 0 1 1
-8.3 8.5 -0.1 127 0 1 1
-8.3 9 -0.1 108 0 1 1
-8.3 10 -0.1 71 0 1 5
-8.3 10.2 0.1 76 0 1 5
-8.3 10.4 0.3 72 0 1 5
-8.3 10.6 0.4 62 0 1 5
-8.3 10.9 0.6 69 0 1 5
-8.3 11.1 0.7 72 0 1 5
-8.3 11.3 0.9 71 0 1 5
-8.3 11.5 1 72 0 1 5
-8.3 11.7 1.1 73 0 1 5
-8.2 9.7 -0.1 121 0 1 1
-8.1 8.3 -0.1 113 0 1 1
-8.1 8.7 -0.1 120 0 1 1
-8.1 9.2 -0.1 116 0 1 1
-7.9 8.5 -0.1 117 0 1 1
-7.9 9 -0.1 119 0 1 1
-7.9 9.5 -0.1 124 0 1 1
-7.9 9.8 0 78 0 1 5
-7.9 10 0.2 72 0 1 5
-7.9 10.2 0.3 74 0 1 5
-7.9 10.4 0.5 58 0 1 5
-7.9 10.6 0.7 64 0 1 5
-7.9 10.9 0.9 68 0 1 5
-7.9 11.1 1 75 0 1 5
-7.9 11.3 1.2 78 0 1 5
-7.9 11.5 1.2 77 0 1 5
-7.9 11.7 1.3 72 0 1 5
-7.8 8 -0.1 127 0 1 1
-7.7 8.7 -0.1 112 0 1 1
-7.7 9.2 -0.1 114 0 1 1
-7.6 7.8 -0.1 131 0 1 1
-7.6 8.2 -0.1 125 0 1 1
-7.4 7.5 -0.1 119 0 1 1
-7.4 8 -0.1 122 0 1 1
-7.4 8.5 -0.1 119 0 1 1
-7.4 9 -0.1 112 0 1 1
-7.4 9.5 0 80 0 1 5
-7.4 9.8 0.2 69 0 1 5
-7.4 10 0.4 71 0 1 5
-7.4 10.2 0.6 71 0 1 5
-7.4 10.4 0.8 68 0 1 5
-7.4 10.6 1 61 0 1 5
-7.4 10.9 1.2 71 0 1 5
-7.4 11.1 1.3 76 0 1 5
-7.4 11.3 1.4 83 0 1 5
-7.4 11.5 1.5 82 0 1 5
-7.4 11.7 1.5 74 0 1 5
-7.2 8.2 -0.1 120 0 1 1
-7.2 8.7 -0.1 115 0 1 1
-7.2 9.2 -0.1 122 0 1 1
-7.1 7.3 -0.1 123 0 1 1
-7.1 7.7 -0.1 123 0 1 1
-7 8.5 -0.1 118 0 1 1
-7 9 -0.1 125 0 1 1
-7 9.3 0 82 0 1 5
-7 9.5 0.2 78 0 1 5
-7 9.8 0.4 68 0 1 5
-7 10 0.6 68 0 1 5
-7 10.2 0.9 63 0 1 5
-7 10.4 1.1 73 0 1 5
-7 10.6 1.2 78 0 1 5
-7 10.9 1.4 80 0 1 5
-7 11.1 1.5 89 0 1 5
-7 11.3 1.6 74 0 1 5
-7 11.5 1.7 76 0 1 5
-7 11.7 1.8 78 0 1 5
-6.9 7 -0.1 128 0 1 1
-6.9 7.5 -0.1 114 0 1 1
-6.9 8 -0.1 122 0 1 1
-6.7 7.7 -0.1 117 0 1 1
-6.7 8.2 -0.1 121 0 1 1
-6.7 8.7 -0.1 120 0 1 1
-6.6 6.7 -0.1 113 0 1 1
-6.6 7.2 -0.1 118 0 1 1
-6.5 8.5 -0.1 121 0 1 1
-6.5 9 -0.1 118 0 1 1
-6.5 9.1 -0.1 83 0 1 5
-6.5 9.3 0.2 74 0 1 5
-6.5 9.5 0.4 71 0 1 5
-6.5 9.8 0.6 77 0 1 5
-6.5 10 0.9 69 0 1 5
-6.5 10.2 1.1 55 0 1 5
-6.5 10.4 1.3 81 0 1 5
-6.5 10.6 1.4 87 0 1 5
-6.5 10.9 1.6 91 0 1 5
-6.5 11.1 1.7 90 0 1 5
-6.5 11.3 1.8 97 0 1 5
-6.5 11.5 1.9 101 0 1 5
-6.5 11.7 1.9 104 0 1 5
-6.4 7 -0.1 122 0 1 1
-6.4 7.5 -0.1 127 0 1 1
-6.4 8 -0.1 120 0 1 1
-6.3 6.5 -0.1 120 0 1 1
-6.2 7.7 -0.1 125 0 1 1
-6.2 8.2 -0.1 110 0 1 1
-6.2 8.7 -0.1 120 0 1 1
-6.1 6.2 -0.1 120 0 1 1
-6.1 6.7 -0.1 114 0 1 1
-6.1 7.2 -0.1 112 0 1 1
-6.1 9.1 0.1 83 0 1 5
-6.1 9.3 0.3 80 0 1 5
-6.1 9.5 0.6 77 0 1 5
-6.1 9.8 0.8 77 0 1 5
-6.1 10 1.1 79 0 1 5
-6.1 10.2 1.3 85 0 1 5
-6.1 10.4 1.5 92 0 1 5
-6.1 10.6 1.6 97 0 1 5
-6.1 10.9 1.8 100 0 1 5
-6.1 11.1 1.9 107 0 1 5
-6.1 11.3 2 109 0 1 5
-6.1 11.5 2 110 0 1 5
-6.1 11.7 2.1 102 0 1 5
-5.9 7 -0.1 106 0 1 1
-5.9 7.5 -0.1 100 0 1 1
-5.9 8 -0.1 122 0 1 1
-5.9 8.5 -0.1 118 0 1 1
-5.8 6 -0.1 115 0 1 1
-5.8 6.5 -0.1 114 0 1 1
-5.7 8.2 -0.1 121 0 1 1
-5.7 8.7 -0.1 112 0 1 1
-5.7 8.9 0 79 0 1 5
-5.7 9.1 0.2 72 0 1 5
-5.7 9.3 0.5 73 0 1 5
-5.7 9.5 0.8 77 0 1 5
-5.7 9.8 1 77 0 1 5
-5.7 10 1.2 87 0 1 5
-5.7 10.2 1.4 89 0 1 5
-5.7 10.4 1.6 98 0 1 5
-5.7 10.6 1.7 101 0 1 5
-5.7 10.9 1.9 111 0 1 5
-5.7 11.1 1.9 122 0 1 5
-5.7 11.3 2 121 0 1 5
-5.7 11.5 2.1 116 0 1 5
-5.7 11.7 2.1 87 0 1 5
-5.6 5.8 -0.1 116 0 1 1
-5.6 6.2 -0.1 112 0 1 1
-5.6 6.7 0 121 0 1 1
-5.6 7.2 0 115 0 1 1
-5.6 7.7 -0.1 124 0 1 1
-5.4 7.5 0 126 0 1 1
-5.4 8 0 125 0 1 1
-5.4 8.5 0 126 0 1 1
-5.3 5.5 -0.1 119 0 1 1
-5.3 6 0 115 0 1 1
-5.3 6.4 0 107 0 1 1
-5.3 6.9 0 116 0 1 1
-5.2 8.2 0 124 0 1 1
-5.2 8.7 0 116 0 1 1
-5.2 8.9 0.1 88 0 1 5
-5.2 9.1 0.4 85 0 1 5
-5.2 9.3 0.7 88 0 1 5
-5.2 9.5 0.9 84 0 1 5
-5.2 9.8 1.2 92 0 1 5
-5.2 10 1.4 99 0 1 5
-5.2 10.2 1.6 99 0 1 5
-5.2 10.4 1.7 113 0 1 5
-5.2 10.6 1.8 112 0 1 5
-5.2 10.9 1.9 121 0 1 5
-5.2 11.1 2 125 0 1 5
-5.2 11.3 2.1 124 0 1 5
-5.2 11.5 2.1 122 0 1 5
-5.2 11.7 2.1 115 0 1 5
-5.2 15.7 1.8 74 0 1 5
-5.2 15.9 1.9 82 0 1 5
-5.1 5.3 -0.1 118 0 1 1
-5.1 5.7 0 119 0 1 1
-5.1 6.2 0 117 0 1 1
-5.1 6.7 0 114 0 1 1
-5.1 7.2 0 120 0 1 1
-5.1 7.7 0 116 0 1 1
-4.9 7.4 0 113 0 1 1
-4.9 7.9 0 114 0 1 1
-4.9 8.5 0 112 0 1 1
-4.8 5.1 0 118 0 1 1
-4.8 5.5 0 123 0 1 1
-4.8 6 0 118 0 1 1
-4.8 6.4 0 114 0 1 1
-4.8 6.9 0 127 0 1 1
-4.8 8.7 0 118 0 1 5
-4.8 8.9 0.3 87 0 1 5
-4.8 9.1 0.5 88 0 1 5
-4.8 9.3 0.8 87 0 1 5
-4.8 9.5 1 91 0 1 5
-4.8 9.8 1.2 101 0 1 5
-4.8 10 1.5 100 0 1 5
-4.8 10.2 1.6 111 0 1 5
-4.8 10.4 1.8 119 0 1 5
-4.8 10.6 1.8 121 0 1 5
-4.8 10.9 1.9 132 0 1 5
-4.8 11.1 2 134 0 1 5
-4.8 11.3 2 135 0 1 5
-4.8 11.5 2 135 0 1 5
-4.8 11.7 2.1 112 0 1 5
-4.8 14.8 1.8 81 0 1 5
-4.8 15 1.9 80 0 1 5
-4.8 15.2 2 81 0 1 5
-4.8 15.4 2 84 0 1 5
-4.8 15.7 2.1 88 0 1 5
-4.7 8.2 0 129 0 1 1
-4.6 4.8 0 113 0 1 1
-4.6 5.3 0 121 0 1 1
-4.6 5.7 0 122 0 1 1
-4.6 6.2 0 114 0 1 1
-4.6 6.7 0 118 0 1 1
-4.6 7.2 0 120 0 1 1
-4.6 7.7 0 118 0 1 1
-4.4 4.1 -0.1 121 0 1 1
-4.4 7.4 0 122 0 1 1
-4.4 7.9 0 123 0 1 1
-4.4 8.4 0 119 0 1 1
-4.4 8.7 0.1 89 0 1 5
-4.4 8.9 0.4 88 0 1 5
-4.4 9.1 0.6 85 0 1 5
-4.4 9.3 0.9 95 0 1 5
-4.4 9.5 1.1 105 0 1 5
-4.4 9.8 1.3 103 0 1 5
-4.4 10 1.5 128 0 1 5
-4.4 10.2 1.7 100 0 1 5
-4.4 10.4 1.8 112 0 1 5
-4.4 10.6 1.8 123 0 1 5
-4.4 10.9 1.9 138 0 1 5
-4.4 11.1 1.9 139 0 1 5
-4.4 11.3 1.9 140 0 1 5
-4.4 11.5 2 138 0 1 5
-4.4 11.7 2 110 0 1 5
-4.4 11.9 1.9 139 0 1 5
-4.4 14.1 1.8 85 0 1 5
-4.4 14.4 1.9 80 0 1 5
-4.4 14.6 2 88 0 1 5
-4.4 14.8 2.1 85 0 1 5
-4.4 15 2.2 92 0 1 5
-4.4 15.2 2.2 78 0 1 5
-4.4 15.4 2.2 96 0 1 5
-4.3 4.6 0 116 0 1 1
-4.3 5 0 119 0 1 1
-4.3 5.5 0 120 0 1 1
-4.3 5.9 0 117 0 1 1
-4.3 6.4 0 117 0 1 1
-4.3 6.9 0 116 0 1 1
-4.1 3.9 0 115 0 1 1
-4.1 4.3 0 120 0 1 1
-4.1 4.8 0 121 0 1 1
-4.1 5.3 0 117 0 1 1
-4.1 5.7 0 116 0 1 1
-4.1 6.2 0 117 0 1 1
-4.1 6.6 0 120 0 1 1
-4.1 7.2 0 116 0 1 1
-4.1 7.7 0 111 0 1 1
-4.1 8.2 0 121 0 1 1
-3.9 3.6 0 117 0 1 1
-3.9 4.1 0 113 0 1 1
-3.9 7.4 0.1 123 0 1 1
-3.9 7.9 0 123 0 1 1
-3.9 8.4 0 120 0 1 1
-3.9 8.7 0.2 89 0 1 5
-3.9 8.9 0.4 95 0 1 5
-3.9 9.1 0.7 98 0 1 5
-3.9 9.3 0.9 102 0 1 5
-3.9 9.5 1.2 107 0 1 5
-3.9 9.8 1.3 116 0 1 5
-3.9 10 1.5 107 0 1 5
-3.9 10.2 1.6 119 0 1 5
-3.9 10.4 1.7 131 0 1 5
-3.9 10.6 1.7 129 0 1 5
-3.9 10.9 1.8 143 0 1 5
-3.9 11.1 1.8 139 0 1 5
-3.9 11.3 1.8 138 0 1 5
-3.9 11.5 1.8 139 0 1 5
-3.9 11.7 1.8 102 0 1 5
-3.9 11.9 1.8 123 0 1 5
-3.9 12.2 1.8 137 0 1 5
-3.9 13.9 1.8 90 0 1 5
-3.9 14.1 1.9 96 0 1 5
-3.9 14.4 2.1 93 0 1 5
-3.9 14.6 2.2 91 0 1 5
-3.9 14.8 2.3 85 0 1 5
-3.9 15 2.3 101 0 1 5
-3.9 15.2 2.4 88 0 1 5
-3.8 4.6 0 120 0 1 1
-3.8 5 0 120 0 1 1
-3.8 5.5 0 116 0 1 1
-3.8 5.9 0 116 0 1 1
-3.8 6.4 0.1 118 0 1 1
-3.8 6.9 0.1 120 0 1 1
-3.6 3.4 0 114 0 1 1
-3.6 3.9 0 116 0 1 1
-3.6 4.3 0 112 0 1 1
-3.6 4.8 0 121 0 1 1
-3.6 5.2 0 120 0 1 1
-3.6 5.7 0 118 0 1 1
-3.6 6.1 0.1 114 0 1 1
-3.6 6.6 0.1 125 0 1 1
-3.6 7.1 0.1 117 0 1 1
-3.6 7.7 0.1 119 0 1 1
-3.6 8.2 0.1 126 0 1 1
-3.5 8.7 0.2 90 0 1 5
-3.5 8.9 0.5 100 0 1 5
-3.5 9.1 0.8 103 0 1 5
-3.5 9.3 1 106 0 1 5
-3.5 9.5 1.2 111 0 1 5
-3.5 9.8 1.3 121 0 1 5
-3.5 10 1.5 120 0 1 5
-3.5 10.2 1.6 137 0 1 5
-3.5 10.4 1.7 143 0 1 5
-3.5 10.6 1.7 136 0 1 5
-3.5 10.9 1.7 138 0 1 5
-3.5 11.1 1.7 139 0 1 5
-3.5 11.3 1.7 141 0 1 5
-3.5 11.5 1.7 139 0 1 5
-3.5 11.7 1.7 141 0 1 5
-3.5 11.9 1.7 142 0 1 5
-3.5 12.2 1.7 127 0 1 5
-3.5 13.5 1.6 101 0 1 5
-3.5 13.7 1.8 103 0 1 5
-3.5 13.9 1.9 98 0 1 5
-3.5 14.1 2.1 102 0 1 5
-3.5 14.4 2.3 105 0 1 5
-3.5 14.6 2.4 108 0 1 5
-3.5 14.8 2.5 112 0 1 5
-3.5 15 2.5 111 0 1 5
-3.5 15.2 2.5 112 0 1 5
-3.4 3.2 0 116 0 1 1
-3.4 3.6 0 118 0 1 1
-3.4 7.4 0.1 117 0 1 1
-3.4 7.9 0.1 136 0 1 1
-3.4 8.4 0.1 127 0 1 1
-3.3 4.1 0 107 0 1 1
-3.3 4.5 0 118 0 1 1
-3.3 5.9 0.1 117 0 1 1
-3.3 6.4 0.1 116 0 1 1
-3.3 6.9 0.1 119 0 1 1
-3.1 2.9 0 116 0 1 1
-3.1 3.4 0 120 0 1 1
-3.1 3.8 0 115 0 1 1
-3.1 4.3 0 119 0 1 1
-3.1 4.6 0.1 72 0 1 2
-3.1 5.7 0.1 118 0 1 1
-3.1 6.1 0.1 118 0 1 1
-3.1 6.6 0.1 120 0 1 1
-3.1 7.1 0.1 122 0 1 1
-3.1 7.6 0.1 126 0 1 1
-3.1 8.2 0.1 119 0 1 1
-3 4.4 0 125 0 1 2
-3 4.5 0.2 117 0 1 2
-3 4.5 0.3 106 0 1 2
-3 8.7 0.3 101 0 1 5
-3 8.9 0.5 100 0 1 5
-3 9.1 0.8 109 0 1 5
-3 9.3 1 114 0 1 5
-3 9.5 1.2 119 0 1 5
-3 9.8 1.3 120 0 1 5
-3 10 1.4 132 0 1 5
-3 10.2 1.5 137 0 1 5
-3 10.4 1.5 139 0 1 5
-3 10.6 1.5 141 0 1 5
-3 10.9 1.5 142 0 1 5
-3 11.1 1.5 143 0 1 5
-3 11.3 1.5 138 0 1 5
-3 11.5 1.5 141 0 1 5
-3 11.7 1.5 142 0 1 5
-3 11.9 1.5 142 0 1 5
-3 12.2 1.5 134 0 1 5
-3 13.3 1.5 117 0 1 5
-3 13.5 1.6 111 0 1 5
-3 13.7 1.8 111 0 1 5
-3 13.9 2 102 0 1 5
-3 14.1 2.2 103 0 1 5
-3 14.4 2.3 107 0 1 5
-3 14.6 2.4 112 0 1 5
-3 14.8 2.5 118 0 1 5
-3 15 2.6 120 0 1 5
-3 15.2 2.6 106 0 1 5
-2.9 3.1 0 116 0 1 1
-2.9 4.3 0 122 0 1 2
-2.9 4.3 0.1 39 0 1 2
-2.9 4.4 0.3 109 0 1 2
-2.9 4.5 0.3 103 0 1 2
-2.9 7.9 0.1 122 0 1 1
-2.9 8.4 0.1 116 0 1 1
-2.8 3.6 0 118 0 1 1
-2.8 4.1 0 116 0 1 1
-2.8 4.4 0.3 104 0 1 2
-2.8 4.4 0.4 108 0 1 2
-2.8 4.5 0.4 120 0 1 2
-2.8 4.6 0.4 121 0 1 2
-2.8 4.7 0.4 122 0 1 2
-2.8 5.4 0.1 122 0 1 1
-2.8 5.9 0.1 113 0 1 1
-2.8 6.3 0.1 114 0 1 1
-2.8 6.9 0.1 116 0 1 1
-2.8 7.4 0.1 117 0 1 1
-2.7 4.3 0.1 87 0 1 2
-2.7 4.5 0.4 128 0 1 2
-2.7 4.6 0.4 125 0 1 2
-2.7 4.8 0.4 128 0 1 2
-2.6 2.9 0 118 0 1 1
-2.6 3.4 0 113 0 1 1
-2.6 3.8 0 112 0 1 1
-2.6 4.3 0 119 0 1 1
-2.6 4.5 0.3 132 0 1 2
-2.6 4.6 0.3 134 0 1 2
-2.6 4.6 0.4 120 0 1 2
-2.6 4.7 0.2 131 0 1 2
-2.6 4.7 0.4 128 0 1 2
-2.6 4.8 0.1 130 0 1 2
-2.6 4.8 0.2 129 0 1 2
-2.6 5.2 0.1 120 0 1 1
-2.6 5.6 0.1 120 0 1 1
-2.6 6.1 0.1 118 0 1 1
-2.6 6.6 0.1 117 0 1 1
-2.6 7.1 0.1 116 0 1 1
-2.6 7.6 0.1 115 0 1 1
-2.6 8.1 0.1 122 0 1 1
-2.6 8.7 0.3 91 0 1 5
-2.6 8.9 0.5 103 0 1 5
-2.6 9.1 0.8 121 0 1 5
-2.6 9.3 1 112 0 1 5
-2.6 9.5 1.1 129 0 1 5
-2.6 9.8 1.3 123 0 1 5
-2.6 10 1.4 138 0 1 5
-2.6 10.2 1.4 134 0 1 5
-2.6 10.4 1.4 137 0 1 5
-2.6 10.6 1.4 139 0 1 5
-2.6 10.9 1.4 139 0 1 5
-2.6 11.1 1.4 142 0 1 5
-2.6 11.3 1.4 139 0 1 5
-2.6 11.5 1.4 135 0 1 5
-2.6 11.7 1.4 137 0 1 5
-2.6 11.9 1.4 138 0 1 5
-2.6 12.2 1.4 129 0 1 5
-2.6 12.8 1.4 137 0 1 5
-2.6 13 1.4 134 0 1 5
-2.6 13.3 1.5 114 0 1 5
-2.6 13.5 1.7 115 0 1 5
-2.6 13.7 1.9 111 0 1 5
-2.6 13.9 2.1 109 0 1 5
-2.6 14.1 2.2 113 0 1 5
-2.6 14.4 2.4 116 0 1 5
-2.6 14.6 2.5 122 0 1 5
-2.6 14.8 2.6 111 0 1 5
-2.6 15 2.6 122 0 1 5
-2.6 15.2 2.6 99 0 1 5
-2.5 4.5 0.2 131 0 1 2
-2.5 4.6 0.3 130 0 1 2
-2.4 3.1 0 111 0 1 1
-2.4 7.9 0.1 117 0 1 1
-2.4 8.4 0.1 127 0 1 1
-2.3 3.6 0 108 0 1 1
-2.3 4 0 118 0 1 1
-2.3 4.5 0.1 127 0 1 1
-2.3 5 0.1 126 0 1 1
-2.3 5.4 0.1 119 0 1 1
-2.3 5.9 0.1 122 0 1 1
-2.3 6.3 0.1 109 0 1 1
-2.3 6.8 0.1 123 0 1 1
-2.3 7.4 0.1 124 0 1 1
-2.2 8.7 0.3 102 0 1 5
-2.2 8.9 0.5 85 0 1 5
-2.2 9.1 0.8 90 0 1 5
-2.2 9.3 0.9 122 0 1 5
-2.2 9.5 1.1 117 0 1 5
-2.2 9.8 1.2 116 0 1 5
-2.2 10 1.3 136 0 1 5
-2.2 10.2 1.3 142 0 1 5
-2.2 10.4 1.3 137 0 1 5
-2.2 10.6 1.3 137 0 1 5
-2.2 10.9 1.3 140 0 1 5
-2.2 11.1 1.3 134 0 1 5
-2.2 11.3 1.3 134 0 1 5
-2.2 11.5 1.3 134 0 1 5
-2.2 11.7 1.3 133 0 1 5
-2.2 11.9 1.4 133 0 1 5
-2.2 12.2 1.4 134 0 1 5
-2.2 12.4 1.4 130 0 1 5
-2.2 12.6 1.4 130 0 1 5
-2.2 12.8 1.4 128 0 1 5
-2.2 13 1.4 128 0 1 5
-2.2 13.3 1.5 135 0 1 5
-2.2 13.5 1.7 117 0 1 5
-2.2 13.7 1.9 110 0 1 5
-2.2 13.9 2.1 116 0 1 5
-2.2 14.1 2.3 114 0 1 5
-2.2 14.4 2.4 122 0 1 5
-2.2 14.6 2.5 123 0 1 5
-2.2 14.8 2.6 109 0 1 5
-2.2 15 2.6 109 0 1 5
-2.2 15.2 2.7 110 0 1 5
-2.1 2.9 0 118 0 1 1
-2.1 3.3 0 113 0 1 1
-2.1 3.8 0.1 116 0 1 1
-2.1 4.3 0.1 124 0 1 1
-2.1 4.7 0.1 122 0 1 1
-2.1 5.2 0.1 114 0 1 1
-2.1 5.6 0.1 122 0 1 1
-2.1 6.1 0.1 122 0 1 1
-2.1 6.6 0.2 123 0 1 1
-2.1 7.1 0.2 120 0 1 1
-2.1 7.6 0.1 127 0 1 1
-2.1 8.1 0.1 122 0 1 1
-1.9 8.4 0.2 127 0 1 1
-1.8 3.1 0 122 0 1 1
-1.8 3.6 0.1 114 0 1 1
-1.8 4 0.1 121 0 1 1
-1.8 4.5 0.1 110 0 1 1
-1.8 4.9 0.1 120 0 1 1
-1.8 5.4 0.1 121 0 1 1
-1.8 5.8 0.1 117 0 1 1
-1.8 6.3 0.2 122 0 1 1
-1.8 6.8 0.2 119 0 1 1
-1.8 7.3 0.2 119 0 1 1
-1.8 7.9 0.2 127 0 1 1
-1.7 8.7 0.3 110 0 1 5
-1.7 8.9 0.5 113 0 1 5
-1.7 9.1 0.7 101 0 1 5
-1.7 9.3 0.9 127 0 1 5
-1.7 9.5 1 131 0 1 5
-1.7 9.8 1.1 132 0 1 5
-1.7 10 1.2 136 0 1 5
-1.7 10.2 1.2 136 0 1 5
-1.7 10.4 1.2 136 0 1 5
-1.7 10.6 1.1 137 0 1 5
-1.7 10.9 1.1 138 0 1 5
-1.7 11.1 1.2 140 0 1 5
-1.7 11.3 1.2 138 0 1 5
-1.7 11.5 1.2 129 0 1 5
-1.7 11.7 1.3 129 0 1 5
-1.7 11.9 1.3 124 0 1 5
-1.7 12.2 1.4 120 0 1 5
-1.7 12.4 1.4 127 0 1 5
-1.7 12.6 1.4 118 0 1 5
-1.7 12.8 1.4 115 0 1 5
-1.7 13 1.4 116 0 1 5
-1.7 13.3 1.6 113 0 1 5
-1.7 13.5 1.7 111 0 1 5
-1.7 13.7 1.9 108 0 1 5
-1.7 13.9 2.1 116 0 1 5
-1.7 14.1 2.3 123 0 1 5
-1.7 14.4 2.5 120 0 1 5
-1.7 14.6 2.5 144 0 1 5
-1.7 14.8 2.6 86 0 1 5
-1.7 15 2.6 118 0 1 5
-1.7 15.2 2.7 116 0 1 5
-1.6 2.9 0 115 0 1 1
-1.6 3.3 0.1 114 0 1 1
-1.6 3.8 0.1 116 0 1 1
-1.6 4.2 0.1 118 0 1 1
-1.6 4.7 0.1 111 0 1 1
-1.6 5.2 0.1 124 0 1 1
-1.6 5.6 0.2 117 0 1 1
-1.6 6.1 0.2 120 0 1 1
-1.6 6.6 0.2 124 0 1 1
-1.6 7.1 0.2 113 0 1 1
-1.6 7.6 0.2 131 0 1 1
-1.6 8.1 0.2 117 0 1 1
-1.4 8.4 0.2 120 0 1 1
-1.3 3.1 0.1 123 0 1 1
-1.3 3.5 0.1 116 0 1 1
-1.3 4 0.1 117 0 1 1
-1.3 4.5 0.1 123 0 1 1
-1.3 4.9 0.1 126 0 1 1
-1.3 5.4 0.2 116 0 1 1
-1.3 5.8 0.2 117 0 1 1
-1.3 6.3 0.2 121 0 1 1
-1.3 6.8 0.2 123 0 1 1
-1.3 7.3 0.2 119 0 1 1
-1.3 7.9 0.2 123 0 1 1
-1.3 8.7 0.3 95 0 1 5
-1.3 8.9 0.5 120 0 1 5
-1.3 9.1 0.7 129 0 1 5
-1.3 9.3 0.8 129 0 1 5
-1.3 9.5 0.9 137 0 1 5
-1.3 9.8 1 133 0 1 5
-1.3 10 1.1 133 0 1 5
-1.3 10.2 1.1 138 0 1 5
-1.3 10.4 1.1 133 0 1 5
-1.3 10.6 1.1 142 0 1 5
-1.3 10.9 1 129 0 1 5
-1.3 11.1 1.1 132 0 1 5
-1.3 11.3 1.1 127 0 1 5
-1.3 11.5 1.2 130 0 1 5
-1.3 11.7 1.3 113 0 1 5
-1.3 11.9 1.4 114 0 1 5
-1.3 12.2 1.4 121 0 1 5
-1.3 12.4 1.5 124 0 1 5
-1.3 12.6 1.5 116 0 1 5
-1.3 12.8 1.6 111 0 1 5
-1.3 13 1.6 100 0 1 5
-1.3 13.3 1.7 92 0 1 5
-1.3 13.5 1.8 105 0 1 5
-1.3 13.7 2 111 0 1 5
-1.3 13.9 2.1 120 0 1 5
-1.3 14.1 2.3 118 0 1 5
-1.3 14.4 2.5 129 0 1 5
-1.3 14.6 2.6 111 0 1 5
-1.3 14.8 2.6 80 0 1 5
-1.1 2.9 0.1 113 0 1 1
-1.1 3.3 0.1 118 0 1 1
-1.1 3.8 0.1 118 0 1 1
-1.1 4.2 0.1 121 0 1 1
-1.1 4.7 0.1 119 0 1 1
-1.1 5.1 0.2 123 0 1 1
-1.1 5.6 0.2 119 0 1 1
-1.1 6 0.2 123 0 1 1
-1.1 6.5 0.2 117 0 1 1
-1.1 7.1 0.2 131 0 1 1
-1.1 7.6 0.2 122 0 1 1
-1.1 8.1 0.2 117 0 1 1
-0.9 8.7 0.3 118 0 1 5
-0.9 8.9 0.5 122 0 1 5
-0.9 9.1 0.6 124 0 1 5
-0.9 9.3 0.8 134 0 1 5
-0.9 9.5 0.9 133 0 1 5
-0.9 9.8 0.9 137 0 1 5
-0.9 10 1 139 0 1 5
-0.9 10.2 1 142 0 1 5
-0.9 10.4 1 139 0 1 5
-0.9 10.6 1 140 0 1 5
-0.9 10.9 1 137 0 1 5
-0.9 11.1 1 135 0 1 5
-0.9 11.3 1.1 132 0 1 5
-0.9 11.5 1.2 123 0 1 5
-0.9 11.7 1.3 117 0 1 5
-0.9 11.9 1.4 119 0 1 5
-0.9 12.2 1.5 111 0 1 5
-0.9 12.4 1.6 112 0 1 5
-0.9 12.6 1.7 110 0 1 5
-0.9 12.8 1.7 108 0 1 5
-0.9 13 1.8 100 0 1 5
-0.9 13.3 1.8 107 0 1 5
-0.9 13.5 1.9 103 0 1 5
-0.9 13.7 2 111 0 1 5
-0.9 13.9 2.2 109 0 1 5
-0.9 14.1 2.3 112 0 1 5
-0.9 14.4 2.5 125 0 1 5
-0.9 14.6 2.6 127 0 1 5
-0.9 14.8 2.6 133 0 1 5
-0.8 3.1 0.1 118 0 1 1
-0.8 3.5 0.1 123 0 1 1
-0.8 4 0.1 112 0 1 1
-0.8 4.4 0.1 114 0 1 1
-0.8 4.9 0.2 119 0 1 1
-0.8 5.3 0.2 120 0 1 1
-0.8 5.8 0.2 122 0 1 1
-0.8 6.3 0.2 122 0 1 1
-0.8 6.8 0.2 118 0 1 1
-0.8 7.3 0.2 118 0 1 1
-0.8 7.8 0.2 130 0 1 1
-0.8 8.4 0.2 118 0 1 1
-0.6 2.8 0.1 117 0 1 1
-0.6 3.3 0.1 115 0 1 1
-0.6 3.7 0.1 119 0 1 1
-0.6 4.2 0.1 110 0 1 1
-0.6 4.7 0.2 115 0 1 1
-0.6 5.1 0.2 117 0 1 1
-0.6 5.6 0.2 114 0 1 1
-0.6 6.5 0.2 124 0 1 1
-0.6 7 0.2 117 0 1 1
-0.6 7.6 0.2 130 0 1 1
-0.6 8.1 0.2 124 0 1 1
-0.6 8.6 0.2 118 0 1 1
-0.5 6 0.2 121 0 1 1
-0.4 8.7 0.2 123 0 1 5
-0.4 8.9 0.4 125 0 1 5
-0.4 9.1 0.6 132 0 1 5
-0.4 9.3 0.7 133 0 1 5
-0.4 9.5 0.8 131 0 1 5
-0.4 9.8 0.8 140 0 1 5
-0.4 10 0.9 137 0 1 5
-0.4 10.2 0.9 138 0 1 5
-0.4 10.4 0.9 145 0 1 5
-0.4 10.6 0.9 134 0 1 5
-0.4 10.9 0.9 141 0 1 5
-0.4 11.1 1 122 0 1 5
-0.4 11.3 1.1 126 0 1 5
-0.4 11.5 1.2 122 0 1 5
-0.4 11.7 1.4 115 0 1 5
-0.4 11.9 1.5 112 0 1 5
-0.4 12.2 1.6 112 0 1 5
-0.4 12.4 1.7 106 0 1 5
-0.4 12.6 1.8 99 0 1 5
-0.4 12.8 1.9 100 0 1 5
-0.4 13 2 98 0 1 5
-0.4 13.3 2 87 0 1 5
-0.4 13.5 2.1 99 0 1 5
-0.4 13.7 2.2 101 0 1 5
-0.4 13.9 2.3 110 0 1 5
-0.4 14.1 2.4 117 0 1 5
-0.4 14.4 2.5 121 0 1 5
-0.4 14.6 2.6 128 0 1 5
-0.4 14.8 2.6 86 0 1 5
-0.3 3.1 0.1 119 0 1 1
-0.3 3.5 0.1 117 0 1 1
-0.3 4 0.1 109 0 1 1
-0.3 4.4 0.2 118 0 1 1
-0.3 4.9 0.2 117 0 1 1
-0.3 5.3 0.2 111 0 1 1
-0.3 5.8 0.2 113 0 1 1
-0.3 6.2 0.3 122 0 1 1
-0.3 6.8 0.3 119 0 1 1
-0.3 7.3 0.2 121 0 1 1
-0.3 7.8 0.2 127 0 1 1
-0.3 8.4 0.2 120 0 1 1
-0.1 2.8 0.1 119 0 1 1
-0.1 3.3 0.1 117 0 1 1
-0.1 3.7 0.1 116 0 1 1
-0.1 4.2 0.2 118 0 1 1
-0.1 4.6 0.2 121 0 1 1
-0.1 5.1 0.2 121 0 1 1
0 5.5 0.2 113 0 1 1
0 6 0.3 119 0 1 1
0 6.5 0.3 123 0 1 1
-0.1 7 0.3 119 0 1 1
-0.1 7.6 0.3 122 0 1 1
-0.1 8.1 0.3 119 0 1 1
-0.1 8.6 0.3 125 0 1 1
0 8.9 0.4 128 0 1 5
0 9.1 0.5 141 0 1 5
0 9.3 0.6 132 0 1 5
0 9.5 0.7 142 0 1 5
0 9.8 0.7 142 0 1 5
0 10 0.8 119 0 1 5
0 10.2 0.8 137 0 1 5
0 10.4 0.8 141 0 1 5
0 10.6 0.8 134 0 1 5
0 10.9 0.8 134 0 1 5
0 11.1 0.9 127 0 1 5
0 11.3 1.1 125 0 1 5
0 11.5 1.2 118 0 1 5
0 11.7 1.4 115 0 1 5
0 11.9 1.6 107 0 1 5
0 12.2 1.7 120 0 1 5
0 12.4 1.9 103 0 1 5
0 12.6 2 108 0 1 5
0 12.8 2.1 105 0 1 5
0 13 2.2 105 0 1 5
0 13.3 2.2 104 0 1 5
0 13.5 2.3 103 0 1 5
0 13.7 2.4 114 0 1 5
0 13.9 2.5 112 0 1 5
0 14.1 2.5 123 0 1 5
0 14.4 2.6 128 0 1 5
0.2 3 0.1 121 0 1 1
0.2 3.5 0.2 122 0 1 1
0.2 3.9 0.2 120 0 1 1
0.2 4.4 0.2 124 0 1 1
0.2 4.9 0.2 127 0 1 1
0.2 5.3 0.2 126 0 1 1
0.2 5.8 0.3 125 0 1 1
0.2 6.2 0.3 125 0 1 1
0.2 6.7 0.3 108 0 1 1
0.2 7.3 0.3 124 0 1 1
0.2 7.8 0.3 124 0 1 1
0.2 8.3 0.3 126 0 1 1
0.4 2.8 0.1 119 0 1 1
0.4 3.3 0.1 125 0 1 1
0.4 3.7 0.1 124 0 1 1
0.4 4.2 0.2 126 0 1 1
0.4 4.6 0.2 126 0 1 1
0.4 5.1 0.2 130 0 1 1
0.4 5.5 0.2 133 0 1 1
0.4 6 0.3 132 0 1 1
0.4 6.5 0.3 121 0 1 1
0.4 7 0.3 123 0 1 1
0.4 7.6 0.3 126 0 1 1
0.4 8.1 0.3 128 0 1 1
0.4 8.6 0.3 125 0 1 1
0.5 8.9 0.2 117 0 1 5
0.5 9.1 0.4 126 0 1 5
0.5 9.3 0.5 137 0 1 5
0.5 9.5 0.6 138 0 1 5
0.5 9.8 0.6 135 0 1 5
0.5 10 0.7 138 0 1 5
0.5 10.2 0.7 144 0 1 5
0.5 10.4 0.7 147 0 1 5
0.5 10.6 0.7 136 0 1 5
0.5 10.9 0.8 126 0 1 5
0.5 11.1 0.9 131 0 1 5
0.5 11.3 1.1 131 0 1 5
0.5 11.5 1.2 115 0 1 5
0.5 11.7 1.4 107 0 1 5
0.5 11.9 1.6 116 0 1 5
0.5 12.2 1.8 95 0 1 5
0.5 12.4 2 107 0 1 5
0.5 12.6 2.1 107 0 1 5
0.5 12.8 2.2 105 0 1 5
0.5 13 2.3 93 0 1 5
0.5 13.3 2.4 109 0 1 5
0.5 13.5 2.5 100 0 1 5
0.5 13.7 2.5 119 0 1 5
0.5 13.9 2.6 122 0 1 5
0.6 3.1 0.1 124 0 1 1
0.6 8.4 0.3 130 0 1 1
0.6 8.9 0.3 127 0 1 1
0.7 3.5 0.1 124 0 1 1
0.7 4 0.1 124 0 1 1
0.7 4.4 0.2 124 0 1 1
0.7 4.9 0.2 130 0 1 1
0.7 5.3 0.2 129 0 1 1
0.7 5.8 0.2 134 0 1 1
0.7 6.2 0.3 128 0 1 1
0.7 6.8 0.3 127 0 1 1
0.7 7.3 0.3 133 0 1 1
0.7 7.8 0.3 130 0 1 1
0.9 2.8 0.1 125 0 1 1
0.9 3.3 0.1 125 0 1 1
0.9 3.8 0.1 125 0 1 1
0.9 4.2 0.1 125 0 1 1
0.9 4.7 0.2 131 0 1 1
0.9 5.1 0.2 126 0 1 1
0.9 5.6 0.2 124 0 1 1
0.9 6 0.2 128 0 1 1
0.9 6.5 0.2 124 0 1 1
0.9 7 0.2 131 0 1 1
0.9 7.6 0.2 130 0 1 1
0.9 8.1 0.2 124 0 1 1
0.9 8.6 0.2 130 0 1 1
0.9 9.1 0.3 146 0 1 5
0.9 9.3 0.4 144 0 1 5
0.9 9.5 0.5 136 0 1 5
0.9 9.8 0.5 134 0 1 5
0.9 10 0.6 139 0 1 5
0.9 10.2 0.6 141 0 1 5
0.9 10.4 0.6 140 0 1 5
0.9 10.6 0.7 135 0 1 5
0.9 10.9 0.7 130 0 1 5
0.9 11.1 0.9 123 0 1 5
0.9 11.3 1 105 0 1 5
0.9 11.5 1.3 117 0 1 5
0.9 11.7 1.5 110 0 1 5
0.9 11.9 1.7 103 0 1 5
0.9 12.2 1.9 107 0 1 5
0.9 12.4 2.1 108 0 1 5
0.9 12.6 2.2 109 0 1 5
0.9 12.8 2.3 109 0 1 5
0.9 13 2.4 117 0 1 5
0.9 13.3 2.5 113 0 1 5
0.9 13.5 2.6 116 0 1 5
0.9 13.7 2.6 118 0 1 5
0.9 13.9 2.7 119 0 1 5
1.1 3.1 0.1 126 0 1 1
1.1 3.5 0.1 126 0 1 1
1.1 4 0.1 125 0 1 1
1.1 4.4 0.1 126 0 1 1
1.1 4.9 0.2 128 0 1 1
1.1 5.4 0.2 119 0 1 1
1.1 5.8 0.2 121 0 1 1
1.1 6.3 0.2 127 0 1 1
1.1 6.8 0.2 127 0 1 1
1.1 7.3 0.2 133 0 1 1
1.1 7.8 0.2 131 0 1 1
1.1 8.4 0.2 120 0 1 1
1.1 8.9 0.2 121 0 1 1
1.3 8.6 0.2 118 0 1 1
1.3 9.1 0.2 120 0 1 1
1.3 9.3 0.2 141 0 1 5
1.3 9.5 0.3 130 0 1 5
1.3 9.8 0.4 144 0 1 5
1.3 10 0.4 145 0 1 5
1.3 10.2 0.5 136 0 1 5
1.3 10.4 0.5 137 0 1 5
1.3 10.6 0.6 131 0 1 5
1.3 10.9 0.7 124 0 1 5
1.3 11.1 0.9 118 0 1 5
1.3 11.3 1.1 100 0 1 5
1.3 11.5 1.3 108 0 1 5
1.3 11.7 1.6 99 0 1 5
1.3 11.9 1.8 106 0 1 5
1.3 12.2 2 101 0 1 5
1.3 12.4 2.2 111 0 1 5
1.3 12.6 2.4 107 0 1 5
1.3 12.8 2.5 109 0 1 5
1.3 13 2.6 117 0 1 5
1.3 13.3 2.6 124 0 1 5
1.3 13.5 2.7 105 0 1 5
1.4 2.9 0.1 128 0 1 1
1.4 3.3 0.1 127 0 1 1
1.4 3.8 0.1 126 0 1 1
1.4 4.2 0.1 126 0 1 1
1.4 4.7 0.1 127 0 1 1
1.4 5.1 0.2 124 0 1 1
1.4 5.6 0.2 122 0 1 1
1.4 6.1 0.2 124 0 1 1
1.4 6.5 0.2 128 0 1 1
1.4 7.1 0.2 130 0 1 1
1.4 7.6 0.2 136 0 1 1
1.4 8.1 0.2 127 0 1 1
1.6 3.1 0.1 129 0 1 1
1.6 3.6 0.1 128 0 1 1
1.6 4 0.1 127 0 1 1
1.6 4.5 0.1 127 0 1 1
1.6 4.9 0.1 130 0 1 1
1.6 5.4 0.2 132 0 1 1
1.6 5.8 0.2 128 0 1 1
1.6 6.3 0.2 129 0 1 1
1.6 6.8 0.2 125 0 1 1
1.6 7.3 0.2 130 0 1 1
1.6 7.9 0.2 128 0 1 1
1.6 8.4 0.2 124 0 1 1
1.6 8.9 0.2 130 0 1 1
1.6 9.4 0.2 121 0 1 1
1.8 2.9 0 130 0 1 1
1.8 3.3 0.1 129 0 1 1
1.8 3.8 0.1 129 0 1 1
1.8 4 0.1 35 0 1 2
1.8 4.1 0.3 46 0 1 2
1.8 4.2 0.2 67 0 1 2
1.8 4.2 0.3 71 0 1 2
1.8 4.3 0.2 93 0 1 2
1.8 4.4 0.2 95 0 1 2
1.8 4.7 0.1 128 0 1 1
1.8 5.2 0.1 135 0 1 1
1.8 5.6 0.2 133 0 1 1
1.8 6.1 0.2 129 0 1 1
1.8 6.6 0.2 126 0 1 1
1.8 7.1 0.2 129 0 1 1
1.8 7.6 0.2 130 0 1 1
1.8 8.1 0.2 135 0 1 1
1.8 8.6 0.2 129 0 1 1
1.8 9.1 0.2 124 0 1 1
1.8 9.7 0.2 137 0 1 1
1.8 9.8 0.2 141 0 1 5
1.8 10 0.3 144 0 1 5
1.8 10.2 0.4 145 0 1 5
1.8 10.4 0.5 139 0 1 5
1.8 10.6 0.6 133 0 1 5
1.8 10.9 0.7 125 0 1 5
1.8 11.1 0.9 113 0 1 5
1.8 11.3 1.2 111 0 1 5
1.8 11.5 1.4 97 0 1 5
1.8 11.7 1.7 80 0 1 5
1.8 11.9 1.9 104 0 1 5
1.8 12.2 2.1 109 0 1 5
1.8 12.4 2.3 105 0 1 5
1.8 12.6 2.5 103 0 1 5
1.8 12.8 2.6 124 0 1 5
1.8 13 2.7 94 0 1 5
1.8 13.3 2.7 112 0 1 5
1.8 13.5 2.7 120 0 1 5
1.9 3.9 0.1 56 0 1 2
1.9 4 0.3 62 0 1 2
1.9 4 0.4 57 0 1 2
1.9 4.1 0.4 112 0 1 2
2 4.1 0.4 130 0 1 2
2 8.9 0.2 128 0 1 1
2 9.4 0.2 132 0 1 1
2.1 3.1 0 132 0 1 1
2.1 3.6 0.1 130 0 1 1
2.1 4 0.3 89 0 1 2
2.1 4 0.4 137 0 1 2
2.1 4.1 0.4 141 0 1 2
2.1 4.2 0.4 136 0 1 2
2.1 4.3 0.4 136 0 1 2
2.1 5 0.1 129 0 1 1
2.1 5.4 0.1 132 0 1 1
2.1 5.9 0.2 125 0 1 1
2.1 6.3 0.2 128 0 1 1
2.1 6.8 0.2 126 0 1 1
2.1 7.4 0.2 124 0 1 1
2.1 7.9 0.2 134 0 1 1
2.1 8.4 0.2 138 0 1 1
2.2 4 0.2 120 0 1 2
2.2 4 0.3 147 0 1 2
2.2 4.1 0.4 134 0 1 2
2.2 4.3 0.4 140 0 1 2
2.2 10 0.2 141 0 1 5
2.2 10.2 0.3 140 0 1 5
2.2 10.4 0.4 127 0 1 5
2.2 10.6 0.6 115 0 1 5
2.2 10.9 0.7 124 0 1 5
2.2 11.1 1 107 0 1 5
2.2 11.3 1.2 106 0 1 5
2.2 11.5 1.5 100 0 1 5
2.2 11.7 1.8 102 0 1 5
2.2 11.9 2 91 0 1 5
2.2 12.2 2.2 101 0 1 5
2.2 12.4 2.4 104 0 1 5
2.2 12.6 2.6 119 0 1 5
2.2 12.8 2.6 127 0 1 5
2.2 13 2.7 128 0 1 5
2.3 2.9 0 133 0 1 1
2.3 3.4 0 133 0 1 1
2.3 3.8 0 125 0 1 1
2.3 5.2 0.1 132 0 1 1
2.3 5.7 0.1 126 0 1 1
2.3 6.1 0.2 129 0 1 1
2.3 6.6 0.2 129 0 1 1
2.3 7.1 0.2 119 0 1 1
2.3 7.6 0.2 121 0 1 1
2.3 8.1 0.2 132 0 1 1
2.3 8.6 0.2 128 0 1 1
2.3 9.1 0.2 126 0 1 1
2.3 9.7 0.2 128 0 1 1
2.5 3.1 0 134 0 1 1
2.5 3.6 0 124 0 1 1
2.5 4.1 0 122 0 1 1
2.5 4.5 0.1 132 0 1 1
2.5 5.4 0.1 128 0 1 1
2.5 5.9 0.1 132 0 1 1
2.5 6.4 0.2 129 0 1 1
2.5 6.9 0.2 127 0 1 1
2.5 7.4 0.2 132 0 1 1
2.5 7.9 0.2 128 0 1 1
2.5 8.4 0.2 117 0 1 1
2.5 8.9 0.2 135 0 1 1
2.5 9.4 0.2 121 0 1 1
2.5 9.9 0.2 124 0 1 1
2.6 10 0.2 126 0 1 5
2.6 10.2 0.3 132 0 1 5
2.6 10.4 0.4 123 0 1 5
2.6 10.6 0.6 112 0 1 5
2.6 10.9 0.7 113 0 1 5
2.6 11.1 1 109 0 1 5
2.6 11.3 1.3 102 0 1 5
2.6 11.5 1.6 104 0 1 5
2.6 11.7 1.9 102 0 1 5
2.6 11.9 2.1 110 0 1 5
2.6 12.2 2.3 112 0 1 5
2.6 12.4 2.5 121 0 1 5
2.6 12.6 2.6 117 0 1 5
2.6 12.8 2.7 133 0 1 5
2.6 13 2.7 115 0 1 5
2.7 9.1 0.2 133 0 1 1
2.7 9.7 0.2 129 0 1 1
2.8 2.9 0 133 0 1 1
2.8 3.4 0 130 0 1 1
2.8 3.8 0 119 0 1 1
2.8 4.3 0 128 0 1 1
2.8 4.8 0.1 134 0 1 1
2.8 5.2 0.1 127 0 1 1
2.8 5.7 0.1 132 0 1 1
2.8 6.1 0.1 127 0 1 1
2.8 6.6 0.1 125 0 1 1
2.8 7.1 0.1 128 0 1 1
2.8 7.6 0.1 129 0 1 1
2.8 8.1 0.1 126 0 1 1
2.8 8.6 0.1 122 0 1 1
3 3.2 0 137 0 1 1
3 3.6 0 125 0 1 1
3 4.1 0 127 0 1 1
3 4.5 0 120 0 1 1
3 5 0.1 134 0 1 1
3 5.5 0.1 133 0 1 1
3 5.9 0.1 125 0 1 1
3 6.4 0.1 128 0 1 1
3 6.9 0.1 126 0 1 1
3 7.4 0.1 130 0 1 1
3 7.9 0.1 133 0 1 1
3 8.4 0.1 129 0 1 1
3 8.9 0.1 132 0 1 1
3 9.4 0.1 127 0 1 1
3 9.9 0.1 133 0 1 1
3.1 10 0.2 125 0 1 5
3.1 10.2 0.3 116 0 1 5
3.1 10.4 0.5 115 0 1 5
3.1 10.6 0.7 114 0 1 5
3.1 10.9 0.8 112 0 1 5
3.1 11.1 1.1 110 0 1 5
3.1 11.3 1.3 119 0 1 5
3.1 11.5 1.6 110 0 1 5
3.1 11.7 1.9 109 0 1 5
3.1 11.9 2.1 114 0 1 5
3.1 12.2 2.4 121 0 1 5
3.1 12.4 2.5 127 0 1 5
3.1 12.6 2.6 105 0 1 5
3.1 12.8 2.6 121 0 1 5
3.2 3.4 0 131 0 1 1
3.2 3.9 0 121 0 1 1
3.2 4.3 0 123 0 1 1
3.2 4.8 0 133 0 1 1
3.2 5.2 0.1 135 0 1 1
3.2 5.7 0.1 129 0 1 1
3.2 6.2 0.1 130 0 1 1
3.2 6.6 0.1 128 0 1 1
3.2 7.1 0.1 133 0 1 1
3.2 7.6 0.1 136 0 1 1
3.2 8.1 0.1 130 0 1 1
3.2 8.6 0.1 126 0 1 1
3.2 9.1 0.1 134 0 1 1
3.2 9.6 0.1 129 0 1 1
3.5 3.6 0 132 0 1 1
3.5 4.1 0 118 0 1 1
3.5 4.6 0 132 0 1 1
3.5 5 0 134 0 1 1
3.5 5.5 0.1 131 0 1 1
3.5 5.9 0.1 132 0 1 1
3.5 6.4 0.1 127 0 1 1
3.5 6.9 0.1 130 0 1 1
3.5 7.4 0.1 129 0 1 1
3.5 7.9 0.1 128 0 1 1
3.5 8.4 0.1 130 0 1 1
3.5 8.9 0.1 126 0 1 1
3.5 9.4 0.1 136 0 1 1
3.5 10 0.2 118 0 1 5
3.5 10.2 0.4 110 0 1 5
3.5 10.4 0.6 106 0 1 5
3.5 10.6 0.8 112 0 1 5
3.5 10.9 0.9 97 0 1 5
3.5 11.1 1.2 99 0 1 5
3.5 11.3 1.4 94 0 1 5
3.5 11.5 1.7 104 0 1 5
3.5 11.7 1.9 112 0 1 5
3.5 11.9 2.2 119 0 1 5
3.5 12.2 2.4 126 0 1 5
3.5 12.4 2.5 130 0 1 5
3.5 12.6 2.6 123 0 1 5
3.7 3.9 0 144 0 1 1
3.7 4.3 0 128 0 1 1
3.7 4.8 0 136 0 1 1
3.7 5.3 0 134 0 1 1
3.7 5.7 0.1 132 0 1 1
3.7 6.2 0.1 128 0 1 1
3.7 6.7 0.1 128 0 1 1
3.7 7.2 0.1 130 0 1 1
3.7 7.7 0.1 134 0 1 1
3.7 8.2 0.1 132 0 1 1
3.7 8.7 0.1 134 0 1 1
3.7 9.1 0.1 127 0 1 1
3.7 9.6 0.1 130 0 1 1
3.9 4.1 0 147 0 1 1
3.9 4.6 0 140 0 1 1
3.9 5 0 134 0 1 1
3.9 5.5 0 134 0 1 1
3.9 6 0.1 134 0 1 1
3.9 6.4 0.1 133 0 1 1
3.9 6.9 0.1 127 0 1 1
3.9 7.4 0.1 136 0 1 1
3.9 7.9 0.1 131 0 1 1
3.9 8.4 0.1 120 0 1 1
3.9 8.9 0.1 127 0 1 1
3.9 9.4 0.1 128 0 1 1
4 9.8 0.2 108 0 1 5
4 10 0.4 104 0 1 5
4 10.2 0.6 101 0 1 5
4 10.4 0.8 96 0 1 5
4 10.6 1 87 0 1 5
4 10.9 1.2 92 0 1 5
4 11.1 1.4 93 0 1 5
4 11.3 1.6 94 0 1 5
4 11.5 1.8 104 0 1 5
4 11.7 2 111 0 1 5
4 11.9 2.2 117 0 1 5
4 12.2 2.4 127 0 1 5
4 12.4 2.5 135 0 1 5
4 12.6 2.6 103 0 1 5
4.2 4.4 -0.1 149 0 1 1
4.2 4.8 0 143 0 1 1
4.2 5.3 0 137 0 1 1
4.2 5.8 0 133 0 1 1
4.2 6.2 0.1 135 0 1 1
4.2 6.7 0.1 124 0 1 1
4.2 7.2 0.1 121 0 1 1
4.2 7.7 0.1 134 0 1 1
4.2 8.2 0.1 124 0 1 1
4.2 8.7 0.1 127 0 1 1
4.2 9.1 0.1 132 0 1 1
4.2 9.6 0.1 109 0 1 1
4.4 4.6 -0.1 156 0 1 1
4.4 5.1 0 140 0 1 1
4.4 5.5 0 138 0 1 1
4.4 6 0 138 0 1 1
4.4 6.5 0.1 132 0 1 1
4.4 6.9 0.1 126 0 1 1
4.4 7.4 0.1 130 0 1 1
4.4 7.9 0.1 131 0 1 1
4.4 8.4 0.1 124 0 1 1
4.4 8.9 0.1 132 0 1 1
4.4 9.4 0.1 131 0 1 1
4.4 9.5 0.1 134 0 1 5
4.4 9.8 0.3 109 0 1 5
4.4 10 0.5 102 0 1 5
4.4 10.2 0.7 99 0 1 5
4.4 10.4 0.9 100 0 1 5
4.4 10.6 1.2 97 0 1 5
4.4 10.9 1.4 108 0 1 5
4.4 11.1 1.6 105 0 1 5
4.4 11.3 1.8 105 0 1 5
4.4 11.5 1.9 113 0 1 5
4.4 11.7 2.1 122 0 1 5
4.4 11.9 2.3 128 0 1 5
4.4 12.2 2.4 137 0 1 5
4.4 12.4 2.5 135 0 1 5
4.4 12.6 2.5 123 0 1 5
4.6 4.9 -0.1 157 0 1 1
4.6 5.3 -0.1 148 0 1 1
4.6 5.8 0 142 0 1 1
4.6 6.2 0 136 0 1 1
4.6 6.7 0 128 0 1 1
4.6 7.2 0 133 0 1 1
4.6 7.7 0.1 131 0 1 1
4.6 8.2 0.1 132 0 1 1
4.6 8.7 0.1 132 0 1 1
4.6 9.1 0.1 135 0 1 1
4.8 9.5 0.1 109 0 1 5
4.8 9.8 0.4 104 0 1 5
4.8 10 0.6 101 0 1 5
4.8 10.2 0.9 104 0 1 5
4.8 10.4 1.1 100 0 1 5
4.8 10.6 1.3 109 0 1 5
4.8 10.9 1.5 108 0 1 5
4.8 11.1 1.7 117 0 1 5
4.8 11.3 1.9 118 0 1 5
4.8 11.5 2 121 0 1 5
4.8 11.7 2.1 130 0 1 5
4.8 11.9 2.3 139 0 1 5
4.8 12.2 2.4 123 0 1 5
4.8 12.4 2.4 140 0 1 5
4.8 12.6 2.4 138 0 1 5
4.9 5.1 -0.2 158 0 1 1
4.9 5.6 -0.1 145 0 1 1
4.9 6 0 136 0 1 1
4.9 6.5 0 142 0 1 1
4.9 7 0 138 0 1 1
4.9 7.5 0 136 0 1 1
4.9 7.9 0 131 0 1 1
4.9 8.4 0 131 0 1 1
4.9 8.9 0.1 126 0 1 1
4.9 9.4 0.1 131 0 1 1
5.1 5.3 -0.2 157 0 1 1
5.1 5.8 -0.1 152 0 1 1
5.1 6.3 0 140 0 1 1
5.1 6.7 0 139 0 1 1
5.1 7.2 0 130 0 1 1
5.1 7.7 0 134 0 1 1
5.1 8.2 0 131 0 1 1
5.1 8.7 0 132 0 1 1
5.1 9.1 0 133 0 1 1
5.3 5.6 -0.2 159 0 1 1
5.3 6.1 -0.1 151 0 1 1
5.3 6.5 0 135 0 1 1
5.3 7 0 136 0 1 1
5.3 7.5 0 132 0 1 1
5.3 8 0 129 0 1 1
5.3 8.4 0 131 0 1 1
5.3 8.9 0 132 0 1 1
5.3 9.5 0.2 110 0 1 5
5.3 9.8 0.5 130 0 1 5
5.3 10 0.7 107 0 1 5
5.3 10.2 1 116 0 1 5
5.3 10.4 1.2 124 0 1 5
5.3 10.6 1.4 123 0 1 5
5.3 10.9 1.6 128 0 1 5
5.3 11.1 1.8 134 0 1 5
5.3 11.3 2 131 0 1 5
5.3 11.5 2.1 136 0 1 5
5.3 11.7 2.2 143 0 1 5
5.3 11.9 2.2 145 0 1 5
5.3 12.2 2.3 86 0 1 5
5.6 5.8 -0.2 158 0 1 1
5.6 6.3 -0.1 145 0 1 1
5.6 6.8 0 137 0 1 1
5.6 7.2 0 133 0 1 1
5.6 7.7 0 129 0 1 1
5.6 8.2 0 135 0 1 1
5.6 8.7 0 134 0 1 1
5.6 9.1 0 133 0 1 1
5.7 9.3 0 121 0 1 5
5.7 9.5 0.3 115 0 1 5
5.7 9.8 0.5 115 0 1 5
5.7 10 0.8 126 0 1 5
5.7 10.2 1 129 0 1 5
5.7 10.4 1.2 137 0 1 5
5.7 10.6 1.4 146 0 1 5
5.7 10.9 1.6 147 0 1 5
5.7 11.1 1.8 152 0 1 5
5.7 11.3 1.9 150 0 1 5
5.7 11.5 2 148 0 1 5
5.7 11.7 2.1 138 0 1 5
5.7 11.9 2.1 108 0 1 5
5.7 12.2 2.2 141 0 1 5
5.8 6.1 -0.2 156 0 1 1
5.8 6.5 0 146 0 1 1
5.8 7 0 137 0 1 1
5.8 7.5 0 134 0 1 1
5.8 8 0 129 0 1 1
5.8 8.4 0 135 0 1 1
5.8 8.9 0 129 0 1 1
6 6.3 -0.1 155 0 1 1
6 6.8 0 144 0 1 1
6 7.3 0 136 0 1 1
6 7.7 0 134 0 1 1
6 8.2 0 139 0 1 1
6 8.7 0 123 0 1 1
6 9.1 0 124 0 1 1
6.1 9.3 0.1 138 0 1 5
6.1 9.5 0.3 133 0 1 5
6.1 9.8 0.6 136 0 1 5
6.1 10 0.8 144 0 1 5
6.1 10.2 1 154 0 1 5
6.1 10.4 1.3 166 0 1 5
6.1 10.6 1.4 172 0 1 5
6.1 10.9 1.6 166 0 1 5
6.1 11.1 1.7 161 0 1 5
6.1 11.3 1.8 157 0 1 5
6.1 11.5 1.9 156 0 1 5
6.1 11.7 2 147 0 1 5
6.1 11.9 2 148 0 1 5
6.1 12.2 2 151 0 1 5
6.3 6.6 -0.1 161 0 1 1
6.3 7 0 136 0 1 1
6.3 7.5 0 137 0 1 1
6.3 8 0 134 0 1 1
6.3 8.4 0 131 0 1 1
6.3 8.9 0 129 0 1 1
6.5 6.8 -0.1 146 0 1 1
6.5 7.3 -0.1 133 0 1 1
6.5 7.7 0 135 0 1 1
6.5 8.2 0 131 0 1 1
6.5 8.7 0 133 0 1 1
6.5 9.1 0 135 0 1 1
6.6 9.3 0 143 0 1 5
6.6 9.5 0.3 145 0 1 5
6.6 9.8 0.5 152 0 1 5
6.6 10 0.8 164 0 1 5
6.6 10.2 1 177 0 1 5
6.6 10.4 1.2 185 0 1 5
6.6 10.6 1.3 180 0 1 5
6.6 10.9 1.5 173 0 1 5
6.6 11.1 1.6 166 0 1 5
6.6 11.3 1.7 130 0 1 5
6.6 11.5 1.7 147 0 1 5
6.6 11.7 1.8 111 0 1 5
6.7 7.1 -0.1 141 0 1 1
6.7 7.5 -0.1 135 0 1 1
6.7 8 -0.1 124 0 1 1
6.7 8.5 0 139 0 1 1
6.7 8.9 0 138 0 1 1
7 7.3 -0.1 134 0 1 1
7 7.8 -0.1 137 0 1 1
7 8.2 0 131 0 1 1
7 8.7 0 131 0 1 1
7 9.2 0 137 0 1 1
7 9.3 0 152 0 1 5
7 9.5 0.3 157 0 1 5
7 9.8 0.5 160 0 1 5
7 10 0.7 175 0 1 5
7 10.2 0.9 183 0 1 5
7 10.4 1.1 178 0 1 5
7 10.6 1.2 177 0 1 5
7 10.9 1.3 169 0 1 5
7 11.1 1.4 169 0 1 5
7 11.3 1.5 152 0 1 5
7.2 7.5 -0.1 136 0 1 1
7.2 8 0 138 0 1 1
7.2 8.5 0 132 0 1 1
7.2 8.9 0 134 0 1 1
7.4 7.8 0 134 0 1 1
7.4 8.2 0 137 0 1 1
7.4 8.7 0 136 0 1 1
7.4 9.2 0 136 0 1 1
7.5 9.3 0 135 0 1 5
7.5 9.5 0.2 164 0 1 5
7.5 9.8 0.4 174 0 1 5
7.5 10 0.6 175 0 1 5
7.5 10.2 0.8 179 0 1 5
7.5 10.4 0.9 181 0 1 5
7.5 10.6 1 174 0 1 5
7.5 10.9 1.2 173 0 1 5
7.5 11.1 1.2 147 0 1 5
7.5 11.3 1.3 85 0 1 5
7.6 8 0 133 0 1 1
7.6 8.5 0 135 0 1 1
7.6 8.9 0 140 0 1 1
7.6 9.4 0 158 0 1 1
7.8 8.2 0 132 0 1 1
7.8 8.7 0 139 0 1 1
7.8 9.2 0 135 0 1 1
7.9 9.5 0.1 167 0 1 5
7.9 9.8 0.3 173 0 1 5
7.9 10 0.5 174 0 1 5
7.9 10.2 0.6 175 0 1 5
7.9 10.4 0.8 175 0 1 5
7.9 10.6 0.9 177 0 1 5
7.9 10.9 1 164 0 1 5
7.9 11.1 1 169 0 1 5
7.9 11.3 1.1 171 0 1 5
8.1 8.5 0 138 0 1 1
8.1 8.9 0 136 0 1 1
8.1 9.4 0 133 0 1 1
8.3 8.7 0 136 0 1 1
8.3 9.2 0 128 0 1 1
8.3 9.5 0 131 0 1 5
8.3 9.8 0.1 170 0 1 5
8.3 10 0.3 171 0 1 5
8.3 10.2 0.4 173 0 1 5
8.3 10.4 0.6 170 0 1 5
8.3 10.6 0.7 174 0 1 5
8.3 10.9 0.8 150 0 1 5
8.5 8.5 0 135 0 1 1
8.5 9 0 126 0 1 1
8.5 9.4 0 135 0 1 1
8.7 8.7 0 129 0 1 1
8.7 9.2 0 130 0 1 1
8.7 9.7 0 136 0 1 1
8.8 9.8 0 169 0 1 5
8.8 10 0.2 167 0 1 5
8.8 10.2 0.3 171 0 1 5
8.8 10.4 0.4 173 0 1 5
8.8 10.6 0.5 167 0 1 5
8.8 10.9 0.5 143 0 1 5
8.9 9 0 121 0 1 1
8.9 9.4 0 136 0 1 1
9.2 9.2 0 134 0 1 1
9.2 9.7 0 135 0 1 1
9.2 10.2 0.1 171 0 1 5
9.2 10.4 0.2 165 0 1 5
9.2 10.6 0.2 171 0 1 5
9.2 10.9 0.3 173 0 1 5
9.4 9.4 0 138 0 1 1
9.4 9.9 0 140 0 1 1
9.6 9.7 0 141 0 1 1
9.6 10.2 0 135 0 1 1
9.6 10.6 0 175 0 1 5
9.6 10.9 0.1 173 0 1 5
9.8 9.9 0 138 0 1 1
9.8 10.4 0 139 0 1 1
9.8 10.9 0 175 0 1 1
10 10.2 0 139 0 1 1
10 10.7 0 136 0 1 1
10 11.1 0 138 0 1 1
10.2 10.4 0 133 0 1 1
10.2 10.9 0 135 0 1 1
10.2 11.4 0 135 0 1 1
10.4 11.6 0 130 0 1 1
10.5 10.7 0 140 0 1 1
10.5 11.2 0 135 0 1 1
10.6 12.4 0 128 0 1 1
10.7 10.9 0 142 0 1 1
10.7 11.4 0 127 0 1 1
10.7 11.9 0 138 0 1 1
10.9 11.2 0 137 0 1 1
10.9 11.7 0 136 0 1 1
10.9 12.2 0 145 0 1 1
10.9 12.6 0 126 0 1 1
11.1 11.4 0 143 0 1 1
11.1 11.9 0 142 0 1 1
11.1 12.4 0 112 0 1 1
11.1 12.9 0 136 0 1 1
11.3 11.7 0 136 0 1 1
11.3 12.2 0 133 0 1 1
11.3 12.7 0 119 0 1 1
11.3 13.1 0 144 0 1 1
11.3 13.6 0 175 0 1 1
11.5 11.9 0 125 0 1 1
11.5 12.4 0 132 0 1 1
11.5 12.9 0 133 0 1 1
11.5 13.4 0 128 0 1 1
11.5 13.9 0 133 0 1 1
11.7 12.2 0 134 0 1 1
11.7 12.7 0 140 0 1 1
11.7 13.2 0 131 0 1 1
11.7 13.7 0 137 0 1 1
11.7 14.1 0 136 0 1 1
11.9 12.9 0 123 0 1 1
11.9 13.4 0 138 0 1 1
11.9 13.9 0 136 0 1 1
11.9 14.4 0 136 0 1 1
12 12.5 0 135 0 1 1
12.2 12.2 0 141 0 1 1
12.2 12.7 0 138 0 1 1
12.2 13.2 0 132 0 1 1
12.2 13.7 0 145 0 1 1
12.2 14.2 0 137 0 1 1
12.2 14.6 0 125 0 1 1
12.4 12.5 0 140 0 1 1
12.4 13 0 138 0 1 1
12.4 13.5 0 135 0 1 1
12.4 13.9 0 137 0 1 1
12.4 14.4 0 143 0 1 1
12.4 14.9 0 139 0 1 1
12.4 15.4 0 141 0 1 1
12.4 15.5 0 184 0 1 1
12.5 15.4 0 129 0 1 1
12.6 12.7 0 130 0 1 1
12.6 13.2 0 136 0 1 1
12.6 13.7 0 141 0 1 1
12.6 14.2 0 134 0 1 1
12.6 14.7 0 140 0 1 1
12.7 15.2 0 94 0 1 1
12.8 13 0 144 0 1 1
12.8 13.5 0 139 0 1 1
12.8 14 0 136 0 1 1
12.8 14.4 0 136 0 1 1
12.8 14.9 0 138 0 1 1
12.8 15.1 0 109 0 1 1
13 15 0 108 0 1 1
13.1 13.2 0 145 0 1 1
13.1 13.7 0 137 0 1 1
13.1 14.2 0 136 0 1 1
13.1 14.9 0 96 0 1 1
13.2 14.8 0 103 0 1 1
13.3 13.5 0 141 0 1 1
13.3 13.9 0 142 0 1 1
13.3 14.4 0 135 0 1 1
13.3 14.7 0 110 0 1 1
13.5 14.5 0 123 0 1 1
13.6 13.7 0 139 0 1 1
13.7 14.4 0 133 0 1 1
13.8 14.3 0 112 0 1 1
13.9 14.3 0 132 0 1 1
