0.5 -4.3 0.2 122 0 1 2
0.5 -4 0.2 96 0 1 2
0.6 -4.4 0.1 121 0 1 2
0.6 -4.1 0.2 134 0 1 2
0.7 -5.5 0 142 0 1 1
0.7 -5.1 0 129 0 1 1
0.7 -4.7 0 132 0 1 1
0.7 -4.4 0.1 127 0 1 2
0.7 -4 0 64 0 1 1
0.7 -4 0.2 124 0 1 2
0.8 -4.3 0 144 0 1 2
0.8 -4 0 70 0 1 2
0.8 -4 0.1 139 0 1 2
0.9 -4.1 0.1 113 0 1 2
1 -7.4 0 134 0 1 1
1 -7 0 130 0 1 1
1.1 -6.7 0 125 0 1 1
1.1 -6.3 0 138 0 1 1
1.1 -5.9 0 119 0 1 1
1.1 -5.1 0 137 0 1 1
1.1 -4.7 0.1 133 0 1 1
1.1 -4.3 0 125 0 1 1
1.1 -3.9 0 133 0 1 1
1.1 -3.5 0 139 0 1 1
1.2 -5.5 0 134 0 1 1
1.4 -7.1 0 123 0 1 1
1.4 -6.7 0 131 0 1 1
1.5 -9.4 0.5 112 0 1 3
1.5 -8.7 0.7 82 0 1 3
1.5 -7.7 0.4 60 0 1 3
1.5 -6.8 0.1 53 0 1 3
1.5 -6.3 0 140 0 1 1
1.5 -5.9 0 144 0 1 1
1.5 -4.7 0.1 90 0 1 1
1.5 -4.3 0.1 127 0 1 1
1.5 -3.9 0.1 90 0 1 1
1.5 -3.5 0 102 0 1 1
1.5 -3.1 0 138 0 1 1
1.6 -5.5 0 130 0 1 1
1.6 -5.1 0.1 126 0 1 1
1.7 -6.5 0.2 46 0 1 3
1.8 -7.3 0.9 70 0 1 3
1.8 -7 0.6 65 0 1 3
1.8 -6.6 0.4 81 0 1 3
1.9 -8.9 1 118 0 1 3
1.9 -7.9 1.1 98 0 1 3
1.9 -6.8 0.6 123 0 1 3
1.9 -6.5 0.5 134 0 1 3
1.9 -6.4 0.2 68 0 1 3
1.9 -6.3 0 144 0 1 1
1.9 -5.9 0 144 0 1 1
1.9 -5.5 0 135 0 1 1
1.9 -5.1 0 130 0 1 1
1.9 -4.7 0 133 0 1 1
1.9 -4.3 0 130 0 1 1
1.9 -3.9 0 134 0 1 1
1.9 -3.5 0 119 0 1 1
1.9 -3.1 0 141 0 1 1
1.9 -2.7 0 134 0 1 1
2 -7.3 1 117 0 1 3
2 -7.1 0.8 107 0 1 3
2 -7 0.6 141 0 1 3
2.1 -7.1 0.9 152 0 1 3
2.2 -8 1.2 128 0 1 3
2.2 -7.4 1 137 0 1 3
2.2 -7.1 0.7 125 0 1 3
2.2 -6.8 0.4 132 0 1 3
2.2 -3.9 0 138 0 1 1
2.2 -3.5 0 138 0 1 1
2.2 -3.1 -0.1 141 0 1 1
2.2 -2.7 -0.1 133 0 1 1
2.2 -2 0 139 0 1 1
2.3 -14.7 0 122 0 1 1
2.3 -14.3 0 132 0 1 1
2.3 -13.9 0 121 0 1 1
2.3 -7.8 1.1 134 0 1 3
2.3 -7.2 0.9 104 0 1 3
2.3 -7 0.5 151 0 1 3
2.3 -6.3 0 74 0 1 3
2.3 -6.2 0 142 0 1 1
2.3 -5.9 0 143 0 1 1
2.3 -5.5 -0.1 144 0 1 1
2.3 -5.1 0 135 0 1 1
2.3 -4.7 0 143 0 1 1
2.3 -4.3 0 122 0 1 1
2.3 -2.3 -0.1 140 0 1 1
2.4 -8.1 1.2 105 0 1 3
2.4 -7.4 1 146 0 1 3
2.4 -7.2 0.7 135 0 1 3
2.5 -6.9 0.3 140 0 1 3
2.5 -6.4 0.2 149 0 1 3
2.6 -15.5 0 125 0 1 1
2.6 -15.1 0 126 0 1 1
2.6 -14.7 0 122 0 1 1
2.6 -7.7 1.1 145 0 1 3
2.6 -7.4 0.8 138 0 1 3
2.6 -4.3 0 115 0 1 1
2.6 -3.9 0 130 0 1 1
2.6 -3.5 -0.1 139 0 1 1
2.6 -3.1 -0.1 133 0 1 1
2.6 -2.7 -0.1 140 0 1 1
2.6 -2.3 -0.1 141 0 1 1
2.6 -2 -0.1 133 0 1 1
2.6 -1.6 0 142 0 1 1
2.7 -17 -0.1 131 0 1 1
2.7 -16.6 -0.1 110 0 1 1
2.7 -16.2 -0.1 113 0 1 1
2.7 -15.8 -0.1 121 0 1 1
2.7 -7.1 0.6 140 0 1 3
2.7 -6.7 0.1 131 0 1 3
2.7 -6.2 0 136 0 1 1
2.7 -5.9 0 139 0 1 1
2.7 -5.5 -0.1 146 0 1 1
2.7 -5.1 0 147 0 1 1
2.7 -4.7 0 126 0 1 1
2.8 -6.9 0.4 135 0 1 3
2.9 -8.2 0.9 129 0 1 3
2.9 -7.8 0.9 137 0 1 3
2.9 -6.9 0.3 111 0 1 3
2.9 -6.4 0.2 135 0 1 3
2.9 -3.9 -0.1 131 0 1 1
2.9 -1.2 0 144 0 1 1
3 -19.4 0 116 0 1 1
3 -19 0 124 0 1 1
3 -18.6 0 124 0 1 1
3 -18.2 0 133 0 1 1
3 -17.8 0 134 0 1 1
3 -17.4 0 134 0 1 1
3 -17 -0.1 120 0 1 1
3 -16.6 -0.1 124 0 1 1
3 -16.2 -0.1 131 0 1 1
3 -15.8 -0.1 120 0 1 1
3 -15.5 0 99 0 1 1
3 -6.9 0.3 133 0 1 3
3 -6.8 0.2 135 0 1 3
3 -5.5 0 131 0 1 1
3 -5.1 0 140 0 1 1
3 -4.7 0 88 0 1 1
3 -4.3 -0.1 122 0 1 1
3 -3.5 -0.1 139 0 1 1
3 -3.1 -0.1 130 0 1 1
3 -2.7 -0.1 135 0 1 1
3 -2.3 -0.1 139 0 1 1
3 -2 -0.1 140 0 1 1
3 -1.6 0 143 0 1 1
3.1 -6.2 0 136 0 1 1
3.1 -5.9 0 99 0 1 1
3.2 -7.9 0.9 135 0 1 3
3.2 -7 0.5 151 0 1 3
3.3 -6.9 0.3 127 0 1 3
3.3 -6.8 0 134 0 1 3
3.3 -3.9 -0.1 146 0 1 1
3.3 -3.5 -0.1 121 0 1 1
3.3 -1.6 -0.1 130 0 1 1
3.3 -1.2 0 144 0 1 1
3.3 -0.8 0 144 0 1 1
3.3 -0.5 0 135 0 1 1
3.4 -19.7 0 107 0 1 1
3.4 -19.5 0 113 0 1 1
3.4 -19.4 0 109 0 1 1
3.4 -19 0 138 0 1 1
3.4 -18.6 0 140 0 1 1
3.4 -18.2 0 134 0 1 1
3.4 -17.8 0 133 0 1 1
3.4 -17.4 0 125 0 1 1
3.4 -17 0 110 0 1 1
3.4 -7.7 0.7 140 0 1 3
3.4 -7.5 0.7 143 0 1 3
3.4 -6.6 -0.1 133 0 1 1
3.4 -6.2 0 86 0 1 1
3.4 -5.9 0 146 0 1 1
3.4 -5.5 -0.1 130 0 1 1
3.4 -5.1 -0.1 115 0 1 1
3.4 -4.7 -0.1 133 0 1 1
3.4 -4.3 -0.1 118 0 1 1
3.4 -3.2 -0.1 138 0 1 1
3.4 -2.8 -0.1 141 0 1 1
3.4 -2.3 -0.1 141 0 1 1
3.4 -2 -0.1 140 0 1 1
3.5 -6.8 -0.1 130 0 1 3
3.6 -7.8 0.7 142 0 1 3
3.6 -7 0.4 135 0 1 3
3.7 -6.9 0.1 67 0 1 3
3.7 -4.3 -0.1 121 0 1 1
3.7 -4 -0.1 145 0 1 1
3.7 -3.6 -0.1 126 0 1 1
3.7 -3.2 -0.1 136 0 1 1
3.7 -2.8 -0.1 140 0 1 1
3.7 -1.9 -0.1 100 0 1 1
3.7 -1.5 -0.1 134 0 1 1
3.7 -1.2 0 103 0 1 1
3.7 -0.8 0 140 0 1 1
3.7 -0.5 0 151 0 1 1
3.8 -19.7 0 84 0 1 1
3.8 -19.5 0 126 0 1 1
3.8 -19.4 0 119 0 1 1
3.8 -19 0 152 0 1 1
3.8 -18.6 0 133 0 1 1
3.8 -18.2 0 130 0 1 1
3.8 -17.8 0 127 0 1 1
3.8 -7.5 0.6 124 0 1 3
3.8 -6.6 -0.1 144 0 1 1
3.8 -6.2 0 138 0 1 1
3.8 -5.9 -0.1 138 0 1 1
3.8 -5.5 -0.1 99 0 1 1
3.8 -5.1 -0.1 144 0 1 1
3.8 -4.7 -0.1 123 0 1 1
3.8 -2.4 -0.1 136 0 1 1
3.8 -0.1 0 144 0 1 1
4.1 -7.2 0.2 111 0 1 3
4.1 -6.2 -0.1 137 0 1 1
4.1 -4.3 -0.1 131 0 1 1
4.1 -4 -0.1 132 0 1 1
4.1 -1.6 -0.1 135 0 1 1
4.1 -1.2 0 139 0 1 1
4.1 -0.8 0 141 0 1 1
4.2 -19.6 -0.1 90 0 1 1
4.2 -19.4 -0.1 128 0 1 1
4.2 -19 -0.1 136 0 1 1
4.2 -7.7 0.3 139 0 1 3
4.2 -7.4 -0.1 114 0 1 3
4.2 -7 -0.1 132 0 1 1
4.2 -6.6 -0.1 147 0 1 1
4.2 -5.9 -0.1 150 0 1 1
4.2 -5.5 -0.1 146 0 1 1
4.2 -5.1 -0.1 146 0 1 1
4.2 -4.7 -0.1 133 0 1 1
4.2 -3.6 -0.1 129 0 1 1
4.2 -3.2 -0.1 129 0 1 1
4.2 -2.8 -0.1 128 0 1 1
4.2 -2.4 -0.1 138 0 1 1
4.2 -2 -0.1 137 0 1 1
4.2 -0.4 0 141 0 1 1
4.2 -0.1 0 148 0 1 1
4.2 0.3 0 134 0 1 1
4.2 0.7 -0.1 148 0 1 1
4.5 -6.6 -0.1 131 0 1 1
4.5 -6.2 -0.1 141 0 1 1
4.5 -5.8 -0.1 150 0 1 1
4.5 -5.5 -0.1 137 0 1 1
4.5 -5.1 -0.1 145 0 1 1
4.5 -4.4 -0.1 125 0 1 1
4.5 -4 -0.1 76 0 1 1
4.5 -4 0.1 47 0 1 2
4.5 -3.9 -0.1 72 0 1 2
4.5 -3.9 0.1 107 0 1 2
4.5 -3.8 0 44 0 1 2
4.5 -0.8 0 128 0 1 1
4.6 -8.1 0 135 0 1 1
4.6 -7.7 0 139 0 1 1
4.6 -7.4 0 145 0 1 1
4.6 -7 -0.1 136 0 1 1
4.6 -4.7 -0.2 121 0 1 1
4.6 -4.3 0.1 53 0 1 2
4.6 -4.2 0.1 86 0 1 2
4.6 -3.9 0 44 0 1 2
4.6 -3.6 -0.1 135 0 1 1
4.6 -3.2 0 131 0 1 1
4.6 -2.8 0 138 0 1 1
4.6 -2.4 0 133 0 1 1
4.6 -2 -0.1 130 0 1 1
4.6 -1.6 -0.1 130 0 1 1
4.6 -1.2 -0.1 133 0 1 1
4.6 -0.4 0 147 0 1 1
4.6 -0.1 0 152 0 1 1
4.6 0.3 0 146 0 1 1
4.6 0.7 -0.1 145 0 1 1
4.7 -4.5 0 92 0 1 2
4.7 -3.9 -0.1 109 0 1 2
4.7 -3.8 0 43 0 1 2
4.7 -3.8 0.2 136 0 1 2
4.8 -6.6 0.1 48 0 1 2
4.8 -4.6 -0.1 113 0 1 2
4.8 -4.5 0 110 0 1 2
4.8 -4.4 0.2 110 0 1 2
4.8 -3.8 0.1 139 0 1 2
4.8 -3.7 0 42 0 1 2
4.9 -8.5 0 132 0 1 1
4.9 -8.1 0 135 0 1 1
4.9 -7 0 144 0 1 1
4.9 -7 0.1 131 0 1 2
4.9 -6.8 0.1 49 0 1 2
4.9 -6.7 -0.1 130 0 1 2
4.9 -6.7 0.2 86 0 1 2
4.9 -6.6 -0.1 130 0 1 1
4.9 -6.5 0 43 0 1 2
4.9 -6.5 0.1 109 0 1 2
4.9 -6.2 -0.1 137 0 1 1
4.9 -5.8 -0.1 117 0 1 1
4.9 -5.5 -0.1 134 0 1 1
4.9 -5.1 -0.1 146 0 1 1
4.9 -4.4 0.1 123 0 1 2
4.9 -4.2 0.2 134 0 1 2
4.9 -3.9 0.2 132 0 1 2
4.9 -3.8 0 77 0 1 2
4.9 -3.7 0.1 121 0 1 2
4.9 -0.8 0 144 0 1 1
4.9 0.8 -0.1 146 0 1 1
5 -7.7 0 123 0 1 1
5 -7.4 0 134 0 1 1
5 -7.1 0 73 0 1 2
5 -7 0.1 60 0 1 2
5 -6.9 0.2 126 0 1 2
5 -6.6 -0.1 114 0 1 2
5 -6.5 0 49 0 1 2
5 -6.5 0.1 42 0 1 2
5 -6.5 0.2 127 0 1 2
5 -3.8 0 113 0 1 2
5 -3.5 0 136 0 1 1
5 -3.1 0 128 0 1 1
5 -2.8 0 134 0 1 1
5 -2.4 0 136 0 1 1
5 -2 0 134 0 1 1
5 -1.6 0 136 0 1 1
5 -1.2 0 135 0 1 1
5 -0.4 0 139 0 1 1
5 0 0 138 0 1 1
5 0.4 0 154 0 1 1
5.1 -6.8 0.2 126 0 1 2
5.1 -6.6 0 115 0 1 2
5.1 -6.5 0 101 0 1 2
5.1 -6.4 0.1 41 0 1 2
5.1 -6.4 0.2 148 0 1 2
5.1 -4.1 0.2 127 0 1 2
5.2 -6.6 0 60 0 1 2
5.2 -6.5 0 51 0 1 2
5.2 -6.5 0.1 101 0 1 2
5.2 -6.5 0.2 138 0 1 2
5.2 -6.4 0.1 115 0 1 2
5.3 -9.7 -0.1 142 0 1 1
5.3 -9.3 -0.1 143 0 1 1
5.3 -8.9 0 140 0 1 1
5.3 -8.5 0 101 0 1 1
5.3 -8.1 0 135 0 1 1
5.3 -7.8 0 139 0 1 1
5.3 -6.7 0.2 127 0 1 2
5.3 -6.6 0 113 0 1 1
5.3 -6.5 0 135 0 1 2
5.3 -6.5 0.1 139 0 1 2
5.3 -6.2 -0.1 119 0 1 1
5.3 -5.8 -0.1 139 0 1 1
5.3 -5.4 -0.1 122 0 1 1
5.3 -5.1 -0.1 111 0 1 1
5.3 -0.8 0 149 0 1 1
5.3 -0.4 0 137 0 1 1
5.3 0 0 150 0 1 1
5.3 0.4 -0.1 154 0 1 1
5.3 0.8 -0.1 118 0 1 1
5.4 -3.9 0 131 0 1 1
5.4 -3.5 0 116 0 1 1
5.4 -3.1 0 137 0 1 1
5.4 -2.7 0 142 0 1 1
5.4 -2.3 0 133 0 1 1
5.4 -2 0 115 0 1 1
5.4 -1.6 0 131 0 1 1
5.4 -1.2 0 130 0 1 1
5.6 -10.8 -0.1 121 0 1 1
5.6 -10.4 0 136 0 1 1
5.7 -15.4 0 123 0 1 1
5.7 -15 0 125 0 1 1
5.7 -14.6 0 123 0 1 1
5.7 -10 0 136 0 1 1
5.7 -9.7 -0.1 133 0 1 1
5.7 -9.3 -0.1 140 0 1 1
5.7 -8.9 -0.1 107 0 1 1
5.7 -8.5 0 131 0 1 1
5.7 -8.1 -0.1 135 0 1 1
5.7 -6.9 -0.1 147 0 1 1
5.7 -6.5 -0.1 137 0 1 1
5.7 -6.2 -0.1 146 0 1 1
5.7 -5.8 -0.1 134 0 1 1
5.7 -5.4 -0.1 142 0 1 1
5.7 -5 -0.1 142 0 1 1
5.7 -3.1 0 127 0 1 1
5.7 -2.7 0 145 0 1 1
5.7 -2.4 0 139 0 1 1
5.7 -2 0 132 0 1 1
5.7 -1.6 0 132 0 1 1
5.7 -1.2 0 127 0 1 1
5.7 -0.7 0 143 0 1 1
5.7 -0.4 0 158 0 1 1
5.7 0 -0.1 132 0 1 1
5.7 0.4 -0.1 126 0 1 1
5.7 0.7 -0.1 149 0 1 1
5.8 -4.7 0 124 0 1 1
5.8 -4.3 0 129 0 1 1
5.8 -3.9 0 136 0 1 1
5.8 -3.5 0 129 0 1 1
6 -19 0 133 0 1 1
6 -18.8 0 115 0 1 1
6 -18.1 0 111 0 1 1
6 -17.7 0 154 0 1 1
6 -17.3 0 104 0 1 1
6 -16.9 0 130 0 1 1
6 -14.2 0 129 0 1 1
6 -13.9 -0.1 129 0 1 1
6 -13.5 -0.1 120 0 1 1
6 -13.1 0 103 0 1 1
6 -12.7 0 130 0 1 1
6 -12.3 0 128 0 1 1
6 -11.9 -0.1 141 0 1 1
6 -11.5 -0.1 142 0 1 1
6 -11.2 -0.1 139 0 1 1
6 -10.8 -0.1 141 0 1 1
6 -10.4 0 140 0 1 1
6 -8.5 -0.1 103 0 1 1
6 -8.1 -0.1 126 0 1 1
6.1 -18.5 0 118 0 1 1
6.1 -16.5 -0.1 135 0 1 1
6.1 -16.2 -0.1 123 0 1 1
6.1 -15.8 0 120 0 1 1
6.1 -15.4 0 124 0 1 1
6.1 -15 0 124 0 1 1
6.1 -14.6 0 111 0 1 1
6.1 -10 0 144 0 1 1
6.1 -9.6 -0.1 136 0 1 1
6.1 -9.3 -0.1 137 0 1 1
6.1 -8.9 -0.1 92 0 1 1
6.1 -7.3 -0.1 143 0 1 1
6.1 -6.9 -0.1 132 0 1 1
6.1 -6.5 -0.1 150 0 1 1
6.1 -6.1 -0.1 138 0 1 1
6.1 -5.8 -0.1 119 0 1 1
6.1 -5.4 -0.1 114 0 1 1
6.1 -5 0 134 0 1 1
6.1 -3.8 0 144 0 1 1
6.1 -3.5 0 139 0 1 1
6.1 -3.1 0 132 0 1 1
6.1 -2.8 0 138 0 1 1
6.1 -2.4 0 132 0 1 1
6.1 -2 0 135 0 1 1
6.1 -1.5 0 145 0 1 1
6.1 -1.1 0 147 0 1 1
6.1 -0.7 0 145 0 1 1
6.1 -0.4 -0.1 153 0 1 1
6.1 0 -0.1 146 0 1 1
6.1 0.4 -0.1 149 0 1 1
6.1 0.7 -0.1 148 0 1 1
6.2 -8 0.1 36 0 1 3
6.2 -7.7 0 40 0 1 3
6.2 -7.6 0.2 40 0 1 3
6.2 -4.6 0 141 0 1 1
6.2 -4.2 0 138 0 1 1
6.3 -9 0.1 49 0 1 3
6.3 -8.4 0 36 0 1 3
6.3 -8 -0.1 118 0 1 3
6.3 -8 0.5 46 0 1 3
6.4 -17.8 0 111 0 1 1
6.4 -17.4 0 104 0 1 1
6.4 -17 -0.1 133 0 1 1
6.4 -13.5 0 101 0 1 1
6.4 -13.1 0 131 0 1 1
6.4 -12.8 0 108 0 1 1
6.4 -12.4 -0.1 133 0 1 1
6.4 -12 -0.1 119 0 1 1
6.4 -8.6 0.2 45 0 1 3
6.4 -7.7 0.5 86 0 1 3
6.4 -7.4 -0.1 57 0 1 3
6.4 -7.4 0.2 55 0 1 3
6.4 -2.4 -0.1 110 0 1 1
6.5 -18.9 0 80 0 1 1
6.5 -18.7 0 112 0 1 1
6.5 -18.6 0 117 0 1 1
6.5 -18.2 0 107 0 1 1
6.5 -16.6 -0.1 130 0 1 1
6.5 -16.2 -0.1 120 0 1 1
6.5 -15.8 -0.1 130 0 1 1
6.5 -15.5 -0.1 118 0 1 1
6.5 -15.1 0 108 0 1 1
6.5 -14.7 0 119 0 1 1
6.5 -14.3 0 131 0 1 1
6.5 -13.9 -0.1 128 0 1 1
6.5 -11.6 -0.1 139 0 1 1
6.5 -11.2 -0.1 124 0 1 1
6.5 -10.8 -0.1 134 0 1 1
6.5 -10.4 -0.1 146 0 1 1
6.5 -10 0 138 0 1 1
6.5 -9.6 -0.1 83 0 1 1
6.5 -9.3 0.2 120 0 1 3
6.5 -8.9 -0.1 135 0 1 1
6.5 -8.6 0.5 50 0 1 3
6.5 -7.3 -0.1 141 0 1 1
6.5 -6.9 -0.1 130 0 1 1
6.5 -6.5 -0.1 123 0 1 1
6.5 -6.1 -0.1 133 0 1 1
6.5 -5.8 -0.1 143 0 1 1
6.5 -5.4 -0.1 131 0 1 1
6.5 -5 -0.1 147 0 1 1
6.5 -4.6 0 139 0 1 1
6.5 -4.3 0 136 0 1 1
6.5 -3.9 0 144 0 1 1
6.5 -3.5 -0.1 131 0 1 1
6.5 -3.2 -0.1 137 0 1 1
6.5 -2.8 -0.1 138 0 1 1
6.5 -2 -0.1 134 0 1 1
6.5 -1.5 0 137 0 1 1
6.5 -1.2 0 136 0 1 1
6.5 -0.8 -0.1 138 0 1 1
6.5 -0.4 -0.1 146 0 1 1
6.5 -0.3 0 58 0 1 2
6.5 -0.3 0.1 58 0 1 2
6.5 -0.2 -0.1 74 0 1 2
6.5 -0.2 0.1 97 0 1 2
6.5 0 -0.1 147 0 1 1
6.5 0.4 -0.1 137 0 1 1
6.5 0.7 -0.1 144 0 1 1
6.6 -9.3 0.4 76 0 1 3
6.6 -8.3 0.7 84 0 1 3
6.6 -7.4 0 45 0 1 3
6.6 -0.1 0 42 0 1 2
6.6 0.1 0 43 0 1 2
6.7 -8.6 0.8 110 0 1 3
6.7 -7.9 0.8 65 0 1 3
6.7 -7.3 0.2 47 0 1 3
6.7 -7.2 0 36 0 1 3
6.7 -0.4 0.1 96 0 1 2
6.7 0 -0.1 140 0 1 2
6.7 -0.1 0.2 148 0 1 2
6.7 0.1 0.1 126 0 1 2
6.8 -17.8 0 131 0 1 1
6.8 -17.4 -0.1 136 0 1 1
6.8 -17 -0.1 129 0 1 1
6.8 -12.4 -0.1 141 0 1 1
6.8 -9.6 0.3 85 0 1 3
6.8 -8.2 0.8 100 0 1 3
6.8 -7.6 0.8 114 0 1 3
6.8 -7.3 0.6 82 0 1 3
6.8 -2.8 -0.1 139 0 1 1
6.8 -2.4 -0.1 130 0 1 1
6.8 -0.5 0.1 81 0 1 2
6.8 0.1 0 115 0 1 2
6.9 -18.7 0 85 0 1 1
6.9 -18.6 0 118 0 1 1
6.9 -18.2 0 123 0 1 1
6.9 -16.6 -0.1 128 0 1 1
6.9 -16.2 -0.1 122 0 1 1
6.9 -15.9 -0.1 126 0 1 1
6.9 -15.5 -0.1 106 0 1 1
6.9 -15.1 -0.1 118 0 1 1
6.9 -14.8 0 122 0 1 1
6.9 -14.3 0 133 0 1 1
6.9 -13.9 0 98 0 1 1
6.9 -13.6 0 131 0 1 1
6.9 -13.2 0 122 0 1 1
6.9 -12.8 -0.1 137 0 1 1
6.9 -12 -0.1 139 0 1 1
6.9 -11.6 -0.1 143 0 1 1
6.9 -11.2 -0.1 141 0 1 1
6.9 -10.8 -0.1 129 0 1 1
6.9 -10.4 -0.1 141 0 1 1
6.9 -10 -0.1 61 0 1 1
6.9 -9.7 0.4 112 0 1 3
6.9 -7.1 0.3 74 0 1 3
6.9 -6.9 -0.1 68 0 1 1
6.9 -6.5 -0.1 138 0 1 1
6.9 -6.2 -0.1 123 0 1 1
6.9 -5.8 -0.1 142 0 1 1
6.9 -5.4 -0.1 135 0 1 1
6.9 -5 -0.1 120 0 1 1
6.9 -4.7 -0.1 133 0 1 1
6.9 -4.3 -0.1 136 0 1 1
6.9 -3.9 -0.1 136 0 1 1
6.9 -3.5 -0.1 141 0 1 1
6.9 -3.2 -0.1 133 0 1 1
6.9 -2 -0.1 140 0 1 1
6.9 -1.6 -0.1 136 0 1 1
6.9 -1.2 -0.1 146 0 1 1
6.9 -0.8 -0.1 129 0 1 1
6.9 0 0.2 145 0 1 2
6.9 0.1 -0.1 134 0 1 2
6.9 0.4 -0.1 142 0 1 1
6.9 0.8 -0.1 142 0 1 1
6.9 1.1 -0.1 145 0 1 1
7 -8 0.9 125 0 1 3
7 -6.9 0 100 0 1 3
7 -0.6 0 123 0 1 2
7 -0.5 0.2 125 0 1 2
7 -0.3 0.2 146 0 1 2
7.1 -18.7 -0.1 115 0 1 1
7.1 -18.6 -0.1 114 0 1 1
7.1 -9.6 0.6 117 0 1 3
7.1 -0.7 -0.1 102 0 1 2
7.1 -0.6 0 116 0 1 2
7.1 -0.1 0.2 136 0 1 2
7.2 -17.8 0 134 0 1 1
7.2 -17.4 -0.1 127 0 1 1
7.2 -17 -0.1 113 0 1 1
7.2 -16.6 -0.1 131 0 1 1
7.2 -12.4 -0.1 135 0 1 1
7.2 -5.8 -0.1 136 0 1 1
7.2 -5.4 -0.1 133 0 1 1
7.2 -5 -0.1 111 0 1 1
7.2 -3.5 -0.1 139 0 1 1
7.2 -3.2 -0.1 116 0 1 1
7.2 -2.8 -0.1 140 0 1 1
7.2 -2.4 -0.1 140 0 1 1
7.2 1.1 -0.1 137 0 1 1
7.3 -16.3 -0.2 134 0 1 1
7.3 -15.9 -0.1 124 0 1 1
7.3 -15.5 -0.1 124 0 1 1
7.3 -15.2 -0.1 130 0 1 1
7.3 -14.8 -0.1 130 0 1 1
7.3 -14.4 -0.1 128 0 1 1
7.3 -13.9 -0.1 135 0 1 1
7.3 -13.6 -0.1 129 0 1 1
7.3 -13.2 -0.1 129 0 1 1
7.3 -12.8 -0.1 113 0 1 1
7.3 -12 -0.1 105 0 1 1
7.3 -11.5 -0.1 143 0 1 1
7.3 -11.2 -0.1 133 0 1 1
7.3 -10.8 -0.1 122 0 1 1
7.3 -6.5 -0.1 112 0 1 1
7.3 -6.2 -0.1 144 0 1 1
7.3 -4.7 -0.1 125 0 1 1
7.3 -4.3 -0.1 132 0 1 1
7.3 -3.9 -0.1 138 0 1 1
7.3 -2 -0.1 135 0 1 1
7.3 -1.6 -0.1 141 0 1 1
7.3 -1.2 -0.1 143 0 1 1
7.3 -0.8 -0.1 130 0 1 1
7.3 0.4 -0.1 138 0 1 1
7.3 0.8 -0.1 142 0 1 1
7.4 -18.6 -0.1 112 0 1 1
7.5 -18.6 -0.1 108 0 1 1
7.5 -9.1 0.8 119 0 1 3
7.5 -2 -0.1 41 0 1 3
7.6 -18.5 -0.1 107 0 1 1
7.6 -18.2 -0.1 132 0 1 1
7.6 -17.8 -0.1 128 0 1 1
7.6 -17.4 -0.1 123 0 1 1
7.6 -17 -0.1 124 0 1 1
7.6 -16.6 -0.1 125 0 1 1
7.6 -16.3 -0.2 132 0 1 1
7.6 -14.4 -0.1 117 0 1 1
7.6 -14 -0.1 132 0 1 1
7.6 -13.6 -0.1 104 0 1 1
7.6 -13.2 -0.1 132 0 1 1
7.6 -12.8 -0.1 134 0 1 1
7.6 -12.4 -0.1 143 0 1 1
7.6 -11.9 -0.1 137 0 1 1
7.6 -11.5 -0.1 139 0 1 1
7.6 -11.1 -0.1 142 0 1 1
7.6 -7.3 1.1 130 0 1 3
7.6 -7 0.6 106 0 1 3
7.6 -6.5 -0.1 143 0 1 1
7.6 -6.2 -0.2 140 0 1 1
7.6 -5.8 -0.1 118 0 1 1
7.6 -5.4 -0.1 144 0 1 1
7.6 -5 -0.1 138 0 1 1
7.6 -4.7 -0.1 111 0 1 1
7.6 -4.3 -0.1 130 0 1 1
7.6 -3.9 -0.1 138 0 1 1
7.6 -3.5 -0.1 132 0 1 1
7.6 -3.2 -0.1 130 0 1 1
7.6 -2.8 -0.1 138 0 1 1
7.6 -2.4 -0.1 131 0 1 1
7.6 -2.2 -0.1 39 0 1 3
7.6 -2.1 0.1 41 0 1 3
7.6 -1.9 0 61 0 1 3
7.6 -1.8 0 43 0 1 3
7.6 0.4 -0.1 134 0 1 1
7.6 0.8 -0.1 149 0 1 1
7.6 1.1 -0.1 147 0 1 1
7.7 -15.2 -0.1 128 0 1 1
7.7 -14.8 -0.1 123 0 1 1
7.7 -2.4 0 40 0 1 3
7.7 -2.3 -0.1 45 0 1 3
7.7 -2.2 0.2 89 0 1 3
7.7 -1.9 0.1 92 0 1 3
7.7 -1.8 0.1 81 0 1 3
7.7 -1.7 0 47 0 1 3
7.7 -1.6 -0.1 114 0 1 1
7.7 -1.5 -0.1 139 0 1 3
7.7 -1.2 -0.1 148 0 1 1
7.7 -0.8 -0.1 136 0 1 1
7.8 -2.6 0 45 0 1 3
7.8 -2.6 0.1 71 0 1 3
7.8 -2.5 -0.1 49 0 1 3
7.8 -2.4 -0.1 44 0 1 3
7.8 -2.4 0.1 43 0 1 3
7.8 -2 0.2 51 0 1 3
7.8 -1.9 0.2 65 0 1 3
7.8 -1.8 0.3 21 0 1 3
7.8 -1.7 0.1 85 0 1 3
7.8 -1.7 0.2 47 0 1 3
7.8 -1.6 0 51 0 1 3
7.8 -1.5 0 75 0 1 3
7.8 -1.4 -0.1 43 0 1 3
7.9 -17 -0.1 128 0 1 1
7.9 -2.7 0 73 0 1 3
7.9 -2.6 -0.1 132 0 1 3
7.9 -2.3 0.1 74 0 1 3
7.9 -2.3 0.3 42 0 1 3
7.9 -2.2 0.2 91 0 1 3
7.9 -2.2 0.3 44 0 1 3
7.9 -2.1 0.3 42 0 1 3
7.9 -2.1 0.4 47 0 1 3
7.9 -2 0.3 45 0 1 3
7.9 -1.9 0.4 45 0 1 3
7.9 -1.7 0.4 52 0 1 3
7.9 -1.6 0.2 45 0 1 3
7.9 -1.6 0.3 45 0 1 3
7.9 -1.5 0.1 82 0 1 3
7.9 -1.5 0.2 95 0 1 3
7.9 -1.4 0 77 0 1 3
8 -18.3 -0.1 132 0 1 1
8 -18 -0.1 136 0 1 1
8 -17.8 -0.1 135 0 1 1
8 -17.4 -0.1 125 0 1 1
8 -16.6 -0.1 124 0 1 1
8 -16.2 -0.1 129 0 1 1
8 -15.9 -0.1 116 0 1 1
8 -15.5 -0.1 127 0 1 1
8 -15.1 -0.1 126 0 1 1
8 -14.3 -0.1 129 0 1 1
8 -13.9 -0.1 123 0 1 1
8 -13.5 -0.1 127 0 1 1
8 -13.2 -0.1 121 0 1 1
8 -12.7 -0.1 138 0 1 1
8 -12.3 -0.1 162 0 1 1
8 -11.9 -0.1 124 0 1 1
8 -11.5 -0.1 141 0 1 1
8 -6.6 -0.1 133 0 1 1
8 -6.1 -0.1 131 0 1 1
8 -5.8 -0.1 138 0 1 1
8 -5.4 -0.1 146 0 1 1
8 -5 -0.1 131 0 1 1
8 -4.7 -0.1 126 0 1 1
8 -4.3 -0.1 143 0 1 1
8 -3.9 -0.1 140 0 1 1
8 -3.5 -0.1 135 0 1 1
8 -3.1 -0.1 125 0 1 1
8 -2.7 -0.1 136 0 1 1
8 -2.7 0.2 86 0 1 3
8 -2.6 0.2 76 0 1 3
8 -2.6 0.3 43 0 1 3
8 -2.5 0.2 90 0 1 3
8 -2.5 0.3 46 0 1 3
8 -2.4 0.2 56 0 1 3
8 -2.3 0.4 40 0 1 3
8 -1.9 0.6 99 0 1 3
8 -1.5 0.2 87 0 1 3
8 -1.5 0.4 60 0 1 3
8 -1.4 0.2 106 0 1 3
8 -1.2 -0.1 144 0 1 1
8 -0.8 -0.1 143 0 1 1
8 -0.4 -0.1 135 0 1 1
8 0 -0.1 149 0 1 1
8 0.4 -0.1 142 0 1 1
8 0.7 -0.1 151 0 1 1
8 1.1 -0.1 151 0 1 1
8.1 -14.7 -0.1 129 0 1 1
8.1 -8.2 1 142 0 1 3
8.1 -2.7 0.3 49 0 1 3
8.1 -2.7 0.5 87 0 1 3
8.1 -2.6 0.4 46 0 1 3
8.1 -2.5 0.3 45 0 1 3
8.1 -2.5 0.4 34 0 1 3
8.1 -2.5 0.5 83 0 1 3
8.1 -2.4 0.4 41 0 1 3
8.1 -2.4 0.5 78 0 1 3
8.1 -2 0.6 101 0 1 3
8.1 -1.6 0.6 121 0 1 3
8.1 -1.5 0.2 151 0 1 3
8.2 -2.7 0.4 124 0 1 3
8.2 -2.6 0.5 101 0 1 3
8.2 -2.4 0.6 108 0 1 3
8.2 -2 0.6 114 0 1 3
8.2 -1.9 0.7 139 0 1 3
8.2 -1.7 0.6 154 0 1 3
8.3 -17.3 -0.1 127 0 1 1
8.3 -16.9 -0.1 124 0 1 1
8.3 -16.6 -0.1 126 0 1 1
8.3 -16.2 -0.1 125 0 1 1
8.3 -13.9 0 128 0 1 1
8.3 -13.5 -0.1 120 0 1 1
8.3 -13.1 -0.1 125 0 1 1
8.3 -11.9 -0.1 123 0 1 1
8.3 -2.5 0.6 99 0 1 3
8.3 -2.2 0.6 105 0 1 3
8.3 -2.1 0.7 119 0 1 3
8.3 -1.9 0.6 139 0 1 3
8.3 -1.6 0.6 143 0 1 3
8.3 -1.5 0.3 95 0 1 3
8.3 -1.5 0.5 101 0 1 3
8.3 -1.4 0 85 0 1 3
8.3 -1.4 0.2 94 0 1 3
8.3 -1.4 0.3 125 0 1 3
8.3 1.1 -0.1 136 0 1 1
8.4 -18.1 -0.1 92 0 1 1
8.4 -17.9 -0.1 120 0 1 1
8.4 -17.7 -0.1 123 0 1 1
8.4 -15.9 -0.1 124 0 1 1
8.4 -15.5 -0.1 113 0 1 1
8.4 -15.1 0 131 0 1 1
8.4 -14.3 0 129 0 1 1
8.4 -12.7 -0.1 124 0 1 1
8.4 -12.3 -0.1 114 0 1 1
8.4 -9.4 0.9 94 0 1 3
8.4 -6.9 0.9 120 0 1 3
8.4 -6.7 0.1 93 0 1 3
8.4 -6.6 -0.1 136 0 1 1
8.4 -6.1 -0.1 128 0 1 1
8.4 -5.8 -0.1 140 0 1 1
8.4 -5.4 -0.1 132 0 1 1
8.4 -5 -0.1 136 0 1 1
8.4 -4.6 -0.1 136 0 1 1
8.4 -4.2 -0.1 94 0 1 1
8.4 -3.9 -0.1 133 0 1 1
8.4 -3.5 -0.1 131 0 1 1
8.4 -3.1 0 135 0 1 1
8.4 -2.6 0.6 119 0 1 3
8.4 -2.6 0.7 141 0 1 3
8.4 -2.5 0.7 143 0 1 3
8.4 -2.2 0.7 129 0 1 3
8.4 -1.1 -0.1 147 0 1 1
8.4 -0.7 0 146 0 1 1
8.4 -0.4 -0.1 144 0 1 1
8.4 0 -0.1 154 0 1 1
8.4 0.3 -0.1 139 0 1 1
8.4 0.7 -0.1 131 0 1 1
8.5 -14.7 0 127 0 1 1
8.5 -7.3 1.2 125 0 1 3
8.5 -7 1.1 92 0 1 3
8.5 -1.4 0.2 103 0 1 3
8.6 -7.9 1.2 112 0 1 3
8.6 -2.5 0.7 141 0 1 3
8.6 -1.5 0.6 139 0 1 3
8.7 -17 0 130 0 1 1
8.7 -16.6 -0.1 122 0 1 1
8.7 -16.2 -0.1 114 0 1 1
8.7 -2.1 0.6 148 0 1 3
8.7 -1.5 0.3 100 0 1 3
8.7 -1.4 0.2 83 0 1 3
8.8 -17.9 -0.1 120 0 1 1
8.8 -17.7 -0.1 122 0 1 1
8.8 -15.8 0 100 0 1 1
8.8 -15.5 0 128 0 1 1
8.8 -15.1 0 125 0 1 1
8.8 -14.7 0 131 0 1 1
8.8 -14.3 0 124 0 1 1
8.8 -13.9 0 123 0 1 1
8.8 -13.5 -0.1 125 0 1 1
8.8 -13.1 -0.1 102 0 1 1
8.8 -12.7 -0.1 118 0 1 1
8.8 -12.3 -0.1 99 0 1 1
8.8 -7.2 1 138 0 1 3
8.8 -6.6 0 144 0 1 1
8.8 -6.2 0 118 0 1 1
8.8 -5.8 -0.1 144 0 1 1
8.8 -5.4 -0.1 130 0 1 1
8.8 -5 -0.1 128 0 1 1
8.8 -4.6 -0.1 137 0 1 1
8.8 -4.2 -0.1 144 0 1 1
8.8 -3.9 -0.1 138 0 1 1
8.8 -3.5 -0.1 123 0 1 1
8.8 -3.1 0 138 0 1 1
8.8 -1.5 0 89 0 1 3
8.8 -1.1 0 151 0 1 1
8.8 -0.8 0 147 0 1 1
8.8 -0.4 0 151 0 1 1
8.8 0 0 130 0 1 1
8.8 0.3 -0.1 163 0 1 1
8.8 0.7 -0.1 154 0 1 1
8.8 1.1 -0.1 155 0 1 1
8.9 -1.5 0.1 96 0 1 3
9 -8.1 1.1 105 0 1 3
9 -7 0.8 140 0 1 3
9 -6.7 0.5 105 0 1 3
9 -6.7 0.7 134 0 1 3
9 -2.4 0.6 133 0 1 3
9 -1.5 0.2 107 0 1 3
9 -1.5 0.4 139 0 1 3
9 1.2 -0.1 128 0 1 5
9.1 -17.7 -0.1 118 0 1 1
9.1 -16.2 0 125 0 1 1
9.1 -8.5 1.1 124 0 1 3
9.1 -7.2 0.8 137 0 1 3
9.1 -2.3 0.6 141 0 1 3
9.2 -17.7 -0.1 97 0 1 1
9.2 -17.3 0 110 0 1 1
9.2 -17 0 127 0 1 1
9.2 -16.6 0 127 0 1 1
9.2 -15.8 0 126 0 1 1
9.2 -15.4 0 122 0 1 1
9.2 -15.1 0 126 0 1 1
9.2 -14.7 0 129 0 1 1
9.2 -14.3 0 134 0 1 1
9.2 -13.9 0 122 0 1 1
9.2 -13.5 0 132 0 1 1
9.2 -13.1 -0.1 119 0 1 1
9.2 -9.1 1 89 0 1 3
9.2 -6.8 0.6 129 0 1 3
9.2 -6.7 0.1 120 0 1 3
9.2 -6.7 0.4 128 0 1 3
9.2 -6.6 0 143 0 1 1
9.2 -5 0 132 0 1 1
9.2 -4.6 -0.1 129 0 1 1
9.2 -4.3 -0.1 119 0 1 1
9.2 -3.9 -0.1 138 0 1 1
9.2 -3.5 -0.1 128 0 1 1
9.2 -3.1 -0.1 130 0 1 1
9.2 -2.3 0.5 149 0 1 3
9.2 -0.8 0 143 0 1 1
9.2 -0.4 0 136 0 1 1
9.2 0 0 151 0 1 1
9.2 0.3 0 149 0 1 1
9.2 0.7 -0.1 150 0 1 1
9.3 -8.4 1.1 112 0 1 3
9.3 -6.2 0 151 0 1 1
9.3 -5.8 0 140 0 1 1
9.3 -5.4 0 143 0 1 1
9.3 -2.2 0.5 153 0 1 3
9.3 -2.1 0.5 156 0 1 3
9.3 -1.6 0.4 147 0 1 3
9.3 -1.5 0.2 93 0 1 3
9.3 -1.5 0.3 137 0 1 3
9.3 -1.2 0 148 0 1 1
9.3 1 0 125 0 1 5
9.4 -8.8 1.1 118 0 1 3
9.4 -6.7 0.1 144 0 1 3
9.5 0.7 0 112 0 1 5
9.5 1.3 0.2 109 0 1 5
9.6 -17.4 -0.1 80 0 1 1
9.6 -17.2 0 85 0 1 1
9.6 -17 0 116 0 1 1
9.6 -16.6 0 123 0 1 1
9.6 -16.2 0 119 0 1 1
9.6 -15.9 0 117 0 1 1
9.6 -15.5 0 127 0 1 1
9.6 -15.1 0 130 0 1 1
9.6 -14.7 0 134 0 1 1
9.6 -14.3 0 133 0 1 1
9.6 -13.9 0 130 0 1 1
9.6 -13.5 -0.1 130 0 1 1
9.6 -6.6 0 145 0 1 1
9.6 -6.2 0 140 0 1 1
9.6 -5.8 0 145 0 1 1
9.6 -5.4 0 140 0 1 1
9.6 -5 -0.1 138 0 1 1
9.6 -4.6 -0.1 151 0 1 1
9.6 -4.3 -0.1 139 0 1 1
9.6 -3.9 -0.1 140 0 1 1
9.6 -3.5 -0.1 127 0 1 1
9.6 -0.8 0 147 0 1 1
9.6 -0.4 0 141 0 1 1
9.6 -0.1 0 156 0 1 1
9.6 0.3 0 139 0 1 1
9.7 -1.5 0 152 0 1 1
9.7 -1.2 0 149 0 1 1
9.7 1 0.3 109 0 1 5
9.8 0.5 0.1 120 0 1 5
9.9 1.4 0.6 134 0 1 5
10 -17.2 -0.1 80 0 1 1
10 -17.1 -0.1 79 0 1 1
10 -16.7 -0.1 118 0 1 1
10 -16.3 -0.1 129 0 1 1
10 -15.9 -0.1 120 0 1 1
10 -15.5 -0.1 138 0 1 1
10 -15.1 -0.1 134 0 1 1
10 -7 -0.1 142 0 1 1
10 -6.6 -0.1 139 0 1 1
10 -6.2 0 139 0 1 1
10 -5.8 0 148 0 1 1
10 -5.4 0 92 0 1 1
10 -5 -0.1 142 0 1 1
10 -4.7 -0.1 143 0 1 1
10 -4.3 -0.1 135 0 1 1
10 -3.9 -0.1 137 0 1 1
10 -3.5 -0.1 133 0 1 1
10 -1.2 0 155 0 1 1
10 -0.8 0 154 0 1 1
10 -0.4 0 143 0 1 1
10 -0.1 0 153 0 1 1
10 0.8 0.4 136 0 1 5
10.1 -14.7 -0.1 132 0 1 1
10.1 -14.3 -0.1 129 0 1 1
10.1 -13.9 -0.1 133 0 1 1
10.1 -1.5 0 136 0 1 1
10.1 0.3 0.2 139 0 1 5
10.2 -17.1 -0.1 110 0 1 1
10.2 -17 -0.1 112 0 1 1
10.2 -0.3 0 137 0 1 5
10.2 1.1 0.4 134 0 1 5
10.3 0.6 0.3 144 0 1 5
10.4 -17 -0.1 80 0 1 1
10.4 -16.3 -0.1 128 0 1 1
10.4 -15.8 -0.1 128 0 1 1
10.4 -15.4 -0.1 131 0 1 1
10.4 -15.1 -0.1 131 0 1 1
10.4 -14.7 -0.1 125 0 1 1
10.4 -14.3 -0.1 127 0 1 1
10.4 -7.4 -0.1 148 0 1 1
10.4 -7 -0.1 120 0 1 1
10.4 -6.6 -0.1 122 0 1 1
10.4 -6.2 0 136 0 1 1
10.4 -5.8 0 129 0 1 1
10.4 -5.4 -0.1 124 0 1 1
10.4 -5.1 -0.1 143 0 1 1
10.4 -4.7 -0.1 153 0 1 1
10.4 -4.3 -0.1 140 0 1 1
10.4 -3.9 -0.1 139 0 1 1
10.4 -3.5 -0.1 130 0 1 1
10.4 -1.6 0 146 0 1 1
10.4 -1.2 -0.1 153 0 1 1
10.4 -0.8 -0.1 149 0 1 1
10.4 -0.4 0 143 0 1 1
10.4 0 0.1 139 0 1 5
10.5 0.9 0.3 147 0 1 5
10.6 -16.9 -0.1 80 0 1 1
10.6 0.3 0.2 143 0 1 5
10.7 -16.9 -0.1 88 0 1 1
10.7 -16.5 -0.1 115 0 1 1
10.7 -16.2 -0.1 124 0 1 1
10.7 -5.9 0 122 0 1 1
10.7 -5.4 -0.1 120 0 1 1
10.7 -5.1 -0.1 133 0 1 1
10.7 -4.7 -0.1 154 0 1 1
10.7 -4.3 -0.1 121 0 1 1
10.7 -0.8 -0.1 142 0 1 1
10.7 -0.4 -0.1 134 0 1 1
10.7 -0.2 0 143 0 1 5
10.8 -15.8 -0.1 93 0 1 1
10.8 -15.4 -0.2 135 0 1 1
10.8 -15 -0.2 125 0 1 1
10.8 -14.7 -0.2 127 0 1 1
10.8 -7.8 -0.1 140 0 1 1
10.8 -7.4 -0.1 124 0 1 1
10.8 -7 -0.1 130 0 1 1
10.8 -6.6 -0.1 141 0 1 1
10.8 -6.3 0 115 0 1 1
10.8 -3.9 -0.1 138 0 1 1
10.8 -1.6 -0.1 145 0 1 1
10.8 -1.2 -0.1 148 0 1 1
11.1 -16.7 -0.1 106 0 1 1
11.1 -16.2 -0.1 120 0 1 1
11.1 -15.8 -0.1 129 0 1 1
11.1 -15.4 -0.1 112 0 1 1
11.1 -15 -0.1 124 0 1 1
11.1 -6.6 0 119 0 1 1
11.1 -6.2 0 145 0 1 1
11.1 -5.8 0 131 0 1 1
11.1 -5.4 0 127 0 1 1
11.1 -5.1 -0.1 116 0 1 1
11.1 -4.7 -0.1 140 0 1 1
11.1 -4.3 -0.1 137 0 1 1
11.1 -3.9 -0.1 138 0 1 1
11.1 -1.6 -0.1 137 0 1 1
11.1 -1.2 -0.1 145 0 1 1
11.1 -0.8 -0.1 141 0 1 1
11.1 -0.4 0 119 0 1 1
11.1 0 0 149 0 1 1
11.2 -8.1 -0.1 119 0 1 1
11.2 -7.7 -0.1 131 0 1 1
11.2 -7.4 -0.1 140 0 1 1
11.2 -7 0 140 0 1 1
11.3 -16.5 -0.1 114 0 1 1
11.4 -16.4 0 78 0 1 1
11.4 -16.3 0 79 0 1 1
11.4 -16.1 0 83 0 1 1
11.4 -15.8 0 130 0 1 1
11.4 -6.2 0 119 0 1 1
11.4 -5.8 0 145 0 1 1
11.4 -5.5 0 142 0 1 1
11.4 -5.1 0 124 0 1 1
11.4 -4.7 -0.1 141 0 1 1
11.4 -4.3 -0.1 134 0 1 1
11.4 -3.9 -0.1 135 0 1 1
11.4 -1.6 0 144 0 1 1
11.4 -1.2 0 147 0 1 1
11.4 -0.8 0 142 0 1 1
11.4 -0.4 0 138 0 1 1
11.4 -0.1 0 158 0 1 1
11.5 -15.4 0 132 0 1 1
11.5 -15 0 124 0 1 1
11.5 -8.1 0 137 0 1 1
11.5 -7.7 0 136 0 1 1
11.5 -7.3 0 115 0 1 1
11.5 -7 0 142 0 1 1
11.5 -6.6 0 133 0 1 1
11.6 -16.1 0 109 0 1 1
11.8 -15.4 -0.1 115 0 1 1
11.8 -6.2 0 138 0 1 1
11.8 -5.8 0 148 0 1 1
11.8 -5.4 0 144 0 1 1
11.8 -5 0 146 0 1 1
11.8 -4.7 0 141 0 1 1
11.8 -4.3 0 121 0 1 1
11.8 -3.9 0 138 0 1 1
11.8 -2 0 143 0 1 1
11.8 -1.6 0 138 0 1 1
11.8 -1.2 0 139 0 1 1
11.8 -0.8 0 141 0 1 1
11.8 -0.4 0 146 0 1 1
11.8 -0.1 0 161 0 1 1
11.9 -16 -0.1 81 0 1 1
11.9 -8.5 0 138 0 1 1
11.9 -8.1 0 146 0 1 1
11.9 -7.7 0 146 0 1 1
11.9 -7.4 0 124 0 1 1
11.9 -7 0 110 0 1 1
11.9 -6.6 0 137 0 1 1
11.9 0.3 0 138 0 1 1
12.2 -15.8 -0.1 98 0 1 1
12.2 -15.6 -0.1 111 0 1 1
12.2 -15.5 -0.1 114 0 1 1
12.2 -6.6 0 143 0 1 1
12.2 -6.2 0 146 0 1 1
12.2 -5.8 0 136 0 1 1
12.2 -5.4 0 143 0 1 1
12.2 -4.3 0 145 0 1 1
12.2 -3.9 0 139 0 1 1
12.2 -1.2 0 146 0 1 1
12.2 -0.8 0 133 0 1 1
12.2 -0.4 0 130 0 1 1
12.2 -0.1 0 162 0 1 1
12.2 0.3 0 152 0 1 1
12.3 -15.6 0 107 0 1 1
12.3 -15.5 0 126 0 1 1
12.3 -8.9 0 138 0 1 1
12.3 -8.5 0 137 0 1 1
12.3 -8.1 0 143 0 1 1
12.3 -7.8 0 148 0 1 1
12.3 -7.4 0 92 0 1 1
12.3 -7 0 114 0 1 1
12.3 -5 0 150 0 1 1
12.3 -4.6 0 147 0 1 1
12.3 -2 0 145 0 1 1
12.3 -1.6 0 142 0 1 1
12.4 0.5 0 147 0 1 5
12.5 -15.5 0 108 0 1 1
12.5 0 0 135 0 1 5
12.5 1.4 0.1 134 0 1 5
12.6 -7.8 0 137 0 1 1
12.6 -7.4 0 116 0 1 1
12.6 -7 0 149 0 1 1
12.6 -6.6 0 144 0 1 1
12.6 -6.2 -0.1 149 0 1 1
12.6 -5.8 0 146 0 1 1
12.6 -5.4 0 139 0 1 1
12.6 -5 0 146 0 1 1
12.6 -4.7 0 138 0 1 1
12.6 -4.3 0 144 0 1 1
12.6 -2.8 0 147 0 1 1
12.6 -2 0 143 0 1 1
12.6 -1.6 0 141 0 1 1
12.6 -1.2 0 148 0 1 1
12.6 -0.8 0 151 0 1 1
12.6 -0.5 0 147 0 1 1
12.6 0.8 0.2 110 0 1 5
12.7 -9.3 0 132 0 1 1
12.7 -8.9 0 143 0 1 1
12.7 -8.5 0 130 0 1 1
12.7 -8.1 0 117 0 1 1
12.7 -2.4 0 146 0 1 1
12.7 -0.3 0 120 0 1 5
12.7 0.3 0.2 112 0 1 5
12.7 1.1 0.3 120 0 1 5
12.7 1.7 0.3 130 0 1 5
12.8 0.6 0.3 127 0 1 5
12.9 0 0.3 123 0 1 5
12.9 1.5 0.5 102 0 1 5
12.9 2 0.5 111 0 1 5
13 -9.3 0 146 0 1 1
13 -8.9 0 133 0 1 1
13 -8.5 0 147 0 1 1
13 -8.1 0 143 0 1 1
13 -7.7 0 144 0 1 1
13 -7.4 0 141 0 1 1
13 -7 0 147 0 1 1
13 -6.6 -0.1 150 0 1 1
13 -6.2 -0.1 147 0 1 1
13 -5.8 -0.1 143 0 1 1
13 -5.4 0 138 0 1 1
13 -5 0 146 0 1 1
13 -4.7 0 134 0 1 1
13 -4.3 0 141 0 1 1
13 -3.2 0 148 0 1 1
13 -2.8 0 146 0 1 1
13 -2 0 147 0 1 1
13 -1.6 0 147 0 1 1
13 -1.3 0 150 0 1 1
13 -0.9 -0.1 152 0 1 1
13 -0.5 0 148 0 1 1
13 0.9 0.5 127 0 1 5
13.1 -2.4 0 148 0 1 1
13.1 0.3 0.4 130 0 1 5
13.1 1.8 0.7 107 0 1 5
13.2 -0.2 0.1 124 0 1 5
13.2 1.2 0.6 111 0 1 5
13.3 -0.9 -0.1 148 0 1 1
13.3 -0.5 -0.1 137 0 1 1
13.3 0.6 0.6 105 0 1 5
13.3 2.1 0.9 97 0 1 5
13.4 -9.7 0 135 0 1 1
13.4 -9.3 0 147 0 1 1
13.4 -8.9 0 147 0 1 1
13.4 -8.5 -0.1 138 0 1 1
13.4 -8.1 -0.1 140 0 1 1
13.4 -7.8 -0.1 144 0 1 1
13.4 -7.4 -0.1 144 0 1 1
13.4 -7 -0.1 144 0 1 1
13.4 -6.6 -0.1 132 0 1 1
13.4 -6.3 -0.1 149 0 1 1
13.4 -5.8 -0.1 142 0 1 1
13.4 -5.4 0 140 0 1 1
13.4 -5 0 150 0 1 1
13.4 -4.7 0 124 0 1 1
13.4 -4.3 0 141 0 1 1
13.4 -3.5 0 137 0 1 1
13.4 -3.2 0 136 0 1 1
13.4 -2.8 0 142 0 1 1
13.4 -2.4 0 136 0 1 1
13.4 -2 0 148 0 1 1
13.4 -1.6 0 150 0 1 1
13.4 -1.2 -0.1 155 0 1 1
13.4 0.1 0.4 103 0 1 5
13.4 1.5 0.8 109 0 1 5
13.5 0.4 0.6 117 0 1 5
13.5 1 0.8 116 0 1 5
13.6 -0.2 0.3 104 0 1 5
13.6 1.8 1.1 99 0 1 5
13.7 -5.9 -0.1 140 0 1 1
13.7 -5.5 -0.1 138 0 1 1
13.7 -5.1 0 128 0 1 1
13.7 -4.7 0 136 0 1 1
13.7 -4.3 0 137 0 1 1
13.7 -3.9 0 136 0 1 1
13.7 -1.2 -0.1 157 0 1 1
13.7 -0.8 -0.1 144 0 1 1
13.7 0.7 0.9 114 0 1 5
13.7 1.3 1 114 0 1 5
13.8 -10.1 0 122 0 1 1
13.8 -9.7 0 130 0 1 1
13.8 -9.3 0 145 0 1 1
13.8 -8.9 -0.1 147 0 1 1
13.8 -8.5 -0.1 146 0 1 1
13.8 -8.1 -0.1 135 0 1 1
13.8 -7.8 -0.2 138 0 1 1
13.8 -7.4 -0.2 142 0 1 1
13.8 -7.1 -0.1 146 0 1 1
13.8 -6.7 -0.1 120 0 1 1
13.8 -6.3 -0.1 140 0 1 1
13.8 -3.5 0 143 0 1 1
13.8 -3.1 0 140 0 1 1
13.8 -2.8 0 145 0 1 1
13.8 -2.4 0 151 0 1 1
13.8 -2 0 152 0 1 1
13.8 -1.6 -0.1 149 0 1 1
13.8 0.1 0.6 115 0 1 5
13.9 -0.4 0.1 110 0 1 5
13.9 1 1.1 97 0 1 5
13.9 1.6 1.3 94 0 1 5
14 0.4 0.9 111 0 1 5
14 1.9 1.6 96 0 1 5
14.1 -4.7 0 118 0 1 1
14.1 -0.8 -0.1 152 0 1 1
14.1 -0.1 0.5 94 0 1 5
14.1 1.3 1.4 92 0 1 5
14.2 -10.4 -0.1 130 0 1 1
14.2 -10.1 -0.1 128 0 1 1
14.2 -9.7 -0.1 141 0 1 1
14.2 -9.3 -0.1 147 0 1 1
14.2 -8.9 -0.1 130 0 1 1
14.2 -8.6 -0.1 146 0 1 1
14.2 -8.2 -0.1 127 0 1 1
14.2 -7.8 -0.1 131 0 1 1
14.2 -7.4 -0.1 125 0 1 1
14.2 -7.1 -0.1 139 0 1 1
14.2 -6.7 -0.1 143 0 1 1
14.2 -6.3 -0.1 146 0 1 1
14.2 -5.9 -0.1 151 0 1 1
14.2 -5.5 -0.1 145 0 1 1
14.2 -5.1 0 145 0 1 1
14.2 -4.3 0 145 0 1 1
14.2 -3.9 -0.1 143 0 1 1
14.2 -3.5 -0.1 142 0 1 1
14.2 -3.1 -0.1 137 0 1 1
14.2 -2.8 0 146 0 1 1
14.2 -2.4 0 145 0 1 1
14.2 -2 0 147 0 1 1
14.2 -1.6 -0.1 149 0 1 1
14.2 -1.2 -0.1 146 0 1 1
14.2 -0.7 0 109 0 1 5
14.2 0.8 1.2 101 0 1 5
14.3 -0.4 0.3 97 0 1 5
14.3 0.2 0.8 105 0 1 5
14.3 1.6 1.7 92 0 1 5
14.4 1.1 1.5 108 0 1 5
14.5 -0.1 0.7 106 0 1 5
14.5 0.5 1.1 80 0 1 5
14.5 2 2 116 0 1 5
14.6 -10.1 -0.1 131 0 1 1
14.6 -9.7 -0.1 133 0 1 1
14.6 -9.3 -0.1 156 0 1 1
14.6 -9 -0.1 121 0 1 1
14.6 -8.6 -0.1 123 0 1 1
14.6 -8.2 -0.1 134 0 1 1
14.6 -7.8 -0.1 124 0 1 1
14.6 -7.4 -0.1 144 0 1 1
14.6 -7 -0.1 150 0 1 1
14.6 -6.7 -0.1 141 0 1 1
14.6 -6.3 -0.1 139 0 1 1
14.6 -5.9 -0.1 152 0 1 1
14.6 -5.5 -0.1 138 0 1 1
14.6 -5.1 0 148 0 1 1
14.6 -4.7 0 142 0 1 1
14.6 -4.3 -0.1 146 0 1 1
14.6 -3.9 -0.1 146 0 1 1
14.6 -3.5 -0.1 141 0 1 1
14.6 -3.2 -0.1 148 0 1 1
14.6 -1.6 -0.1 148 0 1 1
14.6 -1.2 -0.1 147 0 1 1
14.6 -0.6 0.2 101 0 1 5
14.6 1.4 1.8 106 0 1 5
14.7 -10.8 -0.1 131 0 1 1
14.7 -10.4 -0.1 135 0 1 1
14.7 -2.8 -0.1 133 0 1 1
14.7 -2.4 -0.1 134 0 1 1
14.7 -2 -0.1 147 0 1 1
14.7 0.2 1.1 105 0 1 5
14.7 0.8 1.5 88 0 1 5
14.8 -0.3 0.6 108 0 1 5
14.8 1.7 2 122 0 1 5
14.9 -9.3 -0.1 136 0 1 1
14.9 -4.7 0 141 0 1 1
14.9 -0.9 0.1 110 0 1 5
14.9 0.6 1.3 118 0 1 5
14.9 1.1 1.7 119 0 1 5
15 -11.2 0 134 0 1 1
15 -10.8 0 136 0 1 1
15 -10.4 0 137 0 1 1
15 -10 0 129 0 1 1
15 -9.7 0 86 0 1 1
15 -8.9 -0.1 137 0 1 1
15 -8.6 -0.1 113 0 1 1
15 -8.2 -0.1 121 0 1 1
15 -7.8 0 118 0 1 1
15 -7.4 0 142 0 1 1
15 -7 -0.1 145 0 1 1
15 -6.7 -0.1 149 0 1 1
15 -6.3 -0.1 149 0 1 1
15 -5.9 -0.1 148 0 1 1
15 -5.5 0 139 0 1 1
15 -5.1 0 149 0 1 1
15 -4.3 0 140 0 1 1
15 -4 0 144 0 1 1
15 -3.6 0 140 0 1 1
15 -3.2 -0.1 140 0 1 1
15 -2.8 0 117 0 1 1
15 -2.4 0 136 0 1 1
15 -2 0 142 0 1 1
15 -1.7 0 145 0 1 1
15 -1.3 0 139 0 1 1
15 0 0.9 103 0 1 5
15 1.4 1.9 127 0 1 5
15 2 2.2 97 0 1 5
15.1 -0.6 0.4 96 0 1 5
15.1 0.9 1.6 90 0 1 5
15.2 0.3 1.2 88 0 1 5
15.3 -9.3 0 118 0 1 1
15.3 -8.9 0 126 0 1 1
15.3 -8.6 0 121 0 1 1
15.3 -8.2 0 125 0 1 1
15.3 -7.8 0 134 0 1 1
15.3 -7.4 0 139 0 1 1
15.3 -7 0 152 0 1 1
15.3 -6.6 0 143 0 1 1
15.3 -4.7 0 124 0 1 1
15.3 -1.3 0 141 0 1 1
15.3 -0.8 0.3 109 0 1 5
15.3 -0.3 0.8 118 0 1 5
15.4 -12 0 140 0 1 1
15.4 -11.7 0 137 0 1 1
15.4 -11.3 0 142 0 1 1
15.4 -10.9 0 128 0 1 1
15.4 -10.5 0 103 0 1 1
15.4 -10 0 116 0 1 1
15.4 -9.7 0 139 0 1 1
15.4 -6.3 0 145 0 1 1
15.4 -5.9 0 152 0 1 1
15.4 -5.5 0 133 0 1 1
15.4 -5.1 0 144 0 1 1
15.4 -4.3 0 137 0 1 1
15.4 -4 0 144 0 1 1
15.4 -3.6 0 129 0 1 1
15.4 -3.2 0 142 0 1 1
15.4 -2.8 0 142 0 1 1
15.4 -2.5 0 148 0 1 1
15.4 -2.1 0 126 0 1 1
15.4 -1.7 0 140 0 1 1
15.5 -0.5 0.6 104 0 1 5
15.5 0.1 1 122 0 1 5
15.6 -1.1 0.1 109 0 1 5
15.7 -9.7 0 138 0 1 1
15.7 -9.3 0 130 0 1 1
15.7 -8.9 0 91 0 1 1
15.7 -8.6 0 102 0 1 1
15.7 -8.2 0 135 0 1 1
15.7 -7.8 0 113 0 1 1
15.7 -7.4 0 145 0 1 1
15.7 -7 0 157 0 1 1
15.7 -6.6 0 148 0 1 1
15.7 -6.3 0 151 0 1 1
15.7 -5.9 0 119 0 1 1
15.7 -5.5 0 116 0 1 1
15.7 -5.1 0 137 0 1 1
15.7 -4.7 0 131 0 1 1
15.7 -1.7 0 140 0 1 1
15.7 -1.3 0 143 0 1 1
15.7 -0.2 0.8 79 0 1 5
15.8 -11.7 0 138 0 1 1
15.8 -11.3 0 140 0 1 1
15.8 -10.9 0 131 0 1 1
15.8 -10.5 0 123 0 1 1
15.8 -10 0 140 0 1 1
15.8 -4.3 0 147 0 1 1
15.8 -4 0 151 0 1 1
15.8 -3.6 0 146 0 1 1
15.8 -3.2 0 147 0 1 1
15.8 -2.8 0 146 0 1 1
15.8 -2.4 0 146 0 1 1
15.8 -2 0 145 0 1 1
15.8 -0.8 0.4 90 0 1 5
15.9 -12 0 130 0 1 1
16.1 -11.7 0 85 0 1 1
16.1 -11.3 0 139 0 1 1
16.1 -10.9 0 133 0 1 1
16.1 -10.5 0 133 0 1 1
16.1 -10 0 137 0 1 1
16.1 -9.7 0 125 0 1 1
16.1 -9.3 0 128 0 1 1
16.1 -8.9 0 134 0 1 1
16.1 -8.6 0 130 0 1 1
16.1 -8.2 0 143 0 1 1
16.1 -7.7 0 127 0 1 1
16.1 -7.4 0 142 0 1 1
16.1 -7 0 150 0 1 1
16.1 -6.6 0 138 0 1 1
16.1 -6.2 -0.1 146 0 1 1
16.1 -5.9 0 141 0 1 1
16.1 -5.5 0 142 0 1 1
16.1 -5.1 0 148 0 1 1
16.1 -4.7 0 133 0 1 1
16.1 -4.3 0 149 0 1 1
16.1 -3.9 -0.1 149 0 1 1
16.1 -3.5 -0.1 144 0 1 1
16.1 -3.1 -0.1 146 0 1 1
16.1 -2.7 -0.1 150 0 1 1
16.1 -2.4 0 150 0 1 1
16.1 -2 0 144 0 1 1
16.1 -1.7 0 142 0 1 1
16.1 -1.3 0 137 0 1 1
16.1 -1 0.1 101 0 1 5
16.3 -1.3 0 139 0 1 5
16.4 -10.9 0 126 0 1 1
16.5 -10.1 0 140 0 1 1
16.5 -9.7 0 131 0 1 1
16.5 -9.3 0 121 0 1 1
16.5 -8.9 0 136 0 1 1
16.5 -8.6 0 136 0 1 1
16.5 -8.2 0 143 0 1 1
16.5 -7.8 0 140 0 1 1
16.5 -7.4 0 148 0 1 1
16.5 -7 -0.1 152 0 1 1
16.5 -6.6 -0.1 131 0 1 1
16.5 -6.2 -0.1 140 0 1 1
16.5 -5.9 0 143 0 1 1
16.5 -5.5 0 151 0 1 1
16.5 -5.1 0 145 0 1 1
16.5 -4.7 0 146 0 1 1
16.5 -4.3 0 142 0 1 1
16.5 -4 0 146 0 1 1
16.5 -3.6 0 148 0 1 1
16.5 -3.2 0 151 0 1 1
16.5 -2.8 -0.1 154 0 1 1
16.5 -2.4 -0.1 151 0 1 1
16.5 -2 -0.1 145 0 1 1
16.5 -1.6 -0.1 145 0 1 1
16.5 -1.3 0 144 0 1 1
16.6 -11.2 0 131 0 1 1
16.7 -10.9 0 84 0 1 1
16.8 -10.7 0 105 0 1 1
16.9 -10.5 0 118 0 1 1
16.9 -10.3 0 96 0 1 1
16.9 -10.1 0 121 0 1 1
16.9 -9.7 -0.1 139 0 1 1
16.9 -8.6 0 124 0 1 1
16.9 -8.2 0 131 0 1 1
16.9 -7.8 -0.1 135 0 1 1
16.9 -7.4 -0.1 143 0 1 1
16.9 -7 -0.1 139 0 1 1
16.9 -6.6 -0.1 125 0 1 1
16.9 -6.3 -0.1 132 0 1 1
16.9 -5.9 -0.1 134 0 1 1
16.9 -5.5 0 156 0 1 1
16.9 -5.1 0 151 0 1 1
16.9 -4.7 0 141 0 1 1
16.9 -4.3 0 150 0 1 1
16.9 -4 0 147 0 1 1
16.9 -3.6 0 149 0 1 1
16.9 -3.2 0 153 0 1 1
16.9 -2.8 -0.1 152 0 1 1
16.9 -2.3 -0.1 148 0 1 1
16.9 -2 -0.1 144 0 1 1
16.9 -1.6 -0.1 148 0 1 1
16.9 -1.2 -0.1 139 0 1 1
17 -10.3 0 84 0 1 1
17 -10.1 0 106 0 1 1
17.1 -10.1 -0.1 94 0 1 1
17.1 -9.7 -0.1 134 0 1 1
17.2 -9.3 -0.1 136 0 1 1
17.3 -8.6 -0.1 138 0 1 1
17.3 -8.2 -0.1 127 0 1 1
17.3 -7.8 -0.1 127 0 1 1
17.3 -7.4 -0.1 137 0 1 1
17.3 -7 -0.1 104 0 1 1
17.3 -6.6 -0.1 137 0 1 1
17.3 -6.3 -0.1 138 0 1 1
17.3 -5.9 -0.1 139 0 1 1
17.3 -5.5 -0.1 150 0 1 1
17.3 -5.1 0 142 0 1 1
17.3 -4.8 0 130 0 1 1
17.3 -4.4 -0.1 150 0 1 1
17.3 -4 -0.1 148 0 1 1
17.3 -3.6 -0.1 148 0 1 1
17.3 -3.2 -0.1 155 0 1 1
17.3 -2.8 -0.1 149 0 1 1
17.3 -2.3 -0.1 150 0 1 1
17.3 -2 -0.1 148 0 1 1
17.3 -1.6 -0.1 148 0 1 1
17.3 -1.2 -0.1 112 0 1 1
17.4 -9.7 -0.1 107 0 1 1
17.6 -9.3 -0.1 121 0 1 1
17.6 -9.2 -0.1 95 0 1 1
17.7 -8.2 -0.1 137 0 1 1
17.7 -6.6 -0.1 126 0 1 1
17.7 -6.3 -0.1 146 0 1 1
17.7 -5.9 -0.1 136 0 1 1
17.7 -5.5 -0.1 146 0 1 1
17.7 -5.1 -0.1 148 0 1 1
17.7 -4.8 -0.1 141 0 1 1
17.7 -4.4 -0.1 148 0 1 1
17.7 -4 -0.1 148 0 1 1
17.7 -3.6 -0.1 150 0 1 1
17.7 -3.2 -0.1 157 0 1 1
17.7 -2.8 -0.1 146 0 1 1
17.7 -2.4 -0.1 152 0 1 1
17.7 -2 -0.1 147 0 1 1
17.7 -1.6 -0.1 144 0 1 1
17.8 -7.8 0 145 0 1 1
17.8 -7.4 -0.1 136 0 1 1
17.8 -7 -0.1 122 0 1 1
17.9 -8.8 -0.1 107 0 1 1
17.9 -8.5 -0.1 123 0 1 1
18 -8.1 -0.1 133 0 1 1
18 -5.8 -0.1 154 0 1 1
18 -5.5 -0.1 153 0 1 1
18 -5.1 -0.1 146 0 1 1
18 -4.8 -0.1 146 0 1 1
18 -4.4 -0.1 154 0 1 1
18 -2.8 -0.1 143 0 1 1
18 -2.4 -0.1 153 0 1 1
18.1 -7.7 -0.1 122 0 1 1
18.1 -7 0 142 0 1 1
18.1 -6.6 0 139 0 1 1
18.1 -6.2 0 151 0 1 1
18.1 -4 -0.1 153 0 1 1
18.1 -3.6 -0.1 152 0 1 1
18.1 -3.2 -0.1 150 0 1 1
18.1 -2 -0.1 145 0 1 1
18.1 -1.6 -0.1 145 0 1 1
18.1 -1.2 -0.1 106 0 1 1
18.2 -8.1 -0.1 109 0 1 1
18.4 -7.7 -0.1 95 0 1 1
18.4 -7.3 0 138 0 1 1
18.4 -7 0 150 0 1 1
18.4 -6.6 0 147 0 1 1
18.4 -6.2 0 122 0 1 1
18.4 -5.8 0 139 0 1 1
18.4 -5.5 -0.1 145 0 1 1
18.4 -5.1 -0.1 147 0 1 1
18.4 -4.8 -0.1 141 0 1 1
18.4 -4.4 -0.1 143 0 1 1
18.4 -3.9 -0.2 145 0 1 1
18.4 -3.5 -0.1 146 0 1 1
18.4 -3.1 -0.1 154 0 1 1
18.4 -2.8 -0.1 150 0 1 1
18.4 -2.4 -0.1 144 0 1 1
18.4 -2 -0.1 151 0 1 1
18.4 -1.2 -0.1 136 0 1 1
18.5 -7.3 0 95 0 1 1
18.5 -7 0 139 0 1 1
18.6 -6.6 0 145 0 1 1
18.7 -6.2 0 136 0 1 1
18.7 -5.8 0 139 0 1 1
18.7 -5.5 0 142 0 1 1
18.8 -6.6 0 134 0 1 1
18.8 -4.7 -0.1 141 0 1 1
18.8 -4.4 -0.1 146 0 1 1
18.8 -4 -0.1 145 0 1 1
18.8 -3.5 -0.1 149 0 1 1
18.8 -3.1 0 151 0 1 1
18.8 -2.8 -0.1 140 0 1 1
18.8 -2.4 -0.1 150 0 1 1
18.8 -2 -0.1 144 0 1 1
18.8 -1.2 -0.1 129 0 1 1
18.9 -6.2 0 126 0 1 1
18.9 -1.6 -0.1 141 0 1 1
19 -5.8 0 117 0 1 1
19.1 -5.4 0 113 0 1 1
19.1 -5 0 144 0 1 1
19.1 -4.7 0 139 0 1 1
19.1 -4.3 0 129 0 1 1
19.2 -4.7 0 141 0 1 1
19.2 -4 0 148 0 1 1
19.2 -3.6 0 153 0 1 1
19.2 -3.1 0 149 0 1 1
19.2 -2.7 0 145 0 1 1
19.2 -2.3 0 151 0 1 1
19.2 -2 0 138 0 1 1
19.3 -1.6 0 152 0 1 1
19.3 -1.2 -0.1 144 0 1 1
19.4 -4.3 0 102 0 1 1
19.4 -4 0 149 0 1 1
19.4 -3.1 0 142 0 1 1
19.4 -2.7 0 150 0 1 1
19.5 -2.3 0 152 0 1 1
19.5 -1.9 0 143 0 1 1
19.5 -1.6 0 152 0 1 1
19.6 -4 0 92 0 1 1
19.6 -3.6 0 143 0 1 1
19.6 -3.2 0 119 0 1 1
19.7 -2.7 0 121 0 1 1
19.7 -2.3 0 122 0 1 1
19.8 -1.9 0 121 0 1 1
19.8 -1.6 0 142 0 1 1
19.8 -1.2 0 102 0 1 1
