1.9 -3.9 0 134 0 1 1
1.9 -3.5 0 119 0 1 1
2.2 -3.9 0 138 0 1 1
2.2 -3.5 0 137 0 1 1
2.2 -3.1 -0.1 141 0 1 1
2.2 -2.7 -0.1 134 0 1 1
2.3 -4.7 0 142 0 1 1
2.3 -4.3 0 124 0 1 1
2.6 -4.3 0 114 0 1 1
2.6 -3.9 0 129 0 1 1
2.6 -3.5 -0.1 139 0 1 1
2.6 -3.1 -0.1 132 0 1 1
2.6 -2.7 -0.1 140 0 1 1
2.6 -2.3 -0.1 143 0 1 1
2.6 -2 -0.1 134 0 1 1
2.6 -1.6 0 143 0 1 1
2.7 -5.5 -0.1 146 0 1 1
2.7 -5.1 0 146 0 1 1
2.7 -4.7 0 127 0 1 1
2.9 -3.9 -0.1 132 0 1 1
2.9 -1.2 0 145 0 1 1
2.9 -0.8 0 149 0 1 1
3 -5.5 0 129 0 1 1
3 -5.1 0 139 0 1 1
3 -4.7 0 87 0 1 1
3 -4.3 -0.1 122 0 1 1
3 -3.5 -0.1 137 0 1 1
3 -3.1 -0.1 130 0 1 1
3 -2.7 -0.1 136 0 1 1
3 -2.3 -0.1 139 0 1 1
3 -2 -0.1 140 0 1 1
3 -1.6 0 143 0 1 1
3 -0.5 0 137 0 1 1
3.1 -6.2 0 143 0 1 1
3.1 -5.9 0 100 0 1 1
3.3 -6.8 0 134 0 1 3
3.3 -3.9 -0.1 146 0 1 1
3.3 -3.5 -0.1 122 0 1 1
3.3 -1.6 -0.1 129 0 1 1
3.3 -1.2 0 145 0 1 1
3.3 -0.8 0 144 0 1 1
3.3 -0.5 0 135 0 1 1
3.4 -6.6 -0.1 134 0 1 1
3.4 -6.2 0 96 0 1 1
3.4 -5.9 0 147 0 1 1
3.4 -5.5 -0.1 128 0 1 1
3.4 -5.1 -0.1 118 0 1 1
3.4 -4.7 -0.1 133 0 1 1
3.4 -4.3 -0.1 121 0 1 1
3.4 -3.2 -0.1 138 0 1 1
3.4 -2.8 -0.1 140 0 1 1
3.4 -2.3 -0.1 141 0 1 1
3.4 -2 -0.1 140 0 1 1
3.4 -0.1 0 149 0 1 1
3.4 0.3 0 127 0 1 1
3.4 0.6 0 152 0 1 1
3.4 1 0 140 0 1 1
3.6 -7 0.4 136 0 1 3
3.7 -6.9 0.1 67 0 1 3
3.7 -4.3 -0.1 121 0 1 1
3.7 -4 -0.1 145 0 1 1
3.7 -3.6 -0.1 125 0 1 1
3.7 -3.2 -0.1 133 0 1 1
3.7 -2.8 -0.1 138 0 1 1
3.7 -1.9 -0.1 98 0 1 1
3.7 -1.5 -0.1 134 0 1 1
3.7 -1.2 0 101 0 1 1
3.7 -0.8 0 140 0 1 1
3.7 -0.5 0 150 0 1 1
3.8 -7.5 0.6 111 0 1 3
3.8 -6.6 -0.1 144 0 1 1
3.8 -6.2 0 139 0 1 1
3.8 -5.9 -0.1 140 0 1 1
3.8 -5.5 -0.1 98 0 1 1
3.8 -5.1 -0.1 144 0 1 1
3.8 -4.7 -0.1 120 0 1 1
3.8 -2.4 -0.1 137 0 1 1
3.8 -0.1 0 145 0 1 1
3.8 0.3 0 159 0 1 1
3.8 0.6 -0.1 147 0 1 1
3.8 1 -0.1 137 0 1 1
3.8 1.4 -0.1 150 0 1 1
3.8 1.9 -0.1 142 0 1 1
4.1 -7.2 0.2 107 0 1 3
4.1 -6.2 -0.1 137 0 1 1
4.1 -4.3 -0.1 130 0 1 1
4.1 -4 -0.1 134 0 1 1
4.1 -1.6 -0.1 136 0 1 1
4.1 -1.2 0 139 0 1 1
4.1 -0.8 0 142 0 1 1
4.2 -7.7 0.3 138 0 1 3
4.2 -7 -0.1 132 0 1 1
4.2 -6.6 -0.1 148 0 1 1
4.2 -5.9 -0.1 149 0 1 1
4.2 -5.5 -0.1 147 0 1 1
4.2 -5.1 -0.1 146 0 1 1
4.2 -4.7 -0.1 131 0 1 1
4.2 -3.6 -0.1 129 0 1 1
4.2 -3.2 -0.1 129 0 1 1
4.2 -2.8 -0.1 128 0 1 1
4.2 -2.4 -0.1 138 0 1 1
4.2 -2 -0.1 137 0 1 1
4.2 -0.4 0 133 0 1 1
4.2 -0.1 0 148 0 1 1
4.2 0.3 0 135 0 1 1
4.2 0.7 -0.1 148 0 1 1
4.2 1.1 -0.1 136 0 1 1
4.2 1.5 -0.1 152 0 1 1
4.2 1.9 -0.1 151 0 1 1
4.5 -6.6 -0.1 130 0 1 1
4.5 -6.2 -0.1 142 0 1 1
4.5 -5.8 -0.1 150 0 1 1
4.5 -5.5 -0.1 138 0 1 1
4.5 -5.1 -0.1 148 0 1 1
4.5 -4.4 -0.1 125 0 1 1
4.5 -4 -0.1 106 0 1 1
4.5 -4 0.1 47 0 1 2
4.5 -3.9 -0.1 86 0 1 2
4.5 -3.9 0.1 109 0 1 2
4.5 -3.8 0 41 0 1 2
4.5 -0.8 0 129 0 1 1
4.6 -8.1 0 138 0 1 1
4.6 -7.7 0 139 0 1 1
4.6 -7.4 0 145 0 1 1
4.6 -7 -0.1 134 0 1 1
4.6 -4.7 -0.2 124 0 1 1
4.6 -4.3 0.1 56 0 1 2
4.6 -4.2 0.1 86 0 1 2
4.6 -3.9 0 45 0 1 2
4.6 -3.6 -0.1 135 0 1 1
4.6 -3.2 0 131 0 1 1
4.6 -2.8 0 137 0 1 1
4.6 -2.4 0 133 0 1 1
4.6 -2 -0.1 131 0 1 1
4.6 -1.6 -0.1 130 0 1 1
4.6 -1.2 -0.1 134 0 1 1
4.6 -0.4 0 148 0 1 1
4.6 -0.1 0 152 0 1 1
4.6 0.3 0 146 0 1 1
4.6 0.7 -0.1 145 0 1 1
4.6 1.1 -0.1 148 0 1 1
4.6 1.5 -0.1 132 0 1 1
4.6 1.9 -0.1 127 0 1 1
4.6 2.2 -0.1 149 0 1 1
4.7 -4.5 0 101 0 1 2
4.7 -3.9 -0.1 57 0 1 2
4.7 -3.8 0 44 0 1 2
4.7 -3.8 0.2 136 0 1 2
4.8 -6.6 0.1 54 0 1 2
4.8 -4.6 -0.1 94 0 1 2
4.8 -4.5 0 87 0 1 2
4.8 -4.4 0.2 109 0 1 2
4.8 -3.8 0.1 140 0 1 2
4.8 -3.7 0 42 0 1 2
4.9 -8.5 0 131 0 1 1
4.9 -8.1 0 135 0 1 1
4.9 -7 0 144 0 1 1
4.9 -7 0.1 128 0 1 2
4.9 -6.8 0.1 49 0 1 2
4.9 -6.7 -0.1 130 0 1 2
4.9 -6.7 0.2 83 0 1 2
4.9 -6.6 -0.1 132 0 1 1
4.9 -6.5 0 44 0 1 2
4.9 -6.5 0.1 109 0 1 2
4.9 -6.2 -0.1 137 0 1 1
4.9 -5.8 -0.1 115 0 1 1
4.9 -5.5 -0.1 134 0 1 1
4.9 -5.1 -0.1 146 0 1 1
4.9 -4.2 0.2 135 0 1 2
4.9 -3.9 0.2 138 0 1 2
4.9 -3.8 0 119 0 1 2
4.9 -3.7 0.1 116 0 1 2
4.9 -0.8 0 141 0 1 1
4.9 0.8 -0.1 145 0 1 1
5 -7.7 0 128 0 1 1
5 -7.4 0 136 0 1 1
5 -7.1 0 110 0 1 2
5 -7 0.1 80 0 1 2
5 -6.9 0.2 107 0 1 2
5 -6.6 -0.1 98 0 1 2
5 -6.5 0 48 0 1 2
5 -6.5 0.1 43 0 1 2
5 -6.5 0.2 129 0 1 2
5 -3.8 0 108 0 1 2
5 -3.5 0 137 0 1 1
5 -3.1 0 127 0 1 1
5 -2.8 0 133 0 1 1
5 -2.4 0 136 0 1 1
5 -2 0 135 0 1 1
5 -1.6 0 136 0 1 1
5 -1.2 0 135 0 1 1
5 -0.4 0 142 0 1 1
5 0 0 140 0 1 1
5 0.4 0 155 0 1 1
5 1.1 -0.1 147 0 1 1
5 1.5 -0.1 142 0 1 1
5 1.9 -0.1 155 0 1 1
5 2.2 -0.1 130 0 1 1
5.1 -6.8 0.2 122 0 1 2
5.1 -6.6 0 92 0 1 2
5.1 -6.5 0 75 0 1 2
5.1 -6.4 0.1 41 0 1 2
5.1 -6.4 0.2 145 0 1 2
5.1 -4.1 0.2 132 0 1 2
5.2 -6.5 0 52 0 1 2
5.2 -6.5 0.1 100 0 1 2
5.2 -6.5 0.2 141 0 1 2
5.2 -6.4 0.1 116 0 1 2
5.3 -9.3 -0.1 141 0 1 1
5.3 -8.9 0 141 0 1 1
5.3 -8.5 0 97 0 1 1
5.3 -8.1 0 136 0 1 1
5.3 -7.8 0 139 0 1 1
5.3 -6.7 0.2 125 0 1 2
5.3 -6.6 0 114 0 1 1
5.3 -6.5 0 121 0 1 2
5.3 -6.5 0.1 138 0 1 2
5.3 -6.2 -0.1 124 0 1 1
5.3 -5.8 -0.1 138 0 1 1
5.3 -5.4 -0.1 126 0 1 1
5.3 -5.1 -0.1 112 0 1 1
5.3 -0.8 0 147 0 1 1
5.3 -0.4 0 133 0 1 1
5.3 0 0 150 0 1 1
5.3 0.4 -0.1 152 0 1 1
5.3 0.8 -0.1 117 0 1 1
5.3 1.1 -0.1 152 0 1 1
5.3 2.6 -0.2 128 0 1 1
5.4 -3.9 0 131 0 1 1
5.4 -3.5 0 116 0 1 1
5.4 -3.1 0 138 0 1 1
5.4 -2.7 0 143 0 1 1
5.4 -2.3 0 133 0 1 1
5.4 -2 0 114 0 1 1
5.4 -1.6 0 132 0 1 1
5.4 -1.2 0 131 0 1 1
5.4 1.5 -0.1 154 0 1 1
5.4 1.9 0 154 0 1 1
5.4 2.2 0 151 0 1 1
5.6 -10.4 0 138 0 1 1
5.7 -10 0 134 0 1 1
5.7 -9.7 -0.1 134 0 1 1
5.7 -9.3 -0.1 143 0 1 1
5.7 -8.9 -0.1 119 0 1 1
5.7 -8.5 0 130 0 1 1
5.7 -8.1 -0.1 135 0 1 1
5.7 -6.9 -0.1 146 0 1 1
5.7 -6.5 -0.1 137 0 1 1
5.7 -6.2 -0.1 148 0 1 1
5.7 -5.8 -0.1 135 0 1 1
5.7 -5.4 -0.1 143 0 1 1
5.7 -5 -0.1 143 0 1 1
5.7 -3.1 0 131 0 1 1
5.7 -2.7 0 146 0 1 1
5.7 -2.4 0 140 0 1 1
5.7 -2 0 132 0 1 1
5.7 -1.6 0 128 0 1 1
5.7 -1.2 0 127 0 1 1
5.7 -0.7 0 142 0 1 1
5.7 -0.4 0 158 0 1 1
5.7 0 -0.1 130 0 1 1
5.7 0.4 -0.1 126 0 1 1
5.7 0.7 -0.1 147 0 1 1
5.7 1.1 -0.1 140 0 1 1
5.7 1.5 -0.1 154 0 1 1
5.7 1.9 0 144 0 1 1
5.7 2.3 0 146 0 1 1
5.7 3 -0.3 118 0 1 1
5.8 -4.7 0 118 0 1 1
5.8 -4.3 0 128 0 1 1
5.8 -3.9 0 137 0 1 1
5.8 -3.5 0 130 0 1 1
5.9 3 -0.3 123 0 1 1
6 -11.9 -0.1 143 0 1 1
6 -11.5 -0.1 141 0 1 1
6 -11.2 -0.1 138 0 1 1
6 -10.8 -0.1 142 0 1 1
6 -10.4 0 140 0 1 1
6 -8.5 -0.1 103 0 1 1
6 -8.1 -0.1 112 0 1 1
6 1.5 -0.1 150 0 1 1
6.1 -10 0 144 0 1 1
6.1 -9.6 -0.1 136 0 1 1
6.1 -9.3 -0.1 138 0 1 1
6.1 -8.9 -0.1 96 0 1 1
6.1 -7.3 -0.1 145 0 1 1
6.1 -6.9 -0.1 132 0 1 1
6.1 -6.5 -0.1 147 0 1 1
6.1 -6.1 -0.1 140 0 1 1
6.1 -5.8 -0.1 117 0 1 1
6.1 -5.4 -0.1 111 0 1 1
6.1 -5 0 140 0 1 1
6.1 -3.8 0 144 0 1 1
6.1 -3.5 0 138 0 1 1
6.1 -3.1 0 134 0 1 1
6.1 -2.8 0 137 0 1 1
6.1 -2.4 0 130 0 1 1
6.1 -2 0 136 0 1 1
6.1 -1.5 0 145 0 1 1
6.1 -1.1 0 148 0 1 1
6.1 -0.7 0 146 0 1 1
6.1 -0.4 -0.1 155 0 1 1
6.1 0 -0.1 148 0 1 1
6.1 0.4 -0.1 150 0 1 1
6.1 0.7 -0.1 149 0 1 1
6.1 1.1 -0.1 148 0 1 1
6.1 1.9 0 153 0 1 1
6.1 2.3 0 137 0 1 1
6.1 2.6 -0.2 124 0 1 1
6.1 3 -0.3 116 0 1 1
6.2 -8 0.1 41 0 1 3
6.2 -7.7 0 40 0 1 3
6.2 -7.6 0.2 42 0 1 3
6.2 -4.6 0 139 0 1 1
6.2 -4.2 0 137 0 1 1
6.3 -9 0.1 51 0 1 3
6.3 -8.4 0 38 0 1 3
6.3 -8 -0.1 100 0 1 3
6.3 -8 0.5 46 0 1 3
6.3 3 -0.3 129 0 1 1
6.4 -12.8 0 123 0 1 1
6.4 -12.4 -0.1 131 0 1 1
6.4 -12 -0.1 128 0 1 1
6.4 -8.6 0.2 43 0 1 3
6.4 -7.7 0.5 85 0 1 3
6.4 -7.4 -0.1 36 0 1 3
6.4 -7.4 0.2 53 0 1 3
6.4 -2.4 -0.1 111 0 1 1
6.5 -11.6 -0.1 138 0 1 1
6.5 -11.2 -0.1 125 0 1 1
6.5 -10.8 -0.1 136 0 1 1
6.5 -10.4 -0.1 144 0 1 1
6.5 -10 0 137 0 1 1
6.5 -9.6 -0.1 73 0 1 1
6.5 -9.3 0.2 97 0 1 3
6.5 -8.9 -0.1 98 0 1 1
6.5 -8.6 0.5 51 0 1 3
6.5 -7.3 -0.1 140 0 1 1
6.5 -6.9 -0.1 130 0 1 1
6.5 -6.5 -0.1 122 0 1 1
6.5 -6.1 -0.1 132 0 1 1
6.5 -5.8 -0.1 142 0 1 1
6.5 -5.4 -0.1 131 0 1 1
6.5 -5 -0.1 147 0 1 1
6.5 -4.6 0 138 0 1 1
6.5 -4.3 0 139 0 1 1
6.5 -3.9 0 144 0 1 1
6.5 -3.5 -0.1 126 0 1 1
6.5 -3.2 -0.1 138 0 1 1
6.5 -2.8 -0.1 131 0 1 1
6.5 -2 -0.1 134 0 1 1
6.5 -1.5 0 135 0 1 1
6.5 -1.2 0 137 0 1 1
6.5 -0.8 -0.1 140 0 1 1
6.5 -0.4 -0.1 152 0 1 1
6.5 -0.3 0 58 0 1 2
6.5 -0.3 0.1 51 0 1 2
6.5 -0.2 -0.1 72 0 1 2
6.5 -0.2 0.1 97 0 1 2
6.5 0 -0.1 145 0 1 1
6.5 0.4 -0.1 137 0 1 1
6.5 0.7 -0.1 144 0 1 1
6.5 1.1 -0.1 145 0 1 1
6.5 1.5 -0.1 157 0 1 1
6.5 1.9 -0.1 128 0 1 1
6.5 2.2 -0.1 151 0 1 1
6.5 3 -0.2 124 0 1 1
6.5 3.4 -0.4 89 0 1 4
6.6 -9.3 0.4 75 0 1 3
6.6 -8.3 0.7 79 0 1 3
6.6 -7.4 0 44 0 1 3
6.6 -0.1 0 43 0 1 2
6.6 0.1 0 42 0 1 2
6.7 -8.6 0.8 109 0 1 3
6.7 -7.9 0.8 67 0 1 3
6.7 -7.3 0.2 48 0 1 3
6.7 -7.2 0 38 0 1 3
6.7 -0.4 0.1 97 0 1 2
6.7 0 -0.1 138 0 1 2
6.7 -0.1 0.2 147 0 1 2
6.7 0.1 0.1 90 0 1 2
6.7 3 -0.2 108 0 1 1
6.8 -12.4 -0.1 142 0 1 1
6.8 -9.6 0.3 93 0 1 3
6.8 -8.2 0.8 99 0 1 3
6.8 -7.6 0.8 114 0 1 3
6.8 -7.3 0.6 76 0 1 3
6.8 -2.8 -0.1 139 0 1 1
6.8 -2.4 -0.1 128 0 1 1
6.8 -0.5 0.1 82 0 1 2
6.8 0.1 0 67 0 1 2
6.9 -13.6 0 136 0 1 1
6.9 -13.2 0 124 0 1 1
6.9 -12.8 -0.1 136 0 1 1
6.9 -12 -0.1 140 0 1 1
6.9 -11.6 -0.1 142 0 1 1
6.9 -11.2 -0.1 138 0 1 1
6.9 -10.8 -0.1 131 0 1 1
6.9 -10.4 -0.1 143 0 1 1
6.9 -9.7 0.4 121 0 1 3
6.9 -7.1 0.3 72 0 1 3
6.9 -6.9 -0.1 63 0 1 1
6.9 -6.5 -0.1 141 0 1 1
6.9 -6.2 -0.1 117 0 1 1
6.9 -5.8 -0.1 142 0 1 1
6.9 -5.4 -0.1 134 0 1 1
6.9 -5 -0.1 120 0 1 1
6.9 -4.7 -0.1 133 0 1 1
6.9 -4.3 -0.1 136 0 1 1
6.9 -3.9 -0.1 136 0 1 1
6.9 -3.5 -0.1 141 0 1 1
6.9 -3.2 -0.1 139 0 1 1
6.9 -2 -0.1 142 0 1 1
6.9 -1.6 -0.1 134 0 1 1
6.9 -1.2 -0.1 147 0 1 1
6.9 -0.8 -0.1 128 0 1 1
6.9 0 0.2 150 0 1 2
6.9 0.1 -0.1 130 0 1 2
6.9 0.4 -0.1 144 0 1 1
6.9 0.8 -0.1 139 0 1 1
6.9 1.1 -0.1 144 0 1 1
6.9 1.5 -0.2 152 0 1 1
6.9 1.9 -0.2 139 0 1 1
6.9 2.2 -0.1 154 0 1 1
6.9 2.6 -0.1 130 0 1 1
6.9 3 -0.1 132 0 1 4
6.9 3.2 -0.2 105 0 1 1
6.9 3.4 -0.2 100 0 1 4
6.9 3.5 -0.3 97 0 1 1
7 -8 0.9 124 0 1 3
7 -6.9 0 99 0 1 3
7 -0.6 0 117 0 1 2
7 -0.5 0.2 117 0 1 2
7 -0.3 0.2 145 0 1 2
7.1 -9.6 0.6 125 0 1 3
7.1 -0.7 -0.1 125 0 1 2
7.1 -0.6 0 120 0 1 2
7.1 -0.1 0.2 151 0 1 2
7.2 -12.4 -0.1 140 0 1 1
7.2 -5.8 -0.1 137 0 1 1
7.2 -5.4 -0.1 136 0 1 1
7.2 -5 -0.1 112 0 1 1
7.2 -3.5 -0.1 140 0 1 1
7.2 -3.2 -0.1 117 0 1 1
7.2 -2.8 -0.1 140 0 1 1
7.2 -2.4 -0.1 140 0 1 1
7.2 1.1 -0.1 140 0 1 1
7.2 1.5 -0.2 150 0 1 1
7.2 1.8 -0.1 148 0 1 1
7.2 2.2 -0.1 155 0 1 1
7.2 2.6 -0.1 150 0 1 1
7.2 3.7 -0.2 134 0 1 1
7.3 -14.4 -0.1 124 0 1 1
7.3 -13.9 -0.1 138 0 1 1
7.3 -13.6 -0.1 129 0 1 1
7.3 -13.2 -0.1 129 0 1 1
7.3 -12.8 -0.1 117 0 1 1
7.3 -12 -0.1 103 0 1 1
7.3 -11.5 -0.1 142 0 1 1
7.3 -11.2 -0.1 134 0 1 1
7.3 -10.8 -0.1 123 0 1 1
7.3 -6.5 -0.1 110 0 1 1
7.3 -6.2 -0.1 142 0 1 1
7.3 -4.7 -0.1 129 0 1 1
7.3 -4.3 -0.1 130 0 1 1
7.3 -3.9 -0.1 138 0 1 1
7.3 -2 -0.1 136 0 1 1
7.3 -1.6 -0.1 140 0 1 1
7.3 -1.2 -0.1 142 0 1 1
7.3 -0.8 -0.1 127 0 1 1
7.3 0.4 -0.1 142 0 1 1
7.3 0.8 -0.1 144 0 1 1
7.3 2.9 -0.1 144 0 1 1
7.5 -9.1 0.8 120 0 1 3
7.5 -2 -0.1 38 0 1 3
7.6 -14.4 -0.1 125 0 1 1
7.6 -14 -0.1 132 0 1 1
7.6 -13.6 -0.1 104 0 1 1
7.6 -13.2 -0.1 128 0 1 1
7.6 -12.8 -0.1 126 0 1 1
7.6 -12.4 -0.1 143 0 1 1
7.6 -11.9 -0.1 125 0 1 1
7.6 -11.5 -0.1 137 0 1 1
7.6 -11.1 -0.1 142 0 1 1
7.6 -7.3 1.1 128 0 1 3
7.6 -7 0.6 105 0 1 3
7.6 -6.5 -0.1 144 0 1 1
7.6 -6.2 -0.2 140 0 1 1
7.6 -5.8 -0.1 120 0 1 1
7.6 -5.4 -0.1 145 0 1 1
7.6 -5 -0.1 137 0 1 1
7.6 -4.7 -0.1 112 0 1 1
7.6 -4.3 -0.1 128 0 1 1
7.6 -3.9 -0.1 137 0 1 1
7.6 -3.5 -0.1 133 0 1 1
7.6 -3.2 -0.1 131 0 1 1
7.6 -2.8 -0.1 137 0 1 1
7.6 -2.4 -0.1 131 0 1 1
7.6 -2.2 -0.1 41 0 1 3
7.6 -2.1 0.1 42 0 1 3
7.6 -1.9 0 56 0 1 3
7.6 -1.8 0 42 0 1 3
7.6 0.4 -0.1 142 0 1 1
7.6 0.8 -0.1 151 0 1 1
7.6 1.1 -0.1 147 0 1 1
7.6 1.5 -0.1 149 0 1 1
7.6 1.8 -0.1 153 0 1 1
7.6 2.2 -0.1 150 0 1 1
7.6 2.5 -0.1 145 0 1 1
7.6 2.9 -0.1 149 0 1 1
7.6 3.3 -0.1 137 0 1 1
7.6 3.7 -0.1 138 0 1 1
7.7 -15.2 -0.1 125 0 1 1
7.7 -14.8 -0.1 124 0 1 1
7.7 -2.4 0 40 0 1 3
7.7 -2.3 -0.1 45 0 1 3
7.7 -2.2 0.2 88 0 1 3
7.7 -1.9 0.1 88 0 1 3
7.7 -1.8 0.1 80 0 1 3
7.7 -1.7 0 47 0 1 3
7.7 -1.6 -0.1 137 0 1 1
7.7 -1.5 -0.1 143 0 1 3
7.7 -1.2 -0.1 147 0 1 1
7.7 -0.8 -0.1 137 0 1 1
7.8 -2.6 0 43 0 1 3
7.8 -2.6 0.1 86 0 1 3
7.8 -2.5 -0.1 41 0 1 3
7.8 -2.4 -0.1 44 0 1 3
7.8 -2.4 0.1 43 0 1 3
7.8 -2 0.2 48 0 1 3
7.8 -1.9 0.2 61 0 1 3
7.8 -1.8 0.3 21 0 1 3
7.8 -1.7 0.1 85 0 1 3
7.8 -1.7 0.2 48 0 1 3
7.8 -1.6 0 51 0 1 3
7.8 -1.5 0 77 0 1 3
7.8 -1.4 -0.1 43 0 1 3
7.9 -2.7 0 75 0 1 3
7.9 -2.7 0.1 121 0 1 3
7.9 -2.3 0.3 41 0 1 3
7.9 -2.2 0.2 85 0 1 3
7.9 -2.2 0.3 45 0 1 3
7.9 -2.1 0.3 37 0 1 3
7.9 -2.1 0.4 51 0 1 3
7.9 -2 0.3 46 0 1 3
7.9 -1.9 0.4 44 0 1 3
7.9 -1.7 0.4 51 0 1 3
7.9 -1.6 0.2 45 0 1 3
7.9 -1.6 0.3 47 0 1 3
7.9 -1.5 0.1 80 0 1 3
7.9 -1.5 0.2 95 0 1 3
7.9 -1.4 0 77 0 1 3
7.9 1.4 -0.1 151 0 1 1
8 -15.9 -0.1 115 0 1 1
8 -15.5 -0.1 127 0 1 1
8 -15.1 -0.1 128 0 1 1
8 -14.3 -0.1 129 0 1 1
8 -13.9 -0.1 127 0 1 1
8 -13.5 -0.1 124 0 1 1
8 -13.2 -0.1 127 0 1 1
8 -12.7 -0.1 139 0 1 1
8 -12.3 -0.1 162 0 1 1
8 -11.9 -0.1 125 0 1 1
8 -11.5 -0.1 142 0 1 1
8 -6.6 -0.1 131 0 1 1
8 -6.1 -0.1 131 0 1 1
8 -5.8 -0.1 140 0 1 1
8 -5.4 -0.1 144 0 1 1
8 -5 -0.1 124 0 1 1
8 -4.7 -0.1 126 0 1 1
8 -4.3 -0.1 142 0 1 1
8 -3.9 -0.1 141 0 1 1
8 -3.5 -0.1 135 0 1 1
8 -3.1 -0.1 126 0 1 1
8 -2.7 0 76 0 1 3
8 -2.7 0.2 118 0 1 3
8 -2.6 0.2 86 0 1 3
8 -2.6 0.3 44 0 1 3
8 -2.5 0.2 73 0 1 3
8 -2.5 0.3 47 0 1 3
8 -2.4 0.2 58 0 1 3
8 -2.3 0.4 40 0 1 3
8 -1.9 0.6 82 0 1 3
8 -1.5 0.2 89 0 1 3
8 -1.5 0.4 61 0 1 3
8 -1.4 0.2 109 0 1 3
8 -1.2 -0.1 145 0 1 1
8 -0.8 -0.1 144 0 1 1
8 -0.4 -0.1 136 0 1 1
8 0 -0.1 149 0 1 1
8 0.4 -0.1 149 0 1 1
8 0.7 -0.1 151 0 1 1
8 1.1 -0.1 151 0 1 1
8 1.8 -0.1 152 0 1 1
8 2.2 -0.1 146 0 1 1
8 2.6 -0.1 153 0 1 1
8 3 -0.1 157 0 1 1
8 3.1 0 123 0 1 5
8 3.7 0 102 0 1 5
8.1 -14.7 -0.1 125 0 1 1
8.1 -8.2 1 142 0 1 3
8.1 -2.7 0.3 48 0 1 3
8.1 -2.7 0.5 104 0 1 3
8.1 -2.6 0.4 45 0 1 3
8.1 -2.5 0.3 46 0 1 3
8.1 -2.5 0.4 32 0 1 3
8.1 -2.5 0.5 84 0 1 3
8.1 -2.4 0.4 41 0 1 3
8.1 -2.4 0.5 78 0 1 3
8.1 -2 0.6 101 0 1 3
8.1 -1.6 0.6 119 0 1 3
8.1 -1.5 0.2 152 0 1 3
8.2 -2.7 0.4 120 0 1 3
8.2 -2.6 0.5 102 0 1 3
8.2 -2.4 0.6 108 0 1 3
8.2 -2 0.6 113 0 1 3
8.2 -1.9 0.7 140 0 1 3
8.2 -1.7 0.6 153 0 1 3
8.2 3.5 0.2 118 0 1 5
8.2 4 0.2 116 0 1 5
8.3 -16.2 -0.1 121 0 1 1
8.3 -13.9 0 125 0 1 1
8.3 -13.5 -0.1 126 0 1 1
8.3 -13.1 -0.1 122 0 1 1
8.3 -11.9 -0.1 111 0 1 1
8.3 -2.5 0.6 100 0 1 3
8.3 -2.2 0.6 99 0 1 3
8.3 -2.1 0.7 121 0 1 3
8.3 -1.9 0.6 144 0 1 3
8.3 -1.6 0.6 142 0 1 3
8.3 -1.5 0.3 95 0 1 3
8.3 -1.5 0.5 98 0 1 3
8.3 -1.4 0 102 0 1 3
8.3 -1.4 0.2 97 0 1 3
8.3 -1.4 0.3 126 0 1 3
8.3 1.1 -0.1 132 0 1 1
8.3 1.4 -0.1 149 0 1 1
8.3 2.9 0.1 128 0 1 5
8.4 -15.9 -0.1 123 0 1 1
8.4 -15.5 -0.1 109 0 1 1
8.4 -15.1 0 127 0 1 1
8.4 -14.3 0 129 0 1 1
8.4 -12.7 -0.1 125 0 1 1
8.4 -12.3 -0.1 111 0 1 1
8.4 -9.4 0.9 87 0 1 3
8.4 -6.9 0.9 121 0 1 3
8.4 -6.7 0.1 94 0 1 3
8.4 -6.6 -0.1 135 0 1 1
8.4 -6.1 -0.1 127 0 1 1
8.4 -5.8 -0.1 142 0 1 1
8.4 -5.4 -0.1 132 0 1 1
8.4 -5 -0.1 136 0 1 1
8.4 -4.6 -0.1 136 0 1 1
8.4 -4.2 -0.1 100 0 1 1
8.4 -3.9 -0.1 133 0 1 1
8.4 -3.5 -0.1 130 0 1 1
8.4 -3.1 0 135 0 1 1
8.4 -2.6 0.5 97 0 1 3
8.4 -2.6 0.6 114 0 1 3
8.4 -2.6 0.7 136 0 1 3
8.4 -2.5 0.7 136 0 1 3
8.4 -2.2 0.7 124 0 1 3
8.4 -1.1 -0.1 146 0 1 1
8.4 -0.7 0 144 0 1 1
8.4 -0.4 -0.1 142 0 1 1
8.4 0 -0.1 153 0 1 1
8.4 0.3 -0.1 140 0 1 1
8.4 0.7 -0.1 138 0 1 1
8.4 1.8 -0.1 146 0 1 1
8.4 2.2 -0.1 147 0 1 1
8.4 2.3 -0.1 144 0 1 5
8.4 3.8 0.4 115 0 1 5
8.5 -14.7 0 127 0 1 1
8.5 -7.3 1.2 123 0 1 3
8.5 -7 1.1 133 0 1 3
8.5 -1.4 0.2 109 0 1 3
8.5 3.2 0.3 130 0 1 5
8.6 -7.9 1.2 120 0 1 3
8.6 -2.5 0.7 144 0 1 3
8.6 -1.5 0.6 141 0 1 3
8.6 2.1 0 129 0 1 5
8.6 2.6 0.1 129 0 1 5
8.6 4.1 0.5 130 0 1 5
8.7 -17 0 129 0 1 1
8.7 -16.6 -0.1 120 0 1 1
8.7 -16.2 -0.1 117 0 1 1
8.7 -2.1 0.6 149 0 1 3
8.7 -1.5 0.3 99 0 1 3
8.7 -1.4 0.2 90 0 1 3
8.7 3.5 0.5 131 0 1 5
8.8 -15.8 0 107 0 1 1
8.8 -15.5 0 129 0 1 1
8.8 -15.1 0 125 0 1 1
8.8 -14.7 0 131 0 1 1
8.8 -14.3 0 125 0 1 1
8.8 -13.9 0 122 0 1 1
8.8 -13.5 -0.1 126 0 1 1
8.8 -13.1 -0.1 103 0 1 1
8.8 -12.7 -0.1 116 0 1 1
8.8 -12.3 -0.1 74 0 1 1
8.8 -6.6 0 144 0 1 1
8.8 -6.2 0 123 0 1 1
8.8 -5.8 -0.1 143 0 1 1
8.8 -5.4 -0.1 131 0 1 1
8.8 -5 -0.1 129 0 1 1
8.8 -4.6 -0.1 138 0 1 1
8.8 -4.2 -0.1 144 0 1 1
8.8 -3.9 -0.1 138 0 1 1
8.8 -3.5 -0.1 122 0 1 1
8.8 -3.1 0 137 0 1 1
8.8 -1.5 0 90 0 1 3
8.8 -1.1 0 153 0 1 1
8.8 -0.8 0 147 0 1 1
8.8 -0.4 0 151 0 1 1
8.8 0 0 131 0 1 1
8.8 0.3 -0.1 167 0 1 1
8.8 0.7 -0.1 151 0 1 1
8.8 1.1 -0.1 157 0 1 1
8.8 1.4 -0.1 156 0 1 1
8.8 2.4 0.2 127 0 1 5
8.8 2.9 0.4 126 0 1 5
8.8 4.4 0.7 128 0 1 5
8.9 -7.4 1 137 0 1 3
8.9 -1.5 0.1 129 0 1 3
8.9 1.8 0.1 122 0 1 5
8.9 3.8 0.7 135 0 1 5
9 -8.1 1.1 80 0 1 3
9 -7 0.8 142 0 1 3
9 -6.7 0.5 105 0 1 3
9 -6.7 0.7 133 0 1 3
9 -2.4 0.6 134 0 1 3
9 -1.5 0.2 124 0 1 3
9 -1.5 0.4 134 0 1 3
9 1.2 -0.1 136 0 1 5
9 2.7 0.5 134 0 1 5
9 3.3 0.6 135 0 1 5
9.1 -17.7 -0.1 111 0 1 1
9.1 -16.2 0 128 0 1 1
9.1 -8.5 1.1 127 0 1 3
9.1 -7.2 0.8 102 0 1 3
9.1 -2.3 0.6 137 0 1 3
9.1 2.1 0.3 116 0 1 5
9.1 4.1 0.8 130 0 1 5
9.2 -17.7 -0.1 102 0 1 1
9.2 -17.3 0 110 0 1 1
9.2 -17 0 128 0 1 1
9.2 -16.6 0 126 0 1 1
9.2 -15.8 0 127 0 1 1
9.2 -15.4 0 124 0 1 1
9.2 -15.1 0 125 0 1 1
9.2 -14.7 0 132 0 1 1
9.2 -14.3 0 136 0 1 1
9.2 -13.9 0 122 0 1 1
9.2 -13.5 0 130 0 1 1
9.2 -13.1 -0.1 124 0 1 1
9.2 -9.1 1 80 0 1 3
9.2 -6.8 0.6 125 0 1 3
9.2 -6.7 0.1 124 0 1 3
9.2 -6.7 0.4 129 0 1 3
9.2 -6.6 0 146 0 1 1
9.2 -5 0 132 0 1 1
9.2 -4.6 -0.1 126 0 1 1
9.2 -4.3 -0.1 125 0 1 1
9.2 -3.9 -0.1 140 0 1 1
9.2 -3.5 -0.1 129 0 1 1
9.2 -3.1 -0.1 132 0 1 1
9.2 -2.3 0.5 149 0 1 3
9.2 -0.8 0 144 0 1 1
9.2 -0.4 0 135 0 1 1
9.2 0 0 152 0 1 1
9.2 0.3 0 149 0 1 1
9.2 0.7 -0.1 151 0 1 1
9.2 1.5 0.2 118 0 1 5
9.2 3 0.7 159 0 1 5
9.2 3.6 0.8 155 0 1 5
9.3 -6.2 0 151 0 1 1
9.3 -5.8 0 139 0 1 1
9.3 -5.4 0 143 0 1 1
9.3 -2.2 0.5 150 0 1 3
9.3 -2.1 0.5 159 0 1 3
9.3 -1.6 0.4 148 0 1 3
9.3 -1.5 0.2 95 0 1 3
9.3 -1.5 0.3 142 0 1 3
9.3 -1.2 0 146 0 1 1
9.3 1 0 126 0 1 5
9.3 2.4 0.6 144 0 1 5
9.3 3.9 0.9 166 0 1 5
9.3 4.5 1 135 0 1 5
9.4 -6.7 0.1 143 0 1 3
9.4 1.9 0.4 124 0 1 5
9.4 3.3 0.8 170 0 1 5
9.5 0.7 0 113 0 1 5
9.5 1.3 0.2 108 0 1 5
9.5 2.7 0.7 156 0 1 5
9.5 4.2 1.1 170 0 1 5
9.5 4.8 1.1 132 0 1 5
9.6 -17.4 -0.1 77 0 1 1
9.6 -17.2 0 88 0 1 1
9.6 -17 0 102 0 1 1
9.6 -16.6 0 122 0 1 1
9.6 -16.2 0 113 0 1 1
9.6 -15.9 0 119 0 1 1
9.6 -15.5 0 122 0 1 1
9.6 -15.1 0 130 0 1 1
9.6 -14.7 0 134 0 1 1
9.6 -14.3 0 133 0 1 1
9.6 -13.9 0 128 0 1 1
9.6 -13.5 -0.1 128 0 1 1
9.6 -6.6 0 145 0 1 1
9.6 -6.2 0 144 0 1 1
9.6 -5.8 0 144 0 1 1
9.6 -5.4 0 138 0 1 1
9.6 -5 -0.1 139 0 1 1
9.6 -4.6 -0.1 148 0 1 1
9.6 -4.3 -0.1 139 0 1 1
9.6 -3.9 -0.1 141 0 1 1
9.6 -3.5 -0.1 127 0 1 1
9.6 -0.8 0 145 0 1 1
9.6 -0.4 0 141 0 1 1
9.6 -0.1 0 154 0 1 1
9.6 0.3 0 141 0 1 1
9.6 1.6 0.5 134 0 1 5
9.6 2.2 0.6 155 0 1 5
9.6 3.6 0.9 166 0 1 5
9.7 -6.6 0 146 0 1 3
9.7 -1.5 0 151 0 1 1
9.7 -1.2 0 148 0 1 1
9.7 1 0.3 113 0 1 5
9.7 3.1 0.8 157 0 1 5
9.7 4.5 1.2 164 0 1 5
9.8 0.5 0.1 121 0 1 5
9.8 1.9 0.7 154 0 1 5
9.8 2.5 0.7 160 0 1 5
9.8 3.9 1 163 0 1 5
9.9 1.4 0.6 131 0 1 5
9.9 3.4 0.9 158 0 1 5
9.9 4.8 1.3 171 0 1 5
10 -17.2 -0.1 89 0 1 1
10 -17.1 -0.1 91 0 1 1
10 -16.7 -0.1 115 0 1 1
10 -16.3 -0.1 129 0 1 1
10 -15.9 -0.1 123 0 1 1
10 -15.5 -0.1 136 0 1 1
10 -15.1 -0.1 134 0 1 1
10 -7 -0.1 145 0 1 1
10 -6.6 -0.1 139 0 1 1
10 -6.2 0 138 0 1 1
10 -5.8 0 147 0 1 1
10 -5.4 0 92 0 1 1
10 -5 -0.1 145 0 1 1
10 -4.7 -0.1 144 0 1 1
10 -4.3 -0.1 136 0 1 1
10 -3.9 -0.1 138 0 1 1
10 -3.5 -0.1 133 0 1 1
10 -1.2 0 154 0 1 1
10 -0.8 0 149 0 1 1
10 -0.4 0 135 0 1 1
10 -0.1 0 151 0 1 1
10 0.8 0.4 136 0 1 5
10 2.2 0.7 154 0 1 5
10 2.8 0.7 157 0 1 5
10 4.3 1.2 153 0 1 5
10.1 -14.7 -0.1 134 0 1 1
10.1 -14.3 -0.1 129 0 1 1
10.1 -13.9 -0.1 131 0 1 1
10.1 -1.5 0 140 0 1 1
10.1 0.3 0.2 139 0 1 5
10.1 1.7 0.6 151 0 1 5
10.1 3.1 0.8 155 0 1 5
10.1 3.7 1 145 0 1 5
10.2 -17.1 -0.1 114 0 1 1
10.2 -17 -0.1 120 0 1 1
10.2 -0.3 0 137 0 1 5
10.2 1.1 0.4 134 0 1 5
10.2 2.6 0.7 151 0 1 5
10.2 4.6 1.3 159 0 1 5
10.3 0.6 0.3 143 0 1 5
10.3 2 0.6 137 0 1 5
10.3 4 1 147 0 1 5
10.4 -17 -0.1 116 0 1 1
10.4 -16.3 -0.1 132 0 1 1
10.4 -15.8 -0.1 119 0 1 1
10.4 -15.4 -0.1 129 0 1 1
10.4 -15.1 -0.1 131 0 1 1
10.4 -14.7 -0.1 127 0 1 1
10.4 -14.3 -0.1 127 0 1 1
10.4 -7.4 -0.1 148 0 1 1
10.4 -7 -0.1 126 0 1 1
10.4 -6.6 -0.1 127 0 1 1
10.4 -6.2 0 137 0 1 1
10.4 -5.8 0 126 0 1 1
10.4 -5.4 -0.1 125 0 1 1
10.4 -5.1 -0.1 144 0 1 1
10.4 -4.7 -0.1 155 0 1 1
10.4 -4.3 -0.1 142 0 1 1
10.4 -3.9 -0.1 137 0 1 1
10.4 -3.5 -0.1 132 0 1 1
10.4 -1.6 0 146 0 1 1
10.4 -1.2 -0.1 151 0 1 1
10.4 -0.8 -0.1 150 0 1 1
10.4 -0.4 0 144 0 1 1
10.4 0 0.1 140 0 1 5
10.4 4.9 1.4 161 0 1 5
10.5 0.9 0.3 145 0 1 5
10.5 4.3 1.2 132 0 1 5
10.6 -16.9 -0.1 93 0 1 1
10.6 0.3 0.2 145 0 1 5
10.6 4.6 1.3 138 0 1 5
10.6 5.2 1.5 164 0 1 5
10.7 -16.9 -0.1 112 0 1 1
10.7 -16.5 -0.1 116 0 1 1
10.7 -16.2 -0.1 122 0 1 1
10.7 -5.9 0 120 0 1 1
10.7 -5.4 -0.1 126 0 1 1
10.7 -5.1 -0.1 131 0 1 1
10.7 -4.7 -0.1 152 0 1 1
10.7 -4.3 -0.1 125 0 1 1
10.7 -0.8 -0.1 144 0 1 1
10.7 -0.4 -0.1 145 0 1 1
10.7 -0.2 0 143 0 1 5
10.7 4.1 0.9 157 0 1 5
10.8 -15.8 -0.1 103 0 1 1
10.8 -15.4 -0.2 136 0 1 1
10.8 -15 -0.2 126 0 1 1
10.8 -14.7 -0.2 127 0 1 1
10.8 -7.8 -0.1 141 0 1 1
10.8 -7.4 -0.1 123 0 1 1
10.8 -7 -0.1 109 0 1 1
10.8 -6.6 -0.1 143 0 1 1
10.8 -6.3 0 112 0 1 1
10.8 -3.9 -0.1 138 0 1 1
10.8 -1.6 -0.1 145 0 1 1
10.8 -1.2 -0.1 148 0 1 1
10.8 5 1.4 152 0 1 5
10.9 -16.8 -0.1 99 0 1 1
10.9 4.4 1 145 0 1 5
11 5.3 1.5 163 0 1 5
11.1 -16.7 -0.1 109 0 1 1
11.1 -16.2 -0.1 118 0 1 1
11.1 -15.8 -0.1 131 0 1 1
11.1 -15.4 -0.1 111 0 1 1
11.1 -15 -0.1 123 0 1 1
11.1 -6.6 0 118 0 1 1
11.1 -6.2 0 145 0 1 1
11.1 -5.8 0 131 0 1 1
11.1 -5.4 0 126 0 1 1
11.1 -5.1 -0.1 113 0 1 1
11.1 -4.7 -0.1 139 0 1 1
11.1 -4.3 -0.1 136 0 1 1
11.1 -3.9 -0.1 138 0 1 1
11.1 -1.6 -0.1 137 0 1 1
11.1 -1.2 -0.1 146 0 1 1
11.1 -0.8 -0.1 144 0 1 1
11.1 -0.4 0 119 0 1 1
11.1 0 0 148 0 1 1
11.1 4.7 1.2 133 0 1 5
11.2 -8.1 -0.1 124 0 1 1
11.2 -7.7 -0.1 124 0 1 1
11.2 -7.4 -0.1 138 0 1 1
11.2 -7 0 138 0 1 1
11.2 5.6 1.6 166 0 1 5
11.3 -16.5 -0.1 111 0 1 1
11.3 5 1.4 146 0 1 5
11.4 -16.4 0 75 0 1 1
11.4 -16.3 0 77 0 1 1
11.4 -16.1 0 85 0 1 1
11.4 -15.8 0 132 0 1 1
11.4 -6.2 0 121 0 1 1
11.4 -5.8 0 148 0 1 1
11.4 -5.5 0 143 0 1 1
11.4 -5.1 0 122 0 1 1
11.4 -4.7 -0.1 137 0 1 1
11.4 -4.3 -0.1 133 0 1 1
11.4 -3.9 -0.1 135 0 1 1
11.4 -1.6 0 143 0 1 1
11.4 -1.2 0 145 0 1 1
11.4 -0.8 0 142 0 1 1
11.4 -0.4 0 139 0 1 1
11.4 -0.1 0 153 0 1 1
11.5 -15.4 0 132 0 1 1
11.5 -15 0 126 0 1 1
11.5 -8.1 0 136 0 1 1
11.5 -7.7 0 137 0 1 1
11.5 -7.3 0 115 0 1 1
11.5 -7 0 142 0 1 1
11.5 -6.6 0 133 0 1 1
11.5 5.3 1.5 153 0 1 5
11.6 -16.3 -0.1 94 0 1 1
11.6 -16.1 0 114 0 1 1
11.6 4.8 1.1 130 0 1 5
11.7 -16.2 -0.1 105 0 1 1
11.7 5.6 1.7 161 0 1 5
11.8 -15.4 -0.1 115 0 1 1
11.8 -15.1 0 115 0 1 1
11.8 -6.2 0 140 0 1 1
11.8 -5.8 0 148 0 1 1
11.8 -5.4 0 145 0 1 1
11.8 -5 0 144 0 1 1
11.8 -4.7 0 141 0 1 1
11.8 -4.3 0 122 0 1 1
11.8 -3.9 0 138 0 1 1
11.8 -2 0 143 0 1 1
11.8 -1.6 0 138 0 1 1
11.8 -1.2 0 140 0 1 1
11.8 -0.8 0 141 0 1 1
11.8 -0.4 0 149 0 1 1
11.8 -0.1 0 155 0 1 1
11.8 4.5 0.9 134 0 1 5
11.8 5.1 1.3 117 0 1 5
11.9 -16 -0.1 91 0 1 1
11.9 -8.5 0 138 0 1 1
11.9 -8.1 0 146 0 1 1
11.9 -7.7 0 147 0 1 1
11.9 -7.4 0 125 0 1 1
11.9 -7 0 112 0 1 1
11.9 -6.6 0 137 0 1 1
11.9 0.3 0 140 0 1 1
11.9 6 1.8 144 0 1 5
12 4.8 1.2 121 0 1 5
12 5.4 1.6 140 0 1 5
12.1 4.2 0.8 122 0 1 5
12.1 5.7 1.8 171 0 1 5
12.2 -15.8 -0.1 98 0 1 1
12.2 -15.6 -0.1 116 0 1 1
12.2 -15.5 -0.1 120 0 1 1
12.2 -6.6 0 138 0 1 1
12.2 -6.2 0 146 0 1 1
12.2 -5.8 0 141 0 1 1
12.2 -5.4 0 146 0 1 1
12.2 -4.3 0 143 0 1 1
12.2 -3.9 0 139 0 1 1
12.2 -1.2 0 145 0 1 1
12.2 -0.8 0 142 0 1 1
12.2 -0.4 0 132 0 1 1
12.2 -0.1 0 160 0 1 1
12.2 0.3 0 154 0 1 1
12.2 5.1 1.4 128 0 1 5
12.3 -15.6 0 93 0 1 1
12.3 -15.5 0 125 0 1 1
12.3 -8.9 0 138 0 1 1
12.3 -8.5 0 137 0 1 1
12.3 -8.1 0 144 0 1 1
12.3 -7.8 0 147 0 1 1
12.3 -7.4 0 102 0 1 1
12.3 -7 0 110 0 1 1
12.3 -5 0 151 0 1 1
12.3 -4.6 0 146 0 1 1
12.3 -2 0 144 0 1 1
12.3 -1.6 0 143 0 1 1
12.3 4.6 1 138 0 1 5
12.3 6 2 154 0 1 5
12.4 0.5 0 148 0 1 5
12.4 3.4 0.4 157 0 1 5
12.4 4 0.7 145 0 1 5
12.4 5.4 1.7 135 0 1 5
12.5 -15.5 0 85 0 1 1
12.5 0 0 135 0 1 5
12.5 1.4 0.1 134 0 1 5
12.5 2.9 0.4 138 0 1 5
12.5 4.9 1.3 123 0 1 5
12.6 -7.8 0 138 0 1 1
12.6 -7.4 0 115 0 1 1
12.6 -7 0 149 0 1 1
12.6 -6.6 0 144 0 1 1
12.6 -6.2 -0.1 146 0 1 1
12.6 -5.8 0 146 0 1 1
12.6 -5.4 0 139 0 1 1
12.6 -5 0 145 0 1 1
12.6 -4.7 0 133 0 1 1
12.6 -4.3 0 145 0 1 1
12.6 -3.9 0 138 0 1 1
12.6 -2.8 0 147 0 1 1
12.6 -2 0 143 0 1 1
12.6 -1.6 0 142 0 1 1
12.6 -1.2 0 149 0 1 1
12.6 -0.8 0 152 0 1 1
12.6 -0.5 0 149 0 1 1
12.6 0.8 0.2 110 0 1 5
12.6 2.3 0.3 120 0 1 5
12.6 3.7 0.7 131 0 1 5
12.6 4.3 0.9 130 0 1 5
12.6 5.8 2.1 163 0 1 5
12.7 -9.3 0 132 0 1 1
12.7 -8.9 0 145 0 1 1
12.7 -8.5 0 131 0 1 1
12.7 -8.1 0 119 0 1 1
12.7 -2.4 0 145 0 1 1
12.7 -0.3 0 114 0 1 5
12.7 0.3 0.2 116 0 1 5
12.7 1.1 0.3 120 0 1 5
12.7 1.7 0.3 129 0 1 5
12.7 3.2 0.6 115 0 1 5
12.7 5.2 1.6 102 0 1 5
12.8 0.6 0.3 126 0 1 5
12.8 2.6 0.5 115 0 1 5
12.8 4.1 0.9 131 0 1 5
12.8 4.6 1.2 128 0 1 5
12.8 6.1 2.2 170 0 1 5
12.9 0 0.3 122 0 1 5
12.9 1.5 0.5 102 0 1 5
12.9 2 0.5 110 0 1 5
12.9 3.5 0.8 122 0 1 5
12.9 4.9 1.5 124 0 1 5
12.9 5.5 1.9 137 0 1 5
13 -9.3 0 144 0 1 1
13 -8.9 0 142 0 1 1
13 -8.5 0 147 0 1 1
13 -8.1 0 140 0 1 1
13 -7.7 0 146 0 1 1
13 -7.4 0 143 0 1 1
13 -7 0 148 0 1 1
13 -6.6 -0.1 150 0 1 1
13 -6.2 -0.1 148 0 1 1
13 -5.8 -0.1 145 0 1 1
13 -5.4 0 142 0 1 1
13 -5 0 146 0 1 1
13 -4.7 0 141 0 1 1
13 -4.3 0 141 0 1 1
13 -3.5 0 123 0 1 1
13 -3.2 0 147 0 1 1
13 -2.8 0 146 0 1 1
13 -2 0 147 0 1 1
13 -1.6 0 147 0 1 1
13 -1.3 0 151 0 1 1
13 -0.9 -0.1 153 0 1 1
13 -0.5 0 148 0 1 1
13 0.9 0.5 127 0 1 5
13 2.9 0.7 98 0 1 5
13 4.4 1.2 135 0 1 5
13 6.4 2.4 160 0 1 5
13.1 -2.4 0 149 0 1 1
13.1 0.3 0.4 130 0 1 5
13.1 1.8 0.7 109 0 1 5
13.1 2.3 0.7 93 0 1 5
13.1 3.8 1 127 0 1 5
13.1 5.3 1.8 116 0 1 5
13.1 5.8 2.3 159 0 1 5
13.2 -0.2 0.1 123 0 1 5
13.2 1.2 0.6 108 0 1 5
13.2 2.7 0.9 105 0 1 5
13.2 3.2 1 109 0 1 5
13.2 4.7 1.5 133 0 1 5
13.3 -0.9 -0.1 149 0 1 1
13.3 0.6 0.6 103 0 1 5
13.3 2.1 0.9 96 0 1 5
13.3 4.1 1.3 132 0 1 5
13.3 5.6 2.1 139 0 1 5
13.3 6.1 2.4 171 0 1 5
13.4 -9.7 0 129 0 1 1
13.4 -9.3 0 148 0 1 1
13.4 -8.9 0 148 0 1 1
13.4 -8.5 -0.1 140 0 1 1
13.4 -8.1 -0.1 136 0 1 1
13.4 -7.8 -0.1 144 0 1 1
13.4 -7.4 -0.1 141 0 1 1
13.4 -7 -0.1 144 0 1 1
13.4 -6.6 -0.1 139 0 1 1
13.4 -6.3 -0.1 148 0 1 1
13.4 -5.8 -0.1 139 0 1 1
13.4 -5.4 0 135 0 1 1
13.4 -5 0 149 0 1 1
13.4 -4.7 0 124 0 1 1
13.4 -4.3 0 141 0 1 1
13.4 -3.5 0 134 0 1 1
13.4 -3.2 0 137 0 1 1
13.4 -2.8 0 139 0 1 1
13.4 -2.4 0 135 0 1 1
13.4 -2 0 148 0 1 1
13.4 -1.6 0 152 0 1 1
13.4 -1.2 -0.1 154 0 1 1
13.4 -0.5 -0.1 110 0 1 5
13.4 0.1 0.4 110 0 1 5
13.4 1.5 0.8 109 0 1 5
13.4 3 1.2 97 0 1 5
13.4 3.5 1.2 113 0 1 5
13.4 5 1.8 132 0 1 5
13.5 0.4 0.6 116 0 1 5
13.5 1 0.8 121 0 1 5
13.5 2.4 1.1 100 0 1 5
13.5 4.4 1.5 145 0 1 5
13.5 5.9 2.3 91 0 1 5
13.5 6.5 2.5 144 0 1 5
13.6 -0.2 0.3 103 0 1 5
13.6 1.8 1.1 98 0 1 5
13.6 3.3 1.4 110 0 1 5
13.6 3.9 1.4 112 0 1 5
13.6 5.3 2 132 0 1 5
13.6 6.8 2.4 143 0 1 5
13.7 -5.9 -0.1 141 0 1 1
13.7 -5.5 -0.1 138 0 1 1
13.7 -5.1 0 126 0 1 1
13.7 -4.7 0 135 0 1 1
13.7 -4.3 0 141 0 1 1
13.7 -3.9 0 137 0 1 1
13.7 -1.2 -0.1 156 0 1 1
13.7 -0.8 -0.1 146 0 1 1
13.7 0.7 0.9 112 0 1 5
13.7 1.3 1 111 0 1 5
13.7 2.7 1.4 82 0 1 5
13.7 4.7 1.7 164 0 1 5
13.7 6.2 2.4 133 0 1 5
13.8 -10.1 0 130 0 1 1
13.8 -9.7 0 126 0 1 1
13.8 -9.3 0 144 0 1 1
13.8 -8.9 -0.1 147 0 1 1
13.8 -8.5 -0.1 147 0 1 1
13.8 -8.1 -0.1 128 0 1 1
13.8 -7.8 -0.2 143 0 1 1
13.8 -7.1 -0.1 147 0 1 1
13.8 -6.7 -0.1 120 0 1 1
13.8 -6.3 -0.1 139 0 1 1
13.8 -3.5 0 143 0 1 1
13.8 -3.1 0 141 0 1 1
13.8 -2.8 0 144 0 1 1
13.8 -2.4 0 149 0 1 1
13.8 -2 0 152 0 1 1
13.8 -1.6 -0.1 149 0 1 1
13.8 0.1 0.6 120 0 1 5
13.8 2.2 1.4 94 0 1 5
13.8 3.6 1.6 107 0 1 5
13.8 4.2 1.6 139 0 1 5
13.8 5.6 2.1 140 0 1 5
13.9 -0.4 0.1 106 0 1 5
13.9 1 1.1 101 0 1 5
13.9 1.6 1.3 91 0 1 5
13.9 3 1.7 93 0 1 5
13.9 4.5 1.8 164 0 1 5
13.9 5.1 1.9 143 0 1 5
13.9 6.5 2.5 146 0 1 5
14 0.4 0.9 112 0 1 5
14 1.9 1.6 93 0 1 5
14 2.5 1.7 80 0 1 5
14 3.9 1.8 125 0 1 5
14 5.9 2.3 129 0 1 5
14.1 -4.7 0 117 0 1 1
14.1 -0.8 -0.1 150 0 1 1
14.1 -0.1 0.5 94 0 1 5
14.1 1.3 1.4 92 0 1 5
14.1 3.4 1.9 104 0 1 5
14.1 4.8 1.9 172 0 1 5
14.1 5.4 2 157 0 1 5
14.2 -10.4 -0.1 132 0 1 1
14.2 -10.1 -0.1 126 0 1 1
14.2 -9.7 -0.1 144 0 1 1
14.2 -9.3 -0.1 148 0 1 1
14.2 -8.9 -0.1 129 0 1 1
14.2 -8.6 -0.1 148 0 1 1
14.2 -8.2 -0.1 126 0 1 1
14.2 -7.8 -0.1 131 0 1 1
14.2 -7.4 -0.1 123 0 1 1
14.2 -7.1 -0.1 131 0 1 1
14.2 -6.7 -0.1 143 0 1 1
14.2 -6.3 -0.1 149 0 1 1
14.2 -5.9 -0.1 151 0 1 1
14.2 -5.5 -0.1 146 0 1 1
14.2 -5.1 0 148 0 1 1
14.2 -4.3 0 143 0 1 1
14.2 -3.9 -0.1 143 0 1 1
14.2 -3.5 -0.1 142 0 1 1
14.2 -3.1 -0.1 136 0 1 1
14.2 -2.8 0 146 0 1 1
14.2 -2.4 0 144 0 1 1
14.2 -2 0 145 0 1 1
14.2 -1.6 -0.1 150 0 1 1
14.2 -1.2 -0.1 146 0 1 1
14.2 -0.7 0 111 0 1 5
14.2 0.8 1.2 101 0 1 5
14.2 2.2 1.9 95 0 1 5
14.2 2.8 1.9 97 0 1 5
14.2 4.2 1.9 143 0 1 5
14.3 -0.4 0.3 97 0 1 5
14.3 0.2 0.8 106 0 1 5
14.3 1.6 1.7 94 0 1 5
14.3 3.7 2 127 0 1 5
14.3 5.1 2 172 0 1 5
14.3 5.7 2.1 144 0 1 5
14.4 1.1 1.5 102 0 1 5
14.4 2.5 2.1 126 0 1 5
14.4 3.1 2.1 124 0 1 5
14.4 4.6 2 148 0 1 5
14.5 -0.1 0.7 104 0 1 5
14.5 0.5 1.1 82 0 1 5
14.5 2 2 116 0 1 5
14.5 4 2.1 139 0 1 5
14.6 -10.1 -0.1 130 0 1 1
14.6 -9.7 -0.1 133 0 1 1
14.6 -9.3 -0.1 148 0 1 1
14.6 -9 -0.1 113 0 1 1
14.6 -8.6 -0.1 123 0 1 1
14.6 -8.2 -0.1 141 0 1 1
14.6 -7.8 -0.1 119 0 1 1
14.6 -7.4 -0.1 144 0 1 1
14.6 -7 -0.1 151 0 1 1
14.6 -6.7 -0.1 141 0 1 1
14.6 -6.3 -0.1 129 0 1 1
14.6 -5.9 -0.1 152 0 1 1
14.6 -5.5 -0.1 136 0 1 1
14.6 -5.1 0 147 0 1 1
14.6 -4.7 0 142 0 1 1
14.6 -4.3 -0.1 145 0 1 1
14.6 -3.9 -0.1 145 0 1 1
14.6 -3.5 -0.1 131 0 1 1
14.6 -3.2 -0.1 145 0 1 1
14.6 -1.6 -0.1 148 0 1 1
14.6 -1.2 -0.1 148 0 1 1
14.6 -0.6 0.2 101 0 1 5
14.6 1.4 1.8 105 0 1 5
14.6 2.8 2.3 170 0 1 5
14.6 3.4 2.2 137 0 1 5
14.6 4.9 2 150 0 1 5
14.7 -10.8 -0.1 131 0 1 1
14.7 -10.4 -0.1 135 0 1 1
14.7 -2.8 -0.1 136 0 1 1
14.7 -2.4 -0.1 133 0 1 1
14.7 -2 -0.1 148 0 1 1
14.7 0.2 1.1 97 0 1 5
14.7 0.8 1.5 95 0 1 5
14.7 2.3 2.2 135 0 1 5
14.7 3.7 2.3 141 0 1 5
14.7 4.3 2.1 129 0 1 5
14.8 -0.3 0.6 108 0 1 5
14.8 1.7 2 122 0 1 5
14.8 3.2 2.4 178 0 1 5
14.8 5.2 2 168 0 1 5
14.9 -9.3 -0.1 139 0 1 1
14.9 -4.7 0 141 0 1 1
14.9 -0.9 0.1 113 0 1 5
14.9 0.6 1.3 115 0 1 5
14.9 1.1 1.7 118 0 1 5
14.9 2.6 2.4 100 0 1 5
14.9 4 2.3 149 0 1 5
14.9 4.6 2.1 138 0 1 5
15 -11.2 0 133 0 1 1
15 -10.8 0 137 0 1 1
15 -10.4 0 138 0 1 1
15 -10 0 128 0 1 1
15 -9.7 0 92 0 1 1
15 -8.9 -0.1 136 0 1 1
15 -8.6 -0.1 120 0 1 1
15 -8.2 -0.1 120 0 1 1
15 -7.8 0 130 0 1 1
15 -7.4 0 141 0 1 1
15 -7 -0.1 142 0 1 1
15 -6.7 -0.1 148 0 1 1
15 -6.3 -0.1 149 0 1 1
15 -5.9 -0.1 148 0 1 1
15 -5.5 0 138 0 1 1
15 -5.1 0 151 0 1 1
15 -4.3 0 140 0 1 1
15 -4 0 144 0 1 1
15 -3.6 0 139 0 1 1
15 -3.2 -0.1 138 0 1 1
15 -2.8 0 130 0 1 1
15 -2.4 0 139 0 1 1
15 -2 0 142 0 1 1
15 -1.7 0 145 0 1 1
15 -1.3 0 141 0 1 1
15 0 0.9 95 0 1 5
15 1.4 1.9 124 0 1 5
15 2 2.2 93 0 1 5
15 3.5 2.5 165 0 1 5
15.1 -0.6 0.4 98 0 1 5
15.1 0.9 1.6 82 0 1 5
15.1 2.9 2.4 150 0 1 5
15.1 4.4 2.2 117 0 1 5
15.1 4.9 2 145 0 1 5
15.2 0.3 1.2 95 0 1 5
15.2 3.8 2.5 140 0 1 5
15.2 5.2 2 160 0 1 5
15.3 -9.3 0 126 0 1 1
15.3 -8.9 0 121 0 1 1
15.3 -8.6 0 121 0 1 1
15.3 -8.2 0 130 0 1 1
15.3 -7.8 0 135 0 1 1
15.3 -7.4 0 137 0 1 1
15.3 -7 0 156 0 1 1
15.3 -6.6 0 136 0 1 1
15.3 -4.7 0 125 0 1 1
15.3 -1.3 0 139 0 1 1
15.3 -0.8 0.3 111 0 1 5
15.3 -0.3 0.8 118 0 1 5
15.3 3.2 2.5 135 0 1 5
15.3 4.7 2.1 122 0 1 5
15.4 -12 0 144 0 1 1
15.4 -11.7 0 137 0 1 1
15.4 -11.3 0 142 0 1 1
15.4 -10.9 0 124 0 1 1
15.4 -10.5 0 106 0 1 1
15.4 -10 0 118 0 1 1
15.4 -9.7 0 138 0 1 1
15.4 -6.3 0 145 0 1 1
15.4 -5.9 0 151 0 1 1
15.4 -5.5 0 132 0 1 1
15.4 -5.1 0 144 0 1 1
15.4 -4.3 0 136 0 1 1
15.4 -4 0 147 0 1 1
15.4 -3.6 0 134 0 1 1
15.4 -3.2 0 148 0 1 1
15.4 -2.8 0 142 0 1 1
15.4 -2.5 0 147 0 1 1
15.4 -2.1 0 142 0 1 1
15.4 -1.7 0 141 0 1 1
15.4 4.1 2.4 111 0 1 5
15.5 -0.5 0.6 109 0 1 5
15.5 0.1 1 115 0 1 5
15.5 5 2 144 0 1 5
15.6 -1.1 0.1 110 0 1 5
15.6 4.4 2.3 117 0 1 5
15.6 5.9 2 154 0 1 5
15.7 -9.7 0 132 0 1 1
15.7 -9.3 0 130 0 1 1
15.7 -8.9 0 95 0 1 1
15.7 -8.6 0 102 0 1 1
15.7 -8.2 0 131 0 1 1
15.7 -7.8 0 117 0 1 1
15.7 -7.4 0 145 0 1 1
15.7 -7 0 156 0 1 1
15.7 -6.6 0 143 0 1 1
15.7 -6.3 0 149 0 1 1
15.7 -5.9 0 128 0 1 1
15.7 -5.5 0 111 0 1 1
15.7 -5.1 0 137 0 1 1
15.7 -4.7 0 132 0 1 1
15.7 -1.7 0 142 0 1 1
15.7 -1.3 0 141 0 1 1
15.7 -0.2 0.8 94 0 1 5
15.7 3.8 2.5 151 0 1 5
15.7 5.3 2 142 0 1 5
15.8 -11.7 0 138 0 1 1
15.8 -11.3 0 137 0 1 1
15.8 -10.9 0 131 0 1 1
15.8 -10.5 0 126 0 1 1
15.8 -10 0 140 0 1 1
15.8 -4.3 0 149 0 1 1
15.8 -4 0 150 0 1 1
15.8 -3.6 0 146 0 1 1
15.8 -3.2 0 147 0 1 1
15.8 -2.8 0 146 0 1 1
15.8 -2.4 0 148 0 1 1
15.8 -2 0 146 0 1 1
15.8 -0.8 0.4 101 0 1 5
15.8 4.7 2.2 126 0 1 5
15.8 6.2 2.1 158 0 1 5
15.9 -12 0 119 0 1 1
15.9 5.6 2 144 0 1 5
16 5 2.1 121 0 1 5
16.1 -11.7 0 115 0 1 1
16.1 -11.3 0 135 0 1 1
16.1 -10.9 0 131 0 1 1
16.1 -10.5 0 133 0 1 1
16.1 -10 0 136 0 1 1
16.1 -9.7 0 125 0 1 1
16.1 -9.3 0 116 0 1 1
16.1 -8.9 0 123 0 1 1
16.1 -8.6 0 131 0 1 1
16.1 -8.2 0 135 0 1 1
16.1 -7.7 0 128 0 1 1
16.1 -7.4 0 144 0 1 1
16.1 -7 0 153 0 1 1
16.1 -6.6 0 138 0 1 1
16.1 -6.2 -0.1 145 0 1 1
16.1 -5.9 0 145 0 1 1
16.1 -5.5 0 138 0 1 1
16.1 -5.1 0 147 0 1 1
16.1 -4.7 0 132 0 1 1
16.1 -4.3 0 149 0 1 1
16.1 -3.9 -0.1 150 0 1 1
16.1 -3.5 -0.1 144 0 1 1
16.1 -3.1 -0.1 149 0 1 1
16.1 -2.7 -0.1 150 0 1 1
16.1 -2.4 0 150 0 1 1
16.1 -2 0 144 0 1 1
16.1 -1.7 0 144 0 1 1
16.1 -1.3 0 138 0 1 1
16.1 -1 0.1 104 0 1 5
16.1 5.9 2.1 170 0 1 5
16.2 5.4 2.1 148 0 1 5
16.3 6.2 2.1 142 0 1 5
16.4 -11.4 0 137 0 1 1
16.4 -10.9 0 114 0 1 1
16.4 5.7 2.1 142 0 1 5
16.5 -10.1 0 139 0 1 1
16.5 -9.7 0 130 0 1 1
16.5 -9.3 0 126 0 1 1
16.5 -8.9 0 134 0 1 1
16.5 -8.6 0 134 0 1 1
16.5 -8.2 0 143 0 1 1
16.5 -7.8 0 140 0 1 1
16.5 -7.4 0 148 0 1 1
16.5 -7 -0.1 156 0 1 1
16.5 -6.6 -0.1 131 0 1 1
16.5 -6.2 -0.1 140 0 1 1
16.5 -5.9 0 143 0 1 1
16.5 -5.5 0 148 0 1 1
16.5 -5.1 0 150 0 1 1
16.5 -4.7 0 146 0 1 1
16.5 -4.3 0 143 0 1 1
16.5 -4 0 145 0 1 1
16.5 -3.6 0 147 0 1 1
16.5 -3.2 0 148 0 1 1
16.5 -2.8 -0.1 154 0 1 1
16.5 -2.4 -0.1 153 0 1 1
16.5 -2 -0.1 144 0 1 1
16.5 -1.6 -0.1 144 0 1 1
16.5 -1.3 0 145 0 1 1
16.6 -11.2 0 118 0 1 1
16.7 -10.9 0 128 0 1 1
16.8 -10.7 0 116 0 1 1
16.8 -9.3 -0.1 122 0 1 1
16.9 -10.5 0 96 0 1 1
16.9 -10.3 0 131 0 1 1
16.9 -10.1 0 123 0 1 1
16.9 -9.7 -0.1 138 0 1 1
16.9 -9 0 136 0 1 1
16.9 -8.6 0 129 0 1 1
16.9 -8.2 0 128 0 1 1
16.9 -7.8 -0.1 133 0 1 1
16.9 -7.4 -0.1 143 0 1 1
16.9 -7 -0.1 139 0 1 1
16.9 -6.6 -0.1 124 0 1 1
16.9 -6.3 -0.1 135 0 1 1
16.9 -5.9 -0.1 136 0 1 1
16.9 -5.5 0 155 0 1 1
16.9 -5.1 0 149 0 1 1
16.9 -4.7 0 142 0 1 1
16.9 -4.3 0 149 0 1 1
16.9 -4 0 147 0 1 1
16.9 -3.6 0 148 0 1 1
16.9 -3.2 0 152 0 1 1
16.9 -2.8 -0.1 152 0 1 1
16.9 -2.3 -0.1 147 0 1 1
16.9 -2 -0.1 144 0 1 1
16.9 -1.6 -0.1 149 0 1 1
16.9 -1.2 -0.1 146 0 1 1
17 -10.3 0 130 0 1 1
17.1 -9.7 -0.1 136 0 1 1
17.2 -9.3 -0.1 134 0 1 1
17.3 -8.2 -0.1 128 0 1 1
17.3 -7.8 -0.1 130 0 1 1
17.3 -7.4 -0.1 133 0 1 1
17.3 -7 -0.1 104 0 1 1
17.3 -6.6 -0.1 139 0 1 1
17.3 -6.3 -0.1 129 0 1 1
17.3 -5.9 -0.1 138 0 1 1
17.3 -5.5 -0.1 148 0 1 1
17.3 -5.1 0 143 0 1 1
17.3 -4.8 0 132 0 1 1
17.3 -4.4 -0.1 150 0 1 1
17.3 -4 -0.1 148 0 1 1
17.3 -3.6 -0.1 149 0 1 1
17.3 -3.2 -0.1 155 0 1 1
17.3 -2.8 -0.1 151 0 1 1
17.3 -2.3 -0.1 146 0 1 1
17.3 -2 -0.1 147 0 1 1
17.3 -1.6 -0.1 150 0 1 1
17.4 -9.7 -0.1 100 0 1 1
17.6 -9.3 -0.1 94 0 1 1
17.7 -8.6 -0.1 125 0 1 1
17.7 -8.2 -0.1 132 0 1 1
17.7 -6.6 -0.1 124 0 1 1
17.7 -6.3 -0.1 136 0 1 1
17.7 -5.9 -0.1 138 0 1 1
17.7 -5.5 -0.1 147 0 1 1
17.7 -5.1 -0.1 147 0 1 1
17.7 -4.8 -0.1 141 0 1 1
17.7 -4.4 -0.1 149 0 1 1
17.7 -4 -0.1 148 0 1 1
17.7 -3.6 -0.1 149 0 1 1
17.7 -3.2 -0.1 157 0 1 1
17.7 -2.8 -0.1 146 0 1 1
17.7 -2.4 -0.1 151 0 1 1
17.7 -2 -0.1 149 0 1 1
17.7 -1.6 -0.1 147 0 1 1
17.8 -7.8 0 144 0 1 1
17.8 -7.4 -0.1 136 0 1 1
17.8 -7 -0.1 126 0 1 1
17.9 -8.8 -0.1 130 0 1 1
17.9 -8.5 -0.1 123 0 1 1
18 -8.1 -0.1 116 0 1 1
18 -5.8 -0.1 150 0 1 1
18 -5.5 -0.1 151 0 1 1
18 -5.1 -0.1 145 0 1 1
18 -4.8 -0.1 144 0 1 1
18 -4.4 -0.1 153 0 1 1
18 -2.8 -0.1 143 0 1 1
18 -2.4 -0.1 152 0 1 1
18.1 -7.7 -0.1 129 0 1 1
18.1 -7 0 139 0 1 1
18.1 -6.6 0 140 0 1 1
18.1 -6.2 0 148 0 1 1
18.1 -4 -0.1 151 0 1 1
18.1 -3.6 -0.1 151 0 1 1
18.1 -3.2 -0.1 151 0 1 1
18.1 -2 -0.1 145 0 1 1
18.1 -1.6 -0.1 140 0 1 1
18.1 -1.2 -0.1 105 0 1 1
18.2 -8.1 -0.1 89 0 1 1
18.4 -7.7 -0.1 120 0 1 1
18.4 -7.3 0 134 0 1 1
18.4 -7 0 145 0 1 1
18.4 -6.6 0 147 0 1 1
18.4 -6.2 0 130 0 1 1
18.4 -5.8 0 130 0 1 1
18.4 -5.5 -0.1 145 0 1 1
18.4 -5.1 -0.1 146 0 1 1
18.4 -4.8 -0.1 136 0 1 1
18.4 -4.4 -0.1 150 0 1 1
18.4 -3.9 -0.2 149 0 1 1
18.4 -3.5 -0.1 148 0 1 1
18.4 -3.1 -0.1 152 0 1 1
18.4 -2.8 -0.1 150 0 1 1
18.4 -2.4 -0.1 145 0 1 1
18.4 -2 -0.1 150 0 1 1
18.4 -1.6 -0.1 154 0 1 1
18.4 -1.2 -0.1 135 0 1 1
18.5 -7.3 0 95 0 1 1
18.5 -7 0 147 0 1 1
18.6 -7 0 119 0 1 1
18.6 -6.6 0 145 0 1 1
18.7 -6.2 0 134 0 1 1
18.7 -5.8 0 142 0 1 1
18.7 -5.5 0 142 0 1 1
18.8 -6.6 0 139 0 1 1
18.8 -4.7 -0.1 143 0 1 1
18.8 -4.4 -0.1 146 0 1 1
18.8 -4 -0.1 144 0 1 1
18.8 -3.5 -0.1 149 0 1 1
18.8 -3.1 0 150 0 1 1
18.8 -2.8 -0.1 143 0 1 1
18.8 -2.4 -0.1 149 0 1 1
18.8 -2 -0.1 144 0 1 1
18.8 -1.2 -0.1 135 0 1 1
18.9 -6.2 0 108 0 1 1
18.9 -1.6 -0.1 142 0 1 1
19 -5.8 0 83 0 1 1
19.1 -5.4 0 128 0 1 1
19.1 -5 0 144 0 1 1
19.1 -4.7 0 141 0 1 1
19.1 -4.3 0 125 0 1 1
19.2 -5 0 107 0 1 1
19.2 -4 0 149 0 1 1
19.2 -3.6 0 154 0 1 1
19.2 -3.1 0 146 0 1 1
19.2 -2.7 0 145 0 1 1
19.2 -2.3 0 152 0 1 1
19.2 -2 0 137 0 1 1
19.3 -4.7 0 132 0 1 1
19.3 -4.3 0 135 0 1 1
19.3 -1.6 0 151 0 1 1
19.3 -1.2 -0.1 144 0 1 1
19.4 -4.3 0 112 0 1 1
19.4 -4 0 154 0 1 1
19.4 -3.1 0 144 0 1 1
19.4 -2.7 0 147 0 1 1
19.5 -2.3 0 150 0 1 1
19.5 -1.9 0 138 0 1 1
19.5 -1.6 0 153 0 1 1
19.5 -1.2 0 142 0 1 1
19.6 -4 0 145 0 1 1
19.6 -3.6 0 112 0 1 1
19.6 -3.2 0 127 0 1 1
19.7 -2.7 0 125 0 1 1
19.7 -2.3 0 122 0 1 1
19.8 -1.9 0 114 0 1 1
19.8 -1.6 0 132 0 1 1
