-20 -0.8 -0.1 95 0 1 1
-20 -0.4 -0.1 83 0 1 1
-20 -0.1 0 79 0 1 1
-20 0.3 0 93 0 1 1
-20 0.7 0 99 0 1 1
-19.9 -1.9 0 112 0 1 1
-19.9 -1.6 0 83 0 1 1
-19.9 -1.2 -0.1 93 0 1 1
-19.9 1.1 0 77 0 1 1
-19.9 1.6 0 91 0 1 1
-19.8 -2.7 0 83 0 1 1
-19.8 -2.3 0 90 0 1 1
-19.8 2.3 -0.1 81 0 1 1
-19.7 -4 -0.1 119 0 1 1
-19.7 -3.9 -0.1 84 0 1 1
-19.7 -3.5 0 96 0 1 1
-19.7 -3.1 0 107 0 1 1
-19.7 -0.8 -0.1 116 0 1 1
-19.7 -0.5 -0.1 99 0 1 1
-19.7 -0.1 -0.1 114 0 1 1
-19.6 -1.9 -0.1 122 0 1 1
-19.6 -1.6 -0.1 123 0 1 1
-19.6 -1.2 -0.1 128 0 1 1
-19.6 0.7 0 108 0 1 1
-19.6 1.1 0 114 0 1 1
-19.6 1.5 0 124 0 1 1
-19.6 1.9 -0.1 112 0 1 1
-19.6 2.3 -0.1 113 0 1 1
-19.5 -4.3 -0.1 88 0 1 1
-19.5 -3.9 -0.1 122 0 1 1
-19.5 -3.5 -0.1 115 0 1 1
-19.5 -3.1 0 82 0 1 1
-19.5 -2.7 0 116 0 1 1
-19.5 -2.3 0 111 0 1 1
-19.4 -4.9 -0.1 94 0 1 1
-19.4 -4.7 -0.1 89 0 1 1
-19.4 -0.9 -0.1 115 0 1 1
-19.3 -5.3 -0.1 103 0 1 1
-19.3 -5.1 -0.1 88 0 1 1
-19.3 -4.9 -0.1 121 0 1 1
-19.3 -4.8 -0.1 104 0 1 1
-19.3 -4.3 -0.1 106 0 1 1
-19.3 -3.9 -0.1 112 0 1 1
-19.3 -3.5 -0.1 109 0 1 1
-19.3 -3.1 -0.1 109 0 1 1
-19.3 -2.7 -0.1 114 0 1 1
-19.3 -1.9 -0.1 123 0 1 1
-19.3 -1.6 -0.1 124 0 1 1
-19.3 -1.2 -0.1 128 0 1 1
-19.3 -0.5 -0.1 114 0 1 1
-19.3 -0.1 -0.1 108 0 1 1
-19.3 0.3 -0.1 121 0 1 1
-19.3 0.7 0 111 0 1 1
-19.3 1.1 0 118 0 1 1
-19.3 1.5 0 94 0 1 1
-19.3 1.9 -0.1 107 0 1 1
-19.3 2.3 -0.1 119 0 1 1
-19.2 -5.5 -0.1 79 0 1 1
-19.2 -2.3 0 106 0 1 1
-19.1 -5.9 -0.1 80 0 1 1
-19 -6.2 -0.1 120 0 1 1
-19 -4 -0.1 93 0 1 1
-19 -0.9 -0.1 113 0 1 1
-18.9 -6.6 -0.1 87 0 1 1
-18.9 -4.8 -0.2 103 0 1 1
-18.9 -4.4 -0.1 108 0 1 1
-18.9 -3.6 -0.1 111 0 1 1
-18.9 -3.2 -0.1 113 0 1 1
-18.9 -2.8 -0.1 109 0 1 1
-18.9 -2.3 0 111 0 1 1
-18.9 -2 -0.1 115 0 1 1
-18.9 -1.6 -0.1 122 0 1 1
-18.9 -1.3 -0.1 114 0 1 1
-18.9 -0.5 -0.1 107 0 1 1
-18.9 -0.2 -0.1 110 0 1 1
-18.9 0.3 -0.1 120 0 1 1
-18.9 0.7 0 110 0 1 1
-18.9 1.1 0 118 0 1 1
-18.9 1.5 -0.1 87 0 1 1
-18.9 1.9 -0.1 119 0 1 1
-18.9 2.3 -0.1 115 0 1 1
-18.9 6.5 -0.1 109 0 1 1
-18.8 -6.2 0 108 0 1 1
-18.8 -5.9 -0.1 107 0 1 1
-18.8 -5.5 -0.1 120 0 1 1
-18.7 -7.2 -0.1 110 0 1 1
-18.7 -7 -0.1 98 0 1 1
-18.7 -6.6 -0.1 108 0 1 1
-18.7 6.5 -0.1 117 0 1 1
-18.7 6.9 -0.1 94 0 1 1
-18.7 7.1 -0.1 103 0 1 1
-18.6 -7.5 -0.1 110 0 1 1
-18.6 -7.3 -0.1 115 0 1 1
-18.6 -6.6 -0.1 102 0 1 1
-18.6 -6.2 0 117 0 1 1
-18.6 -4.7 -0.2 111 0 1 1
-18.6 -4.4 -0.1 112 0 1 1
-18.6 -1.3 -0.1 111 0 1 1
-18.6 -0.9 -0.1 113 0 1 1
-18.6 -0.6 -0.1 109 0 1 1
-18.6 -0.2 -0.1 114 0 1 1
-18.6 0.2 -0.1 118 0 1 1
-18.6 0.6 -0.1 110 0 1 1
-18.6 1 -0.1 119 0 1 1
-18.6 1.4 -0.1 95 0 1 1
-18.6 1.8 -0.1 123 0 1 1
-18.6 2.2 -0.1 101 0 1 1
-18.6 6.5 -0.1 122 0 1 1
-18.6 6.9 -0.1 121 0 1 1
-18.6 7.1 -0.1 123 0 1 1
-18.6 7.4 -0.1 111 0 1 1
-18.6 7.5 -0.1 90 0 1 1
-18.5 -7.8 -0.1 93 0 1 1
-18.5 -7.7 -0.1 107 0 1 1
-18.5 -5.8 0 117 0 1 1
-18.5 -5.5 -0.1 122 0 1 1
-18.5 -5.1 -0.1 114 0 1 1
-18.5 -3.2 -0.1 111 0 1 1
-18.5 -2.8 0 118 0 1 1
-18.5 -2.4 0 119 0 1 1
-18.5 -2 -0.1 114 0 1 1
-18.5 -1.7 -0.1 117 0 1 1
-18.5 7.6 -0.1 111 0 1 1
-18.5 7.7 -0.1 102 0 1 1
-18.3 -8.2 -0.1 93 0 1 1
-18.3 8.1 -0.1 106 0 1 1
-18.2 -7 -0.1 122 0 1 1
-18.2 -6.6 -0.1 114 0 1 1
-18.2 -4.7 -0.1 112 0 1 1
-18.2 -4.3 -0.1 111 0 1 1
-18.2 -4 -0.1 112 0 1 1
-18.2 -3.5 -0.1 103 0 1 1
-18.2 -3.1 -0.1 117 0 1 1
-18.2 -2.7 0 123 0 1 1
-18.2 -2.3 0 115 0 1 1
-18.2 -2 0 117 0 1 1
-18.2 -1.6 -0.1 120 0 1 1
-18.2 -1.3 -0.1 118 0 1 1
-18.2 -0.9 -0.1 113 0 1 1
-18.2 -0.5 -0.1 120 0 1 1
-18.2 -0.1 -0.1 119 0 1 1
-18.2 0.3 -0.1 121 0 1 1
-18.2 0.7 -0.1 74 0 1 1
-18.2 1.1 -0.1 122 0 1 1
-18.2 1.5 -0.1 102 0 1 1
-18.2 1.9 -0.1 128 0 1 1
-18.2 6.5 -0.1 120 0 1 1
-18.2 6.9 -0.1 121 0 1 1
-18.1 -8.5 -0.1 110 0 1 1
-18.1 -8.1 -0.1 119 0 1 1
-18.1 -7.8 -0.1 110 0 1 1
-18.1 -6.2 0 119 0 1 1
-18.1 -5.8 0 120 0 1 1
-18.1 -5.4 0 113 0 1 1
-18.1 -5.1 -0.1 117 0 1 1
-18.1 7.7 -0.1 125 0 1 1
-18.1 8.4 -0.1 127 0 1 1
-18 -8.8 -0.1 81 0 1 1
-18 -8.5 -0.1 108 0 1 1
-18 8.1 -0.1 123 0 1 1
-17.9 8.4 -0.1 126 0 1 1
-17.9 8.7 -0.1 95 0 1 1
-17.8 -9 -0.1 98 0 1 1
-17.8 -8.7 -0.1 112 0 1 1
-17.8 -8.4 -0.1 117 0 1 1
-17.8 -8.1 -0.1 118 0 1 1
-17.8 -7.3 -0.1 122 0 1 1
-17.8 -5 -0.1 122 0 1 1
-17.8 -4.7 -0.1 111 0 1 1
-17.8 -4.3 -0.1 110 0 1 1
-17.8 -3.9 -0.1 117 0 1 1
-17.8 -3.5 -0.1 122 0 1 1
-17.8 -3 -0.1 122 0 1 1
-17.8 -2.7 0 121 0 1 1
-17.8 -2.3 0 114 0 1 1
-17.8 -2 0 117 0 1 1
-17.8 -1.6 0 117 0 1 1
-17.8 -1.2 -0.1 119 0 1 1
-17.8 -0.8 -0.1 114 0 1 1
-17.8 -0.4 -0.1 122 0 1 1
-17.8 0 -0.1 112 0 1 1
-17.8 0.4 -0.1 119 0 1 1
-17.8 0.8 -0.1 77 0 1 1
-17.8 1.2 -0.1 123 0 1 1
-17.8 1.5 -0.1 118 0 1 1
-17.8 1.9 -0.1 118 0 1 1
-17.8 6.5 -0.1 116 0 1 1
-17.8 6.9 -0.1 117 0 1 1
-17.8 8.7 -0.1 116 0 1 1
-17.8 9 -0.1 90 0 1 1
-17.7 -6.6 -0.1 115 0 1 1
-17.7 -6.2 0 114 0 1 1
-17.7 -5.8 0 108 0 1 1
-17.7 -5.4 0 124 0 1 1
-17.7 7.3 -0.1 118 0 1 1
-17.7 7.7 -0.1 122 0 1 1
-17.7 8.1 -0.1 123 0 1 1
-17.7 8.5 -0.1 124 0 1 1
-17.7 9.1 0 115 0 1 1
-17.7 9.2 0 105 0 1 1
-17.5 9.6 0 86 0 1 1
-17.4 -8.5 -0.1 116 0 1 1
-17.4 -8.1 -0.1 114 0 1 1
-17.4 -7.7 -0.1 116 0 1 1
-17.4 -7.3 0 109 0 1 1
-17.4 -5 -0.1 122 0 1 1
-17.4 -4.7 -0.1 121 0 1 1
-17.4 -4.3 -0.1 127 0 1 1
-17.4 -3.9 -0.1 113 0 1 1
-17.4 -3.5 -0.1 118 0 1 1
-17.4 -3.1 0 117 0 1 1
-17.4 -2.7 0 102 0 1 1
-17.4 -2.3 0 110 0 1 1
-17.4 -1.9 0 122 0 1 1
-17.4 -1.6 0 104 0 1 1
-17.4 -1.2 -0.1 122 0 1 1
-17.4 -0.8 -0.1 113 0 1 1
-17.4 -0.4 -0.1 122 0 1 1
-17.4 0 -0.1 117 0 1 1
-17.4 0.4 -0.1 121 0 1 1
-17.4 1.2 -0.1 123 0 1 1
-17.4 1.5 -0.1 112 0 1 1
-17.4 1.9 -0.1 115 0 1 1
-17.4 6.9 -0.1 119 0 1 1
-17.4 8.1 -0.1 121 0 1 1
-17.4 8.5 -0.1 123 0 1 1
-17.4 9.2 0 122 0 1 1
-17.3 -7 0 106 0 1 1
-17.3 -6.6 0 113 0 1 1
-17.3 -6.2 0 116 0 1 1
-17.3 -5.8 0 116 0 1 1
-17.3 -5.4 0 126 0 1 1
-17.3 6.1 -0.1 115 0 1 1
-17.3 6.5 -0.1 116 0 1 1
-17.3 7.3 -0.1 120 0 1 1
-17.3 7.7 -0.1 119 0 1 1
-17.3 9.6 0 115 0 1 1
-17.2 10 0 107 0 1 1
-17.1 10 0 95 0 1 1
-17.1 10.2 0 113 0 1 1
-17 -8.5 0 120 0 1 1
-17 -5 0 113 0 1 1
-17 -4.7 -0.1 107 0 1 1
-17 -4.3 -0.1 112 0 1 1
-17 -3.9 -0.1 110 0 1 1
-17 -3.5 0 120 0 1 1
-17 -3.1 0 123 0 1 1
-17 -2.7 0 117 0 1 1
-17 -2.3 0 115 0 1 1
-17 -1.9 0 119 0 1 1
-17 -1.5 0 114 0 1 1
-17 -1.1 0 123 0 1 1
-17 0 -0.1 113 0 1 1
-17 0.8 -0.1 113 0 1 1
-17 1.5 -0.1 96 0 1 1
-17 7.3 -0.1 119 0 1 1
-17 8.1 -0.1 120 0 1 1
-17 8.4 -0.1 124 0 1 1
-17 8.8 -0.1 122 0 1 1
-17 9.2 0 121 0 1 1
-17 9.6 0 113 0 1 1
-17 10.4 0 86 0 1 1
-16.9 -8.1 0 118 0 1 1
-16.9 -7.8 0 115 0 1 1
-16.9 -7.4 0 114 0 1 1
-16.9 -7 0 118 0 1 1
-16.9 -6.6 0 114 0 1 1
-16.9 -6.2 0 115 0 1 1
-16.9 -5.8 0 118 0 1 1
-16.9 -5.4 0 108 0 1 1
-16.9 6.1 -0.1 115 0 1 1
-16.9 6.5 -0.1 116 0 1 1
-16.9 6.9 -0.1 119 0 1 1
-16.9 10.6 -0.1 99 0 1 1
-16.7 -4.7 0 116 0 1 1
-16.7 -4.3 0 104 0 1 1
-16.7 -3.9 0 115 0 1 1
-16.6 -8.5 0 119 0 1 1
-16.6 -5.4 0 132 0 1 1
-16.6 -5 0 113 0 1 1
-16.6 -3.5 0 115 0 1 1
-16.6 -3.1 0 127 0 1 1
-16.6 -2.7 0 114 0 1 1
-16.6 -2.4 0 110 0 1 1
-16.6 -2 0 88 0 1 1
-16.6 -1.6 0 122 0 1 1
-16.6 -1.2 0 99 0 1 1
-16.6 -0.8 0 101 0 1 1
-16.6 -0.4 0 114 0 1 1
-16.6 0.3 0 113 0 1 1
-16.6 0.7 0 113 0 1 1
-16.6 7.7 -0.1 117 0 1 1
-16.6 8.1 -0.1 120 0 1 1
-16.6 8.4 -0.1 121 0 1 1
-16.6 8.8 0 128 0 1 1
-16.6 9.2 0 105 0 1 1
-16.6 9.6 0 117 0 1 1
-16.6 10 0 119 0 1 1
-16.5 -8.2 0 116 0 1 1
-16.5 -7.8 0 119 0 1 1
-16.5 -7.4 0 121 0 1 1
-16.5 -7 0 125 0 1 1
-16.5 -6.6 0 119 0 1 1
-16.5 -6.2 0 128 0 1 1
-16.5 -5.8 0 129 0 1 1
-16.5 6.1 0 116 0 1 1
-16.5 6.5 0 118 0 1 1
-16.5 6.9 0 123 0 1 1
-16.5 7.3 0 118 0 1 1
-16.5 10.7 0 99 0 1 1
-16.3 -4.7 0 130 0 1 1
-16.3 -4.3 0 109 0 1 1
-16.3 -3.9 0 118 0 1 1
-16.3 -2.4 0 113 0 1 1
-16.3 -2 0 106 0 1 1
-16.3 -1.6 0 117 0 1 1
-16.3 11.5 0 121 0 1 1
-16.2 -5.8 0 128 0 1 1
-16.2 -5.4 -0.1 132 0 1 1
-16.2 -5 0 123 0 1 1
-16.2 -3.5 0 109 0 1 1
-16.2 -3.1 0 110 0 1 1
-16.2 -2.7 0 100 0 1 1
-16.2 -1.2 0 114 0 1 1
-16.2 -0.8 0 110 0 1 1
-16.2 7.7 0 120 0 1 1
-16.2 8.1 0 124 0 1 1
-16.2 8.4 0 114 0 1 1
-16.2 8.8 0 81 0 1 1
-16.2 9.2 0 116 0 1 1
-16.2 9.6 0 118 0 1 1
-16.2 9.9 0 108 0 1 1
-16.2 10.3 0 96 0 1 1
-16.2 10.7 0 119 0 1 1
-16.2 11.1 0 121 0 1 1
-16.2 11.5 0 90 0 1 1
-16.2 11.6 0 111 0 1 1
-16.1 -8.2 0 85 0 1 1
-16.1 -7.8 0 121 0 1 1
-16.1 -7.4 0 118 0 1 1
-16.1 -7 0 124 0 1 1
-16.1 -6.6 0 125 0 1 1
-16.1 -6.2 0 129 0 1 1
-16.1 -0.4 0 119 0 1 1
-16.1 -0.1 0 114 0 1 1
-16.1 0.3 0 117 0 1 1
-16.1 0.7 0 115 0 1 1
-16.1 1.1 0 115 0 1 1
-16.1 1.5 0 105 0 1 1
-16.1 5.7 0 117 0 1 1
-16.1 6.1 0 117 0 1 1
-16.1 6.5 0 119 0 1 1
-16.1 6.9 0 122 0 1 1
-16.1 7.3 0 110 0 1 1
-15.9 -4.7 0 131 0 1 1
-15.9 -4.3 0 119 0 1 1
-15.9 -3.9 0 118 0 1 1
-15.9 -3.5 0 100 0 1 1
-15.9 -3.1 0 114 0 1 1
-15.9 -2.7 0 83 0 1 1
-15.9 -2.4 0 117 0 1 1
-15.9 -2 0 116 0 1 1
-15.9 12 0 80 0 1 1
-15.8 -7.8 0 119 0 1 1
-15.8 -7.4 0 124 0 1 1
-15.8 -7 0 124 0 1 1
-15.8 -6.6 0 110 0 1 1
-15.8 -6.2 0 127 0 1 1
-15.8 -5.8 0 110 0 1 1
-15.8 -5.4 -0.1 119 0 1 1
-15.8 -5 0 113 0 1 1
-15.8 -1.6 0 118 0 1 1
-15.8 -1.2 0 109 0 1 1
-15.8 -0.8 0 122 0 1 1
-15.8 -0.4 0 123 0 1 1
-15.8 0.3 0 118 0 1 1
-15.8 0.7 0 110 0 1 1
-15.8 1.1 0 114 0 1 1
-15.8 1.5 0 123 0 1 1
-15.8 5.7 0 119 0 1 1
-15.8 6.1 0 125 0 1 1
-15.8 6.5 0 68 0 1 1
-15.8 6.9 0 124 0 1 1
-15.8 7.3 0 113 0 1 1
-15.8 7.6 -0.1 128 0 1 1
-15.8 8 0 128 0 1 1
-15.8 8.4 0 118 0 1 1
-15.8 8.8 0 119 0 1 1
-15.8 9.2 0 115 0 1 1
-15.8 9.6 0 115 0 1 1
-15.8 9.9 0.1 101 0 1 1
-15.8 10.3 0 113 0 1 1
-15.8 10.7 0 121 0 1 1
-15.8 11.1 0 127 0 1 1
-15.8 11.5 0 129 0 1 1
-15.7 -0.1 0 120 0 1 1
-15.7 12.3 0 93 0 1 1
-15.5 -4.7 0 111 0 1 1
-15.5 -4.3 0 130 0 1 1
-15.5 -3.9 0 109 0 1 1
-15.5 -3.5 0 120 0 1 1
-15.5 -3.1 0 129 0 1 1
-15.5 -2.8 0 125 0 1 1
-15.5 -2.4 0 118 0 1 1
-15.5 -2 0 125 0 1 1
-15.5 11.1 0 119 0 1 1
-15.5 11.5 0 132 0 1 1
-15.5 12.3 0 121 0 1 1
-15.5 12.4 0 107 0 1 1
-15.4 -7.8 0 121 0 1 1
-15.4 -7.4 0 117 0 1 1
-15.4 -7 0 127 0 1 1
-15.4 -6.6 0 124 0 1 1
-15.4 -6.2 0 115 0 1 1
-15.4 -5.8 0 113 0 1 1
-15.4 -5.4 0 131 0 1 1
-15.4 -5.1 0 124 0 1 1
-15.4 -1.6 0 126 0 1 1
-15.4 -1.2 0 120 0 1 1
-15.4 -0.8 0 133 0 1 1
-15.4 -0.5 0 126 0 1 1
-15.4 -0.1 0 125 0 1 1
-15.4 0.3 0 121 0 1 1
-15.4 0.7 0 121 0 1 1
-15.4 1.1 0 126 0 1 1
-15.4 1.5 0 128 0 1 1
-15.4 5.7 0 117 0 1 1
-15.4 6.1 0 94 0 1 1
-15.4 6.5 0 111 0 1 1
-15.4 6.9 -0.1 119 0 1 1
-15.4 7.2 -0.1 126 0 1 1
-15.4 7.6 -0.1 126 0 1 1
-15.4 8 0 126 0 1 1
-15.4 8.4 0 128 0 1 1
-15.4 8.8 0 125 0 1 1
-15.4 9.1 0.1 120 0 1 1
-15.4 9.5 0.1 108 0 1 1
-15.4 9.9 0.1 95 0 1 1
-15.4 10.3 0 120 0 1 1
-15.4 10.6 0 124 0 1 1
-15.4 11.9 0 120 0 1 1
-15.4 12.3 0 132 0 1 1
-15.4 12.4 0 128 0 1 1
-15.4 12.6 0 109 0 1 1
-15.3 12.8 0 88 0 1 1
-15.1 -4.7 0 122 0 1 1
-15.1 -4.3 0 130 0 1 1
-15.1 -3.9 0 123 0 1 1
-15.1 -3.5 0 125 0 1 1
-15.1 -3.1 0 127 0 1 1
-15.1 -2.8 0 114 0 1 1
-15.1 -2.4 0 117 0 1 1
-15.1 -2 0 120 0 1 1
-15.1 5.7 0 124 0 1 1
-15.1 6.1 0 123 0 1 1
-15.1 6.5 0 121 0 1 1
-15.1 6.9 -0.1 122 0 1 1
-15.1 7.2 -0.1 120 0 1 1
-15.1 7.6 -0.1 92 0 1 1
-15.1 8 0 131 0 1 1
-15.1 9.9 0.1 110 0 1 1
-15.1 10.3 0 119 0 1 1
-15.1 10.6 0 123 0 1 1
-15.1 11.1 0 130 0 1 1
-15.1 11.5 0 131 0 1 1
-15.1 11.9 0 112 0 1 1
-15.1 12.3 0 120 0 1 1
-15.1 13 0 96 0 1 1
-15 -7.4 0 127 0 1 1
-15 -7 0 123 0 1 1
-15 -6.6 0 123 0 1 1
-15 -6.2 -0.1 117 0 1 1
-15 -5.8 -0.1 125 0 1 1
-15 -5.5 -0.1 114 0 1 1
-15 -5.1 -0.1 122 0 1 1
-15 -1.6 -0.1 122 0 1 1
-15 -1.2 -0.1 114 0 1 1
-15 -0.8 -0.1 137 0 1 1
-15 -0.5 -0.1 131 0 1 1
-15 -0.1 0 124 0 1 1
-15 0.3 0 121 0 1 1
-15 0.7 0 124 0 1 1
-15 1.1 0 116 0 1 1
-15 8.4 0 128 0 1 1
-15 8.8 0 122 0 1 1
-15 9.1 0.1 122 0 1 1
-15 9.5 0.1 117 0 1 1
-14.9 13 0 111 0 1 1
-14.9 13.2 0 105 0 1 1
-14.8 5.3 0 126 0 1 1
-14.8 11.5 0 125 0 1 1
-14.7 -5.5 -0.1 126 0 1 1
-14.7 -5.1 -0.1 113 0 1 1
-14.7 -4.7 -0.1 107 0 1 1
-14.7 -4.3 -0.1 124 0 1 1
-14.7 -3.9 0 121 0 1 1
-14.7 -3.5 0 138 0 1 1
-14.7 -3.1 0 110 0 1 1
-14.7 -2.8 0 122 0 1 1
-14.7 -2.4 0 112 0 1 1
-14.7 -2 -0.1 104 0 1 1
-14.7 -1.6 -0.1 105 0 1 1
-14.7 -1.2 -0.1 110 0 1 1
-14.7 0.7 -0.1 131 0 1 1
-14.7 5.7 0 128 0 1 1
-14.7 6.1 0 121 0 1 1
-14.7 6.5 0 124 0 1 1
-14.7 6.9 -0.1 118 0 1 1
-14.7 7.2 -0.1 119 0 1 1
-14.7 7.6 -0.1 108 0 1 1
-14.7 8 -0.1 119 0 1 1
-14.7 8.4 0 117 0 1 1
-14.7 8.8 0 122 0 1 1
-14.7 9.1 0 123 0 1 1
-14.7 9.5 0 106 0 1 1
-14.7 9.9 0 121 0 1 1
-14.7 10.3 0 126 0 1 1
-14.7 10.7 0 110 0 1 1
-14.7 11.1 0 123 0 1 1
-14.7 11.8 0 122 0 1 1
-14.7 12.2 0 117 0 1 1
-14.7 12.6 0 121 0 1 1
-14.7 13 -0.1 125 0 1 1
-14.7 13.2 0 117 0 1 1
-14.7 13.5 0 97 0 1 1
-14.6 -7.4 0 108 0 1 1
-14.6 -7 0 131 0 1 1
-14.6 -6.6 -0.1 106 0 1 1
-14.6 -6.2 -0.1 107 0 1 1
-14.6 -5.9 -0.1 117 0 1 1
-14.6 -0.9 -0.1 115 0 1 1
-14.6 -0.5 -0.1 118 0 1 1
-14.6 -0.1 -0.1 112 0 1 1
-14.6 0.3 -0.1 110 0 1 1
-14.6 1.1 -0.1 114 0 1 1
-14.6 13.6 0 94 0 1 1
-14.5 13.7 0 109 0 1 1
-14.4 11.5 0 125 0 1 1
-14.4 13.9 0 115 0 1 1
-14.3 -5.5 -0.1 114 0 1 1
-14.3 -5.1 -0.1 122 0 1 1
-14.3 -4.7 -0.1 71 0 1 1
-14.3 -4.3 -0.1 131 0 1 1
-14.3 -3.9 -0.1 131 0 1 1
-14.3 -3.5 -0.1 132 0 1 1
-14.3 -3.1 -0.1 123 0 1 1
-14.3 -2.8 -0.1 115 0 1 1
-14.3 -2.4 -0.1 116 0 1 1
-14.3 -2 -0.1 96 0 1 1
-14.3 -1.6 -0.1 114 0 1 1
-14.3 -1.2 -0.1 94 0 1 1
-14.3 -0.9 -0.1 109 0 1 1
-14.3 -0.5 -0.1 120 0 1 1
-14.3 -0.1 -0.1 120 0 1 1
-14.3 0.3 -0.1 117 0 1 1
-14.3 0.7 -0.1 111 0 1 1
-14.3 1.1 -0.1 122 0 1 1
-14.3 5.7 0 123 0 1 1
-14.3 6.1 0 129 0 1 1
-14.3 6.5 0 122 0 1 1
-14.3 6.9 -0.1 81 0 1 1
-14.3 7.2 -0.1 111 0 1 1
-14.3 7.6 -0.1 76 0 1 1
-14.3 8 -0.1 101 0 1 1
-14.3 8.4 -0.1 135 0 1 1
-14.3 8.8 0 117 0 1 1
-14.3 9.2 0 96 0 1 1
-14.3 9.5 0 80 0 1 1
-14.3 9.9 0 123 0 1 1
-14.3 10.3 0 125 0 1 1
-14.3 10.7 0 118 0 1 1
-14.3 11.1 0 129 0 1 1
-14.3 11.9 -0.1 120 0 1 1
-14.3 12.2 -0.1 130 0 1 1
-14.3 12.6 -0.1 130 0 1 1
-14.3 13 -0.1 116 0 1 1
-14.2 -7 0 129 0 1 1
-14.2 -6.6 -0.1 114 0 1 1
-14.2 -6.2 -0.1 123 0 1 1
-14.2 -5.8 -0.1 131 0 1 1
-14.2 13.7 0 110 0 1 1
-14.2 14.1 0 111 0 1 1
-14.1 14 0 136 0 1 1
-14 11.1 0 118 0 1 1
-14 11.5 -0.1 97 0 1 1
-13.9 -5.4 -0.1 117 0 1 1
-13.9 -5 -0.1 121 0 1 1
-13.9 -4.6 -0.1 127 0 1 1
-13.9 -4.3 -0.1 120 0 1 1
-13.9 -3.9 -0.1 137 0 1 1
-13.9 -3.5 -0.1 109 0 1 1
-13.9 -3.1 -0.1 119 0 1 1
-13.9 -2.8 -0.1 91 0 1 1
-13.9 -2.4 -0.1 123 0 1 1
-13.9 -2 -0.1 109 0 1 1
-13.9 -1.2 -0.1 104 0 1 1
-13.9 -0.9 -0.1 112 0 1 1
-13.9 -0.5 -0.1 122 0 1 1
-13.9 -0.1 -0.1 116 0 1 1
-13.9 0.3 -0.1 114 0 1 1
-13.9 0.7 -0.1 128 0 1 1
-13.9 1.1 -0.1 118 0 1 1
-13.9 5.4 -0.1 134 0 1 1
-13.9 5.7 -0.1 124 0 1 1
-13.9 6.1 -0.1 133 0 1 1
-13.9 6.5 -0.1 68 0 1 1
-13.9 6.9 -0.1 98 0 1 1
-13.9 7.2 -0.1 122 0 1 1
-13.9 8 -0.1 110 0 1 1
-13.9 8.4 -0.1 103 0 1 1
-13.9 8.8 -0.1 118 0 1 1
-13.9 9.2 -0.1 135 0 1 1
-13.9 9.6 -0.1 124 0 1 1
-13.9 9.9 -0.1 119 0 1 1
-13.9 10.3 -0.1 121 0 1 1
-13.9 10.7 0 119 0 1 1
-13.9 11.9 -0.1 126 0 1 1
-13.9 12.3 -0.1 124 0 1 1
-13.9 12.7 -0.1 123 0 1 1
-13.9 13 -0.1 119 0 1 1
-13.9 13.4 0 123 0 1 1
-13.9 13.8 0 146 0 1 1
-13.9 14 0 126 0 1 1
-13.9 14.3 0 113 0 1 1
-13.8 -6.9 -0.1 84 0 1 1
-13.8 -6.6 -0.1 113 0 1 1
-13.8 -6.2 -0.1 121 0 1 1
-13.8 -5.8 -0.1 127 0 1 1
-13.8 7.6 -0.1 89 0 1 1
-13.8 14.4 0 80 0 1 1
-13.6 -2.4 -0.1 113 0 1 1
-13.6 -2 -0.1 105 0 1 1
-13.6 5.4 -0.1 125 0 1 1
-13.6 11.1 -0.1 101 0 1 1
-13.6 11.5 -0.1 105 0 1 1
-13.6 11.9 -0.1 121 0 1 1
-13.6 14.5 -0.1 98 0 1 1
-13.5 -6.9 -0.1 110 0 1 1
-13.5 -6.5 -0.1 102 0 1 1
-13.5 -5.8 -0.1 117 0 1 1
-13.5 -5.4 -0.1 121 0 1 1
-13.5 -5 -0.1 128 0 1 1
-13.5 -4.6 -0.1 126 0 1 1
-13.5 -4.3 -0.1 125 0 1 1
-13.5 -3.9 -0.1 109 0 1 1
-13.5 -3.5 -0.1 67 0 1 1
-13.5 -3.1 -0.1 102 0 1 1
-13.5 -2.7 -0.1 108 0 1 1
-13.5 -1.6 -0.1 122 0 1 1
-13.5 -1.2 -0.1 104 0 1 1
-13.5 -0.9 -0.1 107 0 1 1
-13.5 -0.5 -0.1 127 0 1 1
-13.5 -0.1 -0.1 111 0 1 1
-13.5 0.3 -0.1 120 0 1 1
-13.5 0.7 -0.1 112 0 1 1
-13.5 1.1 -0.1 116 0 1 1
-13.5 5.7 -0.1 112 0 1 1
-13.5 6.1 -0.1 116 0 1 1
-13.5 6.5 -0.1 117 0 1 1
-13.5 6.9 -0.1 124 0 1 1
-13.5 7.2 -0.1 126 0 1 1
-13.5 7.6 -0.1 91 0 1 1
-13.5 8 -0.1 114 0 1 1
-13.5 8.4 -0.1 121 0 1 1
-13.5 8.8 -0.1 122 0 1 1
-13.5 9.2 -0.1 130 0 1 1
-13.5 9.6 -0.1 119 0 1 1
-13.5 9.9 -0.1 122 0 1 1
-13.5 10.3 -0.1 115 0 1 1
-13.5 10.7 -0.1 108 0 1 1
-13.5 12.3 -0.1 116 0 1 1
-13.5 12.7 -0.1 124 0 1 1
-13.5 13.1 -0.1 121 0 1 1
-13.5 13.4 -0.1 130 0 1 1
-13.5 13.8 0 136 0 1 1
-13.4 -6.2 0 122 0 1 1
-13.4 14.6 -0.1 116 0 1 1
-13.4 14.8 -0.1 97 0 1 1
-13.2 -4.6 -0.1 114 0 1 1
-13.2 -4.3 -0.1 108 0 1 1
-13.2 -3.9 -0.1 112 0 1 1
-13.2 -3.5 -0.1 107 0 1 1
-13.2 -3.1 -0.1 114 0 1 1
-13.2 -2.7 -0.1 107 0 1 1
-13.2 -2.4 0 120 0 1 1
-13.2 -2 0 109 0 1 1
-13.2 0.7 -0.1 87 0 1 1
-13.2 5.4 -0.1 127 0 1 1
-13.2 10.7 -0.1 103 0 1 1
-13.2 11.1 -0.1 71 0 1 1
-13.2 11.5 -0.1 116 0 1 1
-13.2 11.8 -0.1 115 0 1 1
-13.2 12.2 -0.1 111 0 1 1
-13.2 12.6 -0.1 107 0 1 1
-13.2 13.4 -0.1 109 0 1 1
-13.2 13.8 0 103 0 1 1
-13.2 14.2 -0.1 127 0 1 1
-13.2 14.6 -0.1 112 0 1 1
-13.1 -6.5 0 106 0 1 1
-13.1 -6.1 0 117 0 1 1
-13.1 -5.8 0 103 0 1 1
-13.1 -5.4 -0.1 108 0 1 1
-13.1 -5 -0.1 116 0 1 1
-13.1 -1.6 0 109 0 1 1
-13.1 -1.2 -0.1 112 0 1 1
-13.1 -0.8 -0.1 116 0 1 1
-13.1 -0.5 -0.1 115 0 1 1
-13.1 5.8 -0.1 120 0 1 1
-13.1 6.1 -0.1 118 0 1 1
-13.1 6.5 -0.1 110 0 1 1
-13.1 6.9 -0.1 122 0 1 1
-13.1 7.2 -0.1 129 0 1 1
-13.1 7.6 -0.1 119 0 1 1
-13.1 8 -0.1 115 0 1 1
-13.1 8.4 -0.1 113 0 1 1
-13.1 8.8 -0.1 123 0 1 1
-13.1 9.2 -0.1 114 0 1 1
-13.1 9.5 -0.1 116 0 1 1
-13.1 9.9 -0.1 127 0 1 1
-13.1 10.3 -0.1 119 0 1 1
-13.1 13.1 -0.1 125 0 1 1
-13.1 14.8 -0.1 115 0 1 1
-12.8 -5 0 122 0 1 1
-12.8 -4.6 0 117 0 1 1
-12.8 -4.3 0 115 0 1 1
-12.8 -3.9 -0.1 114 0 1 1
-12.8 -3.5 -0.1 125 0 1 1
-12.8 -3.1 -0.1 105 0 1 1
-12.8 -2.8 -0.1 103 0 1 1
-12.8 -2.4 -0.1 111 0 1 1
-12.8 -2 -0.1 101 0 1 1
-12.8 -0.1 0 119 0 1 1
-12.8 0.3 0 125 0 1 1
-12.8 0.7 0 112 0 1 1
-12.8 10.7 -0.1 118 0 1 1
-12.8 11.1 -0.1 122 0 1 1
-12.8 11.5 -0.1 124 0 1 1
-12.8 11.9 -0.1 114 0 1 1
-12.8 12.3 -0.1 105 0 1 1
-12.7 -6.5 0 117 0 1 1
-12.7 -6.2 0 100 0 1 1
-12.7 -5.8 0 127 0 1 1
-12.7 -5.4 0 107 0 1 1
-12.7 -1.6 0 88 0 1 1
-12.7 -1.2 0 113 0 1 1
-12.7 -0.8 0 115 0 1 1
-12.7 -0.5 0 115 0 1 1
-12.7 1.9 0.7 107 0 1 3
-12.7 5 -0.1 126 0 1 1
-12.7 5.4 -0.1 121 0 1 1
-12.7 5.8 -0.1 124 0 1 1
-12.7 6.1 -0.1 119 0 1 1
-12.7 6.5 -0.1 122 0 1 1
-12.7 6.9 0 127 0 1 1
-12.7 7.2 0 129 0 1 1
-12.7 7.6 -0.1 122 0 1 1
-12.7 8 -0.1 120 0 1 1
-12.7 8.4 -0.1 121 0 1 1
-12.7 8.8 -0.1 115 0 1 1
-12.7 9.1 -0.1 101 0 1 1
-12.7 9.5 -0.1 121 0 1 1
-12.7 9.9 -0.1 123 0 1 1
-12.7 10.3 -0.1 120 0 1 1
-12.7 12.6 -0.1 122 0 1 1
-12.7 13 -0.1 111 0 1 1
-12.7 13.4 -0.1 118 0 1 1
-12.7 13.8 -0.1 124 0 1 1
-12.7 14.2 -0.1 115 0 1 1
-12.5 2 0.9 105 0 1 3
-12.5 2.5 1.2 108 0 1 3
-12.4 -5.4 0 120 0 1 1
-12.4 -5.1 0 122 0 1 1
-12.4 -4.7 0 106 0 1 1
-12.4 -4.3 0 109 0 1 1
-12.4 -3.9 0 106 0 1 1
-12.4 -3.5 0 106 0 1 1
-12.4 -3.2 -0.1 114 0 1 1
-12.4 -2.8 -0.1 122 0 1 1
-12.4 -2.4 -0.1 114 0 1 1
-12.4 -0.5 0 119 0 1 1
-12.4 -0.1 0.1 122 0 1 1
-12.4 0.3 0 131 0 1 1
-12.4 0.7 0 123 0 1 1
-12.4 1.9 0.8 89 0 1 3
-12.4 2.2 1.2 87 0 1 3
-12.4 2.7 1.2 126 0 1 3
-12.4 2.8 1.2 116 0 1 3
-12.4 11.5 -0.1 126 0 1 1
-12.3 -6.2 0 137 0 1 1
-12.3 -5.8 0 126 0 1 1
-12.3 -2 -0.1 106 0 1 1
-12.3 -1.6 0 110 0 1 1
-12.3 -1.2 0 102 0 1 1
-12.3 -0.8 0 113 0 1 1
-12.3 2 1 96 0 1 3
-12.3 2.1 1.1 105 0 1 3
-12.3 2.3 1.2 129 0 1 3
-12.3 2.4 1.2 126 0 1 3
-12.3 2.6 1.2 119 0 1 3
-12.3 5 -0.1 146 0 1 1
-12.3 5.4 -0.1 107 0 1 1
-12.3 5.7 -0.1 132 0 1 1
-12.3 6.1 0 119 0 1 1
-12.3 6.5 0 124 0 1 1
-12.3 6.8 0 127 0 1 1
-12.3 7.2 0 133 0 1 1
-12.3 7.6 -0.1 127 0 1 1
-12.3 8 -0.1 115 0 1 1
-12.3 8.4 0 120 0 1 1
-12.3 8.8 0 101 0 1 1
-12.3 9.1 -0.1 122 0 1 1
-12.3 9.5 -0.1 122 0 1 1
-12.3 9.9 -0.1 127 0 1 1
-12.3 10.3 -0.1 123 0 1 1
-12.3 10.7 -0.1 123 0 1 1
-12.3 11.1 -0.1 128 0 1 1
-12.3 11.9 -0.1 115 0 1 1
-12.3 12.3 0 127 0 1 1
-12.3 12.6 0 103 0 1 1
-12.3 13 0 127 0 1 1
-12.3 13.4 -0.1 116 0 1 1
-12.2 0.9 0 117 0 1 3
-12.2 2.1 1 120 0 1 3
-12.2 2.2 1.1 94 0 1 3
-12.2 2.5 1.2 132 0 1 3
-12.2 2.8 1.2 132 0 1 3
-12.2 2.9 1.2 118 0 1 3
-12.1 2.3 1.1 130 0 1 3
-12.1 2.4 1.1 123 0 1 3
-12.1 2.5 1.2 116 0 1 3
-12.1 2.7 1.2 137 0 1 3
-12 -5.8 -0.1 116 0 1 1
-12 -5.4 0 139 0 1 1
-12 -5.1 0 125 0 1 1
-12 -4.7 0 129 0 1 1
-12 -4.3 0 124 0 1 1
-12 -3.9 -0.1 113 0 1 1
-12 -3.5 -0.1 78 0 1 1
-12 -3.1 -0.1 114 0 1 1
-12 -2.8 -0.1 110 0 1 1
-12 -2.4 -0.1 118 0 1 1
-12 -2 -0.1 84 0 1 1
-12 -0.5 0 130 0 1 1
-12 -0.1 0 124 0 1 1
-12 0.3 0 128 0 1 1
-12 0.7 0 91 0 1 1
-12 1 0 103 0 1 3
-12 1.9 0.9 117 0 1 3
-12 2.2 1.1 113 0 1 3
-12 2.5 1.1 111 0 1 3
-12 3.1 1.1 89 0 1 3
-12 6.1 0 120 0 1 1
-12 6.5 0 128 0 1 1
-12 9.9 -0.1 121 0 1 1
-12 10.3 -0.1 133 0 1 1
-12 10.7 -0.1 122 0 1 1
-12 11.1 -0.1 126 0 1 1
-12 11.5 -0.1 127 0 1 1
-11.9 -1.6 0 104 0 1 1
-11.9 -1.2 0 106 0 1 1
-11.9 -0.9 0 121 0 1 1
-11.9 1 0 59 0 1 3
-11.9 1.2 0.5 109 0 1 3
-11.9 2.3 1.1 132 0 1 3
-11.9 2.9 1.1 140 0 1 3
-11.9 5 -0.1 121 0 1 1
-11.9 5.3 -0.1 81 0 1 1
-11.9 5.7 -0.1 117 0 1 1
-11.9 6.8 0 134 0 1 1
-11.9 7.2 0 133 0 1 1
-11.9 7.6 -0.1 126 0 1 1
-11.9 8 -0.1 126 0 1 1
-11.9 8.4 -0.1 100 0 1 1
-11.9 8.8 -0.1 126 0 1 1
-11.9 9.2 -0.1 126 0 1 1
-11.9 9.5 -0.1 124 0 1 1
-11.9 11.9 -0.1 115 0 1 1
-11.9 12.3 -0.1 117 0 1 1
-11.9 12.6 -0.1 133 0 1 1
-11.9 13 -0.1 132 0 1 1
-11.8 -5.8 -0.1 126 0 1 5
-11.8 2.1 1.1 114 0 1 3
-11.7 -4.7 0 123 0 1 1
-11.7 1 0.1 52 0 1 3
-11.7 1 0.2 54 0 1 3
-11.7 1 0.3 80 0 1 3
-11.7 1.3 0.6 110 0 1 3
-11.7 1.4 0.7 113 0 1 3
-11.7 2 0.9 106 0 1 3
-11.7 2.2 1 133 0 1 3
-11.7 3.4 1 105 0 1 3
-11.6 -5.4 -0.1 134 0 1 1
-11.6 -5.1 0 110 0 1 1
-11.6 -4.3 -0.1 116 0 1 1
-11.6 -4 -0.1 114 0 1 1
-11.6 -3.5 -0.1 122 0 1 1
-11.6 -3.1 -0.1 118 0 1 1
-11.6 -2.7 -0.1 109 0 1 1
-11.6 -2.4 -0.1 116 0 1 1
-11.6 -2 -0.1 112 0 1 1
-11.6 -1.6 -0.1 118 0 1 1
-11.6 -1.3 -0.1 120 0 1 1
-11.6 -0.9 -0.1 107 0 1 1
-11.6 -0.5 0 104 0 1 1
-11.6 0 0 122 0 1 1
-11.6 0.3 0 130 0 1 1
-11.6 0.7 -0.1 122 0 1 1
-11.6 1 0.2 58 0 1 3
-11.6 1 0.3 65 0 1 3
-11.6 1 0.4 93 0 1 3
-11.6 1.1 -0.1 90 0 1 1
-11.6 1.1 0.5 119 0 1 3
-11.6 1.2 0.5 100 0 1 3
-11.6 1.4 0.7 99 0 1 3
-11.6 1.5 0.8 87 0 1 3
-11.6 1.7 0.8 93 0 1 3
-11.6 1.9 0.9 111 0 1 3
-11.6 2.1 1 109 0 1 3
-11.6 2.5 1 139 0 1 3
-11.6 5.7 -0.1 124 0 1 1
-11.6 6.1 0 125 0 1 1
-11.6 6.5 0 128 0 1 1
-11.6 6.8 0 128 0 1 1
-11.6 7.2 0 134 0 1 1
-11.6 7.6 -0.1 129 0 1 1
-11.6 8 -0.1 129 0 1 1
-11.6 8.4 -0.1 127 0 1 1
-11.6 8.8 -0.1 130 0 1 1
-11.6 9.6 -0.1 125 0 1 1
-11.6 9.9 -0.1 126 0 1 1
-11.6 10.3 -0.1 119 0 1 1
-11.6 10.7 -0.1 129 0 1 1
-11.6 11.1 -0.1 132 0 1 1
-11.6 11.5 -0.1 132 0 1 1
-11.6 11.9 -0.1 129 0 1 1
-11.6 12.2 -0.1 135 0 1 1
-11.5 1.5 0.7 108 0 1 3
-11.5 1.7 0.8 115 0 1 3
-11.5 3.6 0.8 85 0 1 3
-11.5 4.9 -0.1 80 0 1 1
-11.5 5.3 -0.1 129 0 1 1
-11.5 9.2 -0.1 134 0 1 1
-11.4 1.1 0 63 0 1 3
-11.4 1.2 0.3 82 0 1 3
-11.4 1.2 0.5 104 0 1 3
-11.4 1.3 0.6 101 0 1 3
-11.4 1.6 0.8 115 0 1 3
-11.4 2 1 110 0 1 3
-11.4 2.9 0.9 135 0 1 3
-11.3 -5.7 0 120 0 1 5
-11.3 -5.1 0 126 0 1 1
-11.3 -4.7 0 112 0 1 1
-11.3 -4.3 -0.1 100 0 1 1
-11.3 1.5 0.8 116 0 1 3
-11.3 1.8 0.9 113 0 1 3
-11.3 2.2 0.9 138 0 1 3
-11.3 3.4 0.8 141 0 1 3
-11.3 3.9 0.6 120 0 1 3
-11.2 -3.9 -0.1 122 0 1 1
-11.2 -3.5 -0.1 112 0 1 1
-11.2 -3.1 -0.1 117 0 1 1
-11.2 -2.7 -0.1 120 0 1 1
-11.2 -2.4 -0.1 120 0 1 1
-11.2 -2 -0.1 112 0 1 1
-11.2 -1.7 -0.1 127 0 1 1
-11.2 -1.3 0 117 0 1 1
-11.2 -0.9 0 122 0 1 1
-11.2 -0.5 0 129 0 1 1
-11.2 0 0 126 0 1 1
-11.2 0.3 0 126 0 1 1
-11.2 0.7 -0.1 117 0 1 1
-11.2 1.1 -0.1 81 0 1 1
-11.2 3.7 0.7 131 0 1 3
-11.2 4.6 -0.1 116 0 1 1
-11.2 4.9 -0.1 120 0 1 1
-11.2 5.3 -0.1 122 0 1 1
-11.2 5.7 -0.1 121 0 1 1
-11.2 6.1 0 125 0 1 1
-11.2 6.5 -0.1 130 0 1 1
-11.2 6.9 -0.1 113 0 1 1
-11.2 7.2 -0.1 124 0 1 1
-11.2 7.6 -0.1 130 0 1 1
-11.2 8 -0.1 125 0 1 1
-11.2 8.4 0 123 0 1 1
-11.2 8.8 0 141 0 1 1
-11.2 9.2 0 113 0 1 1
-11.2 9.6 -0.1 126 0 1 1
-11.2 9.9 -0.1 119 0 1 1
-11.2 10.3 -0.1 123 0 1 1
-11.2 10.7 -0.1 129 0 1 1
-11.2 11.1 -0.1 129 0 1 1
-11.2 11.5 -0.1 130 0 1 1
-11.2 11.9 -0.1 95 0 1 1
-11.1 -5.4 0 122 0 1 5
-11.1 1.3 0.1 76 0 1 3
-11.1 1.3 0.5 98 0 1 3
-11.1 1.4 0.6 91 0 1 3
-11.1 1.4 0.7 120 0 1 3
-11.1 1.5 0.8 118 0 1 3
-11.1 1.6 0.8 125 0 1 3
-11.1 2 0.8 134 0 1 3
-11.1 2.4 0.8 158 0 1 3
-11 2.9 0.7 136 0 1 3
-11 3.9 0.6 125 0 1 3
-10.9 -5.1 -0.1 130 0 1 1
-10.9 -4.7 -0.1 126 0 1 1
-10.9 -4.3 -0.1 100 0 1 1
-10.9 -3.9 -0.1 131 0 1 1
-10.9 -2.4 -0.1 96 0 1 1
-10.9 -2 -0.1 107 0 1 1
-10.9 -1.7 -0.1 112 0 1 1
-10.9 1.5 -0.1 79 0 1 3
-10.9 3.4 0.6 135 0 1 3
-10.9 5.4 -0.1 125 0 1 1
-10.9 5.7 -0.1 123 0 1 1
-10.9 6.1 -0.1 122 0 1 1
-10.9 6.5 -0.1 126 0 1 1
-10.9 6.9 -0.1 119 0 1 1
-10.9 7.2 -0.1 97 0 1 1
-10.9 7.6 -0.1 100 0 1 1
-10.9 8.1 0 125 0 1 1
-10.9 8.5 0 124 0 1 1
-10.8 -5.6 0.1 128 0 1 5
-10.8 -3.5 -0.1 128 0 1 1
-10.8 -3.1 -0.1 124 0 1 1
-10.8 -2.7 -0.1 96 0 1 1
-10.8 -1.3 0 103 0 1 1
-10.8 -0.9 0 89 0 1 1
-10.8 -0.5 0 133 0 1 1
-10.8 0 0 127 0 1 1
-10.8 0.3 0 80 0 1 1
-10.8 0.7 -0.1 122 0 1 1
-10.8 1.1 -0.1 85 0 1 1
-10.8 1.5 -0.1 99 0 1 1
-10.8 1.5 0.3 91 0 1 3
-10.8 1.6 0.5 95 0 1 3
-10.8 1.6 0.6 125 0 1 3
-10.8 1.7 0.7 116 0 1 3
-10.8 3.7 0.5 142 0 1 3
-10.8 4.5 -0.1 123 0 1 1
-10.8 5 -0.1 126 0 1 1
-10.8 8.9 0 96 0 1 1
-10.8 9.2 0 127 0 1 1
-10.8 9.6 -0.1 129 0 1 1
-10.8 10 -0.1 124 0 1 1
-10.8 10.3 -0.1 126 0 1 1
-10.8 10.7 -0.1 126 0 1 1
-10.8 11.1 -0.1 124 0 1 1
-10.7 -5.3 0.1 101 0 1 5
-10.7 2.1 0.6 135 0 1 3
-10.7 2.5 0.6 129 0 1 3
-10.7 4 0.5 129 0 1 3
-10.7 4.1 0.2 126 0 1 3
-10.7 4.1 0.3 130 0 1 3
-10.7 4.1 0.4 129 0 1 3
-10.7 4.3 0 106 0 1 3
-10.6 2.9 0.5 133 0 1 3
-10.6 3.3 0.5 144 0 1 3
-10.6 3.6 0.4 112 0 1 3
-10.6 4.1 0.2 131 0 1 3
-10.6 4.2 0.1 128 0 1 3
-10.5 -5 0 118 0 1 5
-10.5 -4.7 -0.1 130 0 1 1
-10.5 -4.3 -0.1 124 0 1 1
-10.5 -3.9 -0.1 122 0 1 1
-10.5 -3.5 -0.1 127 0 1 1
-10.5 -2.8 -0.1 113 0 1 1
-10.5 -2.4 -0.1 122 0 1 1
-10.5 -2 -0.1 126 0 1 1
-10.5 -1.7 -0.1 128 0 1 1
-10.5 1.7 0.1 96 0 1 3
-10.5 1.7 0.3 103 0 1 3
-10.5 1.8 0.5 125 0 1 3
-10.5 3.9 0.3 127 0 1 3
-10.5 4 0.2 141 0 1 3
-10.5 4.1 0 122 0 1 3
-10.5 4.5 -0.1 125 0 1 1
-10.5 4.9 -0.1 120 0 1 1
-10.5 5.4 -0.1 134 0 1 1
-10.5 5.7 -0.1 130 0 1 1
-10.5 6.1 -0.1 123 0 1 1
-10.5 6.5 -0.1 123 0 1 1
-10.5 6.9 -0.1 131 0 1 1
-10.5 7.3 -0.1 90 0 1 1
-10.5 7.6 -0.1 99 0 1 1
-10.5 8.1 0 125 0 1 1
-10.5 8.5 0 119 0 1 1
-10.4 -3.1 0 114 0 1 1
-10.4 -1.3 -0.1 121 0 1 1
-10.4 -0.9 0 118 0 1 1
-10.4 -0.5 0 123 0 1 1
-10.4 -0.1 0 131 0 1 1
-10.4 0.3 0 91 0 1 1
-10.4 0.7 0 129 0 1 1
-10.4 1.1 -0.1 122 0 1 1
-10.4 1.5 -0.1 127 0 1 1
-10.4 2.2 0.5 137 0 1 3
-10.4 3.9 0.2 125 0 1 3
-10.4 4.1 0 121 0 1 3
-10.4 8.8 0 122 0 1 1
-10.4 9.2 0 103 0 1 1
-10.4 9.6 -0.1 126 0 1 1
-10.4 9.9 -0.1 119 0 1 1
-10.4 10.3 -0.1 120 0 1 1
-10.4 10.7 -0.1 124 0 1 1
-10.3 1.8 -0.1 120 0 1 3
-10.3 1.9 0 99 0 1 3
-10.3 3.6 0.3 130 0 1 3
-10.3 3.9 0.1 106 0 1 3
-10.3 4 -0.1 129 0 1 3
-10.2 -5.2 0.1 121 0 1 5
-10.2 2 0.3 111 0 1 3
-10.2 2.1 0.4 133 0 1 3
-10.2 2.6 0.4 136 0 1 3
-10.2 2.7 0.4 139 0 1 3
-10.2 2.9 0.4 128 0 1 3
-10.2 3.2 0.3 144 0 1 3
-10.2 3.6 0 128 0 1 3
-10.2 3.6 0.1 127 0 1 3
-10.1 -4.3 -0.1 89 0 1 1
-10.1 -3.9 -0.1 135 0 1 1
-10.1 -3.6 0 129 0 1 1
-10.1 -3.2 0 115 0 1 1
-10.1 -2.8 0 114 0 1 1
-10.1 -2.4 -0.1 117 0 1 1
-10.1 -2 -0.1 122 0 1 1
-10.1 -1.7 -0.1 110 0 1 1
-10.1 -1.3 -0.1 106 0 1 1
-10.1 2.5 0.3 140 0 1 3
-10.1 2.6 0.3 124 0 1 3
-10.1 2.9 0.3 123 0 1 3
-10.1 3.1 0.3 129 0 1 3
-10.1 3.3 0.1 131 0 1 3
-10.1 3.3 0.2 128 0 1 3
-10.1 3.4 0 118 0 1 1
-10.1 3.8 0 117 0 1 1
-10.1 4.2 0 127 0 1 1
-10.1 4.5 -0.1 122 0 1 1
-10.1 4.9 -0.1 130 0 1 1
-10.1 5.3 -0.1 95 0 1 1
-10.1 5.7 -0.1 111 0 1 1
-10.1 6.1 -0.1 124 0 1 1
-10.1 6.5 -0.1 131 0 1 1
-10.1 6.9 -0.1 130 0 1 1
-10.1 7.3 -0.1 94 0 1 1
-10.1 7.7 -0.1 101 0 1 1
-10.1 8.1 0 126 0 1 1
-10.1 8.5 0 111 0 1 1
-10.1 8.8 0 125 0 1 1
-10.1 9.2 0 132 0 1 1
-10.1 9.5 0 131 0 1 1
-10 -4.9 0 121 0 1 5
-10 -4.7 -0.1 92 0 1 1
-10 -0.9 0 127 0 1 1
-10 -0.5 0 126 0 1 1
-10 -0.1 0 115 0 1 1
-10 0.3 0 105 0 1 1
-10 0.7 0 125 0 1 1
-10 1 0 128 0 1 1
-10 1.4 -0.1 124 0 1 1
-10 1.8 -0.1 120 0 1 1
-10 2.1 0 91 0 1 3
-10 2.2 0.1 122 0 1 3
-10 2.3 0.2 138 0 1 3
-10 2.5 0.2 141 0 1 3
-10 2.7 0.2 120 0 1 3
-10 2.8 0.2 118 0 1 3
-10 2.8 0.3 117 0 1 3
-10 3 0.2 132 0 1 3
-10 3 0.3 136 0 1 3
-10 3.2 0.1 129 0 1 3
-10 9.9 -0.1 131 0 1 1
-10 10.3 -0.1 119 0 1 1
-9.9 2.5 0 118 0 1 3
-9.9 2.6 0.1 145 0 1 3
-9.9 2.8 0 139 0 1 3
-9.9 2.9 0 137 0 1 3
-9.9 3.1 0 97 0 1 3
-9.7 -3.9 0 123 0 1 1
-9.7 -3.5 0 125 0 1 1
-9.7 -3.2 0 120 0 1 1
-9.7 -2.8 0 129 0 1 1
-9.7 -2.4 -0.1 130 0 1 1
-9.7 -2 -0.1 121 0 1 1
-9.7 -1.6 -0.1 114 0 1 1
-9.7 -1.3 -0.1 113 0 1 1
-9.7 2.2 0 126 0 1 1
-9.7 2.6 0 126 0 1 1
-9.7 3 0 123 0 1 1
-9.7 3.4 0 78 0 1 1
-9.7 3.8 0 126 0 1 1
-9.7 4.2 0 124 0 1 1
-9.7 4.5 0 128 0 1 1
-9.7 4.9 -0.1 137 0 1 1
-9.7 5.3 -0.1 127 0 1 1
-9.7 5.7 -0.1 129 0 1 1
-9.7 6.1 -0.1 131 0 1 1
-9.7 6.5 -0.1 120 0 1 1
-9.7 6.9 -0.1 132 0 1 1
-9.7 7.2 -0.1 138 0 1 1
-9.7 7.6 -0.1 126 0 1 1
-9.7 8 -0.1 131 0 1 1
-9.7 8.4 -0.1 136 0 1 1
-9.7 8.8 -0.1 127 0 1 1
-9.7 9.1 -0.1 133 0 1 1
-9.7 9.5 -0.1 136 0 1 1
-9.6 -4.8 0 128 0 1 5
-9.6 -4.7 -0.1 130 0 1 1
-9.6 -4.3 -0.1 117 0 1 1
-9.6 -0.9 0 129 0 1 1
-9.6 -0.5 0 103 0 1 1
-9.6 -0.1 0 129 0 1 1
-9.6 0.3 0 135 0 1 1
-9.6 0.7 0 127 0 1 1
-9.6 1 0 122 0 1 1
-9.6 1.4 0 122 0 1 1
-9.6 1.8 0 124 0 1 1
-9.3 -3.5 0 76 0 1 1
-9.3 -3.2 0 118 0 1 1
-9.3 -2.8 0 123 0 1 1
-9.3 -2.4 -0.1 125 0 1 1
-9.3 -2 -0.1 112 0 1 1
-9.3 -1.6 -0.1 120 0 1 1
-9.3 -1.3 -0.1 124 0 1 1
-9.3 1.8 0 124 0 1 1
-9.3 2.2 0 130 0 1 1
-9.3 2.6 0 117 0 1 1
-9.3 3.1 0 110 0 1 1
-9.3 3.4 0 133 0 1 1
-9.3 3.8 0 130 0 1 1
-9.3 4.2 0 133 0 1 1
-9.3 4.5 0 106 0 1 1
-9.3 4.9 -0.1 131 0 1 1
-9.3 5.3 -0.1 124 0 1 1
-9.3 6.1 -0.1 137 0 1 1
-9.3 6.5 -0.1 114 0 1 1
-9.3 6.8 -0.1 122 0 1 1
-9.3 7.2 -0.1 134 0 1 1
-9.3 7.6 -0.1 129 0 1 1
-9.3 8 -0.1 133 0 1 1
-9.3 8.4 -0.1 123 0 1 1
-9.3 8.8 -0.1 132 0 1 1
-9.2 -4.6 -0.1 126 0 1 1
-9.2 -4.3 0 122 0 1 1
-9.2 -3.9 0 125 0 1 1
-9.2 -0.9 0 127 0 1 1
-9.2 -0.5 0 108 0 1 1
-9.2 -0.1 0 125 0 1 1
-9.2 0.3 0 113 0 1 1
-9.2 0.7 -0.1 133 0 1 1
-9.2 1 0 120 0 1 1
-9.2 1.4 0 124 0 1 1
-8.9 -4.3 -0.1 126 0 1 1
-8.9 -3.5 0 117 0 1 1
-8.9 -3.2 0 127 0 1 1
-8.9 -2 -0.1 116 0 1 1
-8.9 -1.6 -0.1 114 0 1 1
-8.9 1.8 0 121 0 1 1
-8.9 2.2 0 135 0 1 1
-8.9 2.6 0 133 0 1 1
-8.9 3 -0.1 118 0 1 1
-8.9 3.4 -0.1 111 0 1 1
-8.9 3.8 -0.1 115 0 1 1
-8.9 4.2 -0.1 110 0 1 1
-8.9 4.5 -0.1 133 0 1 1
-8.9 4.9 -0.1 133 0 1 1
-8.9 5.1 0 118 0 1 2
-8.9 6.5 -0.1 121 0 1 1
-8.9 6.9 -0.1 132 0 1 1
-8.9 7.2 -0.1 133 0 1 1
-8.9 8 -0.1 129 0 1 1
-8.8 -3.9 -0.1 113 0 1 1
-8.8 -1.3 -0.1 109 0 1 1
-8.8 -0.9 -0.1 116 0 1 1
-8.8 -0.5 -0.1 125 0 1 1
-8.8 -0.1 0 117 0 1 1
-8.8 0.3 -0.1 135 0 1 1
-8.8 0.7 -0.1 108 0 1 1
-8.8 1 -0.1 132 0 1 1
-8.8 1.4 0 125 0 1 1
-8.8 5.1 0 120 0 1 2
-8.8 5.4 0.1 104 0 1 2
-8.8 6.1 -0.1 129 0 1 1
-8.8 7.6 -0.1 131 0 1 1
-8.8 8.4 0 109 0 1 5
-8.7 -2.7 0 121 0 1 2
-8.7 -2.5 0.1 107 0 1 2
-8.7 -2.3 0 61 0 1 2
-8.7 5.1 0 102 0 1 2
-8.7 8.7 0.1 119 0 1 5
-8.6 -2.7 0.1 116 0 1 2
-8.6 -2.4 0.1 114 0 1 2
-8.6 -2.3 0 87 0 1 2
-8.6 5.1 0 65 0 1 2
-8.6 5.4 0.1 122 0 1 2
-8.5 -4.3 -0.1 98 0 1 1
-8.5 -2.1 -0.1 108 0 1 1
-8.5 1.8 0 122 0 1 1
-8.5 2.2 0 128 0 1 1
-8.5 2.6 -0.1 135 0 1 1
-8.5 3 -0.1 78 0 1 1
-8.5 3.4 -0.1 108 0 1 1
-8.5 3.8 -0.1 137 0 1 1
-8.5 4.1 -0.1 124 0 1 1
-8.5 4.5 -0.1 127 0 1 1
-8.5 5 0 131 0 1 2
-8.5 5.1 0 81 0 1 2
-8.5 5.3 0.1 125 0 1 2
-8.5 5.4 0.1 128 0 1 2
-8.5 8 -0.1 96 0 1 5
-8.5 9.1 0.4 92 0 1 5
-8.4 -3.9 -0.1 85 0 1 1
-8.4 -3.5 0 121 0 1 1
-8.4 -3.2 0 122 0 1 1
-8.4 -2.6 0.1 125 0 1 2
-8.4 -2.4 0.1 107 0 1 2
-8.4 -1.7 -0.1 116 0 1 1
-8.4 -1.3 -0.1 103 0 1 1
-8.4 -0.9 -0.1 124 0 1 1
-8.4 -0.5 -0.1 119 0 1 1
-8.4 -0.1 -0.1 129 0 1 1
-8.4 0.3 -0.1 133 0 1 1
-8.4 0.7 -0.1 126 0 1 1
-8.4 1 -0.1 130 0 1 1
-8.4 1.4 -0.1 124 0 1 1
-8.4 4.9 -0.1 140 0 1 1
-8.4 5 -0.1 138 0 1 2
-8.4 5.1 0.1 121 0 1 2
-8.4 5.2 0.1 121 0 1 2
-8.4 5.3 0.1 131 0 1 2
-8.4 5.4 0 133 0 1 2
-8.4 5.5 0 131 0 1 2
-8.4 5.7 -0.1 133 0 1 1
-8.4 6.1 -0.2 133 0 1 1
-8.4 6.5 -0.2 118 0 1 1
-8.4 6.9 -0.2 131 0 1 1
-8.4 7.2 -0.2 131 0 1 1
-8.4 7.6 -0.2 125 0 1 1
-8.4 8.3 0.1 98 0 1 5
-8.3 -2.8 0 113 0 1 2
-8.3 -2.7 0 108 0 1 2
-8.3 -2.7 0.1 124 0 1 2
-8.3 -2.6 0.1 123 0 1 2
-8.3 -2.4 0 142 0 1 2
-8.3 -2.4 0.1 134 0 1 2
-8.3 5.1 0 120 0 1 2
-8.3 5.2 0 138 0 1 2
-8.3 5.3 0 133 0 1 2
-8.3 5.5 -0.1 126 0 1 2
-8.3 8.7 0.3 79 0 1 5
-8.2 -2.7 -0.1 122 0 1 2
-8.2 -2.6 0 137 0 1 2
-8.2 -2.5 0 132 0 1 2
-8.2 -2.4 -0.1 109 0 1 2
-8.2 7.9 0 112 0 1 5
-8.2 9 0.6 99 0 1 5
-8.1 -3.9 0 75 0 1 1
-8.1 -3.5 0 122 0 1 1
-8.1 -3.2 0 132 0 1 1
-8.1 -2.8 0 114 0 1 1
-8.1 -2.4 -0.1 107 0 1 1
-8.1 -2 -0.1 111 0 1 1
-8.1 -1.6 -0.1 129 0 1 1
-8.1 -1.2 -0.1 92 0 1 1
-8.1 -0.1 -0.1 131 0 1 1
-8.1 1.1 -0.1 124 0 1 1
-8.1 1.5 0 119 0 1 1
-8.1 1.8 0 126 0 1 1
-8.1 2.2 0 131 0 1 1
-8.1 3 -0.1 124 0 1 1
-8.1 3.7 -0.1 130 0 1 1
-8.1 4.5 -0.1 92 0 1 1
-8.1 6.5 -0.1 123 0 1 1
-8.1 6.9 -0.1 111 0 1 1
-8.1 7.3 -0.1 87 0 1 1
-8.1 7.6 -0.1 121 0 1 1
-8.1 9.4 0.8 86 0 1 5
-8 -0.8 0 111 0 1 1
-8 -0.5 0 124 0 1 1
-8 0.3 -0.1 93 0 1 1
-8 0.7 -0.1 118 0 1 1
-8 4.9 0 118 0 1 1
-8 5.3 0 114 0 1 1
-8 5.7 -0.1 116 0 1 1
-8 6.1 -0.1 123 0 1 1
-8 8.3 0.2 77 0 1 5
-7.9 7.5 -0.2 106 0 1 5
-7.9 8.6 0.4 106 0 1 5
-7.9 9.7 1 85 0 1 5
-7.8 7.9 0 111 0 1 5
-7.8 9 0.7 105 0 1 5
-7.8 10.1 1.2 73 0 1 5
-7.7 -3.9 0 115 0 1 1
-7.7 -3.5 0 128 0 1 1
-7.7 -3.2 -0.1 129 0 1 1
-7.7 -2.8 -0.1 106 0 1 1
-7.7 -2.4 -0.1 93 0 1 1
-7.7 -2 -0.1 123 0 1 1
-7.7 -1.5 -0.1 131 0 1 1
-7.7 -1.1 0 126 0 1 1
-7.7 -0.8 0 97 0 1 1
-7.7 -0.4 0 129 0 1 1
-7.7 -0.1 0 127 0 1 1
-7.7 0.3 0 110 0 1 1
-7.7 0.7 -0.1 103 0 1 1
-7.7 1.1 0 118 0 1 1
-7.7 1.5 0 127 0 1 1
-7.7 1.9 0 139 0 1 1
-7.7 2.2 0 127 0 1 4
-7.7 2.4 0 118 0 1 1
-7.7 2.6 0 120 0 1 4
-7.7 2.8 -0.1 117 0 1 1
-7.7 2.9 -0.1 118 0 1 1
-7.7 3.1 -0.1 113 0 1 1
-7.7 3.3 -0.1 122 0 1 1
-7.7 3.5 -0.1 102 0 1 1
-7.7 3.7 -0.1 122 0 1 4
-7.7 3.9 -0.1 112 0 1 1
-7.7 4.1 -0.1 106 0 1 4
-7.7 4.3 -0.1 95 0 1 1
-7.7 6.1 -0.1 125 0 1 1
-7.7 6.5 -0.1 126 0 1 1
-7.7 6.9 -0.1 88 0 1 1
-7.7 7.3 -0.1 97 0 1 1
-7.7 8.2 0.2 106 0 1 5
-7.7 9.3 0.9 111 0 1 5
-7.6 4.5 0 93 0 1 4
-7.6 4.9 0 119 0 1 1
-7.6 5.3 0 125 0 1 1
-7.6 5.7 -0.1 152 0 1 1
-7.6 7.5 -0.1 124 0 1 5
-7.6 8.6 0.5 109 0 1 5
-7.6 9.7 1.1 105 0 1 5
-7.5 2.2 -0.1 121 0 1 1
-7.5 4.5 -0.1 104 0 1 1
-7.5 10 1.3 90 0 1 5
-7.4 1.5 -0.1 123 0 1 1
-7.4 2.2 -0.2 119 0 1 4
-7.4 2.5 -0.2 104 0 1 4
-7.4 2.9 -0.2 105 0 1 4
-7.4 6.9 -0.1 63 0 1 1
-7.4 7.3 -0.1 77 0 1 1
-7.4 7.9 0.1 115 0 1 5
-7.4 8.9 0.7 116 0 1 5
-7.3 -3.5 -0.1 129 0 1 1
-7.3 -3.1 -0.1 130 0 1 1
-7.3 -2.8 -0.1 135 0 1 1
-7.3 -2.4 -0.1 121 0 1 1
-7.3 -2 -0.1 123 0 1 1
-7.3 -1.5 -0.1 119 0 1 1
-7.3 -1.2 -0.1 127 0 1 1
-7.3 -0.8 0 135 0 1 1
-7.3 -0.4 0 113 0 1 1
-7.3 -0.1 -0.1 130 0 1 1
-7.3 0.3 -0.1 113 0 1 1
-7.3 0.7 -0.1 138 0 1 1
-7.3 1.1 -0.1 134 0 1 1
-7.3 3.3 -0.2 113 0 1 4
-7.3 3.7 -0.2 112 0 1 4
-7.3 4.1 -0.2 88 0 1 4
-7.3 4.5 -0.2 92 0 1 4
-7.3 5.3 -0.1 131 0 1 1
-7.3 5.7 -0.1 124 0 1 1
-7.3 6.1 -0.1 127 0 1 1
-7.3 6.5 -0.1 96 0 1 1
-7.3 8.2 0.3 107 0 1 5
-7.3 9.3 0.9 111 0 1 5
-7.3 10.4 1.6 84 0 1 5
-7.2 2 -0.2 121 0 1 1
-7.2 7.5 -0.1 115 0 1 5
-7.2 8.6 0.5 109 0 1 5
-7.2 9.6 1.2 108 0 1 5
-7.1 4.7 -0.2 114 0 1 1
-7.1 7.8 0.1 109 0 1 5
-7.1 8.9 0.7 115 0 1 5
-7.1 10 1.4 83 0 1 5
-7 -2.4 -0.1 119 0 1 1
-7 -1.9 -0.1 133 0 1 1
-7 -1.5 -0.1 123 0 1 1
-7 -1.2 -0.1 132 0 1 1
-7 -0.4 -0.1 131 0 1 1
-7 0 -0.1 131 0 1 1
-7 0.4 -0.1 124 0 1 1
-7 1.1 -0.1 117 0 1 1
-7 1.5 -0.1 116 0 1 1
-7 1.7 -0.2 100 0 1 1
-7 1.8 -0.2 107 0 1 4
-7 2.2 -0.3 118 0 1 4
-7 2.5 -0.3 116 0 1 4
-7 2.9 -0.3 94 0 1 4
-7 3.3 -0.3 119 0 1 4
-7 3.6 -0.3 120 0 1 4
-7 4.1 -0.3 103 0 1 4
-7 5.1 -0.1 116 0 1 1
-7 5.3 -0.1 120 0 1 4
-7 5.7 -0.1 132 0 1 1
-7 6.1 0 104 0 1 1
-7 6.5 0 132 0 1 1
-7 6.9 0 128 0 1 1
-7 7.3 -0.1 116 0 1 1
-7 9.3 1 109 0 1 5
-7 10.3 1.7 118 0 1 5
-6.9 -3.5 -0.1 125 0 1 1
-6.9 -3.1 -0.1 103 0 1 1
-6.9 -2.7 -0.1 127 0 1 1
-6.9 -0.8 -0.1 124 0 1 1
-6.9 4.5 -0.3 107 0 1 4
-6.9 4.9 -0.2 108 0 1 1
-6.9 8.2 0.3 110 0 1 5
-6.9 10.7 1.9 76 0 1 5
-6.8 0.6 0 111 0 1 2
-6.8 0.7 0 114 0 1 2
-6.8 1.5 -0.2 111 0 1 1
-6.8 5.3 -0.1 131 0 1 1
-6.8 7.4 -0.1 113 0 1 5
-6.8 8.5 0.6 110 0 1 5
-6.8 9.6 1.2 114 0 1 5
-6.7 7.8 0.2 77 0 1 5
-6.7 8.9 0.8 105 0 1 5
-6.7 9.9 1.5 107 0 1 5
-6.6 -3.1 -0.1 118 0 1 1
-6.6 -2.7 -0.1 110 0 1 1
-6.6 -2.4 -0.1 119 0 1 1
-6.6 -2 -0.1 100 0 1 1
-6.6 -1.6 -0.1 130 0 1 1
-6.6 -1.2 -0.1 78 0 1 1
-6.6 -0.8 -0.1 124 0 1 1
-6.6 -0.4 -0.1 115 0 1 1
-6.6 -0.1 -0.1 134 0 1 1
-6.6 0.3 0 116 0 1 2
-6.6 0.7 0.1 132 0 1 2
-6.6 1.5 -0.2 116 0 1 4
-6.6 1.8 -0.3 101 0 1 4
-6.6 2.1 -0.4 114 0 1 4
-6.6 2.5 -0.4 111 0 1 4
-6.6 2.9 -0.4 115 0 1 4
-6.6 3.2 -0.5 104 0 1 4
-6.6 3.6 -0.5 117 0 1 4
-6.6 4 -0.4 119 0 1 4
-6.6 4.4 -0.4 125 0 1 4
-6.6 4.9 -0.3 89 0 1 4
-6.6 6.1 -0.1 133 0 1 1
-6.6 6.5 -0.1 136 0 1 1
-6.6 6.9 -0.1 130 0 1 1
-6.6 7.3 -0.1 111 0 1 1
-6.6 8.1 0.4 111 0 1 5
-6.6 9.2 1 115 0 1 5
-6.6 10.3 1.7 120 0 1 5
-6.5 0.3 0 90 0 1 2
-6.5 5.3 -0.2 128 0 1 4
-6.5 7.4 0 90 0 1 5
-6.5 8.5 0.6 109 0 1 5
-6.5 9.6 1.2 102 0 1 5
-6.5 10.6 2 87 0 1 5
-6.4 0.3 0.1 113 0 1 2
-6.4 0.5 0.1 127 0 1 2
-6.4 0.6 0 136 0 1 2
-6.4 0.7 0.1 113 0 1 2
-6.4 1.4 -0.2 119 0 1 1
-6.4 9.9 1.5 112 0 1 5
-6.4 11 2.2 83 0 1 5
-6.3 0.3 -0.1 78 0 1 2
-6.3 0.4 0.1 118 0 1 2
-6.3 0.5 -0.1 127 0 1 2
-6.3 0.6 0 137 0 1 2
-6.3 0.7 0 128 0 1 2
-6.3 2.8 -0.6 99 0 1 4
-6.3 5.3 -0.2 112 0 1 1
-6.3 7.7 0.2 116 0 1 5
-6.3 8.8 0.8 102 0 1 5
-6.2 -3.1 0 112 0 1 1
-6.2 -2.8 0 119 0 1 1
-6.2 -2.4 -0.1 121 0 1 1
-6.2 -2 -0.1 126 0 1 1
-6.2 -1.6 0 141 0 1 1
-6.2 -1.2 -0.1 127 0 1 1
-6.2 -0.8 -0.1 124 0 1 1
-6.2 -0.5 -0.1 125 0 1 1
-6.2 -0.1 -0.1 133 0 1 1
-6.2 0.3 -0.1 133 0 1 1
-6.2 0.4 -0.1 138 0 1 2
-6.2 0.7 -0.1 82 0 1 1
-6.2 1.1 -0.1 83 0 1 1
-6.2 1.4 -0.2 120 0 1 4
-6.2 1.7 -0.4 112 0 1 4
-6.2 2 -0.5 109 0 1 4
-6.2 2.4 -0.6 120 0 1 4
-6.2 3.2 -0.6 113 0 1 4
-6.2 3.6 -0.6 122 0 1 4
-6.2 4 -0.6 107 0 1 4
-6.2 4.3 -0.6 111 0 1 4
-6.2 4.8 -0.4 110 0 1 4
-6.2 5.7 -0.2 120 0 1 1
-6.2 6.1 -0.1 134 0 1 1
-6.2 6.5 -0.1 141 0 1 1
-6.2 6.9 -0.1 120 0 1 1
-6.2 8.1 0.4 112 0 1 5
-6.2 9.2 1.1 107 0 1 5
-6.2 10.3 1.8 111 0 1 5
-6.1 5.3 -0.3 96 0 1 4
-6.1 7.3 0 97 0 1 5
-6.1 8.4 0.7 113 0 1 5
-6.1 9.5 1.3 109 0 1 5
-6.1 10.6 2.1 87 0 1 5
-6 1.4 -0.2 123 0 1 1
-6 7.7 0.2 117 0 1 5
-6 8.8 0.9 106 0 1 5
-6 9.9 1.6 113 0 1 5
-6 11 2.3 116 0 1 5
-5.9 2.8 -0.6 108 0 1 4
-5.9 5.3 -0.3 109 0 1 1
-5.9 9.1 1.1 105 0 1 5
-5.9 10.2 1.8 82 0 1 5
-5.8 -2.7 -0.1 122 0 1 1
-5.8 -2.4 -0.1 126 0 1 1
-5.8 -2 -0.1 129 0 1 1
-5.8 -1.6 -0.1 134 0 1 1
-5.8 -1.2 -0.1 132 0 1 1
-5.8 -0.8 -0.1 123 0 1 1
-5.8 -0.5 -0.1 131 0 1 1
-5.8 -0.1 -0.1 115 0 1 1
-5.8 0.3 0 130 0 1 1
-5.8 0.7 0 105 0 1 1
-5.8 1.4 -0.2 117 0 1 1
-5.8 1.7 -0.4 97 0 1 4
-5.8 2 -0.6 111 0 1 4
-5.8 2.4 -0.6 103 0 1 4
-5.8 3.2 -0.6 109 0 1 4
-5.8 3.6 -0.6 108 0 1 4
-5.8 4 -0.6 90 0 1 4
-5.8 4.3 -0.6 111 0 1 4
-5.8 4.8 -0.4 97 0 1 4
-5.8 5.3 -0.3 127 0 1 1
-5.8 6.1 -0.1 136 0 1 1
-5.8 6.5 -0.1 122 0 1 1
-5.8 6.8 -0.1 126 0 1 1
-5.8 8 0.4 110 0 1 5
-5.8 10.6 2.1 109 0 1 5
-5.7 7.3 0 72 0 1 5
-5.7 8.4 0.7 83 0 1 5
-5.7 9.5 1.4 93 0 1 5
-5.6 1.4 -0.2 124 0 1 1
-5.6 5.3 -0.3 111 0 1 1
-5.6 7.6 0.2 118 0 1 5
-5.6 8.7 0.9 116 0 1 5
-5.6 9.8 1.6 58 0 1 5
-5.5 3.2 -0.6 85 0 1 4
-5.5 3.6 -0.6 113 0 1 4
-5.5 8 0.5 110 0 1 5
-5.5 9.1 1.2 118 0 1 5
-5.5 10.2 1.9 94 0 1 5
-5.4 -2.7 -0.1 108 0 1 1
-5.4 -2.4 -0.1 125 0 1 1
-5.4 -2 -0.1 128 0 1 1
-5.4 -1.6 -0.1 138 0 1 1
-5.4 -1.3 -0.1 132 0 1 1
-5.4 -0.9 -0.1 130 0 1 1
-5.4 -0.5 -0.1 119 0 1 1
-5.4 0 0 137 0 1 1
-5.4 0.3 0 136 0 1 1
-5.4 0.7 0 131 0 1 1
-5.4 1.1 -0.1 98 0 1 1
-5.4 1.4 -0.2 113 0 1 1
-5.4 1.7 -0.4 114 0 1 4
-5.4 2 -0.6 84 0 1 4
-5.4 2.4 -0.6 100 0 1 4
-5.4 2.8 -0.6 104 0 1 4
-5.4 4 -0.6 111 0 1 4
-5.4 4.4 -0.6 107 0 1 4
-5.4 4.8 -0.4 104 0 1 4
-5.4 5.3 -0.3 113 0 1 4
-5.4 5.7 -0.2 123 0 1 1
-5.4 6.1 -0.1 112 0 1 1
-5.4 6.4 -0.1 121 0 1 1
-5.4 6.8 0 133 0 1 1
-5.4 7.3 0 114 0 1 5
-5.4 8.3 0.7 80 0 1 5
-5.4 9.4 1.4 104 0 1 5
-5.3 9.8 1.7 96 0 1 5
-5.2 1.4 -0.2 113 0 1 1
-5.2 5.3 -0.3 115 0 1 1
-5.2 7.6 0.2 137 0 1 5
-5.2 8.7 1 61 0 1 5
-5.1 -2.4 -0.1 135 0 1 1
-5.1 -2 -0.1 136 0 1 1
-5.1 3.2 -0.6 110 0 1 4
-5.1 3.6 -0.6 89 0 1 4
-5.1 8 0.5 97 0 1 5
-5.1 9 1.2 81 0 1 5
-5 -1.6 -0.1 141 0 1 1
-5 -1.3 -0.1 136 0 1 1
-5 -0.9 -0.1 139 0 1 1
-5 0 -0.1 118 0 1 1
-5 0.4 -0.1 133 0 1 1
-5 0.7 -0.1 129 0 1 1
-5 1.4 -0.3 129 0 1 1
-5 1.7 -0.4 66 0 1 4
-5 2 -0.6 109 0 1 4
-5 2.4 -0.6 109 0 1 4
-5 2.8 -0.6 107 0 1 4
-5 4 -0.6 101 0 1 4
-5 4.4 -0.6 111 0 1 4
-5 4.8 -0.4 108 0 1 4
-5 5.3 -0.3 110 0 1 4
-5 6.1 0 130 0 1 1
-5 6.5 0 135 0 1 1
-5 6.8 0 135 0 1 1
-5 7.2 0.1 109 0 1 5
-5 8.3 0.7 102 0 1 5
-5 9.4 1.5 99 0 1 5
-4.9 7.6 0.2 117 0 1 5
-4.9 8.7 1 116 0 1 5
-4.8 1.4 -0.3 118 0 1 1
-4.8 5.3 -0.3 99 0 1 1
-4.8 9 1.2 96 0 1 5
-4.7 -2.4 -0.1 124 0 1 1
-4.7 -2 -0.1 134 0 1 1
-4.7 0.4 -0.1 136 0 1 1
-4.7 0.7 -0.1 135 0 1 1
-4.7 6.8 0 130 0 1 1
-4.7 7.9 0.4 136 0 1 5
-4.6 -1.6 -0.1 138 0 1 1
-4.6 -1.3 -0.1 137 0 1 1
-4.6 -0.9 -0.1 130 0 1 1
-4.6 -0.3 0.1 119 0 1 2
-4.6 0 -0.1 137 0 1 1
-4.6 1 -0.2 137 0 1 1
-4.6 1.4 -0.3 107 0 1 1
-4.6 1.7 -0.4 101 0 1 4
-4.6 2.4 -0.6 97 0 1 4
-4.6 2.8 -0.6 88 0 1 4
-4.6 3.2 -0.6 105 0 1 4
-4.6 3.6 -0.7 104 0 1 4
-4.6 4 -0.6 94 0 1 4
-4.6 4.4 -0.6 93 0 1 4
-4.6 4.8 -0.5 86 0 1 4
-4.6 5.3 -0.3 116 0 1 4
-4.6 5.7 -0.2 123 0 1 1
-4.6 6.1 0 138 0 1 1
-4.6 6.5 0 131 0 1 1
-4.6 7.2 0 119 0 1 5
-4.6 8.3 0.7 116 0 1 5
-4.5 -0.4 0.2 103 0 1 2
-4.5 -0.3 0.1 124 0 1 2
-4.5 -0.3 0.2 122 0 1 2
-4.5 -0.2 0 118 0 1 2
-4.5 7.5 0.2 122 0 1 5
-4.5 8.6 0.9 114 0 1 5
-4.4 -0.8 0.1 87 0 1 2
-4.4 -0.6 0.2 106 0 1 2
-4.4 -0.2 0.1 101 0 1 2
-4.4 -0.1 0 108 0 1 2
-4.4 1.4 -0.2 111 0 1 1
-4.4 5.3 -0.3 110 0 1 1
-4.4 7.9 0.4 71 0 1 5
-4.3 -2 -0.1 138 0 1 1
-4.3 -1.7 -0.1 138 0 1 1
-4.3 -1.3 -0.1 139 0 1 1
-4.3 -0.9 -0.1 126 0 1 1
-4.3 -0.7 0 105 0 1 2
-4.3 -0.7 0.1 110 0 1 2
-4.3 -0.3 0.2 117 0 1 2
-4.3 -0.2 0.2 122 0 1 2
-4.3 -0.1 0 116 0 1 2
-4.3 0.3 -0.1 117 0 1 1
-4.3 0.7 -0.1 131 0 1 1
-4.3 2.5 -0.5 104 0 1 4
-4.3 2.9 -0.5 96 0 1 4
-4.3 3.3 -0.5 73 0 1 4
-4.3 3.7 -0.5 86 0 1 4
-4.3 6.1 0 140 0 1 1
-4.3 6.5 0 123 0 1 1
-4.3 6.9 0 134 0 1 1
-4.3 8.2 0.6 116 0 1 5
-4.2 -0.7 0.1 123 0 1 2
-4.2 -0.2 -0.1 133 0 1 2
-4.2 -0.2 0.1 128 0 1 2
-4.2 -0.2 0.2 129 0 1 2
-4.2 -0.1 0 119 0 1 2
-4.2 -0.1 0.1 110 0 1 2
-4.2 1.4 -0.2 134 0 1 1
-4.2 1.7 -0.3 101 0 1 4
-4.2 2.1 -0.5 108 0 1 4
-4.2 4.1 -0.5 99 0 1 4
-4.2 4.4 -0.4 100 0 1 4
-4.2 4.9 -0.3 86 0 1 4
-4.2 5.3 -0.2 102 0 1 4
-4.2 7.1 0 112 0 1 5
-4.1 -0.7 0.1 122 0 1 2
-4.1 -0.6 0 107 0 1 2
-4.1 -0.4 0.1 142 0 1 2
-4.1 1.4 -0.2 127 0 1 1
-4.1 5.3 -0.2 114 0 1 1
-4.1 7.5 0.2 114 0 1 5
-4 -0.6 0.1 130 0 1 2
-4 0.7 -0.1 132 0 1 1
-4 7.8 0.4 110 0 1 5
-3.9 -2 -0.1 132 0 1 1
-3.9 -1.7 -0.1 127 0 1 1
-3.9 -1.3 -0.1 134 0 1 1
-3.9 -0.9 -0.1 98 0 1 1
-3.9 -0.5 -0.1 130 0 1 1
-3.9 -0.1 -0.1 131 0 1 1
-3.9 0.3 -0.1 138 0 1 1
-3.9 1.1 -0.1 129 0 1 1
-3.9 1.4 -0.1 119 0 1 1
-3.9 1.6 -0.2 128 0 1 1
-3.9 1.8 -0.2 118 0 1 1
-3.9 2.1 -0.4 91 0 1 4
-3.9 2.5 -0.3 95 0 1 4
-3.9 2.9 -0.3 103 0 1 4
-3.9 3.4 -0.3 93 0 1 4
-3.9 3.8 -0.3 103 0 1 4
-3.9 4.1 -0.3 102 0 1 4
-3.9 4.5 -0.3 99 0 1 4
-3.9 4.9 -0.2 101 0 1 4
-3.9 5.1 -0.2 106 0 1 1
-3.9 5.3 -0.2 124 0 1 4
-3.9 5.7 -0.1 126 0 1 1
-3.9 6.1 0 94 0 1 1
-3.9 6.5 0 89 0 1 1
-3.9 6.9 -0.1 116 0 1 1
-3.9 7.1 0 119 0 1 5
-3.7 2 -0.2 102 0 1 1
-3.7 4.7 -0.2 121 0 1 1
-3.6 0.7 -0.1 131 0 1 1
-3.5 -0.5 -0.1 116 0 1 1
-3.5 -0.1 -0.1 121 0 1 1
-3.5 0.3 -0.1 104 0 1 1
-3.5 1.1 -0.1 127 0 1 1
-3.5 1.4 -0.1 95 0 1 1
-3.5 2.2 -0.2 110 0 1 1
-3.5 2.6 -0.2 100 0 1 4
-3.5 3 -0.2 88 0 1 4
-3.5 3.4 -0.2 96 0 1 4
-3.5 3.8 -0.2 102 0 1 4
-3.5 4.2 -0.2 99 0 1 4
-3.5 4.5 -0.2 127 0 1 4
-3.5 5.3 -0.1 127 0 1 1
-3.5 5.7 -0.1 134 0 1 1
-3.5 6.1 0 136 0 1 1
-3.5 6.5 -0.1 128 0 1 1
-3.5 6.9 -0.1 132 0 1 1
-3.3 2.2 -0.2 107 0 1 1
-3.3 4.6 -0.1 116 0 1 1
-3.2 3 -0.1 130 0 1 1
-3.1 0.3 -0.1 68 0 1 1
-3.1 0.7 0 130 0 1 1
-3.1 1.1 0 149 0 1 1
-3.1 1.4 0 124 0 1 1
-3.1 1.8 -0.1 132 0 1 1
-3.1 2.2 -0.1 122 0 1 1
-3.1 2.4 -0.1 82 0 1 1
-3.1 2.6 -0.1 121 0 1 4
-3.1 2.8 -0.1 141 0 1 1
-3.1 3.2 -0.1 99 0 1 1
-3.1 3.4 -0.1 112 0 1 4
-3.1 3.7 -0.1 121 0 1 1
-3.1 3.9 -0.1 121 0 1 1
-3.1 4 -0.1 98 0 1 1
-3.1 4.2 0 122 0 1 4
-3.1 4.4 0 130 0 1 1
-3.1 4.6 0 146 0 1 4
-3.1 4.9 0 127 0 1 1
-3.1 5.3 0 143 0 1 1
-3.1 5.7 0 134 0 1 1
-3.1 6.1 -0.1 119 0 1 1
-2.8 3 -0.1 132 0 1 1
-2.7 1.4 -0.1 123 0 1 1
-2.7 1.8 -0.1 129 0 1 1
-2.7 2.2 -0.1 113 0 1 1
-2.7 3.8 -0.1 141 0 1 1
-2.7 4.5 0 140 0 1 1
-2.7 4.9 0 137 0 1 1
-2.7 5.3 0 128 0 1 1
-2.4 2.6 -0.1 122 0 1 1
-2.4 3 -0.1 128 0 1 1
-2.4 3.4 -0.1 130 0 1 1
-2.3 3.8 -0.1 135 0 1 1
-2.3 4.1 -0.1 128 0 1 1
-2.3 4.5 0 115 0 1 1
