-14.2 14.1 -0.1 97 0 1 1
-14.1 14.1 -0.1 119 0 1 1
-14.1 14.2 -0.1 86 0 1 1
-13.7 13.8 -0.1 137 0 1 1
-13.7 14.2 -0.1 140 0 1 1
-13.7 14.5 -0.1 86 0 1 1
-13.5 14.6 -0.1 125 0 1 1
-13.3 13.3 -0.1 143 0 1 1
-13.3 13.8 -0.1 137 0 1 1
-13.2 14.2 -0.1 136 0 1 1
-13.2 14.6 -0.1 135 0 1 1
-13.2 14.9 -0.1 104 0 1 1
-13 15.1 -0.1 113 0 1 1
-12.8 12.9 -0.1 139 0 1 1
-12.8 13.4 -0.1 143 0 1 1
-12.8 13.8 -0.1 142 0 1 1
-12.8 14.2 -0.1 141 0 1 1
-12.8 14.7 -0.1 143 0 1 1
-12.8 15.1 -0.1 138 0 1 1
-12.8 15.2 -0.1 116 0 1 1
-12.4 15.5 0 86 0 1 1
-12.3 12.5 -0.1 144 0 1 1
-12.3 12.9 -0.1 147 0 1 1
-12.3 13.3 -0.1 143 0 1 1
-12.3 13.8 -0.1 142 0 1 1
-12.3 14.2 -0.1 143 0 1 1
-12.3 14.7 -0.1 138 0 1 1
-12.3 15.1 0 138 0 1 1
-12.3 15.5 0 124 0 1 1
-12.3 15.6 0 96 0 1 1
-11.9 12 -0.1 135 0 1 1
-11.9 12.5 -0.1 138 0 1 1
-11.9 12.9 -0.1 136 0 1 1
-11.9 13.3 -0.1 147 0 1 1
-11.9 13.8 -0.1 144 0 1 1
-11.9 14.2 -0.1 148 0 1 1
-11.9 14.7 -0.1 147 0 1 1
-11.9 15.1 0 148 0 1 1
-11.9 15.5 0 140 0 1 1
-11.9 16 0 127 0 1 1
-11.5 12 -0.1 126 0 1 1
-11.5 12.5 -0.1 138 0 1 1
-11.5 12.9 -0.1 142 0 1 1
-11.5 13.3 -0.1 144 0 1 1
-11.5 13.8 -0.1 142 0 1 1
-11.5 14.2 -0.1 143 0 1 1
-11.5 14.6 0 142 0 1 1
-11.5 16 0 142 0 1 1
-11.5 16.3 0 112 0 1 1
-11.4 11.6 -0.1 123 0 1 1
-11.4 15.1 0 145 0 1 1
-11.4 15.5 0 145 0 1 1
-11.4 16.4 0 129 0 1 1
-11.2 16.6 0 136 0 1 1
-11 11.1 -0.1 109 0 1 1
-11 11.6 -0.1 113 0 1 1
-11 12 -0.1 127 0 1 1
-11 12.5 -0.1 133 0 1 1
-11 12.9 -0.1 143 0 1 1
-11 13.4 -0.1 128 0 1 1
-11 13.8 -0.1 131 0 1 1
-11 14.2 -0.1 134 0 1 1
-11 14.6 -0.1 143 0 1 1
-11 15.1 0 147 0 1 1
-11 15.5 0 144 0 1 1
-11 16 0 147 0 1 1
-11 16.4 0 141 0 1 1
-11 16.7 0 110 0 1 1
-10.6 11.1 -0.1 113 0 1 1
-10.6 11.6 -0.1 118 0 1 1
-10.6 12 -0.1 128 0 1 1
-10.6 12.5 -0.1 138 0 1 1
-10.6 12.9 -0.1 117 0 1 1
-10.6 13.3 -0.1 130 0 1 1
-10.6 13.8 -0.1 128 0 1 1
-10.6 14.2 -0.1 125 0 1 1
-10.6 14.7 0 132 0 1 1
-10.6 15.1 0 138 0 1 1
-10.6 15.5 0 142 0 1 1
-10.6 16 0 149 0 1 1
-10.6 16.9 0 110 0 1 1
-10.5 10.6 -0.1 119 0 1 1
-10.5 16.4 0 146 0 1 1
-10.5 16.9 0 124 0 1 1
-10.1 10.2 -0.1 128 0 1 1
-10.1 10.7 -0.1 119 0 1 1
-10.1 11.1 -0.1 118 0 1 1
-10.1 11.6 -0.1 124 0 1 1
-10.1 12 -0.1 133 0 1 1
-10.1 12.5 -0.1 132 0 1 1
-10.1 12.9 -0.1 137 0 1 1
-10.1 13.3 -0.1 131 0 1 1
-10.1 13.8 -0.1 133 0 1 1
-10.1 14.2 -0.1 133 0 1 1
-10.1 14.7 0 134 0 1 1
-10.1 15.1 0 142 0 1 1
-10.1 15.5 0 143 0 1 1
-10.1 16 0 141 0 1 1
-10.1 16.4 0 142 0 1 1
-10.1 16.9 0 138 0 1 1
-10.1 17.1 0 110 0 1 1
-9.8 17.3 0 127 0 1 1
-9.7 9.8 -0.2 116 0 1 1
-9.7 11.1 -0.1 144 0 1 1
-9.7 11.6 -0.1 133 0 1 1
-9.7 12 -0.1 131 0 1 1
-9.7 12.4 -0.1 131 0 1 1
-9.7 12.9 -0.1 137 0 1 1
-9.7 13.3 -0.1 135 0 1 1
-9.7 13.8 -0.1 131 0 1 1
-9.7 14.2 -0.1 134 0 1 1
-9.7 14.7 -0.1 140 0 1 1
-9.7 15.1 0 141 0 1 1
-9.7 15.6 -0.1 142 0 1 1
-9.7 16 0 144 0 1 1
-9.7 16.5 0 147 0 1 1
-9.7 16.9 0 146 0 1 1
-9.7 17.3 0 134 0 1 1
-9.3 11.6 -0.1 133 0 1 1
-9.3 12 -0.1 133 0 1 1
-9.3 12.4 -0.1 126 0 1 1
-9.3 12.9 -0.1 133 0 1 1
-9.3 13.3 -0.1 135 0 1 1
-9.3 13.7 -0.1 142 0 1 1
-9.3 14.2 -0.1 139 0 1 1
-9.3 14.7 -0.1 139 0 1 1
-9.3 15.1 -0.1 140 0 1 1
-9.3 15.6 -0.1 142 0 1 1
-9.3 16 -0.1 134 0 1 1
-9.3 16.5 -0.1 137 0 1 1
-9.3 16.9 0 137 0 1 1
-9.3 17.3 0 146 0 1 1
-9.3 17.6 0 105 0 1 1
-9.2 9.3 -0.2 113 0 1 1
-9.2 10.7 -0.1 119 0 1 1
-9.2 11.1 -0.1 127 0 1 1
-8.9 11.5 -0.1 129 0 1 1
-8.9 12 -0.1 134 0 1 1
-8.9 12.4 -0.1 129 0 1 1
-8.9 12.9 -0.1 129 0 1 1
-8.9 13.3 -0.1 133 0 1 1
-8.9 13.8 -0.1 134 0 1 1
-8.9 14.2 -0.1 139 0 1 1
-8.9 14.6 -0.1 134 0 1 1
-8.9 15.1 -0.1 133 0 1 1
-8.9 15.5 -0.1 136 0 1 1
-8.9 16 -0.1 133 0 1 1
-8.9 16.4 -0.1 132 0 1 1
-8.9 16.9 -0.1 125 0 1 1
-8.9 17.8 0 126 0 1 1
-8.8 8.9 -0.2 124 0 1 1
-8.8 10.2 -0.2 112 0 1 1
-8.8 10.7 -0.2 128 0 1 1
-8.8 11.1 -0.1 126 0 1 1
-8.8 17.3 0 130 0 1 1
-8.8 17.8 -0.1 137 0 1 1
-8.8 17.9 0 141 0 1 1
-8.5 15.5 -0.1 132 0 1 1
-8.5 16.4 0 117 0 1 1
-8.4 8.5 -0.3 118 0 1 1
-8.4 10.2 -0.2 110 0 1 1
-8.4 11.1 -0.2 103 0 1 1
-8.4 11.5 -0.2 108 0 1 1
-8.4 12 -0.1 119 0 1 1
-8.4 12.4 -0.1 126 0 1 1
-8.4 12.9 -0.1 131 0 1 1
-8.4 13.3 -0.1 133 0 1 1
-8.4 13.8 -0.1 129 0 1 1
-8.4 14.2 -0.1 130 0 1 1
-8.4 14.6 -0.1 127 0 1 1
-8.4 15.1 -0.1 132 0 1 1
-8.4 16 0 127 0 1 1
-8.4 16.9 0 124 0 1 1
-8.4 17.3 0 128 0 1 1
-8.3 10.6 -0.2 90 0 1 1
-8.3 17.8 0 145 0 1 1
-8.3 18.1 0 123 0 1 1
-8.1 8.2 -0.1 100 0 1 2
-8.1 18.2 0 118 0 1 1
-8 8.2 0.1 110 0 1 2
-8 8.2 0.2 61 0 1 2
-8 8.3 0.1 109 0 1 2
-8 8.4 0.2 125 0 1 2
-8 8.6 0.3 132 0 1 2
-8 11.5 -0.2 118 0 1 1
-8 12 -0.2 123 0 1 1
-8 12.4 -0.1 123 0 1 1
-8 12.8 -0.1 122 0 1 1
-8 13.3 -0.1 128 0 1 1
-8 13.7 -0.1 125 0 1 1
-8 14.2 -0.1 129 0 1 1
-8 14.6 -0.1 131 0 1 1
-8 15.1 -0.1 138 0 1 1
-8 15.5 -0.1 137 0 1 1
-8 16 0 129 0 1 1
-8 16.4 0 121 0 1 1
-8 16.9 0 132 0 1 1
-7.9 8 -0.3 124 0 1 1
-7.9 8.2 0.2 76 0 1 2
-7.9 8.3 0.3 126 0 1 2
-7.9 8.6 0.3 129 0 1 2
-7.9 9.7 -0.2 111 0 1 1
-7.9 10.2 -0.2 103 0 1 1
-7.9 10.6 -0.2 108 0 1 1
-7.9 11.1 -0.2 98 0 1 1
-7.9 17.3 0 143 0 1 1
-7.9 17.8 0 140 0 1 1
-7.9 18.2 0 145 0 1 1
-7.9 18.3 0 120 0 1 1
-7.8 8.2 0.1 94 0 1 2
-7.8 8.3 0.3 124 0 1 2
-7.8 8.4 0.3 121 0 1 2
-7.8 8.8 0.1 128 0 1 2
-7.8 8.8 0.2 129 0 1 2
-7.8 8.9 0.1 126 0 1 2
-7.7 8.1 -0.2 103 0 1 2
-7.7 8.1 0 77 0 1 2
-7.7 8.3 0.2 130 0 1 2
-7.7 8.4 0.2 127 0 1 2
-7.7 8.4 0.3 133 0 1 2
-7.7 8.5 0.2 136 0 1 2
-7.7 8.9 0.1 126 0 1 2
-7.7 18.4 0 86 0 1 1
-7.6 8.3 0.2 113 0 1 2
-7.6 8.6 0.1 121 0 1 2
-7.6 8.9 0 111 0 1 2
-7.6 11.5 -0.2 112 0 1 1
-7.6 11.9 -0.1 115 0 1 1
-7.6 12.4 -0.1 121 0 1 1
-7.6 14.2 -0.1 129 0 1 1
-7.6 14.6 -0.1 125 0 1 1
-7.6 15.1 -0.1 131 0 1 1
-7.6 15.5 -0.1 140 0 1 1
-7.5 8.1 -0.1 90 0 1 2
-7.5 8.3 0.1 101 0 1 2
-7.5 8.8 -0.2 113 0 1 1
-7.5 8.8 -0.1 113 0 1 2
-7.5 8.9 -0.2 122 0 1 2
-7.5 8.9 -0.1 112 0 1 2
-7.5 9.3 -0.2 116 0 1 1
-7.5 9.7 -0.2 110 0 1 1
-7.5 10.2 -0.2 105 0 1 1
-7.5 10.6 -0.2 107 0 1 1
-7.5 11.1 -0.2 102 0 1 1
-7.5 12.8 -0.1 112 0 1 1
-7.5 13.3 -0.1 123 0 1 1
-7.5 13.7 -0.1 127 0 1 1
-7.5 16 0 146 0 1 1
-7.5 16.4 0 144 0 1 1
-7.5 16.9 0 143 0 1 1
-7.5 17.3 0 144 0 1 1
-7.5 17.8 0 145 0 1 1
-7.5 18.2 0 145 0 1 1
-7.5 18.5 0 96 0 1 1
-7.4 7.6 -0.3 108 0 1 1
-7.4 8 -0.3 88 0 1 1
-7.4 8.1 -0.2 104 0 1 2
-7.4 8.2 -0.2 112 0 1 2
-7.4 8.2 -0.1 135 0 1 2
-7.4 8.3 0 112 0 1 2
-7.4 8.4 -0.3 110 0 1 1
-7.4 8.4 0 122 0 1 2
-7.4 8.5 -0.1 118 0 1 2
-7.4 8.6 -0.1 129 0 1 2
-7.4 8.7 -0.2 97 0 1 2
-7.3 8.5 -0.2 114 0 1 2
-7.1 9.3 -0.2 123 0 1 1
-7.1 9.7 -0.2 115 0 1 1
-7.1 10.2 -0.2 116 0 1 1
-7.1 10.6 -0.2 110 0 1 1
-7.1 11.1 -0.2 99 0 1 1
-7.1 11.5 -0.2 90 0 1 1
-7.1 11.9 -0.1 114 0 1 1
-7.1 12.4 -0.1 122 0 1 1
-7.1 12.8 -0.1 123 0 1 1
-7.1 13.3 -0.1 119 0 1 1
-7.1 13.7 -0.1 119 0 1 1
-7.1 14.1 -0.1 130 0 1 1
-7.1 14.6 -0.1 122 0 1 1
-7.1 15 -0.1 119 0 1 1
-7.1 15.5 0 120 0 1 1
-7.1 16 0 130 0 1 1
-7.1 16.4 0 134 0 1 1
-7.1 16.9 0 131 0 1 1
-7.1 17.3 0 136 0 1 1
-7.1 17.8 0 139 0 1 1
-7.1 18.2 0 135 0 1 1
-7 7.1 -0.2 118 0 1 1
-7 7.6 -0.3 116 0 1 1
-7 8 -0.2 105 0 1 1
-7 8.4 -0.2 107 0 1 1
-7 8.9 -0.2 122 0 1 1
-7 18.6 0 137 0 1 1
-6.7 11.5 -0.1 115 0 1 1
-6.7 11.9 -0.1 105 0 1 1
-6.7 12.4 -0.1 115 0 1 1
-6.7 12.8 -0.1 114 0 1 1
-6.7 13.7 -0.1 122 0 1 1
-6.7 14.1 -0.1 128 0 1 1
-6.7 14.6 -0.1 128 0 1 1
-6.7 15 0 120 0 1 1
-6.7 15.5 0 117 0 1 1
-6.7 16 0 123 0 1 1
-6.7 16.4 0 129 0 1 1
-6.7 16.9 0 130 0 1 1
-6.7 17.3 0 130 0 1 1
-6.6 6.7 -0.2 119 0 1 1
-6.6 7.2 -0.2 125 0 1 1
-6.6 7.6 -0.3 126 0 1 1
-6.6 8 -0.3 115 0 1 1
-6.6 8.5 -0.3 109 0 1 1
-6.6 8.9 -0.2 110 0 1 1
-6.6 9.3 -0.2 101 0 1 1
-6.6 9.8 -0.2 123 0 1 1
-6.6 10.2 -0.2 116 0 1 1
-6.6 10.7 -0.1 120 0 1 1
-6.6 11.1 -0.1 110 0 1 1
-6.6 13.3 -0.1 115 0 1 1
-6.6 17.8 0 132 0 1 1
-6.6 18.2 0 138 0 1 1
-6.6 18.6 0 143 0 1 1
-6.6 18.8 0 128 0 1 1
-6.3 13.7 -0.1 100 0 1 1
-6.3 14.1 -0.1 109 0 1 1
-6.3 14.6 -0.1 115 0 1 1
-6.3 15 -0.1 115 0 1 1
-6.3 15.5 -0.1 120 0 1 1
-6.3 15.9 0 123 0 1 1
-6.3 16.4 0 115 0 1 1
-6.3 16.8 0 119 0 1 1
-6.3 17.3 0 126 0 1 1
-6.2 9.3 -0.2 93 0 1 1
-6.2 9.8 -0.2 99 0 1 1
-6.2 10.2 -0.1 112 0 1 1
-6.2 10.7 -0.1 128 0 1 1
-6.2 11.1 -0.1 105 0 1 1
-6.2 12.4 0 126 0 1 1
-6.2 12.8 0 123 0 1 1
-6.2 13.3 -0.1 110 0 1 1
-6.2 17.7 0 124 0 1 1
-6.2 18.2 0 122 0 1 1
-6.2 18.6 0 131 0 1 1
-6.2 18.9 0 112 0 1 1
-6.1 6.3 -0.2 142 0 1 1
-6.1 6.7 -0.2 124 0 1 1
-6.1 7.2 -0.2 122 0 1 1
-6.1 7.6 -0.3 122 0 1 1
-6.1 8 -0.2 117 0 1 1
-6.1 8.5 -0.2 116 0 1 1
-6.1 8.9 -0.2 115 0 1 1
-5.9 14.6 -0.1 109 0 1 1
-5.9 15 -0.1 102 0 1 1
-5.9 15.5 -0.1 117 0 1 1
-5.9 15.9 0 111 0 1 1
-5.9 16.3 0 121 0 1 1
-5.8 9.8 -0.2 111 0 1 1
-5.8 10.2 -0.2 114 0 1 1
-5.8 16.8 -0.1 122 0 1 1
-5.8 17.3 -0.1 121 0 1 1
-5.8 17.7 0 112 0 1 1
-5.8 18.2 0 105 0 1 1
-5.8 18.6 0 117 0 1 1
-5.8 19 0 85 0 1 1
-5.7 5.4 -0.2 126 0 1 1
-5.7 5.9 -0.2 132 0 1 1
-5.7 6.3 -0.2 133 0 1 1
-5.7 6.8 -0.2 134 0 1 1
-5.7 7.2 -0.2 126 0 1 1
-5.7 7.6 -0.2 121 0 1 1
-5.7 8 -0.2 129 0 1 1
-5.7 8.5 -0.2 120 0 1 1
-5.7 8.9 -0.2 120 0 1 1
-5.7 9.3 -0.2 116 0 1 1
-5.6 19.1 0 90 0 1 1
-5.4 14.1 0 111 0 1 1
-5.4 14.6 0 111 0 1 1
-5.4 15 0 109 0 1 1
-5.4 15.4 0 120 0 1 1
-5.4 15.9 0 124 0 1 1
-5.4 16.3 0 121 0 1 1
-5.4 16.8 0 112 0 1 1
-5.4 17.3 0 112 0 1 1
-5.4 17.7 -0.1 116 0 1 1
-5.3 8 -0.2 124 0 1 1
-5.3 8.5 -0.2 125 0 1 1
-5.3 8.9 -0.1 121 0 1 1
-5.3 9.3 -0.1 124 0 1 1
-5.3 18.2 0 109 0 1 1
-5.3 18.6 0 106 0 1 1
-5.3 19.1 0 91 0 1 1
-5.2 5 -0.2 125 0 1 1
-5.2 5.4 -0.2 133 0 1 1
-5.2 6.3 -0.2 134 0 1 1
-5.2 6.8 -0.2 140 0 1 1
-5.2 7.2 -0.2 132 0 1 1
-5.2 7.6 -0.2 125 0 1 1
-5 15 0 118 0 1 1
-5 15.4 0 115 0 1 1
-5 15.9 0 114 0 1 1
-5 16.3 0 119 0 1 1
-4.9 14.1 0 109 0 1 1
-4.9 14.6 0 101 0 1 1
-4.9 16.8 0 122 0 1 1
-4.9 17.2 0 121 0 1 1
-4.9 17.7 0 118 0 1 1
-4.9 18.1 0 111 0 1 1
-4.9 18.6 0 112 0 1 1
-4.9 19 -0.1 111 0 1 1
-4.9 19.3 -0.1 103 0 1 1
-4.8 4.6 -0.2 128 0 1 1
-4.8 5.9 -0.2 124 0 1 1
-4.8 6.3 -0.2 127 0 1 1
-4.8 6.7 -0.2 135 0 1 1
-4.8 7.2 -0.2 137 0 1 1
-4.8 7.6 -0.2 135 0 1 1
-4.8 8 -0.2 137 0 1 1
-4.6 4.7 -0.1 121 0 1 2
-4.6 5.1 0.1 132 0 1 2
-4.6 5.2 0.1 130 0 1 2
-4.6 15.4 0 117 0 1 1
-4.5 4.7 0 109 0 1 2
-4.5 4.8 0 117 0 1 2
-4.5 4.9 0.1 126 0 1 2
-4.5 5.1 0.1 130 0 1 2
-4.5 13.7 0 120 0 1 1
-4.5 14.1 0 122 0 1 1
-4.5 14.6 0 110 0 1 1
-4.5 15 0 114 0 1 1
-4.5 15.9 0 121 0 1 1
-4.5 16.3 0 119 0 1 1
-4.5 16.8 0 118 0 1 1
-4.5 17.2 0 115 0 1 1
-4.5 17.7 0 109 0 1 1
-4.5 18.1 0 109 0 1 1
-4.5 18.6 0 109 0 1 1
-4.5 19 0 117 0 1 1
-4.4 4.7 0.1 123 0 1 2
-4.4 4.8 0.1 125 0 1 2
-4.4 4.9 0.1 126 0 1 2
-4.4 5.1 0.1 128 0 1 2
-4.4 5.1 0.2 128 0 1 2
-4.4 5.3 0.1 135 0 1 2
-4.4 6.3 -0.2 129 0 1 1
-4.4 6.8 -0.2 128 0 1 1
-4.4 7.2 -0.2 123 0 1 1
-4.4 19.4 0 108 0 1 1
-4.3 4.2 -0.2 120 0 1 1
-4.3 4.6 -0.2 107 0 1 1
-4.3 4.7 0 76 0 1 2
-4.3 4.9 0.1 125 0 1 2
-4.3 5.3 -0.1 130 0 1 2
-4.3 5.9 -0.2 125 0 1 1
-4.2 4.6 -0.2 114 0 1 2
-4.2 4.6 -0.1 73 0 1 2
-4.2 4.8 0.1 133 0 1 2
-4.2 4.9 0.1 133 0 1 2
-4.2 5.3 -0.1 132 0 1 2
-4.2 7.6 0.5 96 0 1 3
-4.2 19.5 0 87 0 1 1
-4.1 5.1 -0.1 118 0 1 2
-4.1 5.4 -0.2 124 0 1 2
-4.1 7.5 0.6 75 0 1 3
-4.1 13.2 -0.1 136 0 1 1
-4.1 13.6 -0.1 127 0 1 1
-4.1 14.1 -0.1 130 0 1 1
-4.1 14.5 -0.1 131 0 1 1
-4.1 15 0 124 0 1 1
-4.1 15.4 0 124 0 1 1
-4.1 15.9 0 117 0 1 1
-4.1 16.3 0 119 0 1 1
-4.1 16.8 0 110 0 1 1
-4.1 17.2 0 110 0 1 1
-4 4.6 -0.2 108 0 1 2
-4 4.8 -0.1 98 0 1 2
-4 5.3 -0.2 125 0 1 2
-4 6.6 -0.1 51 0 1 3
-4 6.6 0.1 43 0 1 3
-4 6.7 0.1 105 0 1 3
-4 6.8 0.3 124 0 1 3
-4 7.1 0.4 91 0 1 3
-4 7.3 0.5 51 0 1 3
-4 17.7 0 111 0 1 1
-4 18.1 0 115 0 1 1
-4 18.6 0 111 0 1 1
-4 19.1 0 116 0 1 1
-4 19.5 0 110 0 1 1
-4 19.6 0 113 0 1 1
-3.9 4.6 -0.2 118 0 1 1
-3.9 4.7 -0.2 127 0 1 2
-3.9 4.8 -0.1 124 0 1 2
-3.9 4.9 -0.1 121 0 1 2
-3.9 5 -0.2 127 0 1 2
-3.9 5.1 -0.2 123 0 1 1
-3.9 5.5 -0.2 127 0 1 1
-3.9 5.9 -0.2 128 0 1 1
-3.9 6.3 -0.2 129 0 1 1
-3.9 7.1 0.7 104 0 1 3
-3.9 7.2 0.4 70 0 1 3
-3.8 3.8 -0.3 118 0 1 1
-3.8 4.2 -0.2 118 0 1 1
-3.8 6.5 -0.1 42 0 1 3
-3.8 6.6 0.3 112 0 1 3
-3.8 7 0.4 48 0 1 3
-3.7 6.5 0.2 48 0 1 3
-3.7 6.6 0.3 144 0 1 3
-3.7 6.9 0.3 85 0 1 3
-3.7 7.1 0.8 108 0 1 3
-3.7 14.5 -0.1 98 0 1 1
-3.7 15 0 117 0 1 1
-3.7 15.4 -0.1 130 0 1 1
-3.7 16.3 -0.1 140 0 1 1
-3.7 16.8 -0.1 126 0 1 1
-3.6 6.4 0 43 0 1 3
-3.6 6.8 0.3 106 0 1 3
-3.6 7 0.7 84 0 1 3
-3.6 7.1 0.8 105 0 1 3
-3.6 7.4 0.8 120 0 1 3
-3.6 12.3 0 132 0 1 1
-3.6 12.7 0 133 0 1 1
-3.6 13.2 -0.1 116 0 1 1
-3.6 13.6 -0.1 106 0 1 1
-3.6 14.1 -0.1 92 0 1 1
-3.6 15.9 -0.1 136 0 1 1
-3.6 17.2 -0.1 113 0 1 1
-3.6 17.7 0 108 0 1 1
-3.6 18.1 0 108 0 1 1
-3.6 18.6 0 121 0 1 1
-3.6 19 0 128 0 1 1
-3.6 19.5 -0.1 130 0 1 1
-3.6 19.6 -0.1 105 0 1 1
-3.5 4.6 -0.2 115 0 1 1
-3.5 5.1 -0.2 123 0 1 1
-3.5 5.9 -0.2 125 0 1 1
-3.5 6.3 -0.2 131 0 1 1
-3.5 7.6 0.8 128 0 1 3
-3.5 7.7 0.8 106 0 1 3
-3.4 3.3 -0.3 112 0 1 1
-3.4 3.8 -0.2 114 0 1 1
-3.4 4.2 -0.2 121 0 1 1
-3.4 5.5 -0.2 125 0 1 1
-3.4 6.5 0.2 125 0 1 3
-3.4 8 0.8 115 0 1 3
-3.3 6.4 -0.1 49 0 1 3
-3.3 6.4 0.2 88 0 1 3
-3.3 6.9 0.7 103 0 1 3
-3.3 7.2 0.8 114 0 1 3
-3.3 8.1 0.8 114 0 1 3
-3.2 6.9 0.5 77 0 1 3
-3.2 7.4 0.8 99 0 1 3
-3.2 7.7 0.8 127 0 1 3
-3.2 11.9 0 128 0 1 1
-3.2 12.3 0 137 0 1 1
-3.2 12.7 0 107 0 1 1
-3.2 13.2 -0.1 111 0 1 1
-3.2 13.6 -0.1 112 0 1 1
-3.2 14.1 -0.1 101 0 1 1
-3.2 14.5 0 89 0 1 1
-3.2 15 -0.1 69 0 1 1
-3.2 15.5 -0.1 85 0 1 1
-3.2 15.9 -0.1 113 0 1 1
-3.2 16.3 -0.1 117 0 1 1
-3.2 16.7 -0.1 111 0 1 1
-3.1 6.7 0.3 136 0 1 3
-3.1 6.8 0.3 115 0 1 3
-3.1 7.1 0.8 114 0 1 3
-3.1 8 0.8 115 0 1 3
-3.1 11 -0.1 125 0 1 1
-3.1 11.4 0 124 0 1 1
-3.1 17.2 -0.1 109 0 1 1
-3.1 17.6 -0.1 107 0 1 1
-3.1 18.1 -0.1 112 0 1 1
-3.1 18.6 -0.1 107 0 1 1
-3.1 19 -0.1 106 0 1 1
-3.1 19.5 -0.1 112 0 1 1
-3 3.3 -0.3 118 0 1 1
-3 3.7 -0.2 115 0 1 1
-3 4.2 -0.2 119 0 1 1
-3 4.6 -0.2 124 0 1 1
-3 5 -0.2 123 0 1 1
-3 5.5 -0.2 125 0 1 1
-3 5.9 -0.2 132 0 1 1
-3 6.3 -0.2 129 0 1 1
-3 6.5 0.2 125 0 1 3
-3 6.9 0.7 107 0 1 3
-2.9 6.4 -0.1 58 0 1 3
-2.9 6.5 0.2 80 0 1 3
-2.9 7.4 0.8 118 0 1 3
-2.8 7.7 0.8 130 0 1 3
-2.8 8 0.8 126 0 1 3
-2.7 6.9 0.7 113 0 1 3
-2.7 7.1 0.7 113 0 1 3
-2.7 9.7 -0.1 124 0 1 1
-2.7 10.1 -0.1 130 0 1 1
-2.7 10.6 -0.1 132 0 1 1
-2.7 11 -0.1 118 0 1 1
-2.7 11.4 0 118 0 1 1
-2.7 11.9 0 122 0 1 1
-2.7 12.3 0 138 0 1 1
-2.7 12.7 0 133 0 1 1
-2.7 13.2 -0.1 123 0 1 1
-2.7 13.7 -0.1 119 0 1 1
-2.7 14.1 0 109 0 1 1
-2.7 14.6 0 88 0 1 1
-2.7 15 0 78 0 1 1
-2.7 15.5 -0.1 106 0 1 1
-2.7 15.9 -0.1 133 0 1 1
-2.7 16.3 -0.1 123 0 1 1
-2.7 16.8 -0.1 119 0 1 1
-2.7 17.2 0 114 0 1 1
-2.7 17.7 0 115 0 1 1
-2.7 18.1 -0.1 117 0 1 1
-2.7 18.6 -0.1 115 0 1 1
-2.7 19 -0.1 120 0 1 1
-2.7 19.5 -0.1 115 0 1 1
-2.7 19.7 -0.1 106 0 1 1
-2.6 6.3 -0.2 117 0 1 1
-2.6 6.5 0.2 87 0 1 3
-2.6 6.8 0.3 101 0 1 3
-2.6 7 0.6 121 0 1 3
-2.6 7.3 0.7 146 0 1 3
-2.6 7.4 0.7 149 0 1 3
-2.5 3.3 -0.2 123 0 1 1
-2.5 3.7 -0.2 122 0 1 1
-2.5 4.2 -0.2 120 0 1 1
-2.5 4.6 -0.2 120 0 1 1
-2.5 5 -0.2 122 0 1 1
-2.5 5.4 -0.2 131 0 1 1
-2.5 5.8 -0.2 128 0 1 1
-2.5 6.4 0 86 0 1 3
-2.5 6.5 0.2 114 0 1 3
-2.5 7 0.5 124 0 1 3
-2.5 7.7 0.7 139 0 1 3
-2.5 8 0.7 120 0 1 3
-2.4 6.6 0.3 125 0 1 3
-2.4 7.1 0.6 114 0 1 3
-2.4 7.3 0.6 118 0 1 3
-2.4 7.8 0.6 120 0 1 3
-2.4 8 0.6 126 0 1 3
-2.3 6.6 0.2 110 0 1 3
-2.3 6.9 0.3 134 0 1 3
-2.3 7.1 0.4 132 0 1 3
-2.3 7.5 0.6 123 0 1 3
-2.3 8 0.2 127 0 1 3
-2.3 8.1 0.3 127 0 1 3
-2.3 10.6 -0.1 112 0 1 1
-2.3 11 0 125 0 1 1
-2.3 11.4 0 126 0 1 1
-2.3 11.9 0 135 0 1 1
-2.3 12.3 0 143 0 1 1
-2.3 12.7 0 142 0 1 1
-2.3 13.2 0 132 0 1 1
-2.3 13.7 -0.1 120 0 1 1
-2.3 14.1 -0.1 118 0 1 1
-2.3 14.6 -0.1 109 0 1 1
-2.3 15.1 -0.1 100 0 1 1
-2.3 15.5 -0.1 81 0 1 1
-2.3 15.9 -0.1 93 0 1 1
-2.3 16.4 0 124 0 1 1
-2.3 16.8 0 128 0 1 1
-2.3 17.3 0 124 0 1 1
-2.3 19 -0.1 113 0 1 1
-2.2 6.7 0 100 0 1 3
-2.2 6.9 0.2 133 0 1 3
-2.2 7.4 0.2 144 0 1 3
-2.2 7.7 0.2 135 0 1 3
-2.2 8 -0.1 134 0 1 1
-2.2 8.1 -0.1 120 0 1 3
-2.2 8.4 -0.1 116 0 1 1
-2.2 8.8 -0.1 115 0 1 1
-2.2 9.3 -0.1 117 0 1 1
-2.2 9.7 -0.1 113 0 1 1
-2.2 10.1 -0.1 112 0 1 1
-2.2 17.7 0 117 0 1 1
-2.2 18.1 -0.1 119 0 1 1
-2.2 18.6 -0.1 121 0 1 1
-2.2 19.4 -0.1 107 0 1 1
-2.2 19.7 -0.1 78 0 1 1
-2.1 3.3 -0.2 122 0 1 1
-2.1 3.7 -0.2 117 0 1 1
-2.1 4.2 -0.2 127 0 1 1
-2.1 4.6 -0.2 124 0 1 1
-2.1 5 -0.2 124 0 1 1
-2.1 5.4 -0.2 126 0 1 1
-2.1 5.8 -0.2 130 0 1 1
-2.1 6.3 -0.2 115 0 1 1
-2.1 6.7 -0.2 100 0 1 1
-2.1 7.1 0.2 124 0 1 3
-2.1 7.1 0.3 147 0 1 3
-2.1 12.1 0 116 0 1 5
-2 11.8 0 97 0 1 5
-1.9 11.1 0 101 0 1 5
-1.9 11.4 0 106 0 1 5
-1.9 11.9 0.1 98 0 1 5
-1.9 12.3 0.1 118 0 1 5
-1.8 9.3 -0.1 125 0 1 1
-1.8 9.7 -0.1 126 0 1 1
-1.8 10.2 -0.1 133 0 1 1
-1.8 10.7 0 94 0 1 5
-1.8 11.6 0.1 101 0 1 5
-1.8 12.4 0.2 95 0 1 5
-1.8 15.5 0 99 0 1 1
-1.8 16.8 0 117 0 1 1
-1.8 17.3 0 120 0 1 1
-1.8 17.7 0 121 0 1 1
-1.8 18.1 0 114 0 1 1
-1.8 18.6 0 112 0 1 1
-1.8 19.4 0 112 0 1 1
-1.8 19.8 0 103 0 1 1
-1.7 3.3 -0.2 120 0 1 1
-1.7 3.7 -0.2 122 0 1 1
-1.7 6.3 -0.2 111 0 1 1
-1.7 6.7 -0.1 109 0 1 1
-1.7 7.1 -0.1 108 0 1 1
-1.7 7.5 -0.1 102 0 1 1
-1.7 8 -0.1 120 0 1 1
-1.7 8.4 -0.1 117 0 1 1
-1.7 8.8 -0.1 121 0 1 1
-1.7 10.3 0 104 0 1 5
-1.7 10.8 0.1 94 0 1 5
-1.7 11.2 0.1 104 0 1 5
-1.7 12.1 0.2 97 0 1 5
-1.6 4.2 -0.2 124 0 1 1
-1.6 4.6 -0.2 118 0 1 1
-1.6 5 -0.2 123 0 1 1
-1.6 5.4 -0.2 130 0 1 1
-1.6 5.8 -0.2 110 0 1 1
-1.6 10.5 0.1 93 0 1 5
-1.6 11.3 0.2 110 0 1 5
-1.6 11.7 0.2 102 0 1 5
-1.6 12.6 0.2 97 0 1 5
-1.5 9.7 0 114 0 1 5
-1.5 10.1 0 113 0 1 5
-1.5 11 0.2 99 0 1 5
-1.5 11.9 0.3 99 0 1 5
-1.4 10.3 0.1 105 0 1 5
-1.4 10.6 0.2 90 0 1 5
-1.4 11.1 0.3 107 0 1 5
-1.4 11.5 0.3 106 0 1 5
-1.4 12.4 0.4 99 0 1 5
-1.3 6.7 -0.1 116 0 1 1
-1.3 7.1 -0.1 112 0 1 1
-1.3 7.5 -0.1 103 0 1 1
-1.3 8 -0.1 121 0 1 1
-1.3 8.4 -0.1 117 0 1 1
-1.3 8.9 -0.1 125 0 1 1
-1.3 9.3 -0.1 124 0 1 1
-1.3 9.9 0.1 108 0 1 5
-1.3 10.8 0.4 100 0 1 5
-1.3 11.6 0.5 104 0 1 5
-1.3 12 0.5 100 0 1 5
-1.3 12.5 0.5 101 0 1 5
-1.2 3.2 -0.2 128 0 1 1
-1.2 3.7 -0.2 118 0 1 1
-1.2 4.1 -0.2 124 0 1 1
-1.2 4.6 -0.2 127 0 1 1
-1.2 5 -0.2 115 0 1 1
-1.2 5.4 -0.2 114 0 1 1
-1.2 5.8 -0.2 113 0 1 1
-1.2 6.3 -0.2 109 0 1 1
-1.2 9.2 -0.1 129 0 1 5
-1.2 9.5 0 115 0 1 5
-1.2 10 0.2 107 0 1 5
-1.2 10.4 0.3 89 0 1 5
-1.2 10.9 0.5 97 0 1 5
-1.2 11.3 0.5 102 0 1 5
-1.2 12.2 0.5 114 0 1 5
-1.1 9.7 0.1 112 0 1 5
-1.1 10.6 0.4 86 0 1 5
-1.1 11.4 0.6 100 0 1 5
-1.1 11.8 0.6 111 0 1 5
-1.1 12.3 0.6 104 0 1 5
-1.1 12.7 0.5 103 0 1 5
-1 9 -0.1 95 0 1 5
-1 9.3 0 101 0 1 5
-1 9.8 0.3 111 0 1 5
-1 10.2 0.4 103 0 1 5
-1 11.1 0.6 97 0 1 5
-1 11.9 0.7 104 0 1 5
-1 12.8 0.6 98 0 1 5
-0.9 9.5 0.2 110 0 1 5
-0.9 10.3 0.5 101 0 1 5
-0.9 10.7 0.6 91 0 1 5
-0.9 11.2 0.7 100 0 1 5
-0.9 11.6 0.7 102 0 1 5
-0.9 12.5 0.7 97 0 1 5
-0.9 13.3 0.6 97 0 1 5
-0.8 3.2 -0.2 125 0 1 1
-0.8 3.6 -0.2 119 0 1 1
-0.8 4.1 -0.2 122 0 1 1
-0.8 4.5 -0.2 116 0 1 1
-0.8 4.9 -0.1 121 0 1 1
-0.8 5.4 -0.2 123 0 1 1
-0.8 5.8 -0.2 121 0 1 1
-0.8 6.3 -0.1 118 0 1 1
-0.8 6.7 -0.1 119 0 1 1
-0.8 7.1 -0.1 117 0 1 1
-0.8 7.6 -0.1 113 0 1 1
-0.8 8 -0.1 115 0 1 1
-0.8 8.4 -0.1 119 0 1 1
-0.8 8.7 0 94 0 1 5
-0.8 9.1 0.1 105 0 1 5
-0.8 10 0.4 108 0 1 5
-0.8 10.8 0.7 92 0 1 5
-0.8 11.7 0.8 100 0 1 5
-0.8 12.1 0.7 95 0 1 5
-0.8 12.6 0.8 76 0 1 5
-0.8 13 0.7 78 0 1 5
-0.7 9.2 0.2 101 0 1 5
-0.7 9.6 0.3 103 0 1 5
-0.7 10.1 0.6 105 0 1 5
-0.7 10.5 0.7 96 0 1 5
-0.7 11.4 0.8 107 0 1 5
-0.7 12.2 0.9 83 0 1 5
-0.6 8.9 0.1 99 0 1 5
-0.6 9.8 0.5 107 0 1 5
-0.6 10.6 0.8 94 0 1 5
-0.6 11 0.8 108 0 1 5
-0.6 11.5 0.9 97 0 1 5
-0.6 11.9 0.9 89 0 1 5
-0.6 12.7 0.9 77 0 1 5
-0.5 8.5 0 94 0 1 5
-0.5 9 0.3 95 0 1 5
-0.5 9.4 0.4 98 0 1 5
-0.5 10.3 0.7 94 0 1 5
-0.5 11.1 0.9 100 0 1 5
-0.5 12 1.1 73 0 1 5
-0.5 12.4 1 73 0 1 5
-0.4 7.1 -0.1 122 0 1 1
-0.4 7.6 -0.1 124 0 1 1
-0.4 8 -0.1 115 0 1 1
-0.4 8.7 0.2 103 0 1 5
-0.4 9.5 0.5 104 0 1 5
-0.4 9.9 0.6 102 0 1 5
-0.4 10.4 0.9 94 0 1 5
-0.4 10.8 0.9 98 0 1 5
-0.4 11.7 1.1 78 0 1 5
-0.3 3.6 -0.2 124 0 1 1
-0.3 4.1 -0.2 123 0 1 1
-0.3 4.5 -0.2 123 0 1 1
-0.3 4.9 -0.1 125 0 1 1
-0.3 5.3 -0.1 128 0 1 1
-0.3 5.8 -0.1 125 0 1 1
-0.3 6.3 -0.1 125 0 1 1
-0.3 6.7 -0.1 121 0 1 1
-0.3 8.3 0.1 85 0 1 5
-0.3 9.2 0.4 106 0 1 5
-0.3 10.1 0.8 97 0 1 5
-0.3 10.9 1.1 99 0 1 5
-0.3 11.3 1.1 84 0 1 5
-0.3 11.8 1.2 75 0 1 5
-0.3 12.2 1.2 72 0 1 5
-0.2 8.5 0.3 91 0 1 5
-0.2 8.8 0.3 96 0 1 5
-0.2 9.3 0.6 123 0 1 5
-0.2 9.7 0.7 97 0 1 5
-0.2 10.6 1 91 0 1 5
-0.2 11.4 1.2 75 0 1 5
0 7.7 -0.1 113 0 1 5
-0.1 8.1 0.1 77 0 1 5
0 8.2 0.3 85 0 1 5
0 8.6 0.4 100 0 1 5
-0.1 9 0.5 102 0 1 5
0 9.5 0.7 123 0 1 5
-0.1 9.8 0.8 97 0 1 5
-0.1 10.2 1 96 0 1 5
0 10.3 1.1 99 0 1 5
-0.1 10.7 1.2 84 0 1 5
-0.1 11.1 1.2 83 0 1 5
0 11.2 1.4 86 0 1 5
0 11.6 1.4 84 0 1 5
-0.1 12 1.4 79 0 1 5
0 12.1 1.5 90 0 1 5
0.1 3.1 -0.2 123 0 1 1
0.1 3.6 -0.2 123 0 1 1
0.1 4.1 -0.2 122 0 1 1
0.1 4.5 -0.1 127 0 1 1
0.1 4.9 -0.1 123 0 1 1
0.1 5.3 -0.1 131 0 1 1
0.1 5.8 -0.1 127 0 1 1
0.1 6.2 -0.1 125 0 1 1
0.1 6.7 -0.1 126 0 1 1
0.1 7.1 -0.1 116 0 1 1
0.1 7.5 -0.1 119 0 1 1
0.1 7.9 0.2 74 0 1 5
0.1 8.7 0.6 104 0 1 5
0.1 9.1 0.6 98 0 1 5
0.1 9.6 0.9 118 0 1 5
0.1 10 1 97 0 1 5
0.1 10.9 1.4 84 0 1 5
0.1 11.7 1.5 87 0 1 5
0.2 7.5 0 81 0 1 5
0.2 8.4 0.5 95 0 1 5
0.2 9.3 0.8 94 0 1 5
0.2 10.1 1.2 100 0 1 5
0.2 10.5 1.3 92 0 1 5
0.2 11 1.5 93 0 1 5
0.2 11.4 1.5 89 0 1 5
0.3 7.7 0.1 78 0 1 5
0.3 8 0.4 87 0 1 5
0.3 8.5 0.7 111 0 1 5
0.3 8.9 0.7 82 0 1 5
0.3 9.8 1 96 0 1 5
0.3 10.6 1.5 94 0 1 5
0.3 11.5 1.6 92 0 1 5
0.3 11.9 1.6 84 0 1 5
0.4 7.3 -0.1 117 0 1 5
0.4 8.2 0.6 94 0 1 5
0.4 9 0.9 75 0 1 5
0.4 9.4 0.9 114 0 1 5
0.4 9.9 1.2 95 0 1 5
0.4 10.3 1.4 102 0 1 5
0.4 11.2 1.6 98 0 1 5
0.5 3.1 -0.2 127 0 1 1
0.5 3.6 -0.1 125 0 1 1
0.5 4 -0.1 126 0 1 1
0.5 4.5 -0.1 127 0 1 1
0.5 4.9 -0.1 129 0 1 1
0.5 5.3 -0.1 129 0 1 1
0.5 5.8 -0.1 136 0 1 1
0.5 6.2 -0.1 117 0 1 1
0.5 6.7 -0.1 126 0 1 1
0.5 7.1 0 119 0 1 1
0.5 7.4 0.1 84 0 1 5
0.5 7.8 0.3 93 0 1 5
0.5 8.7 0.8 58 0 1 5
0.5 9.6 1.1 110 0 1 5
0.5 10.4 1.5 101 0 1 5
0.5 10.8 1.6 102 0 1 5
0.5 11.3 1.7 98 0 1 5
0.5 11.7 1.8 78 0 1 5
0.6 8 0.5 91 0 1 5
0.6 8.3 0.7 119 0 1 5
0.6 8.8 1 50 0 1 5
0.6 9.2 1 104 0 1 5
0.6 10.1 1.4 95 0 1 5
0.6 10.9 1.7 99 0 1 5
0.6 11.8 1.8 98 0 1 5
0.7 7.6 0.3 88 0 1 5
0.7 8.5 0.9 134 0 1 5
0.7 9.3 1.2 99 0 1 5
0.7 9.7 1.3 74 0 1 5
0.7 10.2 1.6 111 0 1 5
0.7 10.6 1.7 110 0 1 5
0.7 11.1 1.8 98 0 1 5
0.7 11.5 1.9 98 0 1 5
0.8 6.9 -0.1 128 0 1 5
0.8 7.2 0.1 87 0 1 5
0.8 7.7 0.5 95 0 1 5
0.8 8.1 0.7 110 0 1 5
0.8 9 1.1 61 0 1 5
0.8 9.8 1.4 81 0 1 5
0.8 10.7 1.8 111 0 1 5
0.8 11.6 2 93 0 1 5
0.9 3.1 -0.1 123 0 1 1
0.9 3.6 -0.1 131 0 1 1
0.9 4.5 -0.1 125 0 1 1
0.9 4.9 -0.1 126 0 1 1
0.9 5.3 -0.1 128 0 1 1
0.9 5.8 -0.1 127 0 1 1
0.9 6.2 -0.1 129 0 1 1
0.9 6.7 -0.1 129 0 1 1
0.9 7.4 0.3 93 0 1 5
0.9 8.2 0.8 123 0 1 5
0.9 8.6 1.1 129 0 1 5
0.9 9.1 1.3 98 0 1 5
0.9 9.5 1.3 95 0 1 5
0.9 10 1.6 103 0 1 5
0.9 10.4 1.7 115 0 1 5
0.9 11.2 2 94 0 1 5
1 4 -0.1 125 0 1 1
1 6.6 0 68 0 1 5
1 7 0.1 80 0 1 5
1 7.9 0.6 90 0 1 5
1 8.8 1.2 138 0 1 5
1 9.6 1.5 84 0 1 5
1 10.5 1.8 112 0 1 5
1 10.9 1.9 106 0 1 5
1 11.4 2.1 93 0 1 5
1.1 7.2 0.3 86 0 1 5
1.1 7.5 0.5 101 0 1 5
1.1 8 0.8 97 0 1 5
1.1 8.4 1 123 0 1 5
1.1 8.9 1.4 138 0 1 5
1.1 9.3 1.5 89 0 1 5
1.1 10.1 1.7 121 0 1 5
1.1 11 2 99 0 1 5
1.2 6.4 0 80 0 1 5
1.2 6.8 0.1 75 0 1 5
1.2 7.7 0.6 56 0 1 5
1.2 8.5 1.2 136 0 1 5
1.2 9.4 1.6 88 0 1 5
1.2 9.8 1.7 104 0 1 5
1.2 10.3 1.9 114 0 1 5
1.2 10.7 2 106 0 1 5
1.2 11.5 2.2 85 0 1 5
1.3 3.6 -0.1 108 0 1 1
1.3 4.5 -0.1 128 0 1 1
1.3 4.9 -0.1 126 0 1 1
1.3 5.3 -0.1 132 0 1 1
1.3 5.8 -0.1 125 0 1 1
1.3 6.9 0.3 86 0 1 5
1.3 7.3 0.4 103 0 1 5
1.3 7.8 0.7 82 0 1 5
1.3 8.2 0.9 103 0 1 5
1.3 9.1 1.5 110 0 1 5
1.3 9.9 1.8 122 0 1 5
1.3 10.8 2 107 0 1 5
1.3 11.2 2.2 99 0 1 5
1.4 3.1 -0.1 108 0 1 1
1.4 4 -0.1 123 0 1 1
1.4 6.2 -0.1 130 0 1 1
1.4 6.6 0.1 78 0 1 5
1.4 7.5 0.5 122 0 1 5
1.4 8.3 1.1 123 0 1 5
1.4 8.7 1.3 131 0 1 5
1.4 9.2 1.6 107 0 1 5
1.4 9.6 1.8 101 0 1 5
1.4 10.4 1.9 111 0 1 5
1.4 11.3 2.3 81 0 1 5
1.5 6.2 -0.1 79 0 1 5
1.5 6.7 0.3 76 0 1 5
1.5 7.1 0.5 97 0 1 5
1.5 8 0.8 92 0 1 5
1.5 8.8 1.5 115 0 1 5
1.5 9.7 1.9 113 0 1 5
1.5 10.1 1.8 121 0 1 5
1.5 10.6 2 92 0 1 5
1.5 11 2.2 87 0 1 5
1.6 6.4 0.1 77 0 1 5
1.6 7.2 0.6 90 0 1 5
1.6 7.6 0.7 63 0 1 5
1.6 8.1 1 105 0 1 5
1.6 8.5 1.2 128 0 1 5
1.6 9.3 1.8 96 0 1 5
1.6 10.2 1.9 114 0 1 5
1.6 11.1 2.4 94 0 1 5
1.7 3.1 -0.1 104 0 1 1
1.7 3.5 -0.1 110 0 1 1
1.7 4.4 -0.1 134 0 1 1
1.7 4.9 -0.1 132 0 1 1
1.7 5.3 -0.1 139 0 1 1
1.7 5.8 -0.1 131 0 1 1
1.7 6 -0.1 129 0 1 5
1.7 6.9 0.5 88 0 1 5
1.7 7.7 0.8 83 0 1 5
1.7 8.6 1.4 99 0 1 5
1.7 9 1.7 104 0 1 5
1.7 9.5 1.9 104 0 1 5
1.7 9.9 1.9 114 0 1 5
1.7 10.7 2.2 92 0 1 5
1.8 4 -0.1 115 0 1 1
1.8 6.1 0.1 76 0 1 5
1.8 6.5 0.3 81 0 1 5
1.8 7 0.6 97 0 1 5
1.8 7.4 0.7 74 0 1 5
1.8 8.3 1.2 119 0 1 5
1.8 9.1 1.8 104 0 1 5
1.8 10 2 112 0 1 5
1.8 10.4 2 97 0 1 5
1.8 10.9 2.4 94 0 1 5
1.8 11.2 2.5 92 0 1 5
1.9 6.7 0.5 85 0 1 5
1.9 7.5 0.8 80 0 1 5
1.9 7.9 0.9 101 0 1 5
1.9 8.4 1.3 116 0 1 5
1.9 8.8 1.6 97 0 1 5
1.9 9.6 2 111 0 1 5
1.9 10.5 2.2 76 0 1 5
2 5.9 0.1 73 0 1 5
2 6.3 0.3 84 0 1 5
2 7.2 0.8 98 0 1 5
2 8 1 109 0 1 5
2 8.9 1.8 111 0 1 5
2 9.3 1.9 98 0 1 5
2 9.8 2 113 0 1 5
2 10.2 2 90 0 1 5
2 11 2.5 82 0 1 5
2.1 3.5 -0.1 115 0 1 1
2.1 6.4 0.5 85 0 1 5
2.1 6.8 0.7 91 0 1 5
2.1 7.3 0.9 109 0 1 5
2.1 7.7 0.9 94 0 1 5
2.1 8.6 1.5 107 0 1 5
2.1 9.4 2.1 115 0 1 5
2.1 10.3 2.3 77 0 1 5
2.1 10.7 2.4 83 0 1 5
2.2 3 -0.1 111 0 1 1
2.2 4 -0.1 129 0 1 1
2.2 4.4 -0.1 121 0 1 1
2.2 4.9 -0.1 126 0 1 1
2.2 5.3 -0.1 124 0 1 1
2.2 6.1 0.3 73 0 1 5
2.2 7 0.8 85 0 1 5
2.2 7.8 1 102 0 1 5
2.2 8.2 1.2 123 0 1 5
2.2 8.7 1.6 96 0 1 5
2.2 9.1 1.9 103 0 1 5
2.2 9.9 2.1 94 0 1 5
2.2 10.8 2.6 115 0 1 5
2.3 5.7 0.1 78 0 1 5
2.3 6.2 0.5 88 0 1 5
2.3 6.6 0.7 82 0 1 5
2.3 7.5 1 111 0 1 5
2.3 8.3 1.3 104 0 1 5
2.3 9.2 2 107 0 1 5
2.3 9.6 2.1 111 0 1 5
2.3 10.1 2.3 84 0 1 5
2.3 10.5 2.5 90 0 1 5
2.3 11 2.7 107 0 1 5
2.4 5.9 0.3 88 0 1 5
2.4 6.7 0.9 87 0 1 5
2.4 7.1 1 101 0 1 5
2.4 7.6 1 125 0 1 5
2.4 8 1.1 115 0 1 5
2.4 8.9 1.8 96 0 1 5
2.4 9.7 2.2 103 0 1 5
2.4 10.6 2.6 107 0 1 5
2.5 5.5 0.1 95 0 1 5
2.5 6.4 0.7 80 0 1 5
2.5 7.2 1 111 0 1 5
2.5 8.1 1.2 105 0 1 5
2.5 8.5 1.5 108 0 1 5
2.5 9 2 103 0 1 5
2.5 9.4 2.1 115 0 1 5
2.5 9.9 2.3 89 0 1 5
2.5 10.2 2.5 89 0 1 5
2.6 3 -0.1 132 0 1 1
2.6 3.5 -0.1 128 0 1 1
2.6 3.9 -0.1 128 0 1 1
2.6 4.4 -0.1 127 0 1 1
2.6 4.8 -0.1 126 0 1 1
2.6 5.6 0.3 83 0 1 5
2.6 6 0.5 88 0 1 5
2.6 6.5 0.9 84 0 1 5
2.6 6.9 1 92 0 1 5
2.6 7.8 1.1 114 0 1 5
2.6 8.6 1.7 105 0 1 5
2.6 9.5 2.2 106 0 1 5
2.6 10.4 2.7 100 0 1 5
2.6 10.7 2.8 82 0 1 5
2.7 5.3 0.1 105 0 1 5
2.7 6.2 0.7 91 0 1 5
2.7 7 1.1 107 0 1 5
2.7 7.4 1.1 111 0 1 5
2.7 7.9 1.2 107 0 1 5
2.7 8.3 1.4 103 0 1 5
2.7 8.8 1.9 100 0 1 5
2.7 9.1 2.1 108 0 1 5
2.7 10 2.5 84 0 1 5
2.8 5.4 0.3 96 0 1 5
2.8 5.8 0.5 88 0 1 5
2.8 6.7 1 93 0 1 5
2.8 7.5 1.1 128 0 1 5
2.8 8.4 1.6 106 0 1 5
2.8 9.3 2.1 113 0 1 5
2.8 9.7 2.3 93 0 1 5
2.8 10.2 2.7 94 0 1 5
2.8 10.5 2.8 113 0 1 5
2.9 5.1 0.1 114 0 1 5
2.9 5.9 0.7 92 0 1 5
2.9 6.3 0.9 88 0 1 5
2.9 6.8 1.1 83 0 1 5
2.9 7.2 1.1 106 0 1 5
2.9 7.7 1.2 120 0 1 5
2.9 8.1 1.3 105 0 1 5
2.9 8.9 2 110 0 1 5
2.9 9.8 2.5 88 0 1 5
2.9 10.7 2.8 100 0 1 5
3 3 -0.1 134 0 1 1
3 3.5 -0.1 126 0 1 1
3 5.6 0.5 99 0 1 5
3 6.5 1.1 91 0 1 5
3 7.3 1.2 101 0 1 5
3 8.2 1.5 99 0 1 5
3 8.6 1.8 98 0 1 5
3 9.1 2.1 121 0 1 5
3 9.4 2.2 101 0 1 5
3 10.3 2.8 114 0 1 5
3.1 3.9 -0.1 120 0 1 1
3.1 4.4 0 128 0 1 1
3.1 4.9 0.1 110 0 1 5
3.1 5.2 0.3 108 0 1 5
3.1 5.7 0.7 102 0 1 5
3.1 6.1 0.9 86 0 1 5
3.1 6.6 1.2 99 0 1 5
3.1 7 1.2 100 0 1 5
3.1 7.8 1.3 121 0 1 5
3.1 8.7 2 117 0 1 5
3.1 9.6 2.4 103 0 1 5
3.1 10 2.7 94 0 1 5
3.1 10.5 2.8 116 0 1 5
3.2 5.4 0.5 109 0 1 5
3.2 6.2 1.1 101 0 1 5
3.2 7.1 1.3 97 0 1 5
3.2 7.5 1.3 89 0 1 5
3.2 8 1.5 99 0 1 5
3.2 8.4 1.7 103 0 1 5
3.2 9.2 2.2 123 0 1 5
3.2 10.1 2.7 125 0 1 5
3.3 4.6 0.1 114 0 1 5
3.3 5 0.3 110 0 1 5
3.3 5.5 0.7 118 0 1 5
3.3 5.9 0.9 98 0 1 5
3.3 6.7 1.3 109 0 1 5
3.3 7.6 1.3 111 0 1 5
3.3 8.5 1.9 116 0 1 5
3.3 8.9 2 129 0 1 5
3.3 9.4 2.3 121 0 1 5
3.3 9.7 2.5 129 0 1 5
3.3 10.6 2.9 125 0 1 5
3.4 5.1 0.5 94 0 1 5
3.4 6 1 106 0 1 5
3.4 6.4 1.2 99 0 1 5
3.4 6.9 1.4 111 0 1 5
3.4 7.3 1.3 104 0 1 5
3.4 8.1 1.6 100 0 1 5
3.4 9 2.1 131 0 1 5
3.4 9.9 2.6 131 0 1 5
3.4 10.2 2.8 127 0 1 5
3.5 3.5 -0.1 128 0 1 1
3.5 3.9 -0.1 123 0 1 1
3.5 4.4 0.1 116 0 1 5
3.5 4.8 0.3 96 0 1 5
3.5 5.7 0.8 113 0 1 5
3.5 6.5 1.3 107 0 1 5
3.5 7.4 1.4 88 0 1 5
3.5 7.8 1.5 106 0 1 5
3.5 8.3 1.8 121 0 1 5
3.5 8.6 2 134 0 1 5
3.5 9.5 2.4 128 0 1 5
3.5 10.4 2.8 126 0 1 5
3.6 4.9 0.5 92 0 1 5
3.6 5.3 0.6 116 0 1 5
3.6 5.8 1 116 0 1 5
3.6 6.2 1.2 118 0 1 5
3.6 7 1.4 115 0 1 5
3.6 7.9 1.6 100 0 1 5
3.6 8.8 2 134 0 1 5
3.6 9.2 2.1 129 0 1 5
3.6 9.7 2.4 132 0 1 5
3.6 10 2.7 136 0 1 5
3.7 4.6 0.3 110 0 1 5
3.7 5.4 0.8 117 0 1 5
3.7 6.3 1.3 124 0 1 5
3.7 6.7 1.4 106 0 1 5
3.7 7.2 1.4 115 0 1 5
3.7 7.6 1.5 104 0 1 5
3.7 8.4 1.9 138 0 1 5
3.7 9.3 2.2 131 0 1 5
3.7 10.2 2.8 124 0 1 5
3.8 4.2 0.1 117 0 1 5
3.8 4.7 0.5 106 0 1 5
3.8 5.1 0.6 109 0 1 5
3.8 6 1.1 117 0 1 5
3.8 6.8 1.5 108 0 1 5
3.8 7.7 1.6 98 0 1 5
3.8 8.1 1.8 120 0 1 5
3.8 8.6 1.9 137 0 1 5
3.8 8.9 2.1 129 0 1 5
3.8 9.8 2.5 127 0 1 5
3.9 3.9 0 119 0 1 1
3.9 4.4 0.2 117 0 1 5
3.9 5.2 0.8 112 0 1 5
3.9 5.6 0.9 115 0 1 5
3.9 6.1 1.2 116 0 1 5
3.9 6.5 1.4 112 0 1 5
3.9 7.3 1.5 83 0 1 5
3.9 8.2 1.8 147 0 1 5
3.9 9.1 2.1 128 0 1 5
3.9 9.5 2.3 131 0 1 5
3.9 10 2.6 125 0 1 5
3.9 10.3 2.8 113 0 1 5
4 4 0 121 0 1 5
4 4.9 0.6 118 0 1 5
4 5.7 1.1 113 0 1 5
4 6.6 1.5 101 0 1 5
4 7 1.5 109 0 1 5
4 7.5 1.7 97 0 1 5
4 7.9 1.8 120 0 1 5
4 8.7 2 130 0 1 5
4 9.6 2.4 120 0 1 5
4.1 4.1 0.2 122 0 1 5
4.1 4.5 0.4 119 0 1 5
4.1 5 0.8 121 0 1 5
4.1 5.4 0.9 116 0 1 5
4.1 6.2 1.3 114 0 1 5
4.1 7.1 1.7 105 0 1 5
4.1 8 1.8 134 0 1 5
4.1 8.4 1.8 147 0 1 5
4.1 8.9 2.1 126 0 1 5
4.1 9.2 2.2 123 0 1 5
4.1 10.1 2.7 127 0 1 5
4.2 4.6 0.6 124 0 1 5
4.2 5.5 1.1 117 0 1 5
4.2 5.9 1.2 118 0 1 5
4.2 6.4 1.4 98 0 1 5
4.2 6.8 1.6 101 0 1 5
4.2 7.6 1.8 124 0 1 5
4.2 8.5 1.9 137 0 1 5
4.2 9.4 2.3 114 0 1 5
4.2 9.7 2.5 116 0 1 5
4.2 10.3 2.8 97 0 1 5
4.3 4.3 0.4 119 0 1 5
4.3 5.2 0.9 119 0 1 5
4.3 6 1.3 106 0 1 5
4.3 6.9 1.7 104 0 1 5
4.3 7.3 1.8 88 0 1 5
4.3 8.7 2 137 0 1 5
4.3 9 2.2 122 0 1 5
4.3 9.9 2.6 118 0 1 5
4.4 4.4 0.6 124 0 1 5
4.4 4.8 0.8 129 0 1 5
4.4 5.3 1 118 0 1 5
4.4 5.7 1.2 115 0 1 5
4.4 6.5 1.6 98 0 1 5
4.4 7.4 1.8 125 0 1 5
4.4 8.3 1.8 143 0 1 5
4.4 9.2 2.3 118 0 1 5
4.4 9.5 2.4 110 0 1 5
4.4 10 2.7 92 0 1 5
4.5 4.9 0.9 120 0 1 5
4.5 5.8 1.3 109 0 1 5
4.5 6.2 1.5 95 0 1 5
4.5 6.7 1.7 100 0 1 5
4.5 7.1 1.8 91 0 1 5
4.5 8.8 2.1 143 0 1 5
4.5 9.7 2.6 101 0 1 5
4.6 4.6 0.7 120 0 1 5
4.6 5.5 1.2 109 0 1 5
4.6 6.3 1.6 88 0 1 5
4.6 7.2 1.9 116 0 1 5
4.6 8.1 1.8 133 0 1 5
4.6 8.4 1.9 133 0 1 5
4.6 9 2.2 140 0 1 5
4.6 9.3 2.4 115 0 1 5
4.7 4.7 0.9 113 0 1 5
4.7 5.1 1.1 118 0 1 5
4.7 5.6 1.4 107 0 1 5
4.7 6 1.5 100 0 1 5
4.7 6.5 1.7 101 0 1 5
4.7 6.8 1.8 109 0 1 5
4.7 7.7 1.8 113 0 1 5
4.7 8.6 2 135 0 1 5
4.7 9.5 2.6 116 0 1 5
4.7 9.8 2.7 91 0 1 5
4.8 5.2 1.2 122 0 1 5
4.8 6.1 1.6 76 0 1 5
4.8 7 1.9 106 0 1 5
4.8 7.4 1.9 111 0 1 5
4.8 7.9 1.9 136 0 1 5
4.8 8.2 1.9 133 0 1 5
4.8 9.1 2.3 143 0 1 5
4.9 4.9 1.1 123 0 1 5
4.9 5.4 1.4 125 0 1 5
4.9 5.8 1.5 117 0 1 5
4.9 6.6 1.8 111 0 1 5
4.9 7.5 1.9 120 0 1 5
4.9 8.4 1.9 129 0 1 5
4.9 8.7 2 137 0 1 5
4.9 9.2 2.4 139 0 1 5
4.9 9.6 2.7 107 0 1 5
5 5 1.2 130 0 1 5
5 5.9 1.6 108 0 1 5
5 6.3 1.7 99 0 1 5
5 6.8 1.9 98 0 1 5
5 7.1 2 93 0 1 5
5 8 1.9 141 0 1 5
5 8.9 2.1 138 0 1 5
5 9.8 2.7 126 0 1 5
5.1 5.5 1.5 123 0 1 5
5.1 6.4 1.8 100 0 1 5
5.1 7.3 2 100 0 1 5
5.1 7.6 2 114 0 1 5
5.1 8.2 2 127 0 1 5
5.1 8.5 2 127 0 1 5
5.1 9.4 2.6 142 0 1 5
5.2 5.2 1.4 141 0 1 5
5.2 5.7 1.6 119 0 1 5
5.2 6 1.7 118 0 1 5
5.2 6.9 2.1 106 0 1 5
5.2 7.8 2 125 0 1 5
5.2 8.7 2 122 0 1 5
5.2 9 2.2 142 0 1 5
5.2 9.5 2.6 91 0 1 5
5.3 5.3 1.5 145 0 1 5
5.3 6.2 1.8 118 0 1 5
5.3 6.6 2 95 0 1 5
5.3 7.1 2.1 93 0 1 5
5.3 7.4 2.1 113 0 1 5
5.3 8.3 2 106 0 1 5
5.3 9.2 2.4 137 0 1 5
5.4 5.8 1.7 139 0 1 5
5.4 6.7 2.2 93 0 1 5
5.4 7.6 2.1 113 0 1 5
5.4 7.9 2.1 130 0 1 5
5.4 8.5 2.1 122 0 1 5
5.4 8.8 2.1 119 0 1 5
5.5 5.5 1.6 164 0 1 5
5.5 6 1.8 155 0 1 5
5.5 6.3 2 115 0 1 5
5.5 7.2 2.2 95 0 1 5
5.5 8.1 2.1 106 0 1 5
5.5 9 2.3 127 0 1 5
5.5 9.3 2.6 138 0 1 5
5.6 5.6 1.6 164 0 1 5
5.6 6.5 2.2 123 0 1 5
5.6 6.9 2.3 82 0 1 5
5.6 7.4 2.3 107 0 1 5
5.6 7.7 2.2 107 0 1 5
5.6 8.6 2.1 130 0 1 5
5.7 6.1 1.9 152 0 1 5
5.7 7 2.4 95 0 1 5
5.7 7.9 2.2 106 0 1 5
5.7 8.2 2.1 113 0 1 5
5.7 8.7 2.2 125 0 1 5
5.7 9.1 2.4 135 0 1 5
5.8 6.3 2 141 0 1 5
5.8 6.6 2.3 119 0 1 5
5.8 7.5 2.3 110 0 1 5
5.8 8.4 2.2 113 0 1 5
5.8 9.3 2.5 116 0 1 5
5.9 6.8 2.4 123 0 1 5
5.9 7.1 2.4 109 0 1 5
5.9 7.7 2.3 123 0 1 5
5.9 8 2.2 110 0 1 5
5.9 8.9 2.3 121 0 1 5
6 6.4 2.2 161 0 1 5
6 7.3 2.5 83 0 1 5
6 8.2 2.3 116 0 1 5
6 8.5 2.2 108 0 1 5
6 9 2.5 137 0 1 5
6.1 6.6 2.3 150 0 1 5
6.1 6.9 2.5 129 0 1 5
6.1 8.7 2.3 115 0 1 5
6.2 7.1 2.5 117 0 1 5
6.2 7.4 2.5 96 0 1 5
6.2 8 2.4 126 0 1 5
6.2 8.3 2.3 116 0 1 5
6.2 8.8 2.4 127 0 1 5
6.2 9.2 2.5 140 0 1 5
6.3 6.7 2.3 159 0 1 5
6.3 8.5 2.4 116 0 1 5
6.4 6.9 2.4 150 0 1 5
6.4 7.2 2.5 114 0 1 5
6.4 8.1 2.4 118 0 1 5
6.4 9 2.5 156 0 1 5
6.4 9.9 2.6 126 0 1 5
6.5 8.3 2.4 136 0 1 5
6.5 8.6 2.4 136 0 1 5
6.5 9.1 2.5 152 0 1 5
6.5 9.5 2.5 137 0 1 5
6.6 7 2.5 146 0 1 5
6.6 9.6 2.6 144 0 1 5
6.6 10 2.7 115 0 1 5
6.7 7.2 2.5 130 0 1 5
6.8 9.4 2.5 142 0 1 5
6.8 9.8 2.7 107 0 1 5
7 9.6 2.5 164 0 1 5
7.1 9.7 2.6 133 0 1 5
7.4 9.5 2.5 161 0 1 5
8 10.6 2.5 157 0 1 5
