-20 -0.8 0.1 102 0 1 1
-20 -0.3 0.1 111 0 1 1
-20 0 0.1 90 0 1 1
-20 0.1 0.2 87 0 1 1
-20 0.6 0.2 78 0 1 1
-19.9 -1.7 0.1 120 0 1 1
-19.9 -1.3 0.1 108 0 1 1
-19.9 1.5 0.1 75 0 1 1
-19.8 -2.7 0.2 104 0 1 1
-19.8 -2.2 0.2 92 0 1 1
-19.8 2.9 0.1 90 0 1 1
-19.7 -4 0.1 103 0 1 1
-19.7 -3.6 0.2 84 0 1 1
-19.7 -3.1 0.2 92 0 1 1
-19.7 -2.7 0.2 109 0 1 1
-19.7 -2.2 0.2 125 0 1 1
-19.7 -1.8 0.1 127 0 1 1
-19.7 -1.3 0.1 120 0 1 1
-19.7 -0.8 0.1 107 0 1 1
-19.7 -0.4 0.1 109 0 1 1
-19.7 0.1 0.1 113 0 1 1
-19.7 0.5 0.2 121 0 1 1
-19.7 1 0.1 118 0 1 1
-19.7 1.5 0.1 112 0 1 1
-19.7 2 0.1 115 0 1 1
-19.7 2.4 0 104 0 1 1
-19.6 -4 0.1 96 0 1 1
-19.3 -4 0.1 113 0 1 1
-19.3 -3.6 0.1 115 0 1 1
-19.3 -3.1 0.1 112 0 1 1
-19.3 -2.7 0.1 116 0 1 1
-19.3 -1.8 0.1 117 0 1 1
-19.3 -1.3 0.1 118 0 1 1
-19.3 -0.9 0.1 103 0 1 1
-19.3 -0.4 0.1 106 0 1 1
-19.3 0 0.1 98 0 1 1
-19.3 0.5 0.1 106 0 1 1
-19.3 1 0.1 114 0 1 1
-19.3 1.5 0.1 115 0 1 1
-19.3 1.9 0.1 115 0 1 1
-19.3 2.4 0 115 0 1 1
-19.3 2.9 0.1 115 0 1 1
-19.2 -2.2 0.1 118 0 1 1
-18.9 -4 0.1 111 0 1 1
-18.9 -3.6 0.1 104 0 1 1
-18.9 -0.9 0.1 90 0 1 1
-18.9 -0.5 0.1 102 0 1 1
-18.9 2.9 0.1 109 0 1 1
-18.8 -3.2 0.1 101 0 1 1
-18.8 -2.7 0.1 99 0 1 1
-18.8 -2.3 0.1 103 0 1 1
-18.8 -1.8 0.1 102 0 1 1
-18.8 -1.4 0.1 102 0 1 1
-18.8 0 0.1 108 0 1 1
-18.8 0.5 0.1 100 0 1 1
-18.8 0.9 0.1 107 0 1 1
-18.8 1.4 0.1 107 0 1 1
-18.8 1.9 0.1 113 0 1 1
-18.8 2.4 0.1 116 0 1 1
-18.7 -7.1 0 92 0 1 1
-18.6 -7.6 0 105 0 1 1
-18.5 -7.7 0 108 0 1 1
-18.4 -8 0 114 0 1 1
-18.4 -7.6 0 119 0 1 1
-18.4 -3.6 0.1 105 0 1 1
-18.4 -3.2 0.1 100 0 1 1
-18.4 -2.7 0.1 100 0 1 1
-18.4 -2.3 0.1 99 0 1 1
-18.4 -1.8 0.1 101 0 1 1
-18.4 -1.4 0.1 100 0 1 1
-18.4 -0.9 0.1 101 0 1 1
-18.4 -0.5 0.1 95 0 1 1
-18.4 0 0.1 121 0 1 1
-18.4 0.5 0.1 96 0 1 1
-18.4 0.9 0.1 102 0 1 1
-18.4 1.4 0.1 100 0 1 1
-18.4 1.9 0 100 0 1 1
-18.4 2.3 0 106 0 1 1
-18.4 2.8 0.1 107 0 1 1
-18.3 -8.1 0 116 0 1 1
-18.3 -7.2 0 118 0 1 1
-18.1 -8.6 0 111 0 1 1
-18 -8.7 0 88 0 1 1
-18 -8.6 0 114 0 1 1
-18 -3.6 0.2 106 0 1 1
-18 -1.8 0.1 106 0 1 1
-18 -1.4 0.1 102 0 1 1
-18 -0.9 0.1 109 0 1 1
-18 -0.4 0.1 100 0 1 1
-17.9 -8.1 0 119 0 1 1
-17.9 -7.7 0 121 0 1 1
-17.9 -7.2 0 118 0 1 1
-17.9 -3.1 0.1 105 0 1 1
-17.9 -2.7 0.1 100 0 1 1
-17.9 -2.2 0.1 100 0 1 1
-17.9 0 0.1 98 0 1 1
-17.9 0.5 0.1 99 0 1 1
-17.9 1 0.1 87 0 1 1
-17.9 1.4 0.1 90 0 1 1
-17.9 1.9 0 109 0 1 1
-17.9 2.3 0 123 0 1 1
-17.9 2.8 0 110 0 1 1
-17.8 -9 0 117 0 1 1
-17.6 -9.5 0.1 87 0 1 1
-17.6 -3.6 0.1 106 0 1 1
-17.5 -9.6 0.1 96 0 1 1
-17.5 -9.5 0.1 91 0 1 1
-17.5 -9 0.1 121 0 1 1
-17.5 -8.6 0.1 122 0 1 1
-17.5 -8.1 0 123 0 1 1
-17.5 -7.7 0.1 120 0 1 1
-17.5 -7.3 0.1 120 0 1 1
-17.5 -6.8 0.1 114 0 1 1
-17.5 -3.2 0.1 105 0 1 1
-17.5 -2.7 0.1 104 0 1 1
-17.5 -2.3 0.1 103 0 1 1
-17.5 -1.8 0.1 101 0 1 1
-17.5 -1.4 0.1 99 0 1 1
-17.5 -0.9 0.1 102 0 1 1
-17.5 -0.4 0.1 106 0 1 1
-17.5 0 0.1 108 0 1 1
-17.5 0.5 0.1 100 0 1 1
-17.5 1 0 105 0 1 1
-17.5 1.4 0 101 0 1 1
-17.5 1.8 0.1 91 0 1 1
-17.5 2.3 0 113 0 1 1
-17.3 -9.9 0.1 90 0 1 1
-17.1 -10.4 0 103 0 1 1
-17.1 -9.9 0.1 115 0 1 1
-17.1 -9.5 0.1 112 0 1 1
-17.1 -9 0 116 0 1 1
-17.1 -8.6 0.1 118 0 1 1
-17.1 -7.7 0.1 120 0 1 1
-17.1 -7.2 0.1 124 0 1 1
-17.1 -6.8 0.1 118 0 1 1
-17.1 -3.6 0.1 105 0 1 1
-17.1 -3.2 0.1 106 0 1 1
-17.1 -2.7 0.1 111 0 1 1
-17.1 -2.3 0.1 113 0 1 1
-17.1 -1.8 0.1 107 0 1 1
-17 -8.1 0 114 0 1 1
-17 -1.4 0.1 111 0 1 1
-17 -0.9 0.1 116 0 1 1
-17 -0.5 0.1 119 0 1 1
-17 0 0.1 111 0 1 1
-17 0.4 0.1 123 0 1 1
-17 0.9 0 107 0 1 1
-17 1.4 0 102 0 1 1
-17 1.8 0 97 0 1 1
-17 2.3 0 100 0 1 1
-16.9 -10.8 0 103 0 1 1
-16.7 -11.2 0 89 0 1 1
-16.6 -11.3 0 87 0 1 1
-16.6 -10.8 0 99 0 1 1
-16.6 -10.4 0 95 0 1 1
-16.6 -10 0 119 0 1 1
-16.6 -9.5 0 117 0 1 1
-16.6 -9.1 0 115 0 1 1
-16.6 -8.6 0 116 0 1 1
-16.6 -8.2 0 120 0 1 1
-16.6 -7.7 0.1 123 0 1 1
-16.6 -7.2 0.1 129 0 1 1
-16.6 -6.8 0.1 124 0 1 1
-16.6 -3.2 0.1 127 0 1 1
-16.6 -2.7 0.1 122 0 1 1
-16.6 -2.3 0.1 120 0 1 1
-16.6 -1.9 0.1 101 0 1 1
-16.6 -1.4 0.1 119 0 1 1
-16.6 -1 0.1 114 0 1 1
-16.6 -0.5 0.1 110 0 1 1
-16.6 -0.1 0.1 119 0 1 1
-16.5 0.4 0.1 116 0 1 1
-16.5 0.8 0 113 0 1 1
-16.5 1.3 0 105 0 1 1
-16.5 1.8 0 97 0 1 1
-16.5 2.3 0 97 0 1 1
-16.2 -11.8 0 83 0 1 1
-16.2 -10.9 0 119 0 1 1
-16.2 -10.5 0 114 0 1 1
-16.2 -10 0 113 0 1 1
-16.2 -7.7 0 123 0 1 1
-16.2 -7.3 0.1 120 0 1 1
-16.2 -6.8 0.1 128 0 1 1
-16.2 -3.2 0.1 113 0 1 1
-16.2 -2.8 0.1 120 0 1 1
-16.2 -2.3 0.1 113 0 1 1
-16.2 -1.9 0.1 111 0 1 1
-16.2 -1.4 0.1 121 0 1 1
-16.1 -11.3 0 130 0 1 1
-16.1 -9.6 0 124 0 1 1
-16.1 -9.1 0 124 0 1 1
-16.1 -8.7 0 120 0 1 1
-16.1 -8.2 0 119 0 1 1
-16.1 -1 0.1 117 0 1 1
-16.1 -0.6 0.1 117 0 1 1
-16.1 -0.1 0.1 113 0 1 1
-16.1 0.4 0.1 115 0 1 1
-16.1 0.8 0.1 126 0 1 1
-16 1.3 0.1 104 0 1 1
-16 1.8 0 99 0 1 1
-16 2.2 0 105 0 1 1
-15.8 -12.2 0 124 0 1 1
-15.8 -6.4 0.1 129 0 1 1
-15.8 -3.2 0.1 113 0 1 1
-15.8 -2.8 0.1 122 0 1 1
-15.8 -2.3 0.1 121 0 1 1
-15.7 -12.3 0 122 0 1 1
-15.7 -12.2 0 124 0 1 1
-15.7 -11.8 0 130 0 1 1
-15.7 -11.3 0 132 0 1 1
-15.7 -10.9 0 128 0 1 1
-15.7 -10.4 0 117 0 1 1
-15.7 -10 0 117 0 1 1
-15.7 -9.6 0 99 0 1 1
-15.7 -9.1 0 115 0 1 1
-15.7 -8.7 0 118 0 1 1
-15.7 -8.2 0 119 0 1 1
-15.7 -7.8 0 121 0 1 1
-15.7 -7.3 0 124 0 1 1
-15.7 -6.8 0.1 121 0 1 1
-15.7 -1.9 0.1 121 0 1 1
-15.7 -1.5 0.1 115 0 1 1
-15.7 -1 0.1 101 0 1 1
-15.6 -0.6 0.1 121 0 1 1
-15.6 -0.1 0.1 114 0 1 1
-15.6 0.3 0.1 116 0 1 1
-15.6 0.8 0.1 125 0 1 1
-15.6 1.3 0.1 125 0 1 1
-15.6 1.7 0.1 111 0 1 1
-15.6 2.2 0 105 0 1 1
-15.5 -12.6 0 118 0 1 1
-15.3 -11.3 0 120 0 1 1
-15.3 -10 0 121 0 1 1
-15.3 -9.6 0 111 0 1 1
-15.3 -7.3 0.1 120 0 1 1
-15.3 -6.9 0.1 123 0 1 1
-15.3 -6.4 0.1 122 0 1 1
-15.3 -3.2 0.1 119 0 1 1
-15.3 -2.8 0.1 109 0 1 1
-15.3 -2.4 0.1 102 0 1 1
-15.3 -1.9 0.1 129 0 1 1
-15.2 -12.9 0 111 0 1 1
-15.2 -12.2 0 123 0 1 1
-15.2 -11.8 0 126 0 1 1
-15.2 -10.9 0 121 0 1 1
-15.2 -10.4 0 120 0 1 1
-15.2 -9.1 0 117 0 1 1
-15.2 -8.7 0 117 0 1 1
-15.2 -8.2 0 115 0 1 1
-15.2 -7.8 0 118 0 1 1
-15.2 -1.5 0.1 119 0 1 1
-15.2 -1 0.1 106 0 1 1
-15.2 -0.6 0.1 115 0 1 1
-15.2 -0.1 0.1 116 0 1 1
-15.2 0.3 0.1 122 0 1 1
-15.1 -13.1 0 86 0 1 1
-15.1 0.8 0.1 124 0 1 1
-15.1 1.3 0.1 135 0 1 1
-15.1 1.7 0.1 109 0 1 1
-15.1 2.2 0 109 0 1 1
-14.9 -6.4 0.1 117 0 1 1
-14.9 -2.8 0.1 127 0 1 1
-14.8 -13.5 0.1 98 0 1 1
-14.8 -13.1 0.1 131 0 1 1
-14.8 -12.2 0.1 127 0 1 1
-14.8 -11.8 0 130 0 1 1
-14.8 -11.3 0.1 124 0 1 1
-14.8 -10.9 0.1 126 0 1 1
-14.8 -10.5 0.1 127 0 1 1
-14.8 -10 0.1 126 0 1 1
-14.8 -9.6 0.1 121 0 1 1
-14.8 -9.1 0.1 111 0 1 1
-14.8 -8.7 0 118 0 1 1
-14.8 -8.3 0 114 0 1 1
-14.8 -7.8 0 119 0 1 1
-14.8 -7.3 0.1 119 0 1 1
-14.8 -6.9 0.1 116 0 1 1
-14.8 -2.4 0.1 130 0 1 1
-14.8 -1.9 0.1 118 0 1 1
-14.8 -1.5 0 129 0 1 1
-14.8 -1 0 124 0 1 1
-14.7 -0.6 0 115 0 1 1
-14.7 -0.1 0.1 128 0 1 1
-14.7 0.3 0 118 0 1 1
-14.7 0.8 0 126 0 1 1
-14.7 1.3 0 133 0 1 1
-14.6 1.7 0 113 0 1 1
-14.6 2.2 0 104 0 1 1
-14.4 -14 0.1 117 0 1 1
-14.4 -10.5 0.1 128 0 1 1
-14.4 -10 0.1 128 0 1 1
-14.4 -9.6 0.1 126 0 1 1
-14.4 -9.1 0.1 120 0 1 1
-14.4 -8.7 0.1 121 0 1 1
-14.4 -8.3 0.1 119 0 1 1
-14.4 -7.8 0.1 118 0 1 1
-14.4 -7.4 0.1 119 0 1 1
-14.4 -6.9 0.1 122 0 1 1
-14.4 -6.4 0.1 122 0 1 1
-14.4 -6 0.1 120 0 1 1
-14.4 -2.8 0.1 124 0 1 1
-14.4 -2.4 0.1 120 0 1 1
-14.4 -1.9 0.1 119 0 1 1
-14.4 -1.5 0 118 0 1 1
-14.3 -14 0.1 122 0 1 1
-14.3 -13.5 0.1 124 0 1 1
-14.3 -13.1 0.1 127 0 1 1
-14.3 -12.3 0.1 127 0 1 1
-14.3 -11.4 0.1 131 0 1 1
-14.3 -10.9 0.1 128 0 1 1
-14.3 -1 0 107 0 1 1
-14.3 -0.6 0.1 102 0 1 1
-14.3 -0.1 0.1 90 0 1 1
-14.3 0.3 0.1 109 0 1 1
-14.3 0.8 0 129 0 1 1
-14.2 -14.2 0.1 94 0 1 1
-14.2 1.3 0 122 0 1 1
-14.2 1.7 0 129 0 1 1
-14.2 2.2 0 105 0 1 1
-14 -7.4 0.1 123 0 1 1
-14 -6.9 0.1 122 0 1 1
-14 -6.5 0.1 120 0 1 1
-14 -6 0.1 120 0 1 1
-14 -2.8 0.1 134 0 1 1
-14 -2.4 0.1 139 0 1 1
-14 -1.9 0.1 140 0 1 1
-13.9 -14.5 0.2 109 0 1 1
-13.9 -14.4 0.2 109 0 1 1
-13.9 -14 0.2 122 0 1 1
-13.9 -11.4 0.1 129 0 1 1
-13.9 -11 0.1 134 0 1 1
-13.9 -10.5 0.1 131 0 1 1
-13.9 -10.1 0.1 130 0 1 1
-13.9 -9.6 0.1 131 0 1 1
-13.9 -9.2 0.1 130 0 1 1
-13.9 -8.7 0.1 128 0 1 1
-13.9 -8.3 0.1 122 0 1 1
-13.9 -7.8 0.1 124 0 1 1
-13.9 -1.5 0.1 121 0 1 1
-13.9 -1 0.1 107 0 1 1
-13.9 -0.6 0.1 108 0 1 1
-13.8 -13.6 0.1 121 0 1 1
-13.8 -13.1 0.1 122 0 1 1
-13.8 -12.7 0.1 123 0 1 1
-13.8 -12.3 0.1 125 0 1 1
-13.8 -11.9 0.1 127 0 1 1
-13.8 -0.1 0.1 107 0 1 1
-13.8 0.3 0.1 115 0 1 1
-13.8 0.8 0 134 0 1 1
-13.8 1.3 0 130 0 1 1
-13.7 1.7 0 125 0 1 1
-13.6 -2.4 0.1 142 0 1 1
-13.5 -11 0.1 130 0 1 1
-13.5 -10.5 0.1 132 0 1 1
-13.5 -10.1 0.1 132 0 1 1
-13.5 -8.8 0.1 128 0 1 1
-13.5 -8.3 0.1 130 0 1 1
-13.5 -7.8 0.1 133 0 1 1
-13.5 -7.4 0.1 134 0 1 1
-13.5 -6.9 0.1 133 0 1 1
-13.5 -6.5 0.1 126 0 1 1
-13.5 -6 0.1 125 0 1 1
-13.5 -5.5 0.1 109 0 1 1
-13.5 -1.9 0.1 142 0 1 1
-13.5 -1.5 0.1 127 0 1 1
-13.5 -1.1 0.1 114 0 1 1
-13.5 -0.6 0.1 104 0 1 1
-13.4 -14.9 0.2 112 0 1 1
-13.4 -14.8 0.2 113 0 1 1
-13.4 -14.4 0.2 119 0 1 1
-13.4 -14 0.2 120 0 1 1
-13.4 -13.6 0.1 119 0 1 1
-13.4 -13.2 0.1 117 0 1 1
-13.4 -12.8 0.1 119 0 1 1
-13.4 -12.3 0.2 123 0 1 1
-13.4 -11.9 0.2 125 0 1 1
-13.4 -11.4 0.2 126 0 1 1
-13.4 -9.7 0.1 131 0 1 1
-13.4 -9.2 0.1 131 0 1 1
-13.4 -0.1 0.1 99 0 1 1
-13.4 0.3 0.1 104 0 1 1
-13.4 0.8 0.1 114 0 1 1
-13.3 1.3 0 133 0 1 1
-13.3 1.7 0 118 0 1 1
-13.1 -7.9 0 139 0 1 1
-13.1 -7.4 0 125 0 1 1
-13.1 -6.9 0 108 0 1 1
-13.1 -6.5 0.1 128 0 1 1
-13.1 -6 0.1 125 0 1 1
-13.1 -5.6 0.1 127 0 1 1
-13.1 -2.4 0.1 138 0 1 1
-13.1 -1.9 0.1 143 0 1 1
-13 -11.9 0.2 121 0 1 1
-13 -11.4 0.2 127 0 1 1
-13 -11 0.1 127 0 1 1
-13 -10.6 0.1 132 0 1 1
-13 -10.1 0.1 129 0 1 1
-13 -9.7 0.1 137 0 1 1
-13 -9.3 0.1 139 0 1 1
-13 -8.8 0 133 0 1 1
-13 -8.3 0 135 0 1 1
-13 -1.5 0.1 142 0 1 1
-13 -1 0.1 141 0 1 1
-13 -0.6 0.1 117 0 1 1
-13 -0.1 0.1 100 0 1 1
-13 0.3 0.1 106 0 1 1
-13 0.8 0.1 113 0 1 1
-12.9 -15.2 0.2 112 0 1 1
-12.9 -14.9 0.2 112 0 1 1
-12.9 -14.4 0.2 115 0 1 1
-12.9 -14 0.2 120 0 1 1
-12.9 -13.6 0.2 122 0 1 1
-12.9 -13.2 0.2 120 0 1 1
-12.9 -12.7 0.2 117 0 1 1
-12.9 -12.3 0.2 119 0 1 1
-12.9 1.2 0.1 140 0 1 1
-12.9 1.7 0 125 0 1 1
-12.8 -15.3 0.2 113 0 1 1
-12.6 -8.3 0 136 0 1 1
-12.6 -7.9 0 140 0 1 1
-12.6 -7.4 0 135 0 1 1
-12.6 -6.9 0 130 0 1 1
-12.6 -6.5 0 120 0 1 1
-12.6 -6 0.1 125 0 1 1
-12.6 -5.5 0.1 127 0 1 1
-12.6 -2.4 0.1 130 0 1 1
-12.6 -1.9 0.1 141 0 1 1
-12.6 -1.5 0.1 150 0 1 1
-12.6 -0.5 0.2 132 0 1 1
-12.5 -13.6 0.2 117 0 1 1
-12.5 -13.2 0.2 113 0 1 1
-12.5 -12.8 0.2 115 0 1 1
-12.5 -12.3 0.2 119 0 1 1
-12.5 -11.9 0.2 119 0 1 1
-12.5 -11.5 0.2 122 0 1 1
-12.5 -11 0.1 124 0 1 1
-12.5 -10.6 0.1 130 0 1 1
-12.5 -10.1 0.1 131 0 1 1
-12.5 -9.7 0.1 137 0 1 1
-12.5 -9.3 0.1 133 0 1 1
-12.5 -8.8 0 133 0 1 1
-12.5 -1 0.1 137 0 1 1
-12.5 -0.1 0.1 110 0 1 1
-12.5 0.4 0.1 109 0 1 1
-12.5 0.8 0.1 121 0 1 1
-12.4 -15.6 0.2 102 0 1 1
-12.4 -15.3 0.2 118 0 1 1
-12.4 -14.9 0.2 115 0 1 1
-12.4 -14.5 0.2 114 0 1 1
-12.4 -14 0.2 115 0 1 1
-12.4 -3.5 0.9 81 0 1 3
-12.4 1.3 0.1 125 0 1 1
-12.4 1.7 0 136 0 1 1
-12.3 -15.8 0.2 92 0 1 1
-12.3 -3.6 0.9 86 0 1 3
-12.2 -7.9 0 138 0 1 1
-12.2 -7.4 0.1 137 0 1 1
-12.2 -7 0.1 134 0 1 1
-12.2 -6.5 0.1 132 0 1 1
-12.2 -6 0.1 127 0 1 1
-12.2 -5.6 0.1 133 0 1 1
-12.2 -3.6 0.9 77 0 1 3
-12.2 -2.4 0.1 126 0 1 1
-12.1 -11.5 0.2 101 0 1 1
-12.1 -11 0.2 99 0 1 1
-12.1 -10.6 0.2 117 0 1 1
-12.1 -10.1 0.2 123 0 1 1
-12.1 -9.7 0.1 122 0 1 1
-12.1 -9.3 0.1 126 0 1 1
-12.1 -8.8 0.1 130 0 1 1
-12.1 -8.4 0 131 0 1 1
-12.1 -3.6 0.9 101 0 1 3
-12.1 -2 0.1 107 0 1 1
-12.1 -1.5 0.1 118 0 1 1
-12.1 -1.1 0.1 109 0 1 1
-12.1 -0.6 0.1 118 0 1 1
-12 -16 0.2 94 0 1 1
-12 -15.8 0.2 110 0 1 1
-12 -15.3 0.2 121 0 1 1
-12 -14.9 0.2 121 0 1 1
-12 -14.5 0.2 125 0 1 1
-12 -14.1 0.2 118 0 1 1
-12 -13.7 0.2 117 0 1 1
-12 -13.2 0.2 108 0 1 1
-12 -12.4 0.2 113 0 1 1
-12 -11.9 0.2 109 0 1 1
-12 -3 0.9 92 0 1 3
-12 -0.1 0.1 126 0 1 1
-12 0.4 0.1 128 0 1 1
-12 0.8 0.1 125 0 1 1
-12 1.2 0 128 0 1 1
-11.9 -3.6 0.9 97 0 1 3
-11.9 -3.1 0.9 115 0 1 3
-11.9 -2.5 0.2 95 0 1 3
-11.9 -2.4 0.1 93 0 1 3
-11.9 1.6 0 119 0 1 1
-11.8 -6 0 126 0 1 1
-11.8 -5.6 0.1 121 0 1 1
-11.8 -5.1 0.1 136 0 1 1
-11.8 -4.4 0.8 117 0 1 3
-11.8 -4.3 0.8 88 0 1 3
-11.8 -4.2 0.9 98 0 1 3
-11.8 -4.1 0.9 115 0 1 3
-11.8 -3.6 1 100 0 1 3
-11.8 -3.1 0.9 117 0 1 3
-11.7 -16.2 0.2 90 0 1 1
-11.7 -9.3 0.1 127 0 1 1
-11.7 -8.8 0 137 0 1 1
-11.7 -8.4 0 134 0 1 1
-11.7 -7.9 0 131 0 1 1
-11.7 -7.5 0.1 135 0 1 1
-11.7 -7 0.1 124 0 1 1
-11.7 -6.5 0 129 0 1 1
-11.7 -4.5 0.7 120 0 1 3
-11.7 -3.7 1 104 0 1 3
-11.7 -3.1 0.9 127 0 1 3
-11.7 -2.5 0.6 97 0 1 3
-11.7 -2.4 0.1 96 0 1 1
-11.7 -2.4 0.2 141 0 1 3
-11.7 -1.9 0.1 126 0 1 1
-11.7 -1.5 0.1 129 0 1 1
-11.7 -1 0.1 123 0 1 1
-11.6 -13.7 0.2 122 0 1 1
-11.6 -13.3 0.2 122 0 1 1
-11.6 -12.8 0.2 121 0 1 1
-11.6 -12.4 0.2 109 0 1 1
-11.6 -11.9 0.2 113 0 1 1
-11.6 -11.5 0.2 109 0 1 1
-11.6 -11 0.2 101 0 1 1
-11.6 -10.6 0.2 93 0 1 1
-11.6 -10.2 0.1 131 0 1 1
-11.6 -9.7 0.1 127 0 1 1
-11.6 -4.6 0.6 121 0 1 3
-11.6 -4.6 0.7 125 0 1 3
-11.6 -4 0.9 128 0 1 3
-11.6 -2.6 0.8 117 0 1 3
-11.6 -2.5 0.8 115 0 1 3
-11.6 -0.6 0.1 127 0 1 1
-11.6 -0.1 0.1 125 0 1 1
-11.6 0.3 0.1 128 0 1 1
-11.5 -16.4 0.1 91 0 1 1
-11.5 -16.2 0.2 113 0 1 1
-11.5 -15.8 0.2 137 0 1 1
-11.5 -15.3 0.2 131 0 1 1
-11.5 -14.9 0.2 127 0 1 1
-11.5 -14.5 0.2 130 0 1 1
-11.5 -14.1 0.2 142 0 1 1
-11.5 -4.7 0.4 114 0 1 3
-11.5 -4.6 0.5 115 0 1 3
-11.5 -3.1 0.9 130 0 1 3
-11.5 -2.6 0.9 109 0 1 3
-11.5 -2.5 0.8 105 0 1 3
-11.5 -2.4 0.4 101 0 1 3
-11.5 0.8 0.1 130 0 1 1
-11.5 1.2 0 134 0 1 1
-11.5 1.7 0 131 0 1 1
-11.4 -5.1 0.1 125 0 1 1
-11.4 -4.8 0.1 125 0 1 3
-11.4 -4.8 0.2 115 0 1 3
-11.4 -4.7 0.3 120 0 1 3
-11.4 -3.8 1 102 0 1 3
-11.4 -2.6 0.8 106 0 1 3
-11.4 -2.6 0.9 124 0 1 3
-11.4 -2.5 0.3 115 0 1 3
-11.4 -2.5 0.7 109 0 1 3
-11.4 -2.5 0.8 105 0 1 3
-11.3 -7.9 0.1 135 0 1 1
-11.3 -7.4 0.1 135 0 1 1
-11.3 -7 0.1 138 0 1 1
-11.3 -6.5 0.1 135 0 1 1
-11.3 -6 0.1 132 0 1 1
-11.3 -5.5 0.1 122 0 1 1
-11.3 -4.3 0.7 118 0 1 3
-11.3 -4.2 0.7 113 0 1 3
-11.3 -4.1 0.8 123 0 1 3
-11.3 -3.9 0.9 123 0 1 3
-11.3 -3.8 0.9 125 0 1 3
-11.3 -3.5 1 130 0 1 3
-11.3 -2.6 0.6 119 0 1 3
-11.3 -2.6 0.7 114 0 1 3
-11.3 -2.4 0.1 120 0 1 3
-11.3 -1.9 0.1 133 0 1 1
-11.2 -16.7 0.1 99 0 1 1
-11.2 -11.5 0.2 120 0 1 1
-11.2 -11 0.2 115 0 1 1
-11.2 -10.6 0.1 105 0 1 1
-11.2 -10.1 0.1 106 0 1 1
-11.2 -9.7 0.1 120 0 1 1
-11.2 -9.2 0.1 132 0 1 1
-11.2 -8.8 0.1 102 0 1 1
-11.2 -8.3 0.1 114 0 1 1
-11.2 -4.3 0.6 119 0 1 3
-11.2 -3.6 0.9 129 0 1 3
-11.2 -3.6 1 129 0 1 3
-11.2 -3 0.9 145 0 1 3
-11.2 -2.7 0.7 121 0 1 3
-11.2 -2.6 0.4 113 0 1 3
-11.2 -2.5 0.2 114 0 1 3
-11.2 -1.5 0.1 132 0 1 1
-11.2 -1 0.1 129 0 1 1
-11.1 -16.7 0.1 125 0 1 1
-11.1 -16.2 0.1 130 0 1 1
-11.1 -15.8 0.1 135 0 1 1
-11.1 -15.3 0.1 138 0 1 1
-11.1 -14.9 0.1 130 0 1 1
-11.1 -14.5 0.2 131 0 1 1
-11.1 -14.1 0.2 133 0 1 1
-11.1 -13.7 0.2 132 0 1 1
-11.1 -13.2 0.2 131 0 1 1
-11.1 -12.8 0.2 126 0 1 1
-11.1 -12.3 0.2 124 0 1 1
-11.1 -11.9 0.2 119 0 1 1
-11.1 -4.4 0.3 119 0 1 3
-11.1 -4.4 0.4 111 0 1 3
-11.1 -4.1 0.7 132 0 1 3
-11.1 -3 0.9 130 0 1 3
-11.1 -2.9 0.8 133 0 1 3
-11.1 -2.7 0.6 118 0 1 3
-11.1 -2.6 0.5 96 0 1 3
-11.1 -0.6 0.1 127 0 1 1
-11.1 -0.1 0.1 133 0 1 1
-11.1 0.3 0.1 129 0 1 1
-11.1 0.8 0.1 129 0 1 1
-11.1 1.2 0 137 0 1 1
-11 -5 0.1 124 0 1 1
-11 -4.6 0 127 0 1 1
-11 -4.4 0.2 102 0 1 3
-11 -4.4 0.3 123 0 1 3
-11 -4 0.7 132 0 1 3
-11 -3.4 1 137 0 1 3
-11 -2.7 0.5 89 0 1 3
-11 -2.7 0.6 121 0 1 3
-11 -2.6 0.3 89 0 1 3
-11 1.7 0 129 0 1 1
-10.9 -7.4 0.1 133 0 1 1
-10.9 -6.5 0 132 0 1 1
-10.9 -6 0 129 0 1 1
-10.9 -5.5 0.1 128 0 1 1
-10.9 -4 0.6 131 0 1 3
-10.9 -4 0.7 130 0 1 3
-10.9 -3.9 0.7 130 0 1 3
-10.9 -3.8 0.8 133 0 1 3
-10.9 -3.6 0.9 131 0 1 3
-10.9 -3.5 0.9 139 0 1 3
-10.9 -3.4 0.9 138 0 1 3
-10.9 -3.4 1 131 0 1 3
-10.9 -3 0.7 144 0 1 3
-10.9 -2.8 0.6 128 0 1 3
-10.9 -2.7 0.4 111 0 1 3
-10.9 -2.7 0.5 104 0 1 3
-10.9 -2.7 0.6 128 0 1 3
-10.9 -2.6 0.2 71 0 1 3
-10.9 -2.4 0.1 132 0 1 1
-10.9 -1.9 0 135 0 1 1
-10.9 -1.4 0 137 0 1 1
-10.8 -9.7 0.1 121 0 1 1
-10.8 -9.2 0.1 125 0 1 1
-10.8 -8.8 0.1 130 0 1 1
-10.8 -8.3 0.1 108 0 1 1
-10.8 -7.9 0.1 113 0 1 1
-10.8 -6.9 0.1 130 0 1 1
-10.8 -4 0.5 121 0 1 3
-10.8 -3.9 0.6 133 0 1 3
-10.8 -3.8 0.7 134 0 1 3
-10.8 -3.5 0.8 140 0 1 3
-10.8 -3.4 0.8 135 0 1 3
-10.8 -3 0.6 141 0 1 3
-10.8 -2.8 0.5 117 0 1 3
-10.8 -2.7 0.3 93 0 1 3
-10.8 -2.7 0.4 109 0 1 3
-10.8 -1 0 131 0 1 1
-10.7 -13.6 0.2 138 0 1 1
-10.7 -13.2 0.2 144 0 1 1
-10.7 -12.7 0.2 143 0 1 1
-10.7 -12.3 0.2 126 0 1 1
-10.7 -11.9 0.2 123 0 1 1
-10.7 -11.4 0.2 122 0 1 1
-10.7 -11 0.1 121 0 1 1
-10.7 -10.5 0.2 118 0 1 1
-10.7 -10.1 0.1 119 0 1 1
-10.7 -4.1 0.3 125 0 1 3
-10.7 -4 0.4 132 0 1 3
-10.7 -3.8 0.5 127 0 1 3
-10.7 -3.8 0.6 125 0 1 3
-10.7 -3.6 0.6 138 0 1 3
-10.7 -3.3 0.7 146 0 1 3
-10.7 -3 0.5 148 0 1 3
-10.7 -2.8 0.3 113 0 1 3
-10.7 -2.8 0.4 127 0 1 3
-10.7 -2.8 0.5 108 0 1 3
-10.7 -2.7 0.1 115 0 1 3
-10.7 -0.5 0.1 130 0 1 1
-10.7 -0.1 0.1 126 0 1 1
-10.6 -17 0.1 105 0 1 1
-10.6 -16.7 0.1 128 0 1 1
-10.6 -16.2 0.1 131 0 1 1
-10.6 -15.8 0.1 137 0 1 1
-10.6 -15.3 0.1 141 0 1 1
-10.6 -14.9 0.2 140 0 1 1
-10.6 -14.5 0.1 143 0 1 1
-10.6 -14.1 0.2 140 0 1 1
-10.6 -5.5 0.1 131 0 1 1
-10.6 -5 0.1 128 0 1 1
-10.6 -4.5 0 125 0 1 1
-10.6 -4.1 0.2 111 0 1 3
-10.6 -4.1 0.3 127 0 1 3
-10.6 -4 0.3 124 0 1 3
-10.6 -3.9 0.4 125 0 1 3
-10.6 -3.8 0.4 123 0 1 3
-10.6 -3.5 0.5 144 0 1 3
-10.6 -3.4 0.5 136 0 1 3
-10.6 -3.2 0.5 143 0 1 3
-10.6 -3.2 0.6 149 0 1 3
-10.6 -3 0.5 141 0 1 3
-10.6 -2.9 0.4 137 0 1 3
-10.6 0.3 0.1 132 0 1 1
-10.6 0.8 0.1 136 0 1 1
-10.6 1.2 0 131 0 1 1
-10.5 -6 0 130 0 1 1
-10.5 -4.1 0.1 132 0 1 3
-10.5 -3.9 0.3 131 0 1 3
-10.5 -3.5 0.3 128 0 1 3
-10.5 -3.1 0.4 130 0 1 3
-10.5 -2.9 0.3 110 0 1 3
-10.5 -2.8 0.2 105 0 1 3
-10.5 -2.7 0 130 0 1 1
-10.5 -2.3 0 134 0 1 1
-10.5 -1.8 0 133 0 1 1
-10.5 -1.4 0 135 0 1 1
-10.4 -17.1 0.2 116 0 1 1
-10.4 -7.8 0.1 109 0 1 1
-10.4 -7.3 0.1 116 0 1 1
-10.4 -6.9 0.1 131 0 1 1
-10.4 -6.4 0 128 0 1 1
-10.4 -4 0 108 0 1 3
-10.4 -3.9 0.1 137 0 1 3
-10.4 -3.6 0.1 117 0 1 3
-10.4 -3.4 0.2 132 0 1 3
-10.4 -3 0.3 135 0 1 3
-10.4 -3 0.4 125 0 1 3
-10.4 -2.9 0.2 103 0 1 3
-10.4 -1 0 129 0 1 1
-10.3 -10.5 0.2 139 0 1 1
-10.3 -10.1 0.1 113 0 1 1
-10.3 -9.6 0.1 112 0 1 1
-10.3 -9.2 0.1 110 0 1 1
-10.3 -8.7 0.1 110 0 1 1
-10.3 -8.3 0.1 110 0 1 1
-10.3 -4 0 121 0 1 3
-10.3 -3.7 0 125 0 1 3
-10.3 -3.2 0.1 130 0 1 3
-10.3 -3 0 107 0 1 3
-10.3 -3 0.1 117 0 1 3
-10.3 -3 0.2 135 0 1 3
-10.3 -2.9 0 123 0 1 3
-10.3 -2.9 0.1 113 0 1 3
-10.3 -0.5 0 130 0 1 1
-10.2 -17.2 0.2 96 0 1 1
-10.2 -17.1 0.2 105 0 1 1
-10.2 -16.7 0.2 135 0 1 1
-10.2 -16.2 0.1 129 0 1 1
-10.2 -15.8 0.1 139 0 1 1
-10.2 -15.4 0.2 137 0 1 1
-10.2 -14.9 0.2 140 0 1 1
-10.2 -14.5 0.2 139 0 1 1
-10.2 -14.1 0.2 129 0 1 1
-10.2 -13.6 0.2 135 0 1 1
-10.2 -13.2 0.2 139 0 1 1
-10.2 -12.7 0.2 139 0 1 1
-10.2 -12.3 0.2 159 0 1 1
-10.2 -11.9 0.2 141 0 1 1
-10.2 -11.4 0.2 131 0 1 1
-10.2 -11 0.2 134 0 1 1
-10.2 -5.4 0 131 0 1 1
-10.2 -4.9 0 133 0 1 1
-10.2 -4.4 0 132 0 1 1
-10.2 -4 0 130 0 1 1
-10.2 -3.6 0 128 0 1 1
-10.2 -0.1 0 121 0 1 1
-10.2 0.3 0.1 123 0 1 1
-10.2 0.8 0.1 126 0 1 1
-10.2 1.2 0 131 0 1 1
-10.1 -5.9 0 130 0 1 1
-10.1 -3.1 0 132 0 1 1
-10.1 -2.7 0 136 0 1 1
-10.1 -2.2 0 129 0 1 1
-10.1 -1.8 -0.1 134 0 1 1
-10.1 -1.3 -0.1 131 0 1 1
-10 -6.4 0.1 128 0 1 1
-10 -0.9 -0.1 130 0 1 1
-9.9 -7.8 0.1 116 0 1 1
-9.9 -7.3 0.1 125 0 1 1
-9.9 -6.9 0.1 127 0 1 1
-9.9 -0.5 0 131 0 1 1
-9.8 -15.8 0.1 134 0 1 1
-9.8 -15.4 0.2 136 0 1 1
-9.8 -14.9 0.2 135 0 1 1
-9.8 -14.5 0.2 134 0 1 1
-9.8 -14 0.2 122 0 1 1
-9.8 -13.6 0.2 121 0 1 1
-9.8 -13.2 0.2 128 0 1 1
-9.8 -12.7 0.2 138 0 1 1
-9.8 -12.3 0.2 121 0 1 1
-9.8 -11.8 0.2 100 0 1 1
-9.8 -11.4 0.2 115 0 1 1
-9.8 -10.9 0.2 106 0 1 1
-9.8 -10.5 0.2 103 0 1 1
-9.8 -10.1 0.1 111 0 1 1
-9.8 -9.6 0.1 101 0 1 1
-9.8 -9.2 0.1 118 0 1 1
-9.8 -8.7 0.1 125 0 1 1
-9.8 -8.2 0.1 124 0 1 1
-9.8 -0.1 0 97 0 1 1
-9.7 -17.4 0.1 86 0 1 1
-9.7 -17.1 0.2 129 0 1 1
-9.7 -16.7 0.2 126 0 1 1
-9.7 -16.2 0.1 130 0 1 1
-9.7 -5.4 0.1 130 0 1 1
-9.7 -4.9 0.1 136 0 1 1
-9.7 -4.4 0 132 0 1 1
-9.7 -4 -0.1 128 0 1 1
-9.7 -3.6 0 131 0 1 1
-9.7 -3.1 0 134 0 1 1
-9.7 -2.7 0 133 0 1 1
-9.7 0.8 0 115 0 1 1
-9.7 1.2 0 114 0 1 1
-9.6 -5.9 0.1 126 0 1 1
-9.6 -2.2 -0.1 131 0 1 1
-9.6 -1.8 -0.1 140 0 1 1
-9.6 -1.3 -0.1 138 0 1 1
-9.6 -0.9 -0.1 134 0 1 1
-9.5 -17.6 0.1 108 0 1 1
-9.5 -6.4 0.1 129 0 1 1
-9.5 -0.5 -0.1 145 0 1 1
-9.4 -11.8 0.2 122 0 1 1
-9.4 -11.4 0.2 121 0 1 1
-9.4 -10.9 0.2 130 0 1 1
-9.4 -10.5 0.2 115 0 1 1
-9.4 -10 0.2 114 0 1 1
-9.4 -9.6 0.1 109 0 1 1
-9.4 -9.2 0.1 122 0 1 1
-9.4 -8.7 0.1 122 0 1 1
-9.4 -8.2 0.1 122 0 1 1
-9.4 -7.8 0.1 127 0 1 1
-9.4 -7.3 0.1 131 0 1 1
-9.4 -6.8 0.1 131 0 1 1
-9.3 -17.7 0.1 114 0 1 1
-9.3 -17.6 0.1 124 0 1 1
-9.3 -17.1 0.1 127 0 1 1
-9.3 -16.7 0.1 127 0 1 1
-9.3 -16.2 0.1 134 0 1 1
-9.3 -15.8 0.1 134 0 1 1
-9.3 -15.4 0.1 140 0 1 1
-9.3 -14.9 0.1 147 0 1 1
-9.3 -14.5 0.1 140 0 1 1
-9.3 -14 0.1 140 0 1 1
-9.3 -13.6 0.1 142 0 1 1
-9.3 -13.1 0.2 133 0 1 1
-9.3 -12.7 0.2 131 0 1 1
-9.3 -12.3 0.2 136 0 1 1
-9.3 0.8 0 121 0 1 1
-9.3 1.2 0 118 0 1 1
-9.2 -5.9 -0.1 135 0 1 1
-9.2 -5.4 -0.1 141 0 1 1
-9.2 -4.9 -0.1 137 0 1 1
-9.2 -4.4 -0.2 136 0 1 1
-9.2 -4 -0.1 132 0 1 1
-9.2 -3.6 0 123 0 1 1
-9.2 -3.1 0 129 0 1 1
-9.2 -2.7 -0.1 139 0 1 1
-9.2 -2.2 -0.1 129 0 1 1
-9.2 -1.8 -0.1 137 0 1 1
-9.2 -1.3 -0.2 125 0 1 1
-9.1 -0.9 -0.1 141 0 1 1
-9 -6.4 0 136 0 1 1
-9 -0.5 -0.1 137 0 1 1
-9 0.2 0.2 130 0 1 2
-9 0.4 0.2 111 0 1 2
-8.9 -17.9 0.1 99 0 1 1
-8.9 -17.6 0.1 120 0 1 1
-8.9 -14.5 0.1 144 0 1 1
-8.9 -14 0.1 147 0 1 1
-8.9 -13.5 0.1 148 0 1 1
-8.9 -13.1 0.2 135 0 1 1
-8.9 -12.7 0.2 137 0 1 1
-8.9 -12.2 0.2 142 0 1 1
-8.9 -11.8 0.2 141 0 1 1
-8.9 -11.3 0.2 128 0 1 1
-8.9 -10.9 0.2 129 0 1 1
-8.9 -10.4 0.2 125 0 1 1
-8.9 -10 0.2 108 0 1 1
-8.9 -9.5 0.2 113 0 1 1
-8.9 -9.1 0.1 117 0 1 1
-8.9 -8.7 0 130 0 1 1
-8.9 -8.2 0 130 0 1 1
-8.9 -7.8 0 135 0 1 1
-8.9 -7.3 -0.1 137 0 1 1
-8.9 -6.8 -0.1 130 0 1 1
-8.9 0.3 0.3 116 0 1 2
-8.9 0.5 0.2 123 0 1 2
-8.9 0.6 0.2 117 0 1 2
-8.8 -17.1 0.1 126 0 1 1
-8.8 -16.7 0.1 117 0 1 1
-8.8 -16.2 0.1 127 0 1 1
-8.8 -15.8 0.1 129 0 1 1
-8.8 -15.4 0.1 140 0 1 1
-8.8 -14.9 0.1 144 0 1 1
-8.8 -5.4 -0.6 117 0 1 1
-8.8 -4.9 -0.6 109 0 1 1
-8.8 -4.4 -0.5 112 0 1 1
-8.8 -0.1 0.1 117 0 1 2
-8.8 -0.1 0.2 115 0 1 2
-8.8 0 0.3 129 0 1 2
-8.8 0.1 0.3 119 0 1 2
-8.8 0.3 0.3 126 0 1 2
-8.8 0.5 0.2 139 0 1 2
-8.8 0.6 0.1 120 0 1 2
-8.8 0.8 -0.1 127 0 1 1
-8.8 1.3 0 122 0 1 1
-8.7 -18 0.1 109 0 1 1
-8.7 -5.9 -0.6 118 0 1 1
-8.7 -4 -0.2 119 0 1 1
-8.7 -3.5 0 130 0 1 1
-8.7 -3.1 0 126 0 1 1
-8.7 -2.7 -0.1 130 0 1 1
-8.7 -2.2 -0.1 122 0 1 1
-8.7 -1.8 -0.1 137 0 1 1
-8.7 -1.3 -0.2 137 0 1 1
-8.7 0.1 0.3 128 0 1 2
-8.7 0.5 0.1 132 0 1 2
-8.7 0.6 0.1 123 0 1 2
-8.6 -0.9 -0.1 139 0 1 1
-8.6 -0.2 0 123 0 1 2
-8.6 0 0.2 114 0 1 2
-8.6 0.1 0.2 130 0 1 2
-8.6 0.6 0.1 129 0 1 2
-8.5 -6.4 -0.5 127 0 1 1
-8.5 -0.5 -0.1 139 0 1 1
-8.5 0.3 0.1 118 0 1 2
-8.5 0.6 0 126 0 1 2
-8.4 -18.1 0.1 111 0 1 1
-8.4 -18 0.1 111 0 1 1
-8.4 -17.5 0.1 114 0 1 1
-8.4 -17.1 0.1 118 0 1 1
-8.4 -16.7 0.1 121 0 1 1
-8.4 -16.2 0.1 118 0 1 1
-8.4 -15.3 0.1 127 0 1 1
-8.4 -14.9 0.1 133 0 1 1
-8.4 -13.5 0.1 147 0 1 1
-8.4 -13.1 0.1 138 0 1 1
-8.4 -12.6 0.1 128 0 1 1
-8.4 -12.2 0.2 131 0 1 1
-8.4 -11.7 0.2 144 0 1 1
-8.4 -11.3 0.2 130 0 1 1
-8.4 -10.9 0.2 117 0 1 1
-8.4 -10.4 0.1 135 0 1 1
-8.4 -9.9 0.1 128 0 1 1
-8.4 -9.5 0.1 116 0 1 1
-8.4 -9.1 -0.3 122 0 1 1
-8.4 -8.7 -0.5 112 0 1 1
-8.4 -8.3 -0.5 127 0 1 1
-8.4 -7.8 -0.5 122 0 1 1
-8.4 -7.4 -0.6 117 0 1 1
-8.4 -6.9 -0.5 127 0 1 1
-8.4 -5 -0.8 113 0 1 4
-8.4 -0.1 -0.1 108 0 1 2
-8.4 0 0.1 104 0 1 2
-8.4 0.6 -0.1 136 0 1 2
-8.4 0.8 -0.1 145 0 1 1
-8.4 1.3 -0.1 155 0 1 1
-8.3 -15.8 0.1 114 0 1 1
-8.3 -5.9 -0.8 109 0 1 4
-8.3 -5.4 -0.8 103 0 1 4
-8.3 -4 -0.3 111 0 1 1
-8.3 -3.5 -0.1 120 0 1 1
-8.3 -3.1 -0.1 138 0 1 1
-8.3 -2.6 -0.1 134 0 1 1
-8.3 -2.2 -0.1 134 0 1 1
-8.3 -0.1 -0.1 119 0 1 2
-8.3 0.1 0 124 0 1 2
-8.3 0.2 0 118 0 1 2
-8.3 0.3 -0.1 127 0 1 2
-8.2 -1.3 -0.2 141 0 1 1
-8.1 -6.4 -0.8 108 0 1 4
-8.1 -0.9 -0.1 137 0 1 1
-8.1 -0.4 -0.1 147 0 1 1
-8 -18.4 0.1 85 0 1 1
-8 -17.9 0.1 123 0 1 1
-8 -17.5 0 121 0 1 1
-8 -17.1 0.1 121 0 1 1
-8 -14.4 0.1 127 0 1 1
-8 -12.6 0.2 127 0 1 1
-8 -12.2 0.2 120 0 1 1
-8 -11.7 0.2 117 0 1 1
-8 -11.3 0.1 142 0 1 1
-8 -10.8 0.1 139 0 1 1
-8 -10.4 0.1 127 0 1 1
-8 -9.9 0.1 148 0 1 1
-8 -9.5 0 122 0 1 1
-8 -9.1 -0.5 108 0 1 1
-8 -8.7 -0.7 114 0 1 4
-8 -8.3 -0.8 116 0 1 4
-8 -7.8 -0.8 109 0 1 4
-8 -7.4 -0.8 112 0 1 4
-8 -6.9 -0.8 112 0 1 4
-8 0 -0.1 127 0 1 1
-8 0.4 -0.1 117 0 1 1
-7.9 -16.6 0.1 124 0 1 1
-7.9 -16.2 0.1 121 0 1 1
-7.9 -15.7 0.1 110 0 1 1
-7.9 -15.3 0.1 125 0 1 1
-7.9 -14.8 0.1 133 0 1 1
-7.9 -5.4 -0.8 109 0 1 4
-7.9 -4.9 -0.8 106 0 1 4
-7.9 -4.4 -0.6 119 0 1 1
-7.9 0.8 -0.1 113 0 1 1
-7.8 -5.9 -0.8 112 0 1 4
-7.8 -3.9 -0.3 114 0 1 1
-7.8 -3.5 -0.1 134 0 1 1
-7.8 -3.1 -0.1 134 0 1 1
-7.8 -2.6 -0.1 140 0 1 1
-7.8 -2.2 -0.2 141 0 1 1
-7.7 -18.5 0.1 92 0 1 1
-7.7 -1.2 -0.2 134 0 1 1
-7.7 -0.8 -0.1 126 0 1 1
-7.6 -18.6 0.1 111 0 1 1
-7.6 -18.4 0.1 115 0 1 1
-7.6 -17.9 0.1 113 0 1 1
-7.6 -17.5 0.1 124 0 1 1
-7.6 -9.5 -0.1 129 0 1 1
-7.6 -9.1 -0.5 114 0 1 1
-7.6 -8.7 -0.8 114 0 1 4
-7.6 -8.2 -0.8 114 0 1 4
-7.6 -6.4 -0.8 110 0 1 4
-7.6 -0.4 -0.1 135 0 1 1
-7.6 0 -0.1 137 0 1 1
-7.5 -17.1 0.1 123 0 1 1
-7.5 -16.6 0.1 130 0 1 1
-7.5 -16.2 0.1 135 0 1 1
-7.5 -15.7 0.1 121 0 1 1
-7.5 -15.3 0.1 130 0 1 1
-7.5 -14.8 0.1 105 0 1 1
-7.5 -14.4 0.1 110 0 1 1
-7.5 -13.9 0.1 120 0 1 1
-7.5 -13.5 0.1 122 0 1 1
-7.5 -12.1 0.3 111 0 1 2
-7.5 -12 0.2 116 0 1 2
-7.5 -11.9 0.2 117 0 1 2
-7.5 -11.7 0.1 141 0 1 1
-7.5 -11.2 0.1 140 0 1 1
-7.5 -10.8 0.1 125 0 1 1
-7.5 -10.3 0.1 141 0 1 1
-7.5 -9.9 0.1 147 0 1 1
-7.5 -7.7 -0.8 109 0 1 4
-7.5 -7.3 -0.8 107 0 1 4
-7.5 -6.8 -0.8 107 0 1 4
-7.5 -1.5 0 100 0 1 2
-7.5 -1.4 -0.1 129 0 1 2
-7.5 -1.3 -0.1 117 0 1 2
-7.5 0.4 -0.1 129 0 1 1
-7.5 0.9 -0.1 114 0 1 1
-7.5 1.1 -0.1 108 0 1 3
-7.4 -12 0.3 124 0 1 2
-7.4 -12 0.4 130 0 1 2
-7.4 -5.4 -0.8 110 0 1 4
-7.4 -4.9 -0.8 108 0 1 4
-7.4 -4.4 -0.6 106 0 1 1
-7.4 -3.9 -0.3 107 0 1 1
-7.4 -1.6 0.1 114 0 1 2
-7.4 -1.5 0 124 0 1 2
-7.3 -5.9 -0.8 107 0 1 4
-7.3 -3.5 -0.1 131 0 1 1
-7.3 -3 -0.1 137 0 1 1
-7.3 -2.6 -0.1 136 0 1 1
-7.3 -2.1 -0.2 138 0 1 1
-7.3 -1.8 0.1 135 0 1 2
-7.3 -1.7 0.2 139 0 1 2
-7.3 1.1 0 66 0 1 3
-7.2 -12.1 0.5 128 0 1 2
-7.2 -11.8 0.2 95 0 1 2
-7.2 -6.3 -0.8 108 0 1 4
-7.2 -1.6 0.2 142 0 1 2
-7.2 -1.3 0 102 0 1 2
-7.2 -1.2 -0.2 112 0 1 1
-7.2 -0.8 -0.1 138 0 1 1
-7.2 1 -0.1 42 0 1 3
-7.1 -18.7 0 110 0 1 1
-7.1 -18.4 0.1 109 0 1 1
-7.1 -17.9 0.1 109 0 1 1
-7.1 -17.5 0.1 106 0 1 1
-7.1 -17.1 0.1 116 0 1 1
-7.1 -16.2 0.1 137 0 1 1
-7.1 -15.2 0.1 129 0 1 1
-7.1 -13.9 0.1 127 0 1 1
-7.1 -13.5 0.1 134 0 1 1
-7.1 -13 0.1 135 0 1 1
-7.1 -12.2 0.4 134 0 1 2
-7.1 -11.6 0.1 141 0 1 2
-7.1 -11.2 0.1 140 0 1 1
-7.1 -10.8 0.1 133 0 1 1
-7.1 -10.3 0.1 117 0 1 1
-7.1 -9.9 0.1 134 0 1 1
-7.1 -9.5 -0.1 123 0 1 1
-7.1 -9.1 -0.5 102 0 1 1
-7.1 -8.7 -0.8 97 0 1 4
-7.1 -8.2 -0.8 111 0 1 4
-7.1 -7.7 -0.8 110 0 1 4
-7.1 -7.3 -0.8 107 0 1 4
-7.1 -6.8 -0.8 98 0 1 4
-7.1 -1.8 0.1 117 0 1 2
-7.1 -1.1 -0.2 115 0 1 2
-7.1 -0.4 0 126 0 1 1
-7.1 0 -0.1 145 0 1 1
-7.1 1.1 0 42 0 1 3
-7.1 1.1 0.1 64 0 1 3
-7 -16.6 0.1 122 0 1 1
-7 -15.7 0.1 131 0 1 1
-7 -14.8 0.1 116 0 1 1
-7 -14.4 0.1 123 0 1 1
-7 -12.1 0.4 133 0 1 2
-7 -11.9 0.4 116 0 1 2
-7 -11.6 0.2 99 0 1 2
-7 -1.8 0.1 109 0 1 2
-7 -1.6 0.2 131 0 1 2
-7 -1.5 0.1 123 0 1 2
-7 -1.5 0.2 120 0 1 2
-7 -1.4 0.1 128 0 1 2
-7 -1.1 -0.1 107 0 1 2
-7 0.5 -0.1 130 0 1 1
-7 0.9 -0.1 125 0 1 1
-7 1 -0.1 51 0 1 3
-7 1.1 0.1 58 0 1 3
-7 1.1 0.2 144 0 1 3
-6.9 -12.2 0.3 118 0 1 2
-6.9 -12.1 0.4 132 0 1 2
-6.9 -11.9 0.4 126 0 1 2
-6.9 -11.7 0.2 103 0 1 2
-6.9 -11.6 0.2 100 0 1 2
-6.9 -5.8 -0.8 110 0 1 4
-6.9 -5.4 -0.8 114 0 1 4
-6.9 -4.9 -0.8 116 0 1 4
-6.9 -4.4 -0.7 118 0 1 1
-6.9 -3.9 -0.3 119 0 1 1
-6.9 -3.4 -0.1 123 0 1 1
-6.9 -3 -0.1 140 0 1 1
-6.9 -2.5 -0.2 136 0 1 1
-6.9 -2 -0.2 144 0 1 1
-6.9 -1.8 0 117 0 1 2
-6.9 -1.7 0.1 109 0 1 2
-6.9 -1.6 0.1 136 0 1 2
-6.9 -1.4 0.1 116 0 1 2
-6.9 -1.2 0 119 0 1 2
-6.9 -1.1 -0.1 116 0 1 2
-6.9 1.1 0 62 0 1 3
-6.9 1.1 0.1 55 0 1 3
-6.9 1.1 0.2 63 0 1 3
-6.8 -18.8 0.1 82 0 1 1
-6.8 -12.3 0.2 133 0 1 2
-6.8 -12.2 0.3 108 0 1 2
-6.8 -12.1 0.3 126 0 1 2
-6.8 -12.1 0.4 124 0 1 2
-6.8 -11.6 0.1 127 0 1 2
-6.8 -1.8 -0.1 126 0 1 2
-6.8 -1.7 0 98 0 1 2
-6.8 -1.6 0 124 0 1 2
-6.8 -1.6 0.1 122 0 1 2
-6.8 -1.2 -0.2 135 0 1 2
-6.8 -1.1 -0.2 126 0 1 1
-6.7 -18.8 0.1 115 0 1 1
-6.7 -18.3 0.1 113 0 1 1
-6.7 -17.9 0.1 109 0 1 1
-6.7 -17.5 0.1 125 0 1 1
-6.7 -17 0.1 119 0 1 1
-6.7 -11.9 0.1 117 0 1 2
-6.7 -11.7 0.1 122 0 1 2
-6.7 -10.7 0.1 116 0 1 1
-6.7 -10.3 0.1 114 0 1 1
-6.7 -9.8 0.1 132 0 1 1
-6.7 -9.4 -0.1 116 0 1 1
-6.7 -9 -0.5 94 0 1 1
-6.7 -8.6 -0.8 102 0 1 4
-6.7 -8.2 -0.8 106 0 1 4
-6.7 -7.7 -0.8 105 0 1 4
-6.7 -7.2 -0.8 97 0 1 4
-6.7 -6.8 -0.8 101 0 1 4
-6.7 -6.3 -0.8 107 0 1 4
-6.7 -1.4 -0.2 110 0 1 2
-6.7 -1.4 -0.1 116 0 1 2
-6.7 -1.2 -0.2 117 0 1 2
-6.7 -0.7 -0.2 133 0 1 1
-6.7 -0.3 -0.1 127 0 1 1
-6.6 -16.6 0.1 133 0 1 1
-6.6 -16.1 0.1 131 0 1 1
-6.6 -15.7 0.1 117 0 1 1
-6.6 -15.2 0.1 123 0 1 1
-6.6 -14.8 0.1 126 0 1 1
-6.6 -14.3 0.1 94 0 1 1
-6.6 -13.9 0.1 115 0 1 1
-6.6 -13.4 0.1 120 0 1 1
-6.6 -13 0.2 128 0 1 1
-6.6 -12.5 0.1 130 0 1 1
-6.6 -12.1 0.1 130 0 1 1
-6.6 -11.6 0.1 125 0 1 1
-6.6 -11.2 0.1 126 0 1 1
-6.6 0.1 -0.1 119 0 1 1
-6.6 0.6 -0.2 131 0 1 1
-6.6 1 -0.2 127 0 1 1
-6.5 -5.3 -0.9 114 0 1 4
-6.5 -4.8 -0.9 113 0 1 4
-6.5 -4.3 -0.7 118 0 1 1
-6.4 -5.8 -0.8 102 0 1 4
-6.4 -3.8 -0.3 128 0 1 1
-6.4 -3.4 -0.1 127 0 1 1
-6.4 -2.9 -0.1 126 0 1 1
-6.4 -2.5 -0.2 134 0 1 1
-6.4 -2 -0.2 134 0 1 1
-6.4 -1.5 -0.3 141 0 1 1
-6.3 -19 0.1 79 0 1 1
-6.3 -18.8 0.1 122 0 1 1
-6.3 -18.3 0.1 123 0 1 1
-6.3 -17.9 0.1 128 0 1 1
-6.3 -17.5 0.1 138 0 1 1
-6.3 -17 0.1 140 0 1 1
-6.3 -9.4 0 110 0 1 1
-6.3 -9 -0.4 96 0 1 1
-6.3 -8.6 -0.7 107 0 1 1
-6.3 -7.7 -0.8 102 0 1 4
-6.3 -6.8 -0.8 95 0 1 4
-6.3 -6.3 -0.8 95 0 1 4
-6.3 -1.1 -0.3 133 0 1 1
-6.3 -0.7 -0.2 128 0 1 1
-6.3 -0.2 -0.1 134 0 1 1
-6.2 -16.5 0.1 122 0 1 1
-6.2 -16.1 0.1 129 0 1 1
-6.2 -15.6 0.1 135 0 1 1
-6.2 -15.2 0.1 139 0 1 1
-6.2 -14.8 0.1 126 0 1 1
-6.2 -14.3 0.1 111 0 1 1
-6.2 -13.8 0.1 118 0 1 1
-6.2 -13.4 0.1 118 0 1 1
-6.2 -13 0.2 120 0 1 1
-6.2 -12.6 0.1 123 0 1 1
-6.2 -12.1 0.1 125 0 1 1
-6.2 -11.6 0.1 124 0 1 1
-6.2 -11.2 0.1 125 0 1 1
-6.2 -10.7 0.1 127 0 1 1
-6.2 -10.3 0.1 121 0 1 1
-6.2 -9.8 0.1 116 0 1 1
-6.2 -8.1 -0.8 110 0 1 4
-6.2 -7.2 -0.8 85 0 1 4
-6.2 0.2 -0.1 147 0 1 1
-6.2 0.6 -0.2 129 0 1 1
-6 -5.8 -0.9 107 0 1 4
-6 -5.3 -0.9 114 0 1 4
-6 -3.8 -0.4 126 0 1 1
-6 -2.9 -0.1 129 0 1 1
-6 -2.4 -0.1 127 0 1 1
-6 -2 -0.2 132 0 1 1
-5.9 -19.1 0 105 0 1 1
-5.9 -18.8 0.1 122 0 1 1
-5.9 -17.9 0.1 132 0 1 1
-5.9 -17.4 0.1 133 0 1 1
-5.9 -17 0.1 127 0 1 1
-5.9 -16.5 0.1 125 0 1 1
-5.9 -6.2 -0.8 99 0 1 4
-5.9 -3.3 -0.1 129 0 1 1
-5.9 -1.5 -0.2 131 0 1 1
-5.9 -1.1 -0.2 135 0 1 1
-5.8 -18.3 0 120 0 1 1
-5.8 -16.1 0.1 113 0 1 1
-5.8 -15.6 0.1 119 0 1 1
-5.8 -15.2 0 123 0 1 1
-5.8 -14.8 0 114 0 1 1
-5.8 -14.3 0.1 108 0 1 1
-5.8 -13.9 0.1 114 0 1 1
-5.8 -13.4 0.1 110 0 1 1
-5.8 -13 0.1 113 0 1 1
-5.8 -12.6 0.1 123 0 1 1
-5.8 -12.1 0.1 126 0 1 1
-5.8 -11.7 0.1 135 0 1 1
-5.8 -11.2 0.1 119 0 1 1
-5.8 -10.7 0.1 120 0 1 1
-5.8 -10.3 0.1 108 0 1 1
-5.8 -9.8 0.1 117 0 1 1
-5.8 -9.3 0 130 0 1 1
-5.8 -8.9 -0.3 73 0 1 1
-5.8 -8.5 -0.5 62 0 1 1
-5.8 -8 -0.5 100 0 1 4
-5.8 -7.6 -0.8 125 0 1 4
-5.8 -7.2 -0.8 95 0 1 4
-5.8 -6.7 -0.8 88 0 1 4
-5.8 -0.7 -0.2 132 0 1 1
-5.8 -0.2 -0.2 135 0 1 1
-5.7 0.2 -0.2 131 0 1 1
-5.7 0.6 -0.2 130 0 1 1
-5.5 -5.7 -0.9 109 0 1 4
-5.5 -5.2 -0.9 119 0 1 4
-5.5 -3.8 -0.3 115 0 1 1
-5.5 -3.3 0 130 0 1 1
-5.5 -2.8 0 126 0 1 1
-5.5 -2.4 0 123 0 1 1
-5.5 -2 -0.1 129 0 1 1
-5.5 -1.5 -0.1 129 0 1 1
-5.4 -19.2 0 104 0 1 1
-5.4 -18.8 0 147 0 1 1
-5.4 -18.3 0 148 0 1 1
-5.4 -17.9 0.1 141 0 1 1
-5.4 -17.4 0.1 140 0 1 1
-5.4 -17 0.1 142 0 1 1
-5.4 -16.5 0.1 135 0 1 1
-5.4 -16.1 0.1 126 0 1 1
-5.4 -15.6 0 127 0 1 1
-5.4 -15.2 0.1 113 0 1 1
-5.4 -14.8 0 124 0 1 1
-5.4 -14.3 0.1 119 0 1 1
-5.4 -13.9 0.1 118 0 1 1
-5.4 -12.6 0.1 122 0 1 1
-5.4 -6.2 -0.9 95 0 1 4
-5.4 -1.1 -0.2 131 0 1 1
-5.3 -13.5 0.1 119 0 1 1
-5.3 -13 0.1 122 0 1 1
-5.3 -12.1 0.2 123 0 1 1
-5.3 -11.7 0.1 121 0 1 1
-5.3 -11.2 0.1 117 0 1 1
-5.3 -10.7 0.1 122 0 1 1
-5.3 -10.3 0.1 115 0 1 1
-5.3 -9.8 0.1 118 0 1 1
-5.3 -9.3 0.1 128 0 1 1
-5.3 -8.9 0 109 0 1 1
-5.3 -8.4 -0.1 77 0 1 1
-5.3 -8 -0.5 49 0 1 1
-5.3 -7.6 -0.8 69 0 1 4
-5.3 -7.2 -0.8 110 0 1 4
-5.3 -6.7 -0.9 78 0 1 4
-5.3 -0.7 -0.2 135 0 1 1
-5.2 -0.3 -0.2 135 0 1 1
-5.2 0.2 -0.2 138 0 1 1
-5.2 0.6 -0.2 132 0 1 1
-5 -19.3 0 97 0 1 1
-5 -19.2 0 148 0 1 1
-5 -18.8 0 144 0 1 1
-5 -18.3 0 147 0 1 1
-5 -17 0.1 148 0 1 1
-5 -16.5 0.1 145 0 1 1
-5 -16.1 0.1 139 0 1 1
-5 -3.2 0 120 0 1 1
-5 -2.8 0 127 0 1 1
-5 -2.3 0 136 0 1 1
-5 -1.9 -0.1 136 0 1 1
-4.9 -17.9 0.1 142 0 1 1
-4.9 -17.4 0.1 137 0 1 1
-4.9 -15.6 0.1 130 0 1 1
-4.9 -15.2 0.1 130 0 1 1
-4.9 -14.7 0.1 127 0 1 1
-4.9 -14.3 0.1 125 0 1 1
-4.9 -13.9 0.1 124 0 1 1
-4.9 -13.5 0.1 123 0 1 1
-4.9 -13 0.1 123 0 1 1
-4.9 -12.6 0.2 125 0 1 1
-4.9 -12.1 0.2 122 0 1 1
-4.9 -11.6 0.2 128 0 1 1
-4.9 -11.2 0.2 128 0 1 1
-4.9 -10.7 0.1 131 0 1 1
-4.9 -10.2 0.1 133 0 1 1
-4.9 -9.8 0.1 138 0 1 1
-4.9 -9.3 0.1 137 0 1 1
-4.9 -8 -0.4 90 0 1 1
-4.9 -1.5 -0.1 132 0 1 1
-4.9 -1.1 -0.2 131 0 1 1
-4.8 -8.8 0.1 122 0 1 1
-4.8 -8.4 0 98 0 1 1
-4.8 -7.5 -0.5 63 0 1 1
-4.8 -0.7 -0.2 137 0 1 1
-4.7 -0.3 -0.2 132 0 1 1
-4.7 0.2 -0.2 130 0 1 1
-4.7 0.7 -0.2 127 0 1 1
-4.6 -19.5 0 126 0 1 1
-4.6 -19.2 0 135 0 1 1
-4.6 -18.8 0 145 0 1 1
-4.5 -18.3 0 147 0 1 1
-4.5 -17.8 0.1 151 0 1 1
-4.5 -17.4 0.1 149 0 1 1
-4.5 -17 0.1 144 0 1 1
-4.5 -16.5 0.1 150 0 1 1
-4.5 -16.1 0 141 0 1 1
-4.5 -15.6 0 135 0 1 1
-4.5 -15.2 0 131 0 1 1
-4.5 -14.7 0.1 136 0 1 1
-4.5 -14.3 0.1 128 0 1 1
-4.5 -13.9 0.1 127 0 1 1
-4.5 -13.4 0.1 126 0 1 1
-4.5 -13 0.1 121 0 1 1
-4.5 -12.6 0.2 125 0 1 1
-4.5 -12.1 0.2 129 0 1 1
-4.5 -11.6 0.2 142 0 1 1
-4.5 -3.2 0 117 0 1 1
-4.5 -2.8 0 118 0 1 1
-4.5 -2.4 0 120 0 1 1
-4.5 -1.9 -0.1 129 0 1 1
-4.4 -11.2 0.2 141 0 1 1
-4.4 -10.7 0.2 134 0 1 1
-4.4 -10.2 0.1 132 0 1 1
-4.4 -9.8 0.1 155 0 1 1
-4.4 -9.3 0.1 123 0 1 1
-4.4 -8.8 0.1 111 0 1 1
-4.4 -8.3 0.1 121 0 1 1
-4.4 -7.9 -0.1 86 0 1 1
-4.4 -7.5 -0.4 90 0 1 1
-4.4 -3.7 -0.1 117 0 1 1
-4.4 -1.5 -0.1 124 0 1 1
-4.4 -1.1 -0.2 122 0 1 1
-4.3 -0.7 -0.2 113 0 1 1
-4.3 -0.2 -0.3 112 0 1 1
-4.1 -19.6 0 78 0 1 1
-4.1 -19.2 0 107 0 1 1
-4.1 -18.8 0 124 0 1 1
-4.1 -18.3 0 97 0 1 1
-4.1 -17.9 0.1 87 0 1 1
-4.1 -17.4 0.1 121 0 1 1
-4.1 -16.9 0 126 0 1 1
-4.1 -16.5 0 129 0 1 1
-4.1 -16.1 0 134 0 1 1
-4.1 -15.6 0 133 0 1 1
-4.1 -15.2 0 131 0 1 1
-4.1 -14.8 0.1 133 0 1 1
-4.1 -14.3 0.1 135 0 1 1
-4.1 -13.9 0.1 132 0 1 1
-4.1 -13.4 0.1 126 0 1 1
-4.1 -13 0.2 130 0 1 1
-4 -19.7 0 108 0 1 1
-4 -12.5 0.2 128 0 1 1
-4 -12.1 0.2 139 0 1 1
-4 -11.6 0.1 148 0 1 1
-4 -11.2 0.1 143 0 1 1
-4 -10.7 0.1 143 0 1 1
-4 -10.2 0.1 122 0 1 1
-4 -9.8 0.1 147 0 1 1
-4 -9.3 0.1 136 0 1 1
-4 -7.9 0 97 0 1 1
-4 -7.4 -0.2 97 0 1 1
-4 -7 -0.3 83 0 1 1
-4 -6.5 -0.2 91 0 1 1
-4 -6 -0.2 63 0 1 1
-4 -5.1 -0.2 86 0 1 1
-4 -3.3 -0.1 136 0 1 1
-4 -2.8 -0.1 134 0 1 1
-4 -2.4 -0.1 129 0 1 1
-4 -1.9 -0.1 134 0 1 1
-3.9 -8.8 0.1 149 0 1 1
-3.9 -8.3 0 129 0 1 1
-3.9 -5.6 -0.2 31 0 1 1
-3.9 -4.6 -0.2 89 0 1 1
-3.9 -4.2 -0.1 110 0 1 1
-3.9 -3.7 -0.1 130 0 1 1
-3.9 -1.5 -0.2 130 0 1 1
-3.9 -1.1 -0.2 125 0 1 1
-3.9 -0.6 -0.3 121 0 1 1
-3.7 -19.7 0 103 0 1 1
-3.7 -19.6 0 107 0 1 1
-3.7 -19.2 0 132 0 1 1
-3.7 -18.7 0 117 0 1 1
-3.7 -18.3 0 119 0 1 1
-3.7 -17.8 0 114 0 1 1
-3.7 -17.4 0 135 0 1 1
-3.7 -16.9 0 139 0 1 1
-3.7 -16.5 0 131 0 1 1
-3.7 -16.1 0 133 0 1 1
-3.7 -15.6 0 131 0 1 1
-3.7 -15.2 0 127 0 1 1
-3.7 -14.8 0 130 0 1 1
-3.7 -13.4 0.1 133 0 1 1
-3.6 -14.3 0.1 130 0 1 1
-3.6 -13.9 0.1 133 0 1 1
-3.6 -13 0.1 143 0 1 1
-3.6 -12.5 0.1 121 0 1 1
-3.6 -12.1 0.2 121 0 1 1
-3.6 -11.6 0.1 152 0 1 1
-3.6 -11.2 0.1 146 0 1 1
-3.6 -10.7 0.1 125 0 1 1
-3.6 -10.2 0.1 130 0 1 1
-3.6 -9.8 0.1 141 0 1 1
-3.5 -9.3 0 125 0 1 1
-3.5 -8.8 0 126 0 1 1
-3.5 -8.3 0 123 0 1 1
-3.5 -7.9 0 121 0 1 1
-3.5 -7.4 0 110 0 1 1
-3.5 -6.9 0 101 0 1 1
-3.5 -6.5 -0.1 88 0 1 1
-3.5 -6 -0.1 112 0 1 1
-3.5 -5.6 -0.1 119 0 1 1
-3.5 -5.1 -0.1 122 0 1 1
-3.5 -4.7 -0.2 134 0 1 1
-3.5 -4.2 -0.2 139 0 1 1
-3.5 -3.8 -0.2 138 0 1 1
-3.5 -3.3 -0.2 142 0 1 1
-3.5 -2.8 -0.2 140 0 1 1
-3.5 -2.4 -0.2 133 0 1 1
-3.5 -2 -0.2 137 0 1 1
-3.5 -1.5 -0.2 133 0 1 1
-3.5 -1.1 -0.3 130 0 1 1
-3.2 -13.3 0.1 115 0 1 5
-3.2 -13 0.1 105 0 1 1
-3.2 -12.6 0.1 110 0 1 5
-3.2 -12.5 0.1 151 0 1 1
-3.2 -12.1 0.1 141 0 1 1
-3.2 -11.7 0.1 109 0 1 1
-3.2 -11.2 0.1 139 0 1 1
-3.2 -10.7 0.1 141 0 1 1
-3.2 -3.7 -0.2 116 0 1 2
-3.2 -3.6 -0.2 134 0 1 2
-3.1 -12.8 0.2 105 0 1 5
-3.1 -10.2 0 134 0 1 1
-3.1 -9.8 0 131 0 1 1
-3.1 -9.3 0 124 0 1 1
-3.1 -8.9 0 133 0 1 1
-3.1 -8.4 0 125 0 1 1
-3.1 -7.9 0 128 0 1 1
-3.1 -7.5 0 115 0 1 1
-3.1 -7 0 115 0 1 1
-3.1 -6.6 -0.1 112 0 1 1
-3.1 -6.1 -0.1 126 0 1 1
-3.1 -5.7 -0.1 127 0 1 1
-3.1 -5.2 -0.1 125 0 1 1
-3.1 -3.7 0 128 0 1 2
-3.1 -2 -0.2 135 0 1 1
-3 -13.2 0.3 123 0 1 5
-3 -13 0.2 124 0 1 5
-3 -12.1 0.1 99 0 1 5
-3 -4.7 -0.2 126 0 1 1
-3 -4.1 0.1 136 0 1 2
-3 -3.5 0.1 109 0 1 2
-3 -3.4 -0.2 138 0 1 1
-3 -2.9 -0.2 139 0 1 1
-3 -2.4 -0.2 130 0 1 1
-3 -1.6 -0.2 130 0 1 1
-2.9 -13.4 0.3 103 0 1 5
-2.9 -12.5 0.3 101 0 1 5
-2.9 -12.3 0.2 95 0 1 5
-2.9 -11.6 0.1 97 0 1 5
-2.9 -3.9 0.1 124 0 1 2
-2.9 -3.6 0.1 118 0 1 2
-2.9 -3.4 -0.2 131 0 1 2
-2.9 -3.4 0.1 88 0 1 2
-2.8 -13.6 0.3 96 0 1 5
-2.8 -12.7 0.3 99 0 1 5
-2.8 -11.8 0.2 83 0 1 5
-2.8 -11.2 0.1 116 0 1 1
-2.8 -3.7 0.1 130 0 1 2
-2.7 -13.1 0.4 106 0 1 5
-2.7 -12.9 0.4 125 0 1 5
-2.7 -12.2 0.4 96 0 1 5
-2.7 -12 0.3 88 0 1 5
-2.7 -11.1 0.1 112 0 1 5
-2.7 -10.7 0.1 115 0 1 1
-2.7 -10.3 0 118 0 1 1
-2.7 -9.8 0 117 0 1 1
-2.7 -8 0 135 0 1 1
-2.7 -5.7 -0.1 132 0 1 1
-2.7 -3.9 0.2 135 0 1 2
-2.7 -3 -0.3 134 0 1 1
-2.6 -13.3 0.5 97 0 1 5
-2.6 -12.4 0.4 98 0 1 5
-2.6 -11.5 0.2 83 0 1 5
-2.6 -11.3 0.1 89 0 1 5
-2.6 -8.4 0 138 0 1 1
-2.6 -8.3 0.2 125 0 1 2
-2.6 -7.5 0 130 0 1 1
-2.6 -7.1 -0.1 126 0 1 1
-2.6 -6.6 -0.1 129 0 1 1
-2.6 -6.2 -0.1 134 0 1 1
-2.6 -5.2 -0.1 130 0 1 1
-2.6 -4.8 -0.2 130 0 1 1
-2.6 -2.5 -0.2 134 0 1 1
-2.6 -2 -0.2 138 0 1 1
-2.5 -13.5 0.5 97 0 1 5
-2.5 -12.8 0.6 106 0 1 5
-2.5 -12.6 0.5 95 0 1 5
-2.5 -11.7 0.4 86 0 1 5
-2.5 -10.8 0.1 111 0 1 5
-2.5 -4.1 0 154 0 1 2
-2.5 -4 0.1 138 0 1 2
-2.5 -3.9 0.2 143 0 1 2
-2.5 -3.5 0.1 130 0 1 2
-2.5 -3.4 -0.2 99 0 1 2
-2.5 -3.4 0.1 110 0 1 2
-2.4 -13 0.6 124 0 1 5
-2.4 -12.1 0.5 96 0 1 5
-2.4 -11.9 0.4 87 0 1 5
-2.4 -11.2 0.3 98 0 1 5
-2.4 -11 0.2 101 0 1 5
-2.4 -8.6 0.2 116 0 1 2
-2.4 -8.5 0.3 136 0 1 2
-2.4 -8.2 0.3 125 0 1 2
-2.4 -8.1 0.3 104 0 1 2
-2.4 -8 0 136 0 1 2
-2.4 -4.2 -0.2 131 0 1 2
-2.4 -3.5 0.1 128 0 1 2
-2.4 -3.4 -0.2 94 0 1 2
-2.3 -13.2 0.7 84 0 1 5
-2.3 -12.3 0.6 90 0 1 5
-2.3 -11.4 0.4 97 0 1 5
-2.3 -10.5 0.1 100 0 1 5
-2.3 -10.3 0 58 0 1 1
-2.3 -8.3 0.3 123 0 1 2
-2.3 -8 0.2 53 0 1 2
-2.3 -7.1 -0.1 133 0 1 1
-2.3 -3.7 0 131 0 1 2
-2.2 -13.6 0.8 96 0 1 5
-2.2 -13.4 0.7 79 0 1 5
-2.2 -12.7 0.8 94 0 1 5
-2.2 -12.5 0.7 101 0 1 5
-2.2 -11.8 0.6 94 0 1 5
-2.2 -11.6 0.5 102 0 1 5
-2.2 -10.7 0.2 99 0 1 5
-2.2 -8.4 0.3 124 0 1 2
-2.2 -7.5 -0.1 131 0 1 1
-2.2 -6.6 -0.1 142 0 1 1
-2.2 -6.2 -0.1 135 0 1 1
-2.2 -5.7 -0.1 138 0 1 1
-2.2 -5.3 -0.2 136 0 1 1
-2.2 -4.8 -0.2 135 0 1 1
-2.2 -4.4 -0.2 141 0 1 1
-2.2 -3.9 -0.1 116 0 1 2
-2.2 -3.5 -0.2 134 0 1 1
-2.2 -3 -0.2 125 0 1 1
-2.1 -12.9 0.8 92 0 1 5
-2.1 -12 0.7 93 0 1 5
-2.1 -11.1 0.4 115 0 1 5
-2.1 -10.9 0.3 107 0 1 5
-2.1 -10.2 0 113 0 1 5
-2 -12.2 0.7 95 0 1 5
-2 -11.3 0.5 107 0 1 5
-2 -10.4 0.2 121 0 1 5
-2 -8 0 108 0 1 2
-2 -8 0.2 113 0 1 2
-1.9 -11.7 0.7 104 0 1 5
-1.9 -11.5 0.6 103 0 1 5
-1.9 -10.8 0.4 119 0 1 5
-1.9 -10.6 0.3 117 0 1 5
-1.9 -8.5 0.3 140 0 1 2
-1.9 -8.4 0.3 139 0 1 2
-1.9 -8.1 0.2 118 0 1 2
-1.9 -8.1 0.3 138 0 1 2
-1.9 -7.6 -0.1 122 0 1 1
-1.8 -11 0.5 115 0 1 5
-1.8 -10.1 0.1 123 0 1 5
-1.8 -9.9 0 93 0 1 5
-1.8 -9.8 0 72 0 1 1
-1.8 -9.4 0 108 0 1 1
-1.8 -8.3 0.2 128 0 1 2
-1.8 -8 0 92 0 1 2
-1.8 -7.1 -0.1 131 0 1 1
-1.8 -6.7 -0.1 122 0 1 1
-1.8 -6.2 -0.1 118 0 1 1
-1.8 -5.7 -0.2 116 0 1 1
-1.8 -5.3 -0.2 132 0 1 1
-1.8 -4.8 -0.2 147 0 1 1
-1.8 -4.4 -0.2 133 0 1 1
-1.8 -3.9 -0.2 125 0 1 1
-1.8 -3.5 -0.3 128 0 1 1
-1.7 -10.3 0.2 124 0 1 5
-1.7 -8.3 0.1 131 0 1 2
-1.6 -10.5 0.4 123 0 1 5
-1.6 -9.8 0.1 126 0 1 5
-1.6 -8.5 0.1 106 0 1 2
-1.4 -8.9 0 120 0 1 1
-1.4 -8.5 -0.1 128 0 1 1
-1.4 -8 -0.1 123 0 1 1
-1.4 -7.6 -0.1 120 0 1 1
-1.4 -7.1 -0.1 126 0 1 1
-1.4 -6.7 -0.1 123 0 1 1
-1.4 -6.2 -0.1 143 0 1 1
-1.4 -5.7 -0.2 129 0 1 1
-1.4 -5.3 -0.2 113 0 1 1
-1.4 -4.8 -0.2 126 0 1 1
-1.4 -4.4 -0.2 131 0 1 1
-1.4 -3.9 -0.2 124 0 1 1
-1 -6.7 -0.1 127 0 1 1
-1 -6.2 -0.1 120 0 1 1
-1 -5.8 -0.1 126 0 1 1
-1 -5.3 -0.2 137 0 1 1
-1 -4.9 -0.2 129 0 1 1
-1 -4.4 -0.2 148 0 1 1
