10.39480447769165 -4.578481316566467 1.901727318763733 100 161.0000056028366 91.00000217556953 65.0000037252903
9.72554326057434 -3.490917980670929 1.3598072528839111 100 80.00000283122063 43.00000123679638 34.00000177323818
11.703300476074219 -5.453522205352783 2.65584260225296 100 197.00001865625381 182.00000435113907 179.000004529953
10.57281494140625 -4.209172427654266 2.669614553451538 100 167.00000524520874 124.00000780820847 113.00000846385956
9.044549465179443 -1.5429352223873138 0.8826371282339096 100 59.00000408291817 28.00000213086605 20.000000707805157
9.598906636238098 0.6053462997078896 0.9979529678821564 100 69.00000348687172 28.00000213086605 19.0000007674098
8.678549528121948 -0.3337523713707924 1.0600312054157257 100 96.00000947713852 40.00000141561031 26.00000225007534
8.851356506347656 -0.7557371258735657 1.258007436990738 100 95.00000193715096 42.000001296401024 30.00000201165676
10.313113927841187 -4.673512876033783 0.9474313259124756 100 128.0000075697899 67.00000360608101 46.000001057982445
10.97774624824524 -5.233483910560608 1.0147687792778015 100 159.0000057220459 85.0000025331974 57.00000420212746
8.898939490318298 -0.7656729221343994 1.311689168214798 100 115.00000834465027 58.00000414252281 42.000001296401024
10.511401891708374 0.7161352038383484 2.1860134601593018 100 67.00000360608101 64.00000378489494 63.00000384449959
10.738539695739746 0.9810425341129303 1.1354923248291016 100 107.00000882148743 60.00000402331352 50.00000461935997
9.5051771402359 -3.008837103843689 1.214764267206192 100 59.00000408291817 29.000002071261406 23.000000528991222
9.303293228149414 -0.5503153055906296 2.3848487436771393 100 83.00000265240669 67.00000360608101 64.00000378489494
9.55145537853241 -2.3636333644390106 2.6506486535072327 100 77.00000301003456 67.00000360608101 66.00000366568565
11.478993892669678 -5.488836169242859 2.522023022174835 100 173.00000488758087 149.00000631809235 144.00000661611557
10.020664930343628 0.8622733503580093 1.0188118368387222 100 120.00000804662704 53.000004440546036 34.00000177323818
10.638606548309326 1.2279541790485382 0.8676516264677048 100 184.00000423192978 103.000009059906 69.00000348687172
10.409413576126099 -3.671562373638153 2.8569385409355164 100 146.00000649690628 131.00000739097595 128.0000075697899
10.332143306732178 -3.8365885615348816 2.6645252108573914 100 169.00000512599945 129.00000751018524 118.00000816583633
9.595673084259033 -3.0502161383628845 2.01548770070076 100 129.00000751018524 78.00000295042992 63.00000384449959
10.16793966293335 -3.439583480358124 2.7821379899978638 100 195.0000187754631 161.0000056028366 152.0000061392784
11.47199273109436 -5.5076003074646 0.904044434428215 100 152.0000061392784 88.00000235438347 66.00000366568565
8.599669337272644 -0.370062030851841 0.5738474428653717 100 49.000004678964615 20.000000707805157 14.000001065433025
10.853056907653809 1.0781638324260712 1.6926640272140503 100 64.00000378489494 56.0000042617321 55.000004321336746
10.622944831848145 1.2265002727508545 0.5062589049339294 100 130.0000074505806 63.00000384449959 42.000001296401024
11.306672096252441 -5.478945970535278 1.2896816432476044 100 132.0000073313713 81.00000277161598 68.00000354647636
9.175233840942383 -0.9421466290950775 2.42482528090477 100 118.00000816583633 62.00000390410423 44.000001177191734
9.234378933906555 -0.5132169649004936 2.2743794322013855 100 49.000004678964615 20.000000707805157 15.00000100582838
9.944769144058228 -4.023650288581848 0.9068496525287628 100 105.00000894069672 54.00000438094139 38.0000015348196
10.060174465179443 -4.03469979763031 1.630767285823822 100 108.00000876188278 56.0000042617321 42.000001296401024
11.138057708740234 -4.831347465515137 2.662728428840637 100 228.00001680850983 217.00001746416092 215.0000175833702
8.83226752281189 -1.0367172956466675 0.5894898995757103 100 56.0000042617321 25.000002309679985 17.00000088661909
9.225131273269653 -0.07519541773945093 1.1279802024364471 100 148.000006377697 67.00000360608101 41.00000135600567
9.138728380203247 0.1357971504330635 1.028992086648941 100 109.00000870227814 44.000001177191734 27.000002190470695
8.764953017234802 -0.5447446927428246 1.1590193212032318 100 70.00000342726707 31.000001952052116 22.000000588595867
10.645430088043213 -4.953498542308807 0.9810999780893326 100 168.0000051856041 96.00000947713852 65.0000037252903
9.818739295005798 0.10768474079668522 1.2235907465219498 100 45.00000111758709 18.000000827014446 13.00000112503767
9.70517098903656 -0.024768924340605736 1.7488513886928558 100 48.00000473856926 19.0000007674098 14.000001065433025
10.624970197677612 0.8485888689756393 1.6607528924942017 100 55.000004321336746 23.000000528991222 16.000000946223736
9.334315061569214 -2.666957974433899 0.7005351036787033 100 58.00000414252281 28.00000213086605 21.000000648200512
9.274863004684448 -2.2758862376213074 1.0487006604671478 100 57.00000420212746 28.00000213086605 22.000000588595867
9.907347559928894 0.08290988393127918 2.2854311764240265 100 57.00000420212746 37.00000159442425 33.00000183284283
9.427374005317688 -1.4569741487503052 2.517748773097992 100 158.00000578165054 99.00000929832458 78.00000295042992
10.686275959014893 -4.905982613563538 1.4582480490207672 100 171.00000500679016 99.00000929832458 70.00000342726707
11.22836947441101 -5.361160039901733 1.7683960497379303 100 172.00000494718552 100.00000923871994 71.00000336766243
10.936899185180664 -5.033658742904663 2.211875319480896 100 177.0000046491623 112.0000085234642 86.00000247359276
11.025904417037964 -4.849004447460175 2.5958189368247986 100 217.00001746416092 198.00001859664917 194.00001883506775
10.48380970954895 -4.393827021121979 2.2856709361076355 100 188.0000039935112 136.00000709295273 117.00000822544098
9.558894634246826 0.59613186866045 0.45476198196411133 100 48.00000473856926 21.000000648200512 17.00000088661909
9.973328113555908 0.8488074690103531 0.455421507358551 100 46.000001057982445 21.000000648200512 17.00000088661909
10.18420696258545 0.9772708266973495 0.46585090458393097 100 53.000004440546036 26.00000225007534 20.000000707805157
10.32963514328003 1.0451138019561768 0.9432317316532135 100 52.00000450015068 25.000002309679985 20.000000707805157
10.493178367614746 1.1601115763187408 0.39027079939842224 100 53.000004440546036 25.000002309679985 20.000000707805157
9.794947504997253 0.11265287175774574 1.1967498809099197 100 107.00000882148743 43.00000123679638 27.000002190470695
10.168722867965698 0.7931946218013763 1.066722646355629 100 170.0000050663948 91.00000217556953 56.0000042617321
9.098716378211975 0.12658271938562393 0.48580121248960495 100 43.00000123679638 17.00000088661909 12.000001184642315
9.980434775352478 -3.017597794532776 2.7537935972213745 100 184.00000423192978 140.00000685453415 128.0000075697899
10.363473892211914 -4.207535088062286 2.283126264810562 100 181.0000044107437 128.0000075697899 109.00000870227814
9.963908195495605 -3.443402349948883 2.3400063812732697 100 165.00000536441803 110.00000864267349 94.0000019967556
9.995238780975342 -3.814348876476288 1.9586075842380524 100 124.00000780820847 70.00000342726707 55.000004321336746
10.250041484832764 -3.6380860209465027 2.7233314514160156 100 205.00001817941666 183.00000429153442 177.0000046491623
9.881806373596191 -3.244899809360504 2.398812770843506 100 165.00000536441803 112.0000085234642 97.00000941753387
9.859697222709656 -2.9016083478927612 2.71639347076416 100 180.00000447034836 133.00000727176666 119.00000810623169
9.573563933372498 -2.7069246768951416 2.3330682516098022 100 134.00000721216202 85.0000025331974 72.00000330805779
9.247305989265442 -1.907944679260254 1.663588434457779 100 152.0000061392784 95.00000193715096 76.0000030696392
9.225197434425354 -1.564653217792511 1.9811689853668213 100 57.00000420212746 31.000001952052116 25.000002309679985
8.639109134674072 -0.35190723836421967 0.8169393986463547 100 44.000001177191734 17.00000088661909 12.000001184642315
8.727472424507141 -0.24662937968969345 0.48672065138816833 100 43.00000123679638 16.000000946223736 12.000001184642315
8.725512623786926 -0.5628994479775429 0.9159274399280548 100 54.00000438094139 23.000000528991222 15.00000100582838
10.370779037475586 -3.7540754675865173 2.760731875896454 100 167.00000524520874 150.0000062584877 146.00000649690628
10.37960171699524 0.9216579794883728 1.0771521180868149 100 154.00000602006912 71.00000336766243 42.000001296401024
10.688573122024536 1.1044983565807343 1.0015719383955002 100 62.00000390410423 49.000004678964615 47.0000009983778
10.682229995727539 0.8971493691205978 1.939338743686676 100 57.00000420212746 39.00000147521496 36.00000165402889
10.795798301696777 1.0296033322811127 1.414078176021576 100 63.00000384449959 54.00000438094139 53.000004440546036
10.35395860671997 -4.625997245311737 1.4245793223381042 100 152.0000061392784 82.00000271201134 58.00000414252281
11.591147184371948 -5.471179485321045 2.5889328122138977 100 219.00001734495163 207.00001806020737 204.0000182390213
9.536681175231934 -3.288654088973999 0.7622572034597397 100 78.00000295042992 39.00000147521496 30.00000201165676
10.605771541595459 0.4108504205942154 2.22526952624321 100 55.000004321336746 25.000002309679985 19.0000007674098
9.550424814224243 -3.029526472091675 1.615125983953476 100 62.00000390410423 33.00000183284283 27.000002190470695
9.223514795303345 -1.902976632118225 1.636747568845749 100 146.00000649690628 89.00000229477882 71.00000336766243
9.178266525268555 -1.8822872638702393 1.236385852098465 100 60.00000402331352 29.000002071261406 22.000000588595867
9.660608172416687 -3.2705670595169067 1.6876474022865295 100 94.0000019967556 52.00000450015068 40.00000141561031
10.630775690078735 1.2272272258996964 0.6869552284479141 100 197.00001865625381 125.00000774860382 90.00000223517418
11.39283299446106 -5.483890771865845 1.9058524072170258 100 146.00000649690628 88.00000235438347 70.00000342726707
11.389333009719849 -5.493273138999939 1.0968630760908127 100 136.00000709295273 82.00000271201134 67.00000360608101
9.42649781703949 -3.047613501548767 0.6897356361150742 100 198.00001859664917 124.00000780820847 90.00000223517418
10.452479124069214 -4.022880792617798 2.667069733142853 100 115.00000834465027 89.00000229477882 83.00000265240669
9.80978548526764 0.733809694647789 1.0083823651075363 100 147.00000643730164 68.00000354647636 41.00000135600567
9.363344311714172 -1.652889996767044 2.537737190723419 100 140.00000685453415 76.0000030696392 52.00000450015068
9.037086963653564 -0.8539098501205444 1.868257224559784 100 53.000004440546036 23.000000528991222 15.00000100582838
9.066659212112427 -0.639444962143898 1.7930343747138977 100 43.00000123679638 16.000000946223736 11.000000294297934
9.872890710830688 0.1014592032879591 2.2301965951919556 100 50.00000461935997 21.000000648200512 15.00000100582838
8.875147700309753 -0.7607050240039825 1.284848302602768 100 138.00000697374344 76.0000030696392 56.0000042617321
8.609827160835266 -0.4502805694937706 0.43509505689144135 100 55.000004321336746 23.000000528991222 16.000000946223736
8.82210910320282 -0.9564987570047379 0.7282423228025436 100 53.000004440546036 23.000000528991222 15.00000100582838
8.94795298576355 -1.1493360996246338 1.0703222453594208 100 60.00000402331352 27.000002190470695 18.000000827014446
9.615360498428345 -3.249877691268921 1.2872856855392456 100 70.00000342726707 38.0000015348196 31.000001952052116
9.204806089401245 -0.727681890130043 2.3496024310588837 100 56.0000042617321 25.000002309679985 17.00000088661909
9.239263534545898 -0.7462309300899506 2.4048370122909546 100 154.00000602006912 85.0000025331974 58.00000414252281
10.485347509384155 1.159384548664093 0.20957447588443756 100 51.000004559755325 25.000002309679985 21.000000648200512
11.142209768295288 -5.356215238571167 1.152225211262703 100 159.0000057220459 85.0000025331974 57.00000420212746
9.268836379051208 -0.5317661538720131 2.3296141624450684 100 54.00000438094139 26.00000225007534 20.000000707805157
10.288677215576172 -3.5555729269981384 2.819538414478302 100 221.00001722574234 204.0000182390213 200.00001847743988
8.662139177322388 5.346779823303223 0.24546097964048386 100 181.0000044107437 104.00000900030136 67.00000360608101
7.671452760696411 6.957142353057861 1.9110260903835297 100 197.00001865625381 129.00000751018524 89.00000229477882
9.059591889381409 7.576196193695068 1.9889022409915924 100 178.00000458955765 105.00000894069672 75.00000312924385
8.639745116233826 7.9418230056762695 1.9937404990196228 100 137.00000703334808 84.00000259280205 72.00000330805779
8.70815634727478 5.190765857696533 1.0575667023658752 100 204.0000182390213 146.00000649690628 121.0000079870224
9.216437339782715 5.4481518268585205 1.3915902376174927 100 189.00000393390656 125.00000774860382 101.0000091791153
8.615936636924744 5.975407958030701 1.7825745046138763 100 201.00001841783524 132.0000073313713 101.0000091791153
7.106776237487793 6.674005389213562 1.0179603844881058 100 48.00000473856926 19.0000007674098 14.000001065433025
7.119043469429016 6.793496608734131 0.41334647685289383 100 47.0000009983778 19.0000007674098 14.000001065433025
7.4660032987594604 6.255173683166504 0.24335164576768875 100 181.0000044107437 105.00000894069672 69.00000348687172
7.549472451210022 7.454476952552795 1.92267045378685 100 128.0000075697899 85.0000025331974 75.00000312924385
7.582120299339294 6.097503900527954 0.2454235777258873 100 166.00000530481339 87.00000241398811 54.00000438094139
9.582749009132385 7.191278338432312 1.7904303967952728 100 182.00000435113907 106.00000888109207 74.0000031888485
9.458003640174866 5.576843619346619 1.5648600459098816 100 112.0000085234642 57.00000420212746 41.00000135600567
9.829407334327698 6.809638142585754 1.7840521037578583 100 181.0000044107437 105.00000894069672 75.00000312924385
10.079524517059326 6.046432256698608 1.573130190372467 100 115.00000834465027 50.00000461935997 32.00000189244747
7.169166207313538 7.1134597063064575 1.0071155428886414 100 49.000004678964615 20.000000707805157 15.00000100582838
8.062527775764465 5.3810882568359375 1.1234395205974579 100 143.00000667572021 79.00000289082527 58.00000414252281
7.594585418701172 5.858064889907837 1.4425721764564514 100 119.00000810623169 52.00000450015068 32.00000189244747
7.9323893785476685 5.690065026283264 0.24542154744267464 100 137.00000703334808 67.00000360608101 42.000001296401024
8.668184876441956 5.233441591262817 0.7353242486715317 100 144.00000661611557 72.00000330805779 41.00000135600567
8.32608699798584 5.466068983078003 0.26826150715351105 100 147.00000643730164 78.00000295042992 49.000004678964615
8.126083016395569 5.341589450836182 1.0214333236217499 100 160.00000566244125 90.00000223517418 60.00000402331352
8.039939403533936 5.595105886459351 0.24537423625588417 100 180.00000447034836 105.00000894069672 69.00000348687172
8.305512070655823 5.2588629722595215 1.052100956439972 100 185.00000417232513 118.00000816583633 88.00000235438347
7.9296791553497314 6.102588176727295 1.790405660867691 100 211.0000178217888 150.0000062584877 119.00000810623169
7.554665207862854 5.911819338798523 1.5536418557167053 100 188.0000039935112 118.00000816583633 91.00000217556953
8.106021881103516 6.266127824783325 1.8882478773593903 100 206.000018119812 139.0000069141388 107.00000882148743
8.763507604598999 6.647637486457825 1.794102042913437 100 196.00001871585846 121.0000079870224 84.00000259280205
8.818575143814087 6.832865476608276 1.9300319254398346 100 157.0000058412552 94.0000019967556 74.0000031888485
9.269258379936218 7.373508810997009 1.9715449213981628 100 109.00000870227814 76.0000030696392 70.00000342726707
7.087859511375427 6.650770306587219 1.5973494946956635 100 153.00000607967377 79.00000289082527 51.000004559755325
7.448037266731262 6.386996507644653 1.862710565328598 100 188.0000039935112 109.00000870227814 70.00000342726707
7.32538640499115 6.35617196559906 0.8918629586696625 100 58.00000414252281 22.000000588595867 14.000001065433025
7.116762399673462 6.868067979812622 1.8612231314182281 100 186.0000041127205 113.00000846385956 74.0000031888485
10.011252164840698 5.972861647605896 1.5579421818256378 100 195.0000187754631 120.00000804662704 85.0000025331974
8.327812552452087 7.885317802429199 1.9709648191928864 100 166.00000530481339 99.00000929832458 75.00000312924385
7.574799656867981 6.230598092079163 1.8655188381671906 100 188.0000039935112 111.00000858306885 77.00000301003456
8.230122923851013 6.673352122306824 1.9136711955070496 100 199.00001853704453 129.00000751018524 91.00000217556953
8.591758012771606 5.171065926551819 1.0188213735818863 100 186.0000041127205 117.00000822544098 86.00000247359276
7.145224213600159 7.055715918540955 1.8735364079475403 100 66.00000366568565 33.00000183284283 26.00000225007534
7.110121846199036 6.579697132110596 1.4967146515846252 100 51.000004559755325 18.000000827014446 12.000001184642315
7.902235388755798 6.203474998474121 1.8859590590000153 100 200.00001847743988 127.00000762939453 90.00000223517418
7.128335237503052 6.847344636917114 0.25522831827402115 100 127.00000762939453 57.00000420212746 35.00000171363354
14.979790449142456 6.558438539505005 2.16010719537735 100 120.00000804662704 73.00000324845314 60.00000402331352
15.01491904258728 7.157883048057556 2.5665080547332764 100 183.00000429153442 109.00000870227814 75.00000312924385
14.707651138305664 8.665430545806885 2.5212740898132324 100 154.00000602006912 77.00000301003456 50.00000461935997
15.171287059783936 5.317326188087463 1.1543992906808853 100 189.00000393390656 128.0000075697899 106.00000888109207
15.977365970611572 5.928158164024353 1.3239406049251556 100 213.0000177025795 160.00000566244125 132.0000073313713
15.071589946746826 5.6665390729904175 1.4432317018508911 100 196.00001871585846 139.0000069141388 114.00000840425491
14.045939445495605 5.339539647102356 0.36954455077648163 100 181.0000044107437 107.00000882148743 81.00000277161598
14.528425931930542 6.732483506202698 1.2823598086833954 100 196.00001871585846 124.00000780820847 86.00000247359276
13.878611326217651 7.414737939834595 0.8495651185512543 100 125.00000774860382 55.000004321336746 33.00000183284283
14.291707277297974 5.49047589302063 0.7894577085971832 100 198.00001859664917 150.0000062584877 133.00000727176666
15.62570333480835 8.390611410140991 2.831759452819824 100 171.00000500679016 98.00000935792923 68.00000354647636
15.692863464355469 8.04483413696289 2.974233627319336 100 100.00000923871994 67.00000360608101 59.00000408291817
15.866172313690186 6.778181791305542 2.0321430265903473 100 117.00000822544098 50.00000461935997 30.00000201165676
15.864061117172241 7.132043838500977 2.300073653459549 100 185.00000417232513 117.00000822544098 89.00000229477882
15.067144632339478 7.092681527137756 2.5466030836105347 100 184.00000423192978 119.00000810623169 92.00000211596489
17.417455911636353 8.163174390792847 2.590087056159973 100 202.0000183582306 135.00000715255737 103.000009059906
16.68808341026306 7.997035384178162 2.7220815420150757 100 137.00000703334808 78.00000295042992 61.00000396370888
17.126847505569458 5.303636193275452 0.5322166159749031 100 197.00001865625381 123.00000786781311 88.00000235438347
13.979337215423584 5.722440481185913 0.5769331753253937 100 164.00000542402267 91.00000217556953 59.00000408291817
13.887999057769775 6.077314615249634 0.573112815618515 100 149.00000631809235 76.0000030696392 46.000001057982445
13.724945783615112 7.401189208030701 0.20046215504407883 100 47.0000009983778 18.000000827014446 12.000001184642315
15.095064640045166 8.781996369361877 2.602216601371765 100 168.0000051856041 98.00000935792923 72.00000330805779
14.756709337234497 9.238377809524536 1.8657787144184113 100 58.00000414252281 42.000001296401024 39.00000147521496
14.826419353485107 9.52475905418396 1.731916069984436 100 69.00000348687172 67.00000360608101 66.00000366568565
14.586052894592285 8.765031099319458 1.8493784964084625 100 50.00000461935997 20.000000707805157 14.000001065433025
14.528779983520508 8.494899868965149 1.9563362002372742 100 83.00000265240669 32.00000189244747 19.0000007674098
14.33910846710205 5.343679785728455 0.6139060482382774 100 212.00001776218414 175.00000476837158 163.00000548362732
14.577833414077759 5.39775013923645 1.0142365843057632 100 198.00001859664917 132.0000073313713 103.000009059906
15.314291715621948 7.423152327537537 2.7450528740882874 100 174.00000482797623 110.00000864267349 86.00000247359276
15.666307210922241 7.666913866996765 2.8309980034828186 100 160.00000566244125 102.00000911951065 83.00000265240669
15.266258716583252 8.461962938308716 2.7449485659599304 100 125.00000774860382 76.0000030696392 64.00000378489494
14.775288105010986 8.848198652267456 2.527480721473694 100 88.00000235438347 53.000004440546036 46.000001057982445
15.74499249458313 5.1192015409469604 0.8317692577838898 100 191.00000381469727 121.0000079870224 90.00000223517418
14.801905155181885 5.354629755020142 1.1257321387529373 100 210.00001788139343 158.00000578165054 132.0000073313713
14.878274202346802 5.688601732254028 1.468883901834488 100 180.00000447034836 117.00000822544098 90.00000223517418
14.380402565002441 8.348792791366577 1.5063847601413727 100 170.0000050663948 100.00000923871994 71.00000336766243
15.870563983917236 5.012495517730713 0.5107107758522034 100 204.0000182390213 130.0000074505806 93.00000205636024
15.18510103225708 7.2016870975494385 2.602457106113434 100 165.00000536441803 100.00000923871994 78.00000295042992
16.134464740753174 5.092536807060242 0.6243221089243889 100 207.00001806020737 137.00000703334808 103.000009059906
16.33744239807129 5.134297609329224 0.6601627171039581 100 153.00000607967377 100.00000923871994 86.00000247359276
16.748697757720947 5.11913001537323 0.16764506697654724 100 201.00001841783524 122.00000792741776 82.00000271201134
16.09176754951477 5.196357369422913 0.7757619023323059 100 208.00001800060272 140.00000685453415 107.00000882148743
17.948309183120728 5.4819536209106445 0.2789906784892082 100 116.00000828504562 79.00000289082527 72.00000330805779
18.22551131248474 5.504363775253296 0.006976437289267778 100 195.0000187754631 113.00000846385956 74.0000031888485
14.937677383422852 5.856875777244568 1.636839359998703 100 188.0000039935112 130.0000074505806 109.00000870227814
14.953994750976562 6.213048100471497 1.9160160422325134 100 113.00000846385956 61.00000396370888 48.00000473856926
14.392316341400146 8.402779698371887 1.562359631061554 100 62.00000390410423 25.000002309679985 16.000000946223736
14.345953464508057 8.321039080619812 1.487588882446289 100 125.00000774860382 63.00000384449959 43.00000123679638
16.783993244171143 8.257994651794434 2.9329687356948853 100 119.00000810623169 86.00000247359276 78.00000295042992
14.79404091835022 9.55950379371643 1.5412111580371857 100 69.00000348687172 67.00000360608101 67.00000360608101
14.83580470085144 9.065418243408203 2.3770083487033844 100 68.00000354647636 62.00000390410423 62.00000390410423
14.084175825119019 5.511159300804138 0.6118042021989822 100 206.000018119812 168.0000051856041 156.00000590085983
15.791928768157959 7.935780882835388 3.0321240425109863 100 144.00000661611557 88.00000235438347 70.00000342726707
15.695387125015259 7.79593288898468 2.939768135547638 100 135.00000715255737 82.00000271201134 65.0000037252903
14.827308654785156 8.99182915687561 2.486400157213211 100 67.00000360608101 61.00000396370888 60.00000402331352
20.0 -20.0 0.0 100 154.00000602006912 125.00000774860382 121.0000079870224
20.0 -18.70967745780945 0.0 100 149.00000631809235 119.00000810623169 116.00000828504562
20.0 -17.419354915618896 0.0 100 149.00000631809235 115.00000834465027 110.00000864267349
20.0 -13.548387289047241 0.0 100 141.0000067949295 98.00000935792923 91.00000217556953
20.0 -12.25806474685669 0.0 100 138.00000697374344 94.0000019967556 86.00000247359276
20.0 -10.967742204666138 0.0 100 138.00000697374344 92.00000211596489 83.00000265240669
20.0 -9.677419662475586 0.0 100 138.00000697374344 90.00000223517418 80.00000283122063
20.0 3.2258063554763794 0.0 100 129.00000751018524 82.00000271201134 73.00000324845314
20.0 4.516128897666931 0.0 100 130.0000074505806 84.00000259280205 75.00000312924385
20.0 5.806451439857483 0.0 100 119.00000810623169 77.00000301003456 70.00000342726707
3.2247263193130493 -3.225806951522827 0.40593311190605164 100 223.00001710653305 206.000018119812 203.00001829862595
3.2310381531715393 -1.9354842603206635 0.28791124001145363 100 202.0000183582306 154.00000602006912 138.00000697374344
3.2455480098724365 -0.6451615691184998 0.1533527672290802 100 190.0000038743019 115.00000834465027 82.00000271201134
3.2664817571640015 0.645160973072052 0.023529506288468838 100 195.0000187754631 123.00000786781311 85.0000025331974
3.291212320327759 1.9358423352241516 -0.07849572226405144 100 196.00001871585846 122.00000792741776 82.00000271201134
3.3176034688949585 3.240533173084259 -0.07584327831864357 100 191.00000381469727 108.00000876188278 66.00000366568565
4.516128897666931 -4.516129493713379 0.6511522084474564 100 227.00001686811447 214.00001764297485 212.00001776218414
4.516128897666931 -3.225806951522827 0.53974699229002 100 208.00001800060272 173.00000488758087 164.00000542402267
4.517928659915924 -1.9354842603206635 0.4037132114171982 100 193.0000188946724 128.0000075697899 103.000009059906
4.528073072433472 -0.6451615691184998 0.25014085695147514 100 186.0000041127205 106.00000888109207 71.00000336766243
4.544784724712372 0.645160973072052 0.09941251948475838 100 196.00001871585846 125.00000774860382 88.00000235438347
4.565417170524597 1.9354836642742157 -0.026417081244289875 100 196.00001871585846 122.00000792741776 83.00000265240669
4.587495028972626 3.22750985622406 -0.09823393076658249 100 195.0000187754631 119.00000810623169 79.00000289082527
4.604359269142151 4.5309337973594666 -0.10241656564176083 100 192.00001895427704 111.00000858306885 70.00000342726707
5.806451439857483 -5.806452035903931 0.8648671954870224 100 227.00001686811447 215.0000175833702 213.0000177025795
5.806451439857483 -4.516129493713379 0.7787495106458664 100 212.00001776218414 183.00000429153442 176.00000470876694
5.80646812915802 -1.9354842603206635 0.4990984871983528 100 196.00001871585846 128.0000075697899 97.00000941753387
5.811313986778259 -0.6451614946126938 0.3333504870533943 100 190.0000038743019 112.0000085234642 75.00000312924385
5.822942852973938 0.645160973072052 0.16926249489188194 100 191.00000381469727 113.00000846385956 74.0000031888485
5.838762521743774 1.9354836642742157 0.0291195185855031 100 195.0000187754631 122.00000792741776 84.00000259280205
5.854498744010925 3.2258063554763794 -0.07546870037913322 100 190.0000038743019 112.0000085234642 72.00000330805779
5.859919786453247 5.81246018409729 -0.25642145425081253 100 192.00001895427704 115.00000834465027 76.0000030696392
7.096773982048035 -7.096774578094482 0.995364636182785 100 227.00001686811447 215.0000175833702 213.0000177025795
7.096773982048035 -5.806452035903931 0.9605301916599274 100 215.0000175833702 189.00000393390656 183.00000429153442
7.096773982048035 -4.516129493713379 0.8648671954870224 100 204.0000182390213 154.00000602006912 139.0000069141388
7.096773982048035 -3.225806951522827 0.7255438715219498 100 201.00001841783524 138.00000697374344 110.00000864267349
7.096773982048035 -1.9354841113090515 0.560869574546814 100 195.0000187754631 121.0000079870224 86.00000247359276
7.097269296646118 -0.6451614946126938 0.3885556384921074 100 193.0000188946724 115.00000834465027 78.00000295042992
7.103105187416077 0.645160973072052 0.219819825142622 100 194.00001883506775 119.00000810623169 80.00000283122063
7.120929956436157 3.2258063554763794 -0.05648725666105747 100 190.0000038743019 111.00000858306885 72.00000330805779
7.119150757789612 4.516128897666931 -0.17762640491127968 100 186.0000041127205 102.00000911951065 62.00000390410423
7.110096216201782 5.806451439857483 -0.3091784566640854 100 191.00000381469727 116.00000828504562 77.00000301003456
7.096004486083984 7.096773982048035 -0.4447507858276367 100 172.00000494718552 99.00000929832458 67.00000360608101
8.387096524238586 -8.387097120285034 0.995364636182785 100 231.0000166296959 217.00001746416092 214.00001764297485
8.387096524238586 -7.096774578094482 1.0327539592981339 100 218.00001740455627 192.00001895427704 186.0000041127205
8.387096524238586 -5.806452035903931 0.995364636182785 100 208.00001800060272 162.00000554323196 148.000006377697
8.387096524238586 -4.516129493713379 0.8955325931310654 100 204.0000182390213 142.00000673532486 117.00000822544098
8.387096524238586 -3.225806951522827 0.7517609745264053 100 197.00001865625381 125.00000774860382 94.0000019967556
8.387096524238586 -1.9354841113090515 0.5825531482696533 100 192.00001895427704 114.00000840425491 79.00000289082527
8.387096524238586 -0.6451614946126938 0.40641266852617264 100 179.000004529953 99.00000929832458 66.00000366568565
8.387634754180908 0.645160973072052 0.2410350739955902 100 60.00000402331352 31.000001952052116 25.000002309679985
8.391441702842712 3.2258063554763794 -0.04514964297413826 100 191.00000381469727 115.00000834465027 70.00000342726707
8.382469415664673 4.516128897666931 -0.17914202064275742 100 190.0000038743019 112.0000085234642 72.00000330805779
8.36728572845459 5.806451439857483 -0.32144591212272644 100 186.0000041127205 102.00000911951065 66.00000366568565
8.34834337234497 7.096773982048035 -0.4690083861351013 100 62.00000390410423 33.00000183284283 27.000002190470695
8.328595757484436 8.387096524238586 -0.5981430411338806 100 60.00000402331352 31.000001952052116 26.00000225007534
9.677419066429138 -5.806452035903931 0.9605301916599274 100 204.0000182390213 141.0000067949295 119.00000810623169
9.677419066429138 -4.516129493713379 0.8648671954870224 100 202.0000183582306 134.00000721216202 104.00000900030136
9.677098393440247 1.9354836642742157 0.09725162759423256 100 65.0000037252903 35.00000171363354 28.00000213086605
9.670068621635437 3.2258063554763794 -0.03931158222258091 100 192.00001895427704 118.00000816583633 74.0000031888485
9.65558409690857 4.516128897666931 -0.16870293766260147 100 191.00000381469727 112.0000085234642 73.00000324845314
9.63596761226654 5.806451439857483 -0.31131936237215996 100 188.0000039935112 104.00000900030136 68.00000354647636
9.613838195800781 7.096773982048035 -0.46100858598947525 100 188.0000039935112 109.00000870227814 73.00000324845314
9.592258930206299 8.387096524238586 -0.594172328710556 100 190.0000038743019 114.00000840425491 77.00000301003456
9.575691819190979 9.677419066429138 -0.6893154233694077 100 184.00000423192978 104.00000900030136 66.00000366568565
10.967741012573242 -7.096774578094482 0.8955327421426773 100 204.0000182390213 145.00000655651093 127.00000762939453
10.967741012573242 -5.806452035903931 0.8648671954870224 100 202.0000183582306 134.00000721216202 104.00000900030136
10.967562198638916 1.9354836642742157 0.07657605223357677 100 200.00001847743988 129.00000751018524 92.00000211596489
10.959360599517822 3.2258063554763794 -0.03763842862099409 100 194.00001883506775 122.00000792741776 81.00000277161598
10.941810607910156 4.516128897666931 -0.14718685299158096 100 186.0000041127205 103.000009059906 62.00000390410423
10.919597148895264 5.806451439857483 -0.27894705533981323 100 185.00000417232513 101.0000091791153 61.00000396370888
10.89613676071167 7.096773982048035 -0.4197317361831665 100 186.0000041127205 109.00000870227814 71.00000336766243
10.874567031860352 8.387096524238586 -0.5461335927248001 100 192.00001895427704 120.00000804662704 83.00000265240669
10.858789682388306 9.677419066429138 -0.6361081451177597 100 179.000004529953 94.0000019967556 56.0000042617321
10.852584838867188 10.967741012573242 -0.6691711395978928 100 187.00000405311584 110.00000864267349 72.00000330805779
12.258063554763794 -7.096774578094482 0.7517609000205994 100 206.000018119812 143.00000667572021 120.00000804662704
12.258063554763794 1.9354836642742157 0.04751530475914478 100 202.0000183582306 132.0000073313713 95.00000193715096
12.252711057662964 3.2258063554763794 -0.028652281034737825 100 191.00000381469727 115.00000834465027 72.00000330805779
12.237962484359741 4.516128897666931 -0.11390906758606434 100 188.0000039935112 106.00000888109207 65.0000037252903
12.217711210250854 5.806451439857483 -0.22866569459438324 100 188.0000039935112 107.00000882148743 67.00000360608101
12.195844650268555 7.096773982048035 -0.3525758162140846 100 189.00000393390656 114.00000840425491 76.0000030696392
13.548386096954346 1.9354836642742157 0.018106616334989667 100 202.0000183582306 130.0000074505806 93.00000205636024
13.546537160873413 3.2258063554763794 -0.010476980824023485 100 196.00001871585846 121.0000079870224 81.00000277161598
13.53624939918518 4.516128897666931 -0.06877526640892029 100 194.00001883506775 119.00000810623169 80.00000283122063
13.520276546478271 5.806451439857483 -0.15929000452160835 100 188.0000039935112 109.00000870227814 70.00000342726707
13.5023832321167 7.096773982048035 -0.26067977771162987 100 190.0000038743019 115.00000834465027 77.00000301003456
14.838708639144897 1.9354836642742157 0.0008650158270029351 100 202.0000183582306 132.0000073313713 94.0000019967556
14.834208488464355 4.516128897666931 -0.025501034688204527 100 193.0000188946724 114.00000840425491 74.0000031888485
16.12903118133545 1.9354836642742157 0.0 100 203.00001829862595 134.00000721216202 97.00000941753387
16.128852367401123 4.516128897666931 -0.0010137499339180067 100 193.0000188946724 116.00000828504562 78.00000295042992
17.419353723526 -17.419354915618896 0.0 100 221.00001722574234 196.00001871585846 191.00000381469727
17.419353723526 3.2258063554763794 0.0 100 194.00001883506775 117.00000822544098 77.00000301003456
17.419353723526 4.516128897666931 0.0 100 192.00001895427704 112.0000085234642 72.00000330805779
18.709676265716553 -18.70967745780945 0.0 100 220.00001728534698 194.00001883506775 190.0000038743019
18.709676265716553 -17.419354915618896 0.0 100 221.00001722574234 191.00000381469727 184.00000423192978
18.709676265716553 3.2258063554763794 0.0 100 197.00001865625381 123.00000786781311 83.00000265240669
18.709676265716553 4.516128897666931 0.0 100 188.0000039935112 104.00000900030136 64.00000378489494
20.0 -19.354839324951172 0.0 100 150.0000062584877 122.00000792741776 118.00000816583633
20.0 -18.064515590667725 0.0 100 155.00000596046448 119.00000810623169 114.00000840425491
20.0 -12.903225421905518 0.0 100 141.0000067949295 97.00000941753387 89.00000229477882
20.0 -11.612904071807861 0.0 100 136.00000709295273 91.00000217556953 83.00000265240669
20.0 -10.322580337524414 0.0 100 138.00000697374344 91.00000217556953 82.00000271201134
20.0 2.5806450843811035 0.0 100 126.00000768899918 79.00000289082527 71.00000336766243
20.0 3.8709676265716553 0.0 100 128.0000075697899 82.00000271201134 73.00000324845314
20.0 5.161290168762207 0.0 100 125.00000774860382 80.00000283122063 72.00000330805779
3.2278823852539062 -2.5806456804275513 0.3469221666455269 100 209.00001794099808 181.0000044107437 173.00000488758087
3.238292932510376 -1.2903228402137756 0.22063199430704117 100 197.00001865625381 135.00000715255737 108.00000876188278
3.256014883518219 -2.980232238769531e-07 0.08844113908708096 100 190.0000038743019 113.00000846385956 76.0000030696392
3.27884703874588 1.2905016541481018 -0.027483110316097736 100 198.00001859664917 128.0000075697899 91.00000217556953
3.3044078946113586 2.5881877541542053 -0.0771695002913475 100 194.00001883506775 117.00000822544098 76.0000030696392
4.516128897666931 -3.870968222618103 0.5954495817422867 100 219.00001734495163 198.00001859664917 193.0000188946724
4.5170289278030396 -2.5806456804275513 0.4717300832271576 100 202.0000183582306 152.0000061392784 134.00000721216202
4.523000717163086 -1.2903228402137756 0.3269270434975624 100 190.0000038743019 116.00000828504562 85.0000025331974
4.536429047584534 -2.980232238769531e-07 0.17477668821811676 100 188.0000039935112 109.00000870227814 71.00000336766243
4.555100798606873 1.2903222441673279 0.03649772144854069 100 198.00001859664917 131.00000739097595 94.0000019967556
4.5764559507369995 2.581496834754944 -0.062325503677129745 100 196.00001871585846 123.00000786781311 84.00000259280205
4.595927000045776 3.8792216777801514 -0.10032525286078453 100 193.0000188946724 114.00000840425491 73.00000324845314
5.806451439857483 -5.161290764808655 0.8218083530664444 100 220.00001728534698 202.0000183582306 198.00001859664917
5.806451439857483 -3.870968222618103 0.7149508595466614 100 209.00001794099808 169.00000512599945 156.00000590085983
5.8064597845077515 -2.5806456804275513 0.5751253664493561 100 198.00001859664917 136.00000709295273 110.00000864267349
5.80889105796814 -1.2903228402137756 0.41622448712587357 100 192.00001895427704 116.00000828504562 81.00000277161598
5.817128419876099 -2.2351741790771484e-07 0.2513064816594124 100 193.0000188946724 118.00000816583633 80.00000283122063
5.83085298538208 1.2903222441673279 0.09919100441038609 100 198.00001859664917 129.00000751018524 92.00000211596489
5.846630334854126 2.5806450843811035 -0.023174588568508625 100 190.0000038743019 111.00000858306885 71.00000336766243
5.8606284856796265 5.1644933223724365 -0.21202925592660904 100 192.00001895427704 116.00000828504562 76.0000030696392
7.096773982048035 -6.4516133069992065 0.9779474139213562 100 222.0000171661377 204.0000182390213 201.00001841783524
7.096773982048035 -5.161290764808655 0.9126986563205719 100 211.0000178217888 175.00000476837158 165.00000536441803
7.096773982048035 -3.870968222618103 0.7952055335044861 100 206.000018119812 151.00000619888306 127.00000762939453
7.096773982048035 -2.5806456804275513 0.6432066857814789 100 199.00001853704453 130.0000074505806 98.00000935792923
7.0970213413238525 -1.2903228402137756 0.47471262514591217 100 190.0000038743019 111.00000858306885 75.00000312924385
7.100187540054321 -2.2351741790771484e-07 0.30418772250413895 100 191.00000381469727 112.0000085234642 73.00000324845314
7.108323574066162 1.2903222441673279 0.1470431499183178 100 199.00001853704453 130.0000074505806 93.00000205636024
7.117236256599426 2.5806450843811035 0.008889609016478062 100 197.00001865625381 126.00000768899918 88.00000235438347
7.120040655136108 3.8709676265716553 -0.11705683544278145 100 190.0000038743019 111.00000858306885 71.00000336766243
7.114623785018921 5.161290168762207 -0.2434024214744568 100 189.00000393390656 110.00000864267349 70.00000342726707
7.103050351142883 6.451612710952759 -0.37696462124586105 100 184.00000423192978 101.0000091791153 61.00000396370888
8.387096524238586 -7.741935849189758 1.0140593349933624 100 225.00001698732376 206.000018119812 202.0000183582306
8.387096524238586 -6.4516133069992065 1.0140593349933624 100 212.00001776218414 176.00000470876694 167.00000524520874
8.387096524238586 -5.161290764808655 0.9454485774040222 100 207.00001806020737 154.00000602006912 135.00000715255737
8.387096524238586 -3.870968222618103 0.8236467838287354 100 207.00001806020737 148.000006377697 120.00000804662704
8.387096524238586 -2.5806456804275513 0.6671570241451263 100 194.00001883506775 118.00000816583633 85.0000025331974
8.387096524238586 -1.2903228402137756 0.4944828897714615 100 191.00000381469727 109.00000870227814 73.00000324845314
8.387365341186523 -2.2351741790771484e-07 0.32372385263442993 100 118.00000816583633 55.000004321336746 37.00000159442425
8.389850854873657 1.2903222441673279 0.16982605680823326 100 65.0000037252903 33.00000183284283 27.000002190470695
8.386955261230469 3.8709676265716553 -0.11214583180844784 100 188.0000039935112 108.00000876188278 66.00000366568565
8.374877572059631 5.161290168762207 -0.25029396638274193 100 187.00000405311584 105.00000894069672 67.00000360608101
8.35781455039978 6.451612710952759 -0.3952271491289139 100 187.00000405311584 107.00000882148743 71.00000336766243
8.33846926689148 7.7419352531433105 -0.533575713634491 100 66.00000366568565 36.00000165402889 29.000002071261406
9.677419066429138 -9.03225839138031 0.9126986563205719 100 223.00001710653305 200.00001847743988 195.0000187754631
9.677419066429138 -6.4516133069992065 0.9779474139213562 100 210.00001788139343 158.00000578165054 141.0000067949295
9.677419066429138 -5.161290764808655 0.9126986563205719 100 206.000018119812 144.00000661611557 117.00000822544098
9.677419066429138 -3.870968222618103 0.7952055335044861 100 206.000018119812 141.0000067949295 110.00000864267349
9.677258729934692 1.2903222441673279 0.16328414902091026 100 62.00000390410423 33.00000183284283 27.000002190470695
9.673583507537842 2.5806450843811035 0.028970022685825825 100 104.00000900030136 53.000004440546036 38.0000015348196
9.66282606124878 3.8709676265716553 -0.10400725528597832 100 188.0000039935112 108.00000876188278 66.00000366568565
9.645775556564331 5.161290168762207 -0.24001114070415497 100 188.0000039935112 108.00000876188278 69.00000348687172
9.624903202056885 6.451612710952759 -0.38616396486759186 100 189.00000393390656 112.0000085234642 75.00000312924385
9.60304856300354 7.7419352531433105 -0.5275904387235641 100 193.0000188946724 121.0000079870224 86.00000247359276
9.583975076675415 9.032257795333862 -0.6417438387870789 100 185.00000417232513 104.00000900030136 67.00000360608101
10.967741012573242 -6.4516133069992065 0.8801999688148499 100 203.00001829862595 138.00000697374344 116.00000828504562
10.967651605606079 1.2903222441673279 0.1352878287434578 100 103.000009059906 49.000004678964615 35.00000171363354
10.96346139907837 2.5806450843811035 0.01946881413459778 100 199.00001853704453 129.00000751018524 90.00000223517418
10.95058560371399 3.8709676265716553 -0.09241264313459396 100 191.00000381469727 115.00000834465027 73.00000324845314
10.93070387840271 5.161290168762207 -0.2130669541656971 100 190.0000038743019 113.00000846385956 73.00000324845314
10.907866954803467 6.451612710952759 -0.34933939576148987 100 189.00000393390656 114.00000840425491 76.0000030696392
10.88535189628601 7.7419352531433105 -0.4829326644539833 100 186.0000041127205 109.00000870227814 71.00000336766243
10.86667776107788 9.032257795333862 -0.5911208689212799 100 184.00000423192978 104.00000900030136 67.00000360608101
12.258063554763794 -7.741935849189758 0.7386524230241776 100 201.00001841783524 138.00000697374344 118.00000816583633
12.258063554763794 -6.4516133069992065 0.7386524230241776 100 202.0000183582306 132.0000073313713 107.00000882148743
12.255387306213379 2.5806450843811035 0.009431513026356697 100 197.00001865625381 124.00000780820847 84.00000259280205
12.245336771011353 3.8709676265716553 -0.07128067314624786 100 190.0000038743019 114.00000840425491 72.00000330805779
12.227836847305298 5.161290168762207 -0.17128737643361092 100 187.00000405311584 104.00000900030136 63.00000384449959
12.206778526306152 6.451612710952759 -0.29062075540423393 100 187.00000405311584 109.00000870227814 70.00000342726707
13.541393280029297 3.8709676265716553 -0.03962612710893154 100 188.0000039935112 104.00000900030136 64.00000378489494
13.528263568878174 5.161290168762207 -0.11403263546526432 100 189.00000393390656 110.00000864267349 71.00000336766243
13.511329889297485 6.451612710952759 -0.2099848911166191 100 186.0000041127205 105.00000894069672 66.00000366568565
13.494274616241455 7.7419352531433105 -0.3066277876496315 100 186.0000041127205 106.00000888109207 68.00000354647636
14.838707447052002 2.5806450843811035 0.00042465464503038675 100 198.00001859664917 121.0000079870224 82.00000271201134
14.836456775665283 3.8709676265716553 -0.012758370721712708 100 197.00001865625381 121.0000079870224 82.00000271201134
16.12903118133545 2.5806450843811035 0.0 100 197.00001865625381 120.00000804662704 81.00000277161598
16.128941774368286 3.8709676265716553 -0.0005068749669590034 100 196.00001871585846 122.00000792741776 83.00000265240669
17.419353723526 -16.77419424057007 0.0 100 224.0000170469284 202.0000183582306 197.00001865625381
17.419353723526 2.5806450843811035 0.0 100 197.00001865625381 122.00000792741776 84.00000259280205
17.419353723526 3.8709676265716553 0.0 100 198.00001859664917 125.00000774860382 87.00000241398811
17.419352531433105 5.161290168762207 -7.853254260226095e-06 100 191.00000381469727 111.00000858306885 71.00000336766243
18.709676265716553 -18.064515590667725 0.0 100 221.00001722574234 193.0000188946724 187.00000405311584
18.709676265716553 -16.77419424057007 0.0 100 217.00001746416092 184.00000423192978 177.0000046491623
18.709676265716553 -9.03225839138031 0.013979686191305518 100 202.0000183582306 132.0000073313713 98.00000935792923
18.709676265716553 2.5806450843811035 0.0 100 198.00001859664917 124.00000780820847 87.00000241398811
18.709676265716553 3.8709676265716553 0.0 100 194.00001883506775 117.00000822544098 77.00000301003456
18.709676265716553 5.161290168762207 0.0 100 188.0000039935112 104.00000900030136 65.0000037252903
2.5828707218170166 -1.9354842603206635 0.2329546958208084 100 205.00001817941666 168.0000051856041 158.00000578165054
3.8704276084899902 -3.225806951522827 0.4728400707244873 100 216.00001752376556 193.0000188946724 188.0000039935112
3.8744834065437317 -1.9354842603206635 0.34581221640110016 100 198.00001859664917 141.0000067949295 120.00000804662704
3.886810541152954 -0.6451615691184998 0.20174682140350342 100 193.0000188946724 120.00000804662704 85.0000025331974
3.9056330919265747 0.645160973072052 0.061471015214920044 100 194.00001883506775 120.00000804662704 81.00000277161598
3.928314745426178 1.9356629252433777 -0.05245639942586422 100 195.0000187754631 120.00000804662704 81.00000277161598
3.95254909992218 3.2340216636657715 -0.08703860454261303 100 193.0000188946724 113.00000846385956 72.00000330805779
5.161290168762207 -4.516129493713379 0.7149508595466614 100 221.00001722574234 203.00001829862595 199.00001853704453
5.162198543548584 -1.9354842603206635 0.451405867934227 100 191.00000381469727 122.00000792741776 94.0000019967556
5.169693231582642 -0.6451615691184998 0.291745662689209 100 192.00001895427704 117.00000822544098 81.00000277161598
5.183863639831543 0.645160973072052 0.13433750718832016 100 196.00001871585846 123.00000786781311 86.00000247359276
5.202089548110962 1.9354836642742157 0.0013512186706066132 100 194.00001883506775 120.00000804662704 81.00000277161598
5.220996737480164 3.2266581058502197 -0.08685131557285786 100 190.0000038743019 110.00000864267349 69.00000348687172
5.2328479290008545 4.523730278015137 -0.13502681627869606 100 194.00001883506775 116.00000828504562 76.0000030696392
6.451612710952759 -5.806452035903931 0.9126986563205719 100 220.00001728534698 204.0000182390213 201.00001841783524
6.451612710952759 -4.516129493713379 0.8218083530664444 100 210.00001788139343 172.00000494718552 161.0000056028366
6.451612710952759 -3.225806951522827 0.6883480399847031 100 203.00001829862595 145.00000655651093 120.00000804662704
6.451621055603027 -1.9354841113090515 0.5299840122461319 100 194.00001883506775 122.00000792741776 89.00000229477882
6.454291343688965 -0.6451614946126938 0.36095306277275085 100 191.00000381469727 113.00000846385956 76.0000030696392
6.463024020195007 0.645160973072052 0.19454116001725197 100 193.0000188946724 117.00000822544098 78.00000295042992
6.487714052200317 3.2258063554763794 -0.06597797852009535 100 189.00000393390656 108.00000876188278 68.00000354647636
6.485008001327515 5.80945611000061 -0.28279995545744896 100 186.0000041127205 104.00000900030136 64.00000378489494
7.7419352531433105 -7.096774578094482 1.0140593349933624 100 224.0000170469284 206.000018119812 203.00001829862595
7.7419352531433105 -5.806452035903931 0.9779474139213562 100 208.00001800060272 170.0000050663948 161.0000056028366
7.7419352531433105 -4.516129493713379 0.8801998943090439 100 199.00001853704453 141.0000067949295 122.00000792741776
7.7419352531433105 -3.225806951522827 0.7386524230241776 100 202.0000183582306 138.00000697374344 107.00000882148743
7.7419352531433105 -1.9354841113090515 0.5717113614082336 100 197.00001865625381 125.00000774860382 89.00000229477882
7.742183208465576 -0.6451614946126938 0.39748415350914 100 189.00000393390656 107.00000882148743 69.00000348687172
7.7453696727752686 0.645160973072052 0.23042745888233185 100 191.00000381469727 111.00000858306885 72.00000330805779
7.756185531616211 3.2258063554763794 -0.050818449817597866 100 189.00000393390656 108.00000876188278 68.00000354647636
7.750810384750366 4.516128897666931 -0.1783842220902443 100 188.0000039935112 107.00000882148743 67.00000360608101
7.738690972328186 5.806451439857483 -0.3153121843934059 100 189.00000393390656 110.00000864267349 71.00000336766243
7.7221739292144775 7.096773982048035 -0.456879585981369 100 65.0000037252903 35.00000171363354 28.00000213086605
9.032257795333862 -8.387097120285034 0.9779474139213562 100 226.00001692771912 207.00001806020737 202.0000183582306
9.032257795333862 -5.806452035903931 0.9779474139213562 100 209.00001794099808 156.00000590085983 137.00000703334808
9.032257795333862 -4.516129493713379 0.8801998943090439 100 201.00001841783524 133.00000727176666 107.00000882148743
9.032257795333862 -3.225806951522827 0.7386524230241776 100 200.00001847743988 129.00000751018524 96.00000947713852
9.032257795333862 -1.9354841113090515 0.5717113614082336 100 193.0000188946724 116.00000828504562 82.00000271201134
9.032527208328247 0.645160973072052 0.23517586290836334 100 59.00000408291817 31.000001952052116 25.000002309679985
9.034582376480103 1.9354836642742157 0.09793434292078018 100 65.0000037252903 34.00000177323818 27.000002190470695
9.030755162239075 3.2258063554763794 -0.042230612598359585 100 192.00001895427704 118.00000816583633 73.00000324845314
9.019026756286621 4.516128897666931 -0.17392247915267944 100 188.0000039935112 107.00000882148743 67.00000360608101
9.001626968383789 5.806451439857483 -0.31638264656066895 100 190.0000038743019 109.00000870227814 73.00000324845314
8.981090784072876 7.096773982048035 -0.4650084674358368 100 69.00000348687172 34.00000177323818 27.000002190470695
8.960427045822144 8.387096524238586 -0.5961576849222183 100 150.0000062584877 74.0000031888485 47.0000009983778
10.322580337524414 -9.677419662475586 0.8218083530664444 100 226.00001692771912 207.00001806020737 202.0000183582306
10.322580337524414 -7.096774578094482 0.9454487264156342 100 208.00001800060272 155.00000596046448 139.0000069141388
10.322580337524414 -5.806452035903931 0.9126986563205719 100 203.00001829862595 139.0000069141388 113.00000846385956
10.322329998016357 1.9354836642742157 0.0869138352572918 100 66.00000366568565 35.00000171363354 28.00000213086605
10.314714908599854 3.2258063554763794 -0.0384750054217875 100 193.0000188946724 120.00000804662704 78.00000295042992
10.29869794845581 4.516128897666931 -0.15794489532709122 100 185.00000417232513 100.00000923871994 59.00000408291817
10.277782678604126 5.806451439857483 -0.29513321816921234 100 185.00000417232513 103.000009059906 63.00000384449959
10.254987478256226 7.096773982048035 -0.4403701424598694 100 187.00000405311584 109.00000870227814 72.00000330805779
10.233412981033325 8.387096524238586 -0.5701529607176781 100 197.00001865625381 131.00000739097595 96.00000947713852
10.217241048812866 9.677419066429138 -0.6627117842435837 100 189.00000393390656 116.00000828504562 79.00000289082527
11.61290168762207 -7.096774578094482 0.8236467838287354 100 203.00001829862595 140.00000685453415 118.00000816583633
11.61290168762207 -5.806452035903931 0.7952055335044861 100 203.00001829862595 132.0000073313713 101.0000091791153
11.612813472747803 1.9354836642742157 0.06204567849636078 100 203.00001829862595 136.00000709295273 100.00000923871994
11.606035232543945 3.2258063554763794 -0.033145355992019176 100 193.0000188946724 119.00000810623169 77.00000301003456
11.589887142181396 4.516128897666931 -0.13054795563220978 100 187.00000405311584 106.00000888109207 65.0000037252903
11.568653583526611 5.806451439857483 -0.25380637496709824 100 188.0000039935112 107.00000882148743 67.00000360608101
11.545990705490112 7.096773982048035 -0.3861537575721741 100 190.0000038743019 116.00000828504562 79.00000289082527
12.903225421905518 1.9354836642742157 0.032810959964990616 100 203.00001829862595 132.0000073313713 96.00000947713852
12.899624109268188 3.2258063554763794 -0.019564630929380655 100 194.00001883506775 117.00000822544098 77.00000301003456
12.887105941772461 4.516128897666931 -0.09134216234087944 100 187.00000405311584 104.00000900030136 64.00000378489494
12.868993282318115 5.806451439857483 -0.19397784024477005 100 185.00000417232513 103.000009059906 64.00000378489494
12.849113941192627 7.096773982048035 -0.3066277876496315 100 187.00000405311584 108.00000876188278 70.00000342726707
14.193546772003174 1.9354836642742157 0.009485816117376089 100 200.00001847743988 124.00000780820847 85.0000025331974
14.18522834777832 4.516128897666931 -0.04713814705610275 100 190.0000038743019 109.00000870227814 69.00000348687172
15.483870506286621 1.9354836642742157 0.00043250791350146756 100 203.00001829862595 132.0000073313713 96.00000947713852
15.48153042793274 4.516128897666931 -0.013257393147796392 100 191.00000381469727 114.00000840425491 75.00000312924385
16.774191856384277 1.9354836642742157 0.0 100 196.00001871585846 123.00000786781311 87.00000241398811
16.774191856384277 3.2258063554763794 0.0 100 196.00001871585846 121.0000079870224 82.00000271201134
16.77410364151001 4.516128897666931 -0.0005068749669590034 100 191.00000381469727 111.00000858306885 72.00000330805779
18.064515590667725 -17.419354915618896 0.0 100 221.00001722574234 193.0000188946724 188.0000039935112
18.064515590667725 -16.129032373428345 0.0 100 221.00001722574234 198.00001859664917 193.0000188946724
18.064515590667725 3.2258063554763794 0.0 100 194.00001883506775 116.00000828504562 77.00000301003456
18.064515590667725 4.516128897666931 0.0 100 193.0000188946724 115.00000834465027 76.0000030696392
19.354838132858276 -18.70967745780945 0.0 100 218.00001740455627 191.00000381469727 186.0000041127205
19.354838132858276 -17.419354915618896 0.0 100 217.00001746416092 184.00000423192978 177.0000046491623
19.354838132858276 -9.677419662475586 0.004926378023810685 100 205.00001817941666 137.00000703334808 111.00000858306885
19.354838132858276 3.2258063554763794 0.0 100 197.00001865625381 121.0000079870224 81.00000277161598
19.354838132858276 4.516128897666931 0.0 100 195.0000187754631 118.00000816583633 79.00000289082527
19.354838132858276 5.806451439857483 0.0 100 187.00000405311584 103.000009059906 64.00000378489494
19.354838132858276 5.161290168762207 0.0 100 187.00000405311584 103.000009059906 63.00000384449959
19.354838132858276 3.8709676265716553 0.0 100 194.00001883506775 116.00000828504562 76.0000030696392
19.354838132858276 2.5806450843811035 0.0 100 190.0000038743019 106.00000888109207 69.00000348687172
19.354838132858276 -18.064515590667725 0.0 100 218.00001740455627 188.0000039935112 181.0000044107437
19.354838132858276 -19.354839324951172 0.0 100 219.00001734495163 194.00001883506775 190.0000038743019
18.06451439857483 5.161290168762207 -3.926627130113047e-06 100 188.0000039935112 105.00000894069672 65.0000037252903
18.064515590667725 3.8709676265716553 0.0 100 192.00001895427704 112.0000085234642 72.00000330805779
18.064515590667725 2.5806450843811035 0.0 100 198.00001859664917 124.00000780820847 87.00000241398811
18.064515590667725 -16.77419424057007 0.0 100 218.00001740455627 189.00000393390656 183.00000429153442
18.064515590667725 -18.064515590667725 0.0 100 224.0000170469284 198.00001859664917 192.00001895427704
16.774147748947144 3.8709676265716553 -0.0002534374834795017 100 192.00001895427704 113.00000846385956 74.0000031888485
16.774191856384277 2.5806450843811035 0.0 100 200.00001847743988 127.00000762939453 90.00000223517418
15.482699871063232 3.8709676265716553 -0.006632623262703419 100 195.0000187754631 120.00000804662704 81.00000277161598
15.483869314193726 2.5806450843811035 0.00021232732251519337 100 200.00001847743988 128.0000075697899 91.00000217556953
14.178595542907715 5.161290168762207 -0.08472727611660957 100 188.0000039935112 106.00000888109207 67.00000360608101
14.18892502784729 3.8709676265716553 -0.02619224600493908 100 196.00001871585846 121.0000079870224 82.00000271201134
12.840144634246826 7.7419352531433105 -0.3574524074792862 100 191.00000381469727 117.00000822544098 80.00000283122063
12.859053611755371 6.451612710952759 -0.2503028139472008 100 189.00000393390656 112.0000085234642 74.0000031888485
12.878049612045288 5.161290168762207 -0.14266000129282475 100 188.0000039935112 109.00000870227814 70.00000342726707
12.893364429473877 3.8709676265716553 -0.05545339547097683 100 194.00001883506775 118.00000816583633 79.00000289082527
12.9014253616333 2.5806450843811035 0.0066231656819581985 100 199.00001853704453 125.00000774860382 87.00000241398811
11.557321548461914 6.451612710952759 -0.31998008489608765 100 187.00000405311584 110.00000864267349 72.00000330805779
11.579270362854004 5.161290168762207 -0.192177165299654 100 189.00000393390656 110.00000864267349 69.00000348687172
11.597961187362671 3.8709676265716553 -0.08184665814042091 100 190.0000038743019 113.00000846385956 71.00000336766243
11.609424352645874 2.5806450843811035 0.014450158923864365 100 201.00001841783524 134.00000721216202 96.00000947713852
11.612857580184937 1.2903222441673279 0.11512183584272861 100 61.00000396370888 28.00000213086605 21.000000648200512
11.61290168762207 -6.4516133069992065 0.8094261586666107 100 204.0000182390213 138.00000697374344 111.00000858306885
11.61290168762207 -7.741935849189758 0.8094261586666107 100 203.00001829862595 145.00000655651093 126.00000768899918
10.21388292312622 10.322580337524414 -0.6798338145017624 100 189.00000393390656 114.00000840425491 77.00000301003456
10.225327014923096 9.032257795333862 -0.6164323538541794 100 186.0000041127205 109.00000870227814 71.00000336766243
10.244200229644775 7.7419352531433105 -0.5052615702152252 100 187.00000405311584 111.00000858306885 73.00000324845314
10.266385078430176 6.451612710952759 -0.36775168031454086 100 190.0000038743019 114.00000840425491 77.00000301003456
10.288240909576416 5.161290168762207 -0.22653905674815178 100 188.0000039935112 108.00000876188278 68.00000354647636
10.306706428527832 3.8709676265716553 -0.09820994921028614 100 192.00001895427704 116.00000828504562 74.0000031888485
10.318522453308105 2.5806450843811035 0.024219416081905365 100 196.00001871585846 124.00000780820847 85.0000025331974
10.322455167770386 1.2903222441673279 0.14928598888218403 100 61.00000396370888 32.00000189244747 27.000002190470695
10.322580337524414 -5.161290764808655 0.8672535419464111 100 209.00001794099808 148.000006377697 118.00000816583633
10.322580337524414 -6.4516133069992065 0.929073691368103 100 204.0000182390213 144.00000661611557 122.00000792741776
8.952380418777466 9.032257795333862 -0.6424963474273682 100 180.00000447034836 94.0000019967556 58.00000414252281
8.97075891494751 7.7419352531433105 -0.5305830761790276 100 65.0000037252903 35.00000171363354 28.00000213086605
8.991358876228333 6.451612710952759 -0.39069555699825287 100 187.00000405311584 107.00000882148743 70.00000342726707
9.010326862335205 5.161290168762207 -0.2451525628566742 100 188.0000039935112 106.00000888109207 68.00000354647636
9.024890661239624 3.8709676265716553 -0.1080765388906002 100 190.0000038743019 112.0000085234642 70.00000342726707
9.033554792404175 1.2903222441673279 0.16655510291457176 100 61.00000396370888 32.00000189244747 27.000002190470695
9.032257795333862 -2.5806456804275513 0.6551818549633026 100 191.00000381469727 110.00000864267349 77.00000301003456
9.032257795333862 -3.870968222618103 0.8094261586666107 100 207.00001806020737 146.00000649690628 116.00000828504562
9.032257795333862 -5.161290764808655 0.929073691368103 100 200.00001847743988 136.00000709295273 114.00000840425491
9.032257795333862 -6.4516133069992065 0.9960033744573593 100 209.00001794099808 163.00000548362732 150.0000062584877
9.032257795333862 -9.03225839138031 0.929073691368103 100 231.0000166296959 217.00001746416092 214.00001764297485
7.713137865066528 7.741938829421997 -0.5182225257158279 100 67.00000360608101 37.00000159442425 29.000002071261406
7.730432748794556 6.451612710952759 -0.386095866560936 100 185.00000417232513 108.00000876188278 70.00000342726707
7.7447509765625 5.161290168762207 -0.2468482032418251 100 189.00000393390656 111.00000858306885 72.00000330805779
7.753497958183289 3.8709676265716553 -0.11460132896900177 100 192.00001895427704 114.00000840425491 75.00000312924385
7.74908721446991 1.2903222441673279 0.15843462198972702 100 201.00001841783524 134.00000721216202 97.00000941753387
7.743776440620422 -2.2351741790771484e-07 0.31395580619573593 100 193.0000188946724 115.00000834465027 76.0000030696392
7.742059230804443 -1.2903228402137756 0.48459775745868683 100 194.00001883506775 119.00000810623169 81.00000277161598
7.7419352531433105 -2.5806456804275513 0.6551818549633026 100 194.00001883506775 119.00000810623169 86.00000247359276
7.7419352531433105 -3.870968222618103 0.8094261586666107 100 203.00001829862595 143.00000667572021 116.00000828504562
7.7419352531433105 -5.161290764808655 0.929073691368103 100 209.00001794099808 163.00000548362732 148.000006377697
7.7419352531433105 -6.4516133069992065 0.9960033744573593 100 217.00001746416092 191.00000381469727 185.00000417232513
7.7419352531433105 -7.741935849189758 0.9960033744573593 100 228.00001680850983 214.00001764297485 212.00001776218414
6.479520797729492 6.45632803440094 -0.3386181965470314 100 187.00000405311584 105.00000894069672 65.0000037252903
6.48762583732605 5.1628923416137695 -0.2277158573269844 100 191.00000381469727 113.00000846385956 74.0000031888485
6.488978862762451 3.87106716632843 -0.11930486187338829 100 188.0000039935112 106.00000888109207 66.00000366568565
6.48193359375 2.5806450843811035 -0.007142489776015282 100 196.00001871585846 124.00000780820847 85.0000025331974
6.469588279724121 1.2903222441673279 0.12311708182096481 100 196.00001871585846 125.00000774860382 87.00000241398811
6.45865797996521 -2.2351741790771484e-07 0.27774710208177567 100 190.0000038743019 109.00000870227814 71.00000336766243
6.452956199645996 -1.2903228402137756 0.4454685375094414 100 195.0000187754631 121.0000079870224 85.0000025331974
6.451616883277893 -2.5806456804275513 0.6091660261154175 100 196.00001871585846 128.0000075697899 99.00000929832458
6.451612710952759 -3.870968222618103 0.7550781965255737 100 206.000018119812 156.00000590085983 138.00000697374344
6.451612710952759 -5.161290764808655 0.8672535419464111 100 210.00001788139343 184.00000423192978 179.000004529953
6.451612710952759 -6.4516133069992065 0.9290736168622971 100 228.00001680850983 216.00001752376556 214.00001764297485
5.234345197677612 5.174854397773743 -0.1597684808075428 100 194.00001883506775 118.00000816583633 78.00000295042992
5.211542844772339 2.5810709595680237 -0.04275004845112562 100 190.0000038743019 110.00000864267349 70.00000342726707
5.192976593971252 1.2903222441673279 0.06784436292946339 100 197.00001865625381 127.00000762939453 89.00000229477882
5.176778435707092 -2.980232238769531e-07 0.21304158493876457 100 191.00000381469727 115.00000834465027 77.00000301003456
5.165945887565613 -1.2903228402137756 0.371575765311718 100 193.0000188946724 121.0000079870224 88.00000235438347
5.161290168762207 -3.870968222618103 0.655200183391571 100 214.00001764297485 183.00000429153442 174.00000482797623
5.161290168762207 -5.161290764808655 0.7550781965255737 100 227.00001686811447 215.0000175833702 212.00001776218414
3.9630454778671265 3.8892897963523865 -0.06913239136338234 100 189.00000393390656 104.00000900030136 62.00000390410423
3.940432071685791 2.5848424434661865 -0.06974750198423862 100 191.00000381469727 110.00000864267349 69.00000348687172
3.9169740676879883 1.2904119491577148 0.004507307894527912 100 195.0000187754631 122.00000792741776 83.00000265240669
3.8962218165397644 -2.980232238769531e-07 0.13160891830921173 100 189.00000393390656 111.00000858306885 74.0000031888485
3.880646824836731 -1.2903228402137756 0.2737795189023018 100 191.00000381469727 120.00000804662704 92.00000211596489
3.872455358505249 -2.5806456804275513 0.40932614356279373 100 203.00001829862595 163.00000548362732 152.0000061392784
3.8700366020202637 -3.870968222618103 0.5250125750899315 100 225.00001698732376 211.0000178217888 208.00001800060272
2.5773781538009644 -2.5806456804275513 0.29212862253189087 100 214.00001764297485 195.0000187754631 191.00000381469727
5.033884644508362 -2.4130454659461975 0.8117569983005524 100 196.00001871585846 137.00000703334808 113.00000846385956
4.8274824023246765 -2.546738386154175 0.7923389971256256 100 206.000018119812 165.00000536441803 152.0000061392784
5.090126395225525 -2.6447471976280212 0.813710168004036 100 201.00001841783524 146.00000649690628 125.00000774860382
4.830516576766968 -2.3412349820137024 0.7935326546430588 100 176.00000470876694 127.00000762939453 112.0000085234642
4.997512400150299 -2.4005620181560516 0.5700057372450829 100 61.00000396370888 33.00000183284283 27.000002190470695
4.647441804409027 -3.0090633034706116 0.5212469771504402 100 206.000018119812 163.00000548362732 149.00000631809235
4.675334692001343 -3.1162098050117493 0.7389023900032043 100 206.000018119812 184.00000423192978 179.000004529953
4.639977514743805 -2.899312973022461 0.64527727663517 100 53.000004440546036 21.000000648200512 14.000001065433025
4.6169513463974 -2.836185097694397 0.5156658962368965 100 53.000004440546036 22.000000588595867 15.00000100582838
4.621041715145111 -2.6467785239219666 0.6542900204658508 100 53.000004440546036 21.000000648200512 14.000001065433025
4.606446027755737 -2.52203106880188 0.6267116218805313 100 61.00000396370888 25.000002309679985 17.00000088661909
4.603833556175232 -2.6635748147964478 0.4997970163822174 100 46.000001057982445 18.000000827014446 12.000001184642315
4.7632768750190735 -3.262138068675995 0.7451249659061432 100 214.00001764297485 183.00000429153442 174.00000482797623
4.717006683349609 -3.2796943187713623 0.5961379408836365 100 49.000004678964615 19.0000007674098 13.00000112503767
4.885479509830475 -2.7701452374458313 0.8173241466283798 100 216.00001752376556 187.00000405311584 177.0000046491623
4.645167291164398 -2.851550281047821 0.781639888882637 100 137.00000703334808 101.0000091791153 92.00000211596489
4.6611180901527405 -3.0054059624671936 0.7643797993659973 100 196.00001871585846 164.00000542402267 155.00000596046448
4.99970018863678 -3.186506927013397 0.7733241468667984 100 215.0000175833702 185.00000417232513 175.00000476837158
5.091952085494995 -2.943888306617737 0.8110204339027405 100 216.00001752376556 182.00000435113907 172.00000494718552
4.8367926478385925 -2.3462776839733124 0.5788306146860123 100 58.00000414252281 30.00000201165676 25.000002309679985
4.6874454617500305 -2.341471016407013 0.6461898982524872 100 51.000004559755325 22.000000588595867 17.00000088661909
4.6646445989608765 -2.3774050176143646 0.7748830318450928 100 164.00000542402267 116.00000828504562 103.000009059906
4.78312611579895 -2.3411445319652557 0.725160613656044 100 58.00000414252281 28.00000213086605 21.000000648200512
4.788935482501984 -2.3475775122642517 0.6119394302368164 100 59.00000408291817 28.00000213086605 21.000000648200512
4.667988121509552 -2.4697498977184296 0.5286004394292831 100 53.000004440546036 22.000000588595867 15.00000100582838
5.064210295677185 -2.423882335424423 0.7927785068750381 100 193.0000188946724 130.0000074505806 105.00000894069672
5.073959231376648 -2.7227789163589478 0.8402768522500992 100 197.00001865625381 139.0000069141388 116.00000828504562
5.0947874784469604 -2.7074801921844482 0.8129884302616119 100 200.00001847743988 146.00000649690628 125.00000774860382
4.876661896705627 -2.7207335829734802 0.7930516451597214 100 185.00000417232513 143.00000667572021 129.00000751018524
4.891215264797211 -2.7310121059417725 0.8188191056251526 100 180.00000447034836 138.00000697374344 126.00000768899918
5.088269114494324 -2.768060564994812 0.8296684920787811 100 215.0000175833702 184.00000423192978 175.00000476837158
5.066356062889099 -2.4220216274261475 0.5633135512471199 100 169.00000512599945 105.00000894069672 85.0000025331974
4.618436694145203 -2.7795639634132385 0.6341712176799774 100 53.000004440546036 22.000000588595867 15.00000100582838
4.622348845005035 -2.4681900441646576 0.7691716402769089 100 188.0000039935112 145.00000655651093 132.0000073313713
4.627677500247955 -2.7232077717781067 0.7649937272071838 100 151.00000619888306 100.00000923871994 88.00000235438347
4.863569736480713 -2.7324405312538147 0.8178652077913284 100 159.0000057220459 120.00000804662704 110.00000864267349
4.6620601415634155 -2.7398324012756348 0.7854804396629333 100 173.00000488758087 132.0000073313713 120.00000804662704
4.625196754932404 -2.744976282119751 0.7530263066291809 100 141.0000067949295 89.00000229477882 76.0000030696392
4.848901033401489 -3.0844539403915405 0.7742016762495041 100 221.00001722574234 198.00001859664917 191.00000381469727
4.6961528062820435 -3.284008800983429 0.6751571595668793 100 182.00000435113907 140.00000685453415 128.0000075697899
4.689759314060211 -3.2671526074409485 0.5944409966468811 100 177.0000046491623 120.00000804662704 104.00000900030136
4.615652561187744 -2.4707943201065063 0.6945353746414185 100 48.00000473856926 18.000000827014446 12.000001184642315
4.647316634654999 -2.4615243077278137 0.5995121598243713 100 49.000004678964615 20.000000707805157 13.00000112503767
4.57824319601059 -2.560281753540039 0.5106327310204506 100 70.00000342726707 29.000002071261406 20.000000707805157
4.708704352378845 -2.3401305079460144 0.7578237354755402 100 75.00000312924385 34.00000177323818 25.000002309679985
4.667703211307526 -2.3586730659008026 0.689830407500267 100 46.000001057982445 18.000000827014446 11.000000294297934
4.70231831073761 -3.2318925857543945 0.7421103119850159 100 204.0000182390213 161.0000056028366 147.00000643730164
4.681605100631714 -3.1627508997917175 0.7294457405805588 100 179.000004529953 153.00000607967377 147.00000643730164
4.810031950473785 -2.347436249256134 0.5689298361539841 100 58.00000414252281 28.00000213086605 22.000000588595867
4.781244099140167 -3.1733015179634094 0.7562597095966339 100 220.00001728534698 202.0000183582306 199.00001853704453
4.624790847301483 -2.575591802597046 0.7672551274299622 100 204.0000182390213 166.00000530481339 154.00000602006912
4.785185754299164 -2.3493604362010956 0.5261054262518883 100 61.00000396370888 31.000001952052116 25.000002309679985
4.782060086727142 -2.729848027229309 0.7831722497940063 100 129.00000751018524 86.00000247359276 76.0000030696392
5.084993243217468 -2.436816692352295 0.6180053949356079 100 61.00000396370888 33.00000183284283 27.000002190470695
4.86795961856842 -2.3691822588443756 0.5310949310660362 100 58.00000414252281 31.000001952052116 26.00000225007534
5.04225492477417 -3.1464195251464844 0.7789936661720276 100 217.00001746416092 185.00000417232513 174.00000482797623
4.751777350902557 -3.087783455848694 0.7631143927574158 100 216.00001752376556 186.0000041127205 178.00000458955765
4.677124619483948 -3.102850019931793 0.7638764381408691 100 215.0000175833702 196.00001871585846 192.00001895427704
6.239868402481079 2.148095518350601 0.3848273307085037 100 178.00000458955765 100.00000923871994 64.00000378489494
5.99711537361145 1.957152932882309 0.5327880010008812 100 179.000004529953 108.00000876188278 75.00000312924385
6.231319308280945 1.710382103919983 0.5059240385890007 100 198.00001859664917 126.00000768899918 88.00000235438347
6.297949552536011 2.0924463868141174 0.5354901403188705 100 184.00000423192978 113.00000846385956 81.00000277161598
5.951069593429565 1.6623514890670776 0.5075754597783089 100 150.0000062584877 78.00000295042992 49.000004678964615
5.98936915397644 1.9045192003250122 0.19833587110042572 100 57.00000420212746 24.00000236928463 16.000000946223736
6.6783928871154785 1.4975275099277496 0.1231591496616602 100 168.0000051856041 88.00000235438347 54.00000438094139
6.253817677497864 1.4035072922706604 0.2767860144376755 100 170.0000050663948 91.00000217556953 57.00000420212746
6.227102875709534 2.169110029935837 0.19759027287364006 100 174.00000482797623 99.00000929832458 66.00000366568565
6.082251071929932 2.0791415870189667 0.21080216392874718 100 61.00000396370888 31.000001952052116 25.000002309679985
7.220540642738342 1.8046340346336365 0.4406055435538292 100 201.00001841783524 130.0000074505806 91.00000217556953
6.6921281814575195 1.5397998690605164 0.491122342646122 100 195.0000187754631 123.00000786781311 86.00000247359276
6.897319555282593 1.6005417704582214 0.4672437533736229 100 190.0000038743019 116.00000828504562 79.00000289082527
7.057679891586304 2.1069689095020294 0.4796178638935089 100 196.00001871585846 125.00000774860382 85.0000025331974
6.704310774803162 2.1708522737026215 0.5317689850926399 100 194.00001883506775 123.00000786781311 80.00000283122063
5.956335067749023 1.6721667349338531 0.21054470911622047 100 54.00000438094139 23.000000528991222 17.00000088661909
5.9877026081085205 1.4678381383419037 0.3037332743406296 100 123.00000786781311 53.000004440546036 32.00000189244747
6.042358875274658 1.445949673652649 0.4817744717001915 100 191.00000381469727 117.00000822544098 81.00000277161598
5.962974429130554 1.597878783941269 0.41298575699329376 100 55.000004321336746 22.000000588595867 14.000001065433025
5.970249176025391 1.6074120998382568 0.2563492953777313 100 57.00000420212746 23.000000528991222 15.00000100582838
6.167097091674805 1.4739340543746948 0.14105354435741901 100 129.00000751018524 60.00000402331352 37.00000159442425
6.004156470298767 2.0011451840400696 0.5065320804715157 100 72.00000330805779 36.00000165402889 27.000002190470695
6.40817403793335 2.0902642607688904 0.5722439661622047 100 155.00000596046448 84.00000259280205 56.0000042617321
6.382082104682922 2.1147069334983826 0.5344916135072708 100 194.00001883506775 123.00000786781311 80.00000283122063
6.573535799980164 2.204320877790451 0.4071476310491562 100 64.00000378489494 35.00000171363354 28.00000213086605
6.455467343330383 1.8214254081249237 0.5069099739193916 100 188.0000039935112 115.00000834465027 76.0000030696392
6.465751528739929 1.8438264727592468 0.5425580590963364 100 198.00001859664917 132.0000073313713 97.00000941753387
6.466124057769775 2.1212179958820343 0.5575677379965782 100 190.0000038743019 119.00000810623169 76.0000030696392
5.9967827796936035 1.8383125960826874 0.15731845051050186 100 54.00000438094139 21.000000648200512 14.000001065433025
6.001081466674805 2.0035912096500397 0.18907757475972176 100 57.00000420212746 26.00000225007534 19.0000007674098
6.601012945175171 1.4851769804954529 0.2871060185134411 100 196.00001871585846 118.00000816583633 78.00000295042992
6.17655873298645 1.4114700257778168 0.4738730564713478 100 196.00001871585846 118.00000816583633 78.00000295042992
6.5220242738723755 1.4834406971931458 0.4680930823087692 100 199.00001853704453 133.00000727176666 104.00000900030136
6.474710702896118 1.8065917491912842 0.5412384495139122 100 191.00000381469727 121.0000079870224 84.00000259280205
6.5359073877334595 1.5344198048114777 0.4964355006814003 100 190.0000038743019 127.00000762939453 100.00000923871994
6.552258729934692 1.4855916798114777 0.45153670012950897 100 196.00001871585846 124.00000780820847 89.00000229477882
6.957163214683533 1.8759842216968536 0.48083189874887466 100 206.000018119812 138.00000697374344 99.00000929832458
6.181800365447998 1.4030243456363678 0.3706171363592148 100 183.00000429153442 101.0000091791153 64.00000378489494
6.161156892776489 1.4437335729599 0.23915674537420273 100 153.00000607967377 75.00000312924385 46.000001057982445
6.312995553016663 1.374860256910324 0.11619596742093563 100 191.00000381469727 117.00000822544098 80.00000283122063
5.980483889579773 1.4964096248149872 0.4581736773252487 100 170.0000050663948 105.00000894069672 82.00000271201134
6.016107201576233 1.4453549683094025 0.36410801112651825 100 144.00000661611557 67.00000360608101 41.00000135600567
7.194879651069641 1.7140555381774902 0.43643493205308914 100 192.00001895427704 117.00000822544098 82.00000271201134
5.964702367782593 1.636066734790802 0.19684746861457825 100 53.000004440546036 21.000000648200512 13.00000112503767
7.095165848731995 1.806522160768509 0.45600995421409607 100 207.00001806020737 139.0000069141388 102.00000911951065
6.32200300693512 1.4420497417449951 0.4712216556072235 100 201.00001841783524 130.0000074505806 92.00000211596489
5.973625183105469 1.6027651727199554 0.1376017928123474 100 57.00000420212746 23.000000528991222 15.00000100582838
6.491872668266296 1.6950826346874237 0.49324221909046173 100 198.00001859664917 127.00000762939453 90.00000223517418
6.016471982002258 2.0326922833919525 0.26474129408597946 100 58.00000414252281 27.000002190470695 21.000000648200512
5.9795743227005005 1.7203661799430847 0.14450454153120518 100 51.000004559755325 19.0000007674098 12.000001184642315
6.992361545562744 2.1546678245067596 0.4874614253640175 100 199.00001853704453 131.00000739097595 91.00000217556953
6.986342072486877 1.744743287563324 0.4654930904507637 100 205.00001817941666 135.00000715255737 97.00000941753387
7.025778889656067 1.6470414400100708 0.4665473848581314 100 182.00000435113907 108.00000876188278 71.00000336766243
9.587159156799316 -7.0472389459609985 1.4300455152988434 100 50.00000461935997 19.0000007674098 13.00000112503767
8.864719271659851 -6.899977326393127 1.1689165979623795 100 46.000001057982445 17.00000088661909 11.000000294297934
8.769451975822449 -7.026562690734863 1.4673011004924774 100 177.0000046491623 146.00000649690628 138.00000697374344
9.031419157981873 -6.883401274681091 1.3255693018436432 100 52.00000450015068 20.000000707805157 13.00000112503767
9.085257053375244 -6.799790263175964 1.1497697234153748 100 53.000004440546036 21.000000648200512 14.000001065433025
9.096104502677917 -6.777760982513428 1.0221388190984726 100 69.00000348687172 38.0000015348196 32.00000189244747
9.197047352790833 -6.709867715835571 1.0192104429006577 100 53.000004440546036 27.000002190470695 23.000000528991222
8.54563295841217 -7.32818067073822 1.2121453881263733 100 183.00000429153442 158.00000578165054 153.00000607967377
8.67521584033966 -7.547082304954529 1.1674568057060242 100 80.00000283122063 68.00000354647636 67.00000360608101
8.768375515937805 -7.541608810424805 1.1958255618810654 100 204.0000182390213 177.0000046491623 172.00000494718552
9.364604353904724 -6.775029301643372 1.313556730747223 100 52.00000450015068 21.000000648200512 14.000001065433025
9.521790742874146 -6.706713438034058 1.2658743560314178 100 53.000004440546036 25.000002309679985 19.0000007674098
9.308965802192688 -6.720073223114014 1.1118807643651962 100 47.0000009983778 18.000000827014446 13.00000112503767
8.774092197418213 -7.535042762756348 1.207055076956749 100 95.00000193715096 72.00000330805779 69.00000348687172
8.602847456932068 -7.193524241447449 1.4679917693138123 100 103.000009059906 76.0000030696392 71.00000336766243
8.538178205490112 -7.1018582582473755 1.2820160388946533 100 133.00000727176666 101.0000091791153 95.00000193715096
9.311131834983826 -7.205594182014465 1.4735376834869385 100 53.000004440546036 28.00000213086605 23.000000528991222
9.121439456939697 -6.907556653022766 1.5025441348552704 100 73.00000324845314 55.000004321336746 52.00000450015068
8.91769289970398 -6.9765108823776245 1.492738127708435 100 66.00000366568565 61.00000396370888 60.00000402331352
8.782268762588501 -7.486552596092224 1.4306537806987762 100 161.0000056028366 96.00000947713852 79.00000289082527
9.79166865348816 -6.7570871114730835 1.2482613325119019 100 64.00000378489494 58.00000414252281 57.00000420212746
9.759796857833862 -6.770826578140259 1.4325450360774994 100 69.00000348687172 66.00000366568565 66.00000366568565
9.443620443344116 -6.626551151275635 0.9980810433626175 100 206.000018119812 157.0000058412552 144.00000661611557
9.593029022216797 -6.746029257774353 1.1100438982248306 100 57.00000420212746 32.00000189244747 27.000002190470695
8.465681672096252 -7.127141952514648 1.0411785542964935 100 54.00000438094139 28.00000213086605 24.00000236928463
8.988085985183716 -6.838333606719971 1.0350168496370316 100 46.000001057982445 16.000000946223736 11.000000294297934
8.520012497901917 -7.237794995307922 1.2362224608659744 100 154.00000602006912 127.00000762939453 122.00000792741776
8.47984254360199 -7.099543213844299 1.2363583594560623 100 139.0000069141388 100.00000923871994 92.00000211596489
9.436980485916138 -7.443699240684509 1.4459186792373657 100 52.00000450015068 20.000000707805157 13.00000112503767
9.365467429161072 -7.200257182121277 1.469368189573288 100 45.00000111758709 16.000000946223736 11.000000294297934
9.18274462223053 -6.8116700649261475 1.30265474319458 100 52.00000450015068 20.000000707805157 13.00000112503767
9.624353051185608 -6.74443244934082 1.4473514258861542 100 61.00000396370888 46.000001057982445 44.000001177191734
9.284504055976868 -6.836892366409302 1.4700090885162354 100 112.0000085234642 89.00000229477882 85.0000025331974
9.354817867279053 -7.1640545129776 1.4760303497314453 100 60.00000402331352 42.000001296401024 38.0000015348196
9.276641607284546 -6.892898678779602 1.4899183809757233 100 107.00000882148743 81.00000277161598 76.0000030696392
9.252490401268005 -6.838061213493347 1.4571012556552887 100 129.00000751018524 82.00000271201134 71.00000336766243
8.66547167301178 -7.546625137329102 1.071048155426979 100 195.0000187754631 156.00000590085983 148.000006377697
8.872047066688538 -7.253329157829285 1.4623656868934631 100 198.00001859664917 158.00000578165054 145.00000655651093
8.540199995040894 -7.095239758491516 1.395024061203003 100 63.00000384449959 32.00000189244747 25.000002309679985
8.546184301376343 -7.061261534690857 1.285931020975113 100 89.00000229477882 56.0000042617321 50.00000461935997
9.605337381362915 -6.718147397041321 1.3488218188285828 100 50.00000461935997 22.000000588595867 16.000000946223736
8.651348948478699 -6.994257569313049 1.196463331580162 100 52.00000450015068 19.0000007674098 12.000001184642315
9.610400795936584 -6.733407378196716 1.2105947732925415 100 54.00000438094139 28.00000213086605 23.000000528991222
9.44100558757782 -6.653972864151001 1.1216384917497635 100 55.000004321336746 28.00000213086605 23.000000528991222
8.744667768478394 -6.967970132827759 1.0668974369764328 100 47.0000009983778 17.00000088661909 11.000000294297934
8.605477809906006 -7.048054337501526 1.0366332530975342 100 122.00000792741776 81.00000277161598 73.00000324845314
9.770435094833374 -6.747610569000244 1.3147200644016266 100 62.00000390410423 52.00000450015068 51.000004559755325
8.62382173538208 -7.102150917053223 1.4775502681732178 100 105.00000894069672 74.0000031888485 68.00000354647636
8.707503080368042 -7.048285603523254 1.458212435245514 100 222.0000171661377 207.00001806020737 203.00001829862595
9.481257200241089 -6.783594489097595 1.4566262066364288 100 54.00000438094139 33.00000183284283 29.000002071261406
9.293936491012573 -6.6790395975112915 1.0120077431201935 100 46.000001057982445 20.000000707805157 16.000000946223736
8.499377369880676 -7.060772776603699 1.219133883714676 100 49.000004678964615 19.0000007674098 12.000001184642315
8.470054864883423 -7.089950442314148 1.1667201668024063 100 52.00000450015068 22.000000588595867 15.00000100582838
8.76889705657959 -7.493847608566284 1.408892273902893 100 120.00000804662704 75.00000312924385 67.00000360608101
8.83549451828003 -7.123669385910034 1.4751338958740234 100 215.0000175833702 196.00001871585846 191.00000381469727
8.792361617088318 -7.0305293798446655 1.4989380538463593 100 74.0000031888485 66.00000366568565 64.00000378489494
13.300966024398804 2.489323914051056 0.042217629961669445 100 188.0000039935112 108.00000876188278 75.00000312924385
13.52479100227356 2.5731369853019714 0.298131350427866 100 199.00001853704453 126.00000768899918 89.00000229477882
13.315383195877075 2.542744278907776 0.2919101342558861 100 206.000018119812 135.00000715255737 98.00000935792923
13.166741132736206 2.929551601409912 0.1362689957022667 100 50.00000461935997 19.0000007674098 13.00000112503767
13.189139366149902 2.706998884677887 0.20929602906107903 100 116.00000828504562 57.00000420212746 37.00000159442425
13.57939600944519 2.5030070543289185 0.12151745148003101 100 215.0000175833702 163.00000548362732 141.0000067949295
13.480628728866577 2.4191196262836456 0.06199351046234369 100 203.00001829862595 140.00000685453415 113.00000846385956
13.155598640441895 2.597755491733551 0.06079418119043112 100 53.000004440546036 21.000000648200512 13.00000112503767
13.144536018371582 2.946218252182007 0.03853555303066969 100 53.000004440546036 24.00000236928463 18.000000827014446
13.304476737976074 3.0248284339904785 0.21337918937206268 100 166.00000530481339 88.00000235438347 56.0000042617321
13.274521827697754 3.0724304914474487 0.00941864971537143 100 185.00000417232513 108.00000876188278 71.00000336766243
13.3385169506073 2.850155830383301 0.35395044833421707 100 198.00001859664917 129.00000751018524 94.0000019967556
13.3603036403656 2.666652202606201 0.3346123918890953 100 194.00001883506775 122.00000792741776 87.00000241398811
13.256968259811401 2.966666519641876 0.25683121755719185 100 186.0000041127205 109.00000870227814 72.00000330805779
13.225709199905396 2.9275724291801453 0.2877408266067505 100 182.00000435113907 107.00000882148743 72.00000330805779
13.215426206588745 2.722041606903076 0.28937075287103653 100 184.00000423192978 112.0000085234642 81.00000277161598
13.280036449432373 2.872183918952942 0.3344561904668808 100 182.00000435113907 108.00000876188278 73.00000324845314
13.664345741271973 2.409941852092743 0.02397193806245923 100 196.00001871585846 116.00000828504562 78.00000295042992
13.197561502456665 2.912200391292572 0.26146257296204567 100 111.00000858306885 52.00000450015068 34.00000177323818
13.302409648895264 2.596852481365204 0.3030424937605858 100 192.00001895427704 121.0000079870224 87.00000241398811
13.167256116867065 2.5558286905288696 0.08708836510777473 100 181.0000044107437 104.00000900030136 72.00000330805779
13.23709487915039 2.5539642572402954 0.2017573080956936 100 184.00000423192978 108.00000876188278 75.00000312924385
13.300755023956299 2.526826858520508 0.19950173795223236 100 192.00001895427704 115.00000834465027 81.00000277161598
13.763055801391602 2.4993453919887543 0.08464141748845577 100 212.00001776218414 158.00000578165054 134.00000721216202
13.490709066390991 2.616320252418518 0.3226873278617859 100 194.00001883506775 117.00000822544098 79.00000289082527
13.252243995666504 3.0539265275001526 0.005194409750401974 100 89.00000229477882 40.00000141561031 27.000002190470695
13.209588527679443 2.674914300441742 0.23389503359794617 100 133.00000727176666 65.0000037252903 43.00000123679638
13.205558061599731 2.744256854057312 0.28110500425100327 100 149.00000631809235 81.00000277161598 57.00000420212746
13.230782747268677 2.674241364002228 0.2882244437932968 100 185.00000417232513 114.00000840425491 82.00000271201134
13.654049634933472 2.5573769211769104 0.20866664126515388 100 206.000018119812 135.00000715255737 98.00000935792923
13.348979949951172 2.4973896145820618 0.1600269228219986 100 198.00001859664917 124.00000780820847 88.00000235438347
13.3571195602417 2.8214964270591736 0.3567346930503845 100 196.00001871585846 123.00000786781311 85.0000025331974
13.185170888900757 2.5972655415534973 0.182883832603693 100 176.00000470876694 105.00000894069672 73.00000324845314
13.193292617797852 2.5616034865379333 0.157118272036314 100 190.0000038743019 118.00000816583633 84.00000259280205
13.151005506515503 2.5518789887428284 0.03770481562241912 100 161.0000056028366 86.00000247359276 59.00000408291817
13.176475763320923 2.593589127063751 0.14675041660666466 100 99.00000929832458 44.000001177191734 29.000002071261406
13.261463642120361 2.563471496105194 0.27206871658563614 100 162.00000554323196 91.00000217556953 66.00000366568565
13.743619918823242 2.4324482679367065 0.02929332433268428 100 211.0000178217888 156.00000590085983 132.0000073313713
13.424057960510254 2.685917019844055 0.3621693328022957 100 197.00001865625381 125.00000774860382 87.00000241398811
13.160762786865234 2.571151554584503 0.07778192404657602 100 98.00000935792923 42.000001296401024 27.000002190470695
5.41655421257019 4.013477265834808 0.18426865339279175 100 197.00001865625381 129.00000751018524 89.00000229477882
5.57355523109436 3.6967578530311584 0.20238077268004417 100 188.0000039935112 111.00000858306885 74.0000031888485
5.654545426368713 3.7977850437164307 0.2035060152411461 100 184.00000423192978 105.00000894069672 71.00000336766243
5.015893578529358 3.7558406591415405 -0.014225678751245141 100 99.00000929832458 42.000001296401024 25.000002309679985
5.080518126487732 3.640161454677582 0.06346022710204124 100 119.00000810623169 52.00000450015068 30.00000201165676
5.197358131408691 3.784700036048889 0.15439385548233986 100 159.0000057220459 82.00000271201134 50.00000461935997
5.530971884727478 4.046532213687897 0.1869768463075161 100 194.00001883506775 122.00000792741776 85.0000025331974
5.616899728775024 3.9687228202819824 0.18457578495144844 100 190.0000038743019 116.00000828504562 79.00000289082527
5.584733486175537 3.640238642692566 0.14970354735851288 100 198.00001859664917 129.00000751018524 100.00000923871994
5.489059686660767 3.571540415287018 0.1562209613621235 100 186.0000041127205 106.00000888109207 70.00000342726707
5.112711191177368 3.585243821144104 0.10375866666436195 100 157.0000058412552 82.00000271201134 53.000004440546036
5.402708053588867 3.5106077790260315 0.15473751351237297 100 185.00000417232513 101.0000091791153 66.00000366568565
5.227720141410828 3.4452587366104126 0.10568207129836082 100 188.0000039935112 108.00000876188278 70.00000342726707
5.608072280883789 3.6588162183761597 0.14195620082318783 100 203.00001829862595 141.0000067949295 117.00000822544098
5.054008364677429 3.907676041126251 0.0010947649570880458 100 77.00000301003456 37.00000159442425 27.000002190470695
5.160419344902039 4.02093380689621 0.07531740702688694 100 183.00000429153442 103.000009059906 65.0000037252903
5.025432109832764 3.7655335664749146 -0.08917159400880337 100 52.00000450015068 22.000000588595867 14.000001065433025
5.0454312562942505 3.8925325870513916 -0.022629443556070328 100 56.0000042617321 30.00000201165676 24.00000236928463
5.027905702590942 3.8500532507896423 -0.015496880514547229 100 121.0000079870224 58.00000414252281 37.00000159442425
5.220414996147156 3.9453786611557007 0.15621518716216087 100 149.00000631809235 76.0000030696392 48.00000473856926
5.172532796859741 4.030719697475433 0.10114958509802818 100 164.00000542402267 83.00000265240669 49.000004678964615
5.414865612983704 3.5172221064567566 0.06582066416740417 100 190.0000038743019 110.00000864267349 70.00000342726707
5.2600884437561035 3.9059481024742126 0.17897095531225204 100 167.00000524520874 91.00000217556953 59.00000408291817
5.354970097541809 3.7567713856697083 0.15707487240433693 100 188.0000039935112 109.00000870227814 71.00000336766243
5.39853572845459 3.7457284331321716 0.18868893384933472 100 184.00000423192978 109.00000870227814 77.00000301003456
5.523258447647095 3.5998424887657166 0.15738608315587044 100 195.0000187754631 127.00000762939453 100.00000923871994
5.528439283370972 3.6461159586906433 0.1983438804745674 100 195.0000187754631 128.0000075697899 102.00000911951065
5.339833498001099 4.146193861961365 0.11131494306027889 100 156.00000590085983 80.00000283122063 51.000004559755325
5.281946659088135 4.059997200965881 0.17303159460425377 100 182.00000435113907 102.00000911951065 65.0000037252903
5.390603542327881 4.1415345668792725 0.1726856455206871 100 185.00000417232513 106.00000888109207 67.00000360608101
5.325978398323059 3.481573760509491 0.125090554356575 100 185.00000417232513 99.00000929832458 59.00000408291817
5.235546231269836 3.4465235471725464 0.04713803995400667 100 150.0000062584877 72.00000330805779 42.000001296401024
5.368096232414246 3.4978875517845154 -0.06427595857530832 100 182.00000435113907 93.00000205636024 54.00000438094139
5.209977030754089 3.4604275226593018 0.10214974172413349 100 161.0000056028366 89.00000229477882 61.00000396370888
5.244215726852417 3.4541571140289307 -0.05143011920154095 100 170.0000050663948 83.00000265240669 47.0000009983778
5.638461709022522 3.869737982749939 0.19820895045995712 100 191.00000381469727 114.00000840425491 77.00000301003456
5.246802568435669 4.029058814048767 0.1736847124993801 100 135.00000715255737 65.0000037252903 41.00000135600567
5.355895757675171 3.880964517593384 0.18488381057977676 100 194.00001883506775 121.0000079870224 83.00000265240669
5.010213255882263 3.7827029824256897 -0.023236919660121202 100 76.0000030696392 31.000001952052116 19.0000007674098
5.434479117393494 4.136697351932526 0.17554940655827522 100 190.0000038743019 113.00000846385956 75.00000312924385
5.323528051376343 4.140347540378571 0.08790967985987663 100 155.00000596046448 79.00000289082527 50.00000461935997
5.397020578384399 3.7080025672912598 0.157132837921381 100 191.00000381469727 121.0000079870224 90.00000223517418
5.243600010871887 3.952711522579193 0.17843864858150482 100 159.0000057220459 83.00000265240669 52.00000450015068
