10.39480447769165 -2.5529399514198303 1.901727318763733 100 154.00000602006912 89.00000229477882 68.00000354647636
9.72554326057434 -1.46537646651268 1.3598072528839111 100 103.000009059906 53.000004440546036 39.00000147521496
11.703300476074219 -3.4279808402061462 2.65584260225296 100 198.00001859664917 181.0000044107437 177.0000046491623
10.57281494140625 -2.1836310625076294 2.669614553451538 100 173.00000488758087 135.00000715255737 126.00000768899918
8.619984984397888 1.4950419962406158 0.2963426895439625 100 49.000004678964615 20.000000707805157 13.00000112503767
9.044549465179443 0.4826062172651291 0.8826371282339096 100 58.00000414252281 26.00000225007534 18.000000827014446
9.598906636238098 2.6308879256248474 0.9979529678821564 100 67.00000360608101 28.00000213086605 20.000000707805157
8.678549528121948 1.6917891800403595 1.0600312054157257 100 99.00000929832458 41.00000135600567 26.00000225007534
8.851356506347656 1.2698043882846832 1.258007436990738 100 83.00000265240669 34.00000177323818 23.000000528991222
10.313113927841187 -2.647971510887146 0.9474313259124756 100 158.00000578165054 88.00000235438347 60.00000402331352
10.97774624824524 -3.207942545413971 1.0147687792778015 100 158.00000578165054 83.00000265240669 55.000004321336746
8.898939490318298 1.2598685920238495 1.311689168214798 100 106.00000888109207 49.000004678964615 32.00000189244747
10.511401891708374 2.7416768670082092 2.1860134601593018 100 67.00000360608101 63.00000384449959 63.00000384449959
10.738539695739746 3.006584048271179 1.1354923248291016 100 142.00000673532486 68.00000354647636 44.000001177191734
9.5051771402359 -0.9832955896854401 1.214764267206192 100 58.00000414252281 27.000002190470695 20.000000707805157
9.303293228149414 1.4752262830734253 2.3848487436771393 100 69.00000348687172 65.0000037252903 65.0000037252903
9.55145537853241 -0.3380918875336647 2.6506486535072327 100 99.00000929832458 74.0000031888485 69.00000348687172
11.478993892669678 -3.463294506072998 2.522023022174835 100 196.00001871585846 175.00000476837158 170.0000050663948
10.020664930343628 2.887814939022064 1.0188118368387222 100 95.00000193715096 42.000001296401024 30.00000201165676
10.638606548309326 3.253495693206787 0.8676516264677048 100 128.0000075697899 62.00000390410423 42.000001296401024
10.409413576126099 -1.6460210084915161 2.8569385409355164 100 152.0000061392784 135.00000715255737 131.00000739097595
10.332143306732178 -1.8110471963882446 2.6645252108573914 100 173.00000488758087 136.00000709295273 126.00000768899918
9.595673084259033 -1.0246746242046356 2.01548770070076 100 109.00000870227814 62.00000390410423 49.000004678964615
10.16793966293335 -1.4140419661998749 2.7821379899978638 100 184.00000423192978 133.00000727176666 115.00000834465027
11.47199273109436 -3.4820586442947388 0.904044434428215 100 102.00000911951065 75.00000312924385 69.00000348687172
8.599669337272644 1.655479520559311 0.5738474428653717 100 53.000004440546036 23.000000528991222 15.00000100582838
10.853056907653809 3.10370534658432 1.6926640272140503 100 58.00000414252281 40.00000141561031 36.00000165402889
10.622944831848145 3.2520416378974915 0.5062589049339294 100 171.00000500679016 92.00000211596489 58.00000414252281
11.306672096252441 -3.4534043073654175 1.2896816432476044 100 154.00000602006912 88.00000235438347 66.00000366568565
9.175233840942383 1.0833948850631714 2.42482528090477 100 117.00000822544098 59.00000408291817 39.00000147521496
9.234378933906555 1.5123245120048523 2.2743794322013855 100 50.00000461935997 22.000000588595867 17.00000088661909
9.944769144058228 -1.9981089234352112 0.9068496525287628 100 110.00000864267349 56.0000042617321 39.00000147521496
10.060174465179443 -2.009158283472061 1.630767285823822 100 112.0000085234642 57.00000420212746 42.000001296401024
9.610138535499573 -1.454327255487442 0.6358896195888519 100 108.00000876188278 52.00000450015068 37.00000159442425
11.138057708740234 -2.8058061003684998 2.662728428840637 100 219.00001734495163 202.0000183582306 198.00001859664917
8.83226752281189 0.9888242185115814 0.5894898995757103 100 56.0000042617321 24.00000236928463 16.000000946223736
8.891718983650208 0.5977524071931839 0.24132432416081429 100 152.0000061392784 78.00000295042992 52.00000450015068
9.104000926017761 0.09153444319963455 0.5344715341925621 100 55.000004321336746 25.000002309679985 17.00000088661909
9.225131273269653 1.9503460824489594 1.1279802024364471 100 140.00000685453415 62.00000390410423 37.00000159442425
9.138728380203247 2.1613386273384094 1.028992086648941 100 104.00000900030136 43.00000123679638 27.000002190470695
8.764953017234802 1.4807967841625214 1.1590193212032318 100 69.00000348687172 28.00000213086605 18.000000827014446
10.645430088043213 -2.9279568791389465 0.9810999780893326 100 169.00000512599945 97.00000941753387 66.00000366568565
9.818739295005798 2.1332262456417084 1.2235907465219498 100 46.000001057982445 20.000000707805157 16.000000946223736
9.70517098903656 2.0007726550102234 1.7488513886928558 100 50.00000461935997 22.000000588595867 17.00000088661909
10.624970197677612 2.8741303086280823 1.6607528924942017 100 57.00000420212746 26.00000225007534 20.000000707805157
9.334315061569214 -0.641416534781456 0.7005351036787033 100 56.0000042617321 25.000002309679985 18.000000827014446
9.274863004684448 -0.2503446862101555 1.0487006604671478 100 55.000004321336746 25.000002309679985 18.000000827014446
9.907347559928894 2.1084514260292053 2.2854311764240265 100 57.00000420212746 35.00000171363354 31.000001952052116
9.427374005317688 0.5685673281550407 2.517748773097992 100 143.00000667572021 89.00000229477882 72.00000330805779
10.686275959014893 -2.8804412484169006 1.4582480490207672 100 173.00000488758087 101.0000091791153 72.00000330805779
11.22836947441101 -3.3356186747550964 1.7683960497379303 100 173.00000488758087 102.00000911951065 73.00000324845314
10.936899185180664 -3.0081170797348022 2.211875319480896 100 182.00000435113907 124.00000780820847 102.00000911951065
11.025904417037964 -2.8234627842903137 2.5958189368247986 100 212.00001776218414 188.0000039935112 182.00000435113907
10.48380970954895 -2.36828550696373 2.2856709361076355 100 195.0000187754631 151.00000619888306 136.00000709295273
9.558894634246826 2.621673345565796 0.45476198196411133 100 49.000004678964615 23.000000528991222 19.0000007674098
9.973328113555908 2.874349057674408 0.455421507358551 100 49.000004678964615 25.000002309679985 21.000000648200512
10.18420696258545 3.0028122663497925 0.46585090458393097 100 54.00000438094139 28.00000213086605 23.000000528991222
10.32963514328003 3.0706551671028137 0.9432317316532135 100 53.000004440546036 28.00000213086605 23.000000528991222
10.493178367614746 3.1856530904769897 0.39027079939842224 100 54.00000438094139 28.00000213086605 23.000000528991222
9.794947504997253 2.138194441795349 1.1967498809099197 100 102.00000911951065 42.000001296401024 27.000002190470695
10.168722867965698 2.8187361359596252 1.066722646355629 100 164.00000542402267 84.00000259280205 52.00000450015068
9.098716378211975 2.15212419629097 0.48580121248960495 100 44.000001177191734 19.0000007674098 15.00000100582838
9.980434775352478 -0.992056354880333 2.7537935972213745 100 173.00000488758087 111.00000858306885 91.00000217556953
10.363473892211914 -2.1819935739040375 2.283126264810562 100 180.00000447034836 130.0000074505806 113.00000846385956
9.963908195495605 -1.4178608357906342 2.3400063812732697 100 165.00000536441803 109.00000870227814 93.00000205636024
9.995238780975342 -1.788807213306427 1.9586075842380524 100 129.00000751018524 73.00000324845314 56.0000042617321
10.250041484832764 -1.6125446557998657 2.7233314514160156 100 199.00001853704453 174.00000482797623 167.00000524520874
9.881806373596191 -1.2193582952022552 2.398812770843506 100 164.00000542402267 108.00000876188278 92.00000211596489
9.859697222709656 -0.8760669082403183 2.71639347076416 100 174.00000482797623 116.00000828504562 97.00000941753387
9.573563933372498 -0.6813832372426987 2.3330682516098022 100 95.00000193715096 52.00000450015068 42.000001296401024
9.247305989265442 0.11759689077734947 1.663588434457779 100 142.00000673532486 78.00000295042992 56.0000042617321
9.225197434425354 0.4608883336186409 1.9811689853668213 100 54.00000438094139 26.00000225007534 19.0000007674098
8.688032031059265 1.7607569694519043 0.2436288446187973 100 49.000004678964615 19.0000007674098 14.000001065433025
8.639109134674072 1.6736343502998352 0.8169393986463547 100 47.0000009983778 20.000000707805157 15.00000100582838
8.727472424507141 1.7789120972156525 0.48672065138816833 100 45.00000111758709 19.0000007674098 15.00000100582838
8.725512623786926 1.462642103433609 0.9159274399280548 100 54.00000438094139 23.000000528991222 14.000001065433025
10.370779037475586 -1.7285341024398804 2.760731875896454 100 204.0000182390213 189.00000393390656 186.0000041127205
10.37960171699524 2.9471993446350098 1.0771521180868149 100 135.00000715255737 60.00000402331352 37.00000159442425
10.688573122024536 3.130039870738983 1.0015719383955002 100 61.00000396370888 48.00000473856926 46.000001057982445
10.682229995727539 2.9226908087730408 1.939338743686676 100 62.00000390410423 51.000004559755325 50.00000461935997
10.795798301696777 3.0551448464393616 1.414078176021576 100 64.00000378489494 55.000004321336746 54.00000438094139
10.35395860671997 -2.600455582141876 1.4245793223381042 100 131.00000739097595 69.00000348687172 49.000004678964615
11.591147184371948 -3.445637822151184 2.5889328122138977 100 209.00001794099808 194.00001883506775 191.00000381469727
9.536681175231934 -1.2631124258041382 0.7622572034597397 100 89.00000229477882 42.000001296401024 30.00000201165676
9.550424814224243 -1.0039851069450378 1.615125983953476 100 60.00000402331352 29.000002071261406 22.000000588595867
9.223514795303345 0.12256492860615253 1.636747568845749 100 142.00000673532486 78.00000295042992 55.000004321336746
9.178266525268555 0.14325431548058987 1.236385852098465 100 58.00000414252281 27.000002190470695 18.000000827014446
9.660608172416687 -1.2450255453586578 1.6876474022865295 100 72.00000330805779 39.00000147521496 30.00000201165676
10.630775690078735 3.252768814563751 0.6869552284479141 100 160.00000566244125 85.0000025331974 58.00000414252281
11.39283299446106 -3.4583494067192078 1.9058524072170258 100 131.00000739097595 84.00000259280205 72.00000330805779
11.389333009719849 -3.467731475830078 1.0968630760908127 100 128.0000075697899 80.00000283122063 68.00000354647636
9.42649781703949 -1.0220719873905182 0.6897356361150742 100 69.00000348687172 32.00000189244747 25.000002309679985
10.452479124069214 -1.997339129447937 2.667069733142853 100 116.00000828504562 91.00000217556953 85.0000025331974
9.80978548526764 2.759351134300232 1.0083823651075363 100 143.00000667572021 64.00000378489494 38.0000015348196
9.363344311714172 0.3726515546441078 2.537737190723419 100 116.00000828504562 59.00000408291817 40.00000141561031
9.037086963653564 1.1716316640377045 1.868257224559784 100 52.00000450015068 23.000000528991222 16.000000946223736
9.066659212112427 1.386096477508545 1.7930343747138977 100 43.00000123679638 18.000000827014446 14.000001065433025
9.872890710830688 2.1270006895065308 2.2301965951919556 100 51.000004559755325 23.000000528991222 18.000000827014446
8.875147700309753 1.2648364901542664 1.284848302602768 100 101.0000091791153 46.000001057982445 31.000001952052116
8.609827160835266 1.5752609074115753 0.43509505689144135 100 55.000004321336746 24.00000236928463 16.000000946223736
8.82210910320282 1.069042757153511 0.7282423228025436 100 53.000004440546036 22.000000588595867 15.00000100582838
8.94795298576355 0.8762054145336151 1.0703222453594208 100 59.00000408291817 26.00000225007534 17.00000088661909
9.615360498428345 -1.224336102604866 1.2872856855392456 100 72.00000330805779 37.00000159442425 29.000002071261406
9.204806089401245 1.2978596985340118 2.3496024310588837 100 57.00000420212746 25.000002309679985 17.00000088661909
9.239263534545898 1.2793105840682983 2.4048370122909546 100 135.00000715255737 72.00000330805779 51.000004559755325
10.485347509384155 3.184926211833954 0.20957447588443756 100 167.00000524520874 92.00000211596489 57.00000420212746
11.142209768295288 -3.330673575401306 1.152225211262703 100 159.0000057220459 84.00000259280205 56.0000042617321
9.268836379051208 1.4937753975391388 2.3296141624450684 100 53.000004440546036 25.000002309679985 18.000000827014446
10.288677215576172 -1.5300315618515015 2.819538414478302 100 218.00001740455627 198.00001859664917 193.0000188946724
15.057169198989868 8.383933305740356 2.16010719537735 100 114.00000840425491 81.00000277161598 73.00000324845314
15.64499020576477 8.506547808647156 2.5665080547332764 100 106.00000888109207 75.00000312924385 69.00000348687172
16.99906587600708 5.2857935428619385 1.2223391979932785 100 205.00001817941666 145.00000655651093 118.00000816583633
13.9091157913208 7.875007390975952 1.1543992906808853 100 172.00000494718552 99.00000929832458 68.00000354647636
14.70923662185669 7.256389856338501 1.3239406049251556 100 200.00001847743988 136.00000709295273 102.00000911951065
14.220181703567505 8.062430620193481 1.4432317018508911 100 189.00000393390656 118.00000816583633 82.00000271201134
13.636714220046997 8.967114686965942 0.36954455077648163 100 103.000009059906 47.0000009983778 32.00000189244747
13.445677757263184 9.076777696609497 -0.36365386098623276 100 80.00000283122063 37.00000159442425 27.000002190470695
15.10731816291809 8.865084648132324 1.2823598086833954 100 110.00000864267349 56.0000042617321 39.00000147521496
15.596227645874023 9.67050313949585 0.8495651185512543 100 68.00000354647636 61.00000396370888 59.00000408291817
13.846588134765625 8.76928448677063 0.7894577085971832 100 69.00000348687172 35.00000171363354 27.000002190470695
18.201569318771362 5.895791053771973 1.9502805173397064 100 201.00001841783524 146.00000649690628 121.0000079870224
18.517475128173828 5.636113882064819 0.467296727001667 100 206.000018119812 136.00000709295273 95.00000193715096
16.678192615509033 8.083718419075012 2.974233627319336 100 192.00001895427704 123.00000786781311 89.00000229477882
15.500736236572266 7.5856804847717285 2.0321430265903473 100 194.00001883506775 122.00000792741776 88.00000235438347
15.841771364212036 7.680116891860962 2.300073653459549 100 199.00001853704453 132.0000073313713 97.00000941753387
15.595687627792358 8.439108729362488 2.5466030836105347 100 173.00000488758087 98.00000935792923 66.00000366568565
17.707492113113403 5.665082931518555 1.804766207933426 100 209.00001794099808 157.0000058412552 131.00000739097595
17.33808994293213 5.456429123878479 1.4823220670223236 100 184.00000423192978 126.00000768899918 107.00000882148743
17.19114899635315 6.070279479026794 2.3147575557231903 100 187.00000405311584 130.0000074505806 105.00000894069672
17.242743968963623 6.449856162071228 2.590087056159973 100 162.00000554323196 106.00000888109207 88.00000235438347
16.891919374465942 7.110543847084045 2.7220815420150757 100 199.00001853704453 133.00000727176666 101.0000091791153
14.832439422607422 5.262359976768494 0.43541718274354935 100 197.00001865625381 147.00000643730164 127.00000762939453
15.349045991897583 5.08413553237915 0.632554218173027 100 210.00001788139343 171.00000500679016 157.0000058412552
14.406527280807495 5.983715653419495 0.5322166159749031 100 193.0000188946724 123.00000786781311 90.00000223517418
18.395873308181763 6.4060938358306885 2.2662174701690674 100 202.0000183582306 148.000006377697 124.00000780820847
18.521817922592163 6.747548580169678 2.4909591674804688 100 179.000004529953 115.00000834465027 89.00000229477882
18.01988959312439 7.00501561164856 2.8306233882904053 100 197.00001865625381 133.00000727176666 101.0000091791153
13.988940715789795 9.131386876106262 0.5769331753253937 100 156.00000590085983 76.0000030696392 52.00000450015068
14.307653903961182 9.312219619750977 0.573112815618515 100 71.00000336766243 54.00000438094139 51.000004559755325
14.160537719726562 9.455835223197937 -0.19446922466158867 100 48.00000473856926 18.000000827014446 12.000001184642315
17.761632204055786 5.773701071739197 1.9638906419277191 100 182.00000435113907 129.00000751018524 108.00000876188278
13.717261552810669 8.6851966381073 0.6139060482382774 100 60.00000402331352 26.00000225007534 18.000000827014446
13.831790685653687 8.468872904777527 1.0142365843057632 100 72.00000330805779 35.00000171363354 26.00000225007534
15.97922682762146 8.286826014518738 2.7450528740882874 100 158.00000578165054 104.00000900030136 85.0000025331974
16.216840744018555 7.721222639083862 2.58700430393219 100 194.00001883506775 125.00000774860382 90.00000223517418
16.30644917488098 8.010673522949219 2.8309980034828186 100 186.0000041127205 125.00000774860382 97.00000941753387
16.37416958808899 6.188029050827026 1.8205265700817108 100 200.00001847743988 140.00000685453415 117.00000822544098
15.484598875045776 6.819685101509094 1.5681393444538116 100 198.00001859664917 131.00000739097595 99.00000929832458
16.69130802154541 5.474345088005066 1.4241425693035126 100 207.00001806020737 160.00000566244125 143.00000667572021
16.828943490982056 5.819495916366577 1.9038482010364532 100 203.00001829862595 148.000006377697 124.00000780820847
15.302951335906982 6.114250421524048 1.100376471877098 100 195.0000187754631 124.00000780820847 88.00000235438347
15.577350854873657 4.873560070991516 0.3666101396083832 100 210.00001788139343 145.00000655651093 110.00000864267349
16.443668603897095 5.441457033157349 1.362123191356659 100 219.00001734495163 168.0000051856041 142.00000673532486
16.651030778884888 5.491136908531189 1.4045070111751556 100 209.00001794099808 157.0000058412552 136.00000709295273
15.733436346054077 6.380589604377747 1.4983509480953217 100 203.00001829862595 135.00000715255737 95.00000193715096
16.045511960983276 5.304540395736694 1.1363422870635986 100 206.000018119812 143.00000667572021 114.00000840425491
15.658079385757446 5.052008628845215 0.7881166040897369 100 210.00001788139343 163.00000548362732 144.00000661611557
13.86766791343689 7.269471883773804 0.8317692577838898 100 182.00000435113907 107.00000882148743 73.00000324845314
16.822919845581055 5.327560901641846 1.2560062110424042 100 215.0000175833702 163.00000548362732 138.00000697374344
13.848674297332764 8.241315484046936 1.1257321387529373 100 142.00000673532486 75.00000312924385 49.000004678964615
14.191001653671265 8.254801034927368 1.468883901834488 100 163.00000548362732 95.00000193715096 66.00000366568565
13.79745364189148 7.1203941106796265 0.5107107758522034 100 135.00000715255737 64.00000378489494 41.00000135600567
13.709534406661987 9.250110387802124 -0.35459425300359726 100 56.0000042617321 30.00000201165676 25.000002309679985
16.31813406944275 6.861907243728638 2.162272483110428 100 204.0000182390213 143.00000667572021 112.0000085234642
15.731711387634277 8.353707194328308 2.602457106113434 100 137.00000703334808 88.00000235438347 75.00000312924385
13.943625688552856 6.886548399925232 0.6243221089243889 100 158.00000578165054 81.00000277161598 53.000004440546036
14.036937952041626 6.701517105102539 0.6601627171039581 100 177.0000046491623 104.00000900030136 72.00000330805779
14.129681587219238 6.300568580627441 0.16764506697654724 100 148.000006377697 74.0000031888485 47.0000009983778
14.032695293426514 6.95487380027771 0.7757619023323059 100 194.00001883506775 123.00000786781311 88.00000235438347
14.793154001235962 5.237312912940979 0.2789906784892082 100 177.0000046491623 113.00000846385956 91.00000217556953
15.516307353973389 4.942536354064941 0.549946166574955 100 211.0000178217888 168.0000051856041 152.0000061392784
14.950345754623413 5.056577920913696 0.20747646689414978 100 208.00001800060272 169.00000512599945 156.00000590085983
14.887168407440186 4.975579380989075 0.006976437289267778 100 168.0000051856041 103.000009059906 82.00000271201134
14.368948936462402 8.241397738456726 1.636839359998703 100 163.00000548362732 89.00000229477882 58.00000414252281
14.826521873474121 7.669526934623718 1.6187407076358795 100 195.0000187754631 127.00000762939453 92.00000211596489
14.717025756835938 8.318648338317871 1.9160160422325134 100 158.00000578165054 99.00000929832458 78.00000295042992
17.32731580734253 6.911211013793945 2.944624423980713 100 203.00001829862595 145.00000655651093 114.00000840425491
17.168867588043213 7.086101770401001 2.9329687356948853 100 205.00001817941666 147.00000643730164 114.00000840425491
17.371747493743896 7.177826762199402 2.992609143257141 100 194.00001883506775 129.00000751018524 100.00000923871994
17.173278331756592 7.246089577674866 3.037751317024231 100 180.00000447034836 115.00000834465027 87.00000241398811
15.211842060089111 6.8359339237213135 1.4011965692043304 100 204.0000182390213 143.00000667572021 111.00000858306885
13.812364339828491 8.975017070770264 0.6118042021989822 100 60.00000402331352 29.000002071261406 22.000000588595867
16.2452232837677 5.4384201765060425 1.3269680738449097 100 212.00001776218414 151.00000619888306 117.00000822544098
15.684971809387207 4.96620386838913 0.6915390491485596 100 209.00001794099808 153.00000607967377 123.00000786781311
16.59878969192505 7.959614992141724 3.0321240425109863 100 157.0000058412552 98.00000935792923 79.00000289082527
16.43858551979065 8.016290068626404 2.939768135547638 100 152.0000061392784 97.00000941753387 80.00000283122063
20.0 20.0 0.0 100 105.00000894069672 75.00000312924385 70.00000342726707
20.0 -18.70967745780945 0.0 100 149.00000631809235 119.00000810623169 116.00000828504562
20.0 -10.967742204666138 0.0 100 138.00000697374344 92.00000211596489 83.00000265240669
20.0 -9.677419662475586 0.0 100 135.00000715255737 88.00000235438347 79.00000289082527
20.0 -8.387097120285034 0.0 100 139.0000069141388 89.00000229477882 79.00000289082527
20.0 -7.096774578094482 0.0 100 135.00000715255737 86.00000247359276 76.0000030696392
20.0 13.548386096954346 0.0 100 115.00000834465027 78.00000295042992 70.00000342726707
20.0 14.838708639144897 0.0 100 114.00000840425491 77.00000301003456 71.00000336766243
20.0 16.12903118133545 0.0 100 116.00000828504562 79.00000289082527 72.00000330805779
20.0 17.419353723526 0.0 100 108.00000876188278 75.00000312924385 69.00000348687172
20.0 18.709676265716553 0.0 100 108.00000876188278 75.00000312924385 70.00000342726707
3.2247263193130493 -3.225806951522827 0.40593311190605164 100 223.00001710653305 206.000018119812 203.00001829862595
3.2310381531715393 -1.9354842603206635 0.28791124001145363 100 202.0000183582306 154.00000602006912 138.00000697374344
3.2455480098724365 -0.6451615691184998 0.1533527672290802 100 190.0000038743019 115.00000834465027 82.00000271201134
3.2664817571640015 0.645160973072052 0.023529506288468838 100 195.0000187754631 123.00000786781311 85.0000025331974
3.291212320327759 1.9358423352241516 -0.07849572226405144 100 196.00001871585846 122.00000792741776 82.00000271201134
3.3176034688949585 3.240533173084259 -0.07584327831864357 100 191.00000381469727 108.00000876188278 66.00000366568565
4.516128897666931 -4.516129493713379 0.6511522084474564 100 227.00001686811447 214.00001764297485 212.00001776218414
4.516128897666931 -3.225806951522827 0.53974699229002 100 208.00001800060272 173.00000488758087 164.00000542402267
4.517928659915924 -1.9354842603206635 0.4037132114171982 100 193.0000188946724 128.0000075697899 103.000009059906
4.528073072433472 -0.6451615691184998 0.25014085695147514 100 186.0000041127205 106.00000888109207 71.00000336766243
4.544784724712372 0.645160973072052 0.09941251948475838 100 196.00001871585846 125.00000774860382 88.00000235438347
4.565417170524597 1.9354836642742157 -0.026417081244289875 100 196.00001871585846 122.00000792741776 83.00000265240669
4.587495028972626 3.22750985622406 -0.09823393076658249 100 195.0000187754631 119.00000810623169 79.00000289082527
4.604359269142151 4.5309337973594666 -0.10241656564176083 100 192.00001895427704 111.00000858306885 70.00000342726707
5.806451439857483 -5.806452035903931 0.8648671954870224 100 227.00001686811447 215.0000175833702 213.0000177025795
5.806451439857483 -4.516129493713379 0.7787495106458664 100 212.00001776218414 183.00000429153442 176.00000470876694
5.80646812915802 -1.9354842603206635 0.4990984871983528 100 196.00001871585846 128.0000075697899 97.00000941753387
5.811313986778259 -0.6451614946126938 0.3333504870533943 100 190.0000038743019 112.0000085234642 75.00000312924385
5.822942852973938 0.645160973072052 0.16926249489188194 100 191.00000381469727 113.00000846385956 74.0000031888485
5.838762521743774 1.9354836642742157 0.0291195185855031 100 195.0000187754631 122.00000792741776 84.00000259280205
5.854498744010925 3.2258063554763794 -0.07546870037913322 100 190.0000038743019 112.0000085234642 72.00000330805779
5.859919786453247 5.81246018409729 -0.25642145425081253 100 192.00001895427704 115.00000834465027 76.0000030696392
7.096773982048035 -4.516129493713379 0.8648671954870224 100 204.0000182390213 154.00000602006912 139.0000069141388
7.096773982048035 -3.225806951522827 0.7255438715219498 100 201.00001841783524 138.00000697374344 110.00000864267349
7.096773982048035 -1.9354841113090515 0.560869574546814 100 195.0000187754631 121.0000079870224 86.00000247359276
7.097269296646118 -0.6451614946126938 0.3885556384921074 100 193.0000188946724 115.00000834465027 78.00000295042992
7.103105187416077 0.645160973072052 0.219819825142622 100 194.00001883506775 119.00000810623169 80.00000283122063
7.113542556762695 1.9354836642742157 0.07426647935062647 100 197.00001865625381 123.00000786781311 85.0000025331974
7.120929956436157 3.2258063554763794 -0.05648725666105747 100 190.0000038743019 111.00000858306885 72.00000330805779
7.119150757789612 4.516128897666931 -0.17762640491127968 100 186.0000041127205 102.00000911951065 62.00000390410423
7.110096216201782 5.806451439857483 -0.3091784566640854 100 191.00000381469727 116.00000828504562 77.00000301003456
7.096004486083984 7.096773982048035 -0.4447507858276367 100 194.00001883506775 122.00000792741776 84.00000259280205
8.387096524238586 -5.806452035903931 0.995364636182785 100 208.00001800060272 162.00000554323196 148.000006377697
8.387096524238586 -4.516129493713379 0.8955325931310654 100 204.0000182390213 142.00000673532486 117.00000822544098
8.387096524238586 -3.225806951522827 0.7517609745264053 100 197.00001865625381 125.00000774860382 94.0000019967556
8.387096524238586 -1.9354841113090515 0.5825531482696533 100 192.00001895427704 114.00000840425491 79.00000289082527
8.387096524238586 -0.6451614946126938 0.40641266852617264 100 193.0000188946724 113.00000846385956 76.0000030696392
8.387634754180908 0.645160973072052 0.2410350739955902 100 191.00000381469727 111.00000858306885 73.00000324845314
8.392066955566406 1.9354836642742157 0.09861704893410206 100 91.00000217556953 43.00000123679638 32.00000189244747
8.391441702842712 3.2258063554763794 -0.04514964297413826 100 59.00000408291817 31.000001952052116 25.000002309679985
8.382469415664673 4.516128897666931 -0.17914202064275742 100 187.00000405311584 109.00000870227814 70.00000342726707
8.36728572845459 5.806451439857483 -0.32144591212272644 100 186.0000041127205 102.00000911951065 66.00000366568565
8.34834337234497 7.096773982048035 -0.4690083861351013 100 190.0000038743019 113.00000846385956 77.00000301003456
8.328595757484436 8.387096524238586 -0.5981430411338806 100 186.0000041127205 105.00000894069672 68.00000354647636
9.677419066429138 -4.516129493713379 0.8648671954870224 100 202.0000183582306 134.00000721216202 104.00000900030136
9.677419066429138 -3.225806951522827 0.7255438715219498 100 203.00001829862595 134.00000721216202 100.00000923871994
9.677419066429138 -1.9354841113090515 0.560869574546814 100 191.00000381469727 107.00000882148743 72.00000330805779
9.670068621635437 3.2258063554763794 -0.03931158222258091 100 60.00000402331352 32.00000189244747 25.000002309679985
9.65558409690857 4.516128897666931 -0.16870293766260147 100 60.00000402331352 32.00000189244747 26.00000225007534
9.63596761226654 5.806451439857483 -0.31131936237215996 100 188.0000039935112 104.00000900030136 68.00000354647636
9.613838195800781 7.096773982048035 -0.46100858598947525 100 188.0000039935112 109.00000870227814 73.00000324845314
9.592258930206299 8.387096524238586 -0.594172328710556 100 190.0000038743019 114.00000840425491 77.00000301003456
9.575691819190979 9.677419066429138 -0.6893154233694077 100 184.00000423192978 104.00000900030136 66.00000366568565
10.967741012573242 -8.387097120285034 0.8648671954870224 100 214.00001764297485 171.00000500679016 158.00000578165054
10.967741012573242 -5.806452035903931 0.8648671954870224 100 202.0000183582306 134.00000721216202 104.00000900030136
10.967741012573242 -4.516129493713379 0.7787495106458664 100 199.00001853704453 125.00000774860382 90.00000223517418
10.967741012573242 -3.225806951522827 0.6511522084474564 100 201.00001841783524 125.00000774860382 89.00000229477882
10.941810607910156 4.516128897666931 -0.14718685299158096 100 186.0000041127205 103.000009059906 62.00000390410423
10.919597148895264 5.806451439857483 -0.27894705533981323 100 185.00000417232513 101.0000091791153 61.00000396370888
10.89613676071167 7.096773982048035 -0.4197317361831665 100 186.0000041127205 109.00000870227814 71.00000336766243
10.874567031860352 8.387096524238586 -0.5461335927248001 100 192.00001895427704 120.00000804662704 83.00000265240669
10.858789682388306 9.677419066429138 -0.6361081451177597 100 179.000004529953 94.0000019967556 56.0000042617321
10.852584838867188 10.967741012573242 -0.6691711395978928 100 187.00000405311584 110.00000864267349 72.00000330805779
12.258063554763794 -7.096774578094482 0.7517609000205994 100 206.000018119812 143.00000667572021 120.00000804662704
12.258063554763794 -5.806452035903931 0.7255439460277557 100 203.00001829862595 132.0000073313713 104.00000900030136
12.258063554763794 -4.516129493713379 0.6511522084474564 100 201.00001841783524 126.00000768899918 89.00000229477882
12.237962484359741 4.516128897666931 -0.11390906758606434 100 188.0000039935112 106.00000888109207 65.0000037252903
12.217711210250854 5.806451439857483 -0.22866569459438324 100 188.0000039935112 107.00000882148743 67.00000360608101
12.195844650268555 7.096773982048035 -0.3525758162140846 100 189.00000393390656 114.00000840425491 76.0000030696392
12.17618465423584 8.387096524238586 -0.46397820115089417 100 190.0000038743019 117.00000822544098 80.00000283122063
12.162357568740845 9.677419066429138 -0.5423353984951973 100 190.0000038743019 115.00000834465027 78.00000295042992
12.157331705093384 10.967741012573242 -0.5708147957921028 100 186.0000041127205 107.00000882148743 68.00000354647636
12.162357568740845 12.258063554763794 -0.5423353984951973 100 194.00001883506775 124.00000780820847 87.00000241398811
13.548386096954346 -5.806452035903931 0.560869574546814 100 203.00001829862595 130.0000074505806 98.00000935792923
13.548386096954346 -4.516129493713379 0.49912333488464355 100 202.0000183582306 129.00000751018524 91.00000217556953
13.53624939918518 4.516128897666931 -0.06877526640892029 100 194.00001883506775 119.00000810623169 80.00000283122063
13.520276546478271 5.806451439857483 -0.15929000452160835 100 188.0000039935112 109.00000870227814 70.00000342726707
13.5023832321167 7.096773982048035 -0.26067977771162987 100 190.0000038743019 115.00000834465027 77.00000301003456
13.486167192459106 8.387096524238586 -0.3525758162140846 100 189.00000393390656 121.0000079870224 86.00000247359276
13.474831581115723 9.677419066429138 -0.41680723428726196 100 75.00000312924385 36.00000165402889 27.000002190470695
13.470752239227295 10.967741012573242 -0.43992795050144196 100 185.00000417232513 106.00000888109207 68.00000354647636
13.474831581115723 12.258063554763794 -0.416807159781456 100 196.00001871585846 129.00000751018524 93.00000205636024
13.486167192459106 13.548386096954346 -0.35257577896118164 100 188.0000039935112 113.00000846385956 77.00000301003456
14.838708639144897 -5.806452035903931 0.38929853588342667 100 203.00001829862595 131.00000739097595 95.00000193715096
14.838708639144897 -4.516129493713379 0.3406444936990738 100 202.0000183582306 127.00000762939453 88.00000235438347
14.786592721939087 10.967741012573242 -0.29532289132475853 100 58.00000414252281 30.00000201165676 24.00000236928463
14.789708852767944 12.258063554763794 -0.27766328305006027 100 190.0000038743019 116.00000828504562 79.00000289082527
14.798356294631958 13.548386096954346 -0.22866560146212578 100 188.0000039935112 114.00000840425491 77.00000301003456
14.810599088668823 14.838708639144897 -0.15928994864225388 100 184.00000423192978 107.00000882148743 70.00000342726707
16.12903118133545 -5.806452035903931 0.22931667044758797 100 202.0000183582306 127.00000762939453 89.00000229477882
16.100921630859375 10.967741012573242 -0.15928994864225388 100 57.00000420212746 30.00000201165676 25.000002309679985
16.103066205978394 12.258063554763794 -0.1471350435167551 100 170.0000050663948 90.00000223517418 56.0000042617321
16.108930110931396 13.548386096954346 -0.1139090396463871 100 178.00000458955765 96.00000947713852 61.00000396370888
16.116894483566284 14.838708639144897 -0.06877526640892029 100 187.00000405311584 115.00000834465027 81.00000277161598
16.124531030654907 16.12903118133545 -0.025501002091914415 100 181.0000044107437 103.000009059906 69.00000348687172
17.419353723526 -7.096774578094482 0.10734709911048412 100 204.0000182390213 133.00000727176666 97.00000941753387
17.419353723526 -5.806452035903931 0.09941954165697098 100 200.00001847743988 120.00000804662704 85.0000025331974
17.41097331047058 12.258063554763794 -0.04749154672026634 100 182.00000435113907 101.0000091791153 65.0000037252903
17.41400122642517 13.548386096954346 -0.03033213783055544 100 183.00000429153442 108.00000876188278 77.00000301003456
17.41750478744507 14.838708639144897 -0.010476980824023485 100 182.00000435113907 106.00000888109207 74.0000031888485
17.41935133934021 16.12903118133545 -1.5705774103480508e-05 100 179.000004529953 101.0000091791153 70.00000342726707
17.419353723526 17.419353723526 0.0 100 174.00000482797623 93.00000205636024 65.0000037252903
18.709676265716553 -7.096774578094482 0.021428796462714672 100 199.00001853704453 118.00000816583633 87.00000241398811
18.709676265716553 -5.806452035903931 0.018106616334989667 100 200.00001847743988 121.0000079870224 88.00000235438347
18.709497451782227 12.258063554763794 -0.0010137499339180067 100 183.00000429153442 104.00000900030136 69.00000348687172
18.709676265716553 13.548386096954346 0.0 100 180.00000447034836 101.0000091791153 69.00000348687172
18.709676265716553 14.838708639144897 0.0 100 182.00000435113907 106.00000888109207 74.0000031888485
18.709676265716553 16.12903118133545 0.0 100 176.00000470876694 96.00000947713852 64.00000378489494
18.709676265716553 17.419353723526 0.0 100 170.0000050663948 91.00000217556953 61.00000396370888
18.709676265716553 18.709676265716553 0.0 100 169.00000512599945 90.00000223517418 60.00000402331352
20.0 19.354838132858276 0.0 100 109.00000870227814 76.0000030696392 71.00000336766243
20.0 -19.354839324951172 0.0 100 150.0000062584877 122.00000792741776 118.00000816583633
20.0 -18.064515590667725 0.0 100 113.00000846385956 66.00000366568565 52.00000450015068
20.0 -15.483870506286621 0.0 100 148.000006377697 108.00000876188278 101.0000091791153
20.0 -11.612904071807861 0.0 100 136.00000709295273 91.00000217556953 83.00000265240669
20.0 -9.03225839138031 0.0 100 136.00000709295273 87.00000241398811 78.00000295042992
20.0 -7.741935849189758 0.0 100 142.00000673532486 91.00000217556953 80.00000283122063
20.0 -6.4516133069992065 0.0 100 137.00000703334808 88.00000235438347 77.00000301003456
20.0 14.193546772003174 0.0 100 114.00000840425491 77.00000301003456 70.00000342726707
20.0 15.483870506286621 0.0 100 111.00000858306885 75.00000312924385 69.00000348687172
20.0 16.774191856384277 0.0 100 113.00000846385956 78.00000295042992 71.00000336766243
20.0 18.064515590667725 0.0 100 107.00000882148743 75.00000312924385 69.00000348687172
3.2278823852539062 -2.5806456804275513 0.3469221666455269 100 209.00001794099808 181.0000044107437 173.00000488758087
3.238292932510376 -1.2903228402137756 0.22063199430704117 100 197.00001865625381 135.00000715255737 108.00000876188278
3.256014883518219 -2.980232238769531e-07 0.08844113908708096 100 190.0000038743019 113.00000846385956 76.0000030696392
3.27884703874588 1.2905016541481018 -0.027483110316097736 100 198.00001859664917 128.0000075697899 91.00000217556953
3.3044078946113586 2.5881877541542053 -0.0771695002913475 100 194.00001883506775 117.00000822544098 76.0000030696392
4.516128897666931 -3.870968222618103 0.5954495817422867 100 219.00001734495163 198.00001859664917 193.0000188946724
4.5170289278030396 -2.5806456804275513 0.4717300832271576 100 202.0000183582306 152.0000061392784 134.00000721216202
4.523000717163086 -1.2903228402137756 0.3269270434975624 100 190.0000038743019 116.00000828504562 85.0000025331974
4.536429047584534 -2.980232238769531e-07 0.17477668821811676 100 188.0000039935112 109.00000870227814 71.00000336766243
4.555100798606873 1.2903222441673279 0.03649772144854069 100 198.00001859664917 131.00000739097595 94.0000019967556
4.5764559507369995 2.581496834754944 -0.062325503677129745 100 196.00001871585846 123.00000786781311 84.00000259280205
4.595927000045776 3.8792216777801514 -0.10032525286078453 100 193.0000188946724 114.00000840425491 73.00000324845314
5.806451439857483 -5.161290764808655 0.8218083530664444 100 220.00001728534698 202.0000183582306 198.00001859664917
5.806451439857483 -3.870968222618103 0.7149508595466614 100 209.00001794099808 169.00000512599945 156.00000590085983
5.8064597845077515 -2.5806456804275513 0.5751253664493561 100 198.00001859664917 136.00000709295273 110.00000864267349
5.80889105796814 -1.2903228402137756 0.41622448712587357 100 192.00001895427704 116.00000828504562 81.00000277161598
5.817128419876099 -2.2351741790771484e-07 0.2513064816594124 100 193.0000188946724 118.00000816583633 80.00000283122063
5.83085298538208 1.2903222441673279 0.09919100441038609 100 198.00001859664917 129.00000751018524 92.00000211596489
5.846630334854126 2.5806450843811035 -0.023174588568508625 100 190.0000038743019 111.00000858306885 71.00000336766243
5.8606284856796265 5.1644933223724365 -0.21202925592660904 100 192.00001895427704 116.00000828504562 76.0000030696392
7.096773982048035 -5.161290764808655 0.9126986563205719 100 211.0000178217888 175.00000476837158 165.00000536441803
7.096773982048035 -3.870968222618103 0.7952055335044861 100 206.000018119812 151.00000619888306 127.00000762939453
7.096773982048035 -2.5806456804275513 0.6432066857814789 100 199.00001853704453 130.0000074505806 98.00000935792923
7.0970213413238525 -1.2903228402137756 0.47471262514591217 100 190.0000038743019 111.00000858306885 75.00000312924385
7.100187540054321 -2.2351741790771484e-07 0.30418772250413895 100 191.00000381469727 112.0000085234642 73.00000324845314
7.108323574066162 1.2903222441673279 0.1470431499183178 100 199.00001853704453 130.0000074505806 93.00000205636024
7.117236256599426 2.5806450843811035 0.008889609016478062 100 197.00001865625381 126.00000768899918 88.00000235438347
7.120040655136108 3.8709676265716553 -0.11705683544278145 100 190.0000038743019 111.00000858306885 71.00000336766243
7.114623785018921 5.161290168762207 -0.2434024214744568 100 189.00000393390656 110.00000864267349 70.00000342726707
7.103050351142883 6.451612710952759 -0.37696462124586105 100 184.00000423192978 101.0000091791153 61.00000396370888
8.387096524238586 -6.4516133069992065 1.0140593349933624 100 212.00001776218414 176.00000470876694 167.00000524520874
8.387096524238586 -5.161290764808655 0.9454485774040222 100 207.00001806020737 154.00000602006912 135.00000715255737
8.387096524238586 -3.870968222618103 0.8236467838287354 100 207.00001806020737 148.000006377697 120.00000804662704
8.387096524238586 -2.5806456804275513 0.6671570241451263 100 194.00001883506775 118.00000816583633 85.0000025331974
8.387096524238586 -1.2903228402137756 0.4944828897714615 100 191.00000381469727 109.00000870227814 73.00000324845314
8.387365341186523 -2.2351741790771484e-07 0.32372385263442993 100 192.00001895427704 113.00000846385956 77.00000301003456
8.389850854873657 1.2903222441673279 0.16982605680823326 100 188.0000039935112 113.00000846385956 78.00000295042992
8.391754627227783 2.5806450843811035 0.0267337029799819 100 63.00000384449959 34.00000177323818 26.00000225007534
8.386955261230469 3.8709676265716553 -0.11214583180844784 100 70.00000342726707 34.00000177323818 26.00000225007534
8.374877572059631 5.161290168762207 -0.25029396638274193 100 187.00000405311584 105.00000894069672 67.00000360608101
8.35781455039978 6.451612710952759 -0.3952271491289139 100 187.00000405311584 108.00000876188278 71.00000336766243
8.33846926689148 7.7419352531433105 -0.533575713634491 100 195.0000187754631 125.00000774860382 90.00000223517418
9.677419066429138 -5.161290764808655 0.9126986563205719 100 206.000018119812 144.00000661611557 117.00000822544098
9.677419066429138 -3.870968222618103 0.7952055335044861 100 206.000018119812 141.0000067949295 110.00000864267349
9.677419066429138 -2.5806456804275513 0.6432066857814789 100 197.00001865625381 121.0000079870224 86.00000247359276
9.66282606124878 3.8709676265716553 -0.10400725528597832 100 58.00000414252281 30.00000201165676 25.000002309679985
9.645775556564331 5.161290168762207 -0.24001114070415497 100 173.00000488758087 93.00000205636024 59.00000408291817
9.624903202056885 6.451612710952759 -0.38616396486759186 100 189.00000393390656 112.0000085234642 75.00000312924385
9.60304856300354 7.7419352531433105 -0.5275904387235641 100 193.0000188946724 121.0000079870224 86.00000247359276
9.583975076675415 9.032257795333862 -0.6417438387870789 100 185.00000417232513 104.00000900030136 67.00000360608101
10.967741012573242 -6.4516133069992065 0.8801999688148499 100 194.00001883506775 126.00000768899918 104.00000900030136
10.967741012573242 -5.161290764808655 0.8218083530664444 100 202.0000183582306 131.00000739097595 98.00000935792923
10.967741012573242 -3.870968222618103 0.7149508595466614 100 209.00001794099808 145.00000655651093 113.00000846385956
10.95058560371399 3.8709676265716553 -0.09241264313459396 100 186.0000041127205 111.00000858306885 70.00000342726707
10.93070387840271 5.161290168762207 -0.2130669541656971 100 190.0000038743019 113.00000846385956 73.00000324845314
10.907866954803467 6.451612710952759 -0.34933939576148987 100 189.00000393390656 114.00000840425491 76.0000030696392
10.88535189628601 7.7419352531433105 -0.4829326644539833 100 186.0000041127205 109.00000870227814 71.00000336766243
10.86667776107788 9.032257795333862 -0.5911208689212799 100 184.00000423192978 104.00000900030136 67.00000360608101
10.855686664581299 10.322580337524414 -0.6526396423578262 100 187.00000405311584 109.00000870227814 71.00000336766243
12.258063554763794 -6.4516133069992065 0.7386524230241776 100 163.00000548362732 90.00000223517418 66.00000366568565
12.258063554763794 -5.161290764808655 0.688348114490509 100 201.00001841783524 126.00000768899918 91.00000217556953
12.258063554763794 -3.870968222618103 0.5954496562480927 100 206.000018119812 136.00000709295273 99.00000929832458
12.245336771011353 3.8709676265716553 -0.07128067314624786 100 190.0000038743019 114.00000840425491 72.00000330805779
12.227836847305298 5.161290168762207 -0.17128737643361092 100 187.00000405311584 104.00000900030136 63.00000384449959
12.206778526306152 6.451612710952759 -0.29062075540423393 100 187.00000405311584 109.00000870227814 70.00000342726707
12.186014652252197 7.7419352531433105 -0.4082769900560379 100 190.0000038743019 116.00000828504562 78.00000295042992
12.169270515441895 9.032257795333862 -0.5031567811965942 100 187.00000405311584 110.00000864267349 73.00000324845314
12.159844636917114 10.322580337524414 -0.55657509714365 100 186.0000041127205 107.00000882148743 69.00000348687172
12.159844636917114 11.61290168762207 -0.55657509714365 100 189.00000393390656 115.00000834465027 77.00000301003456
13.548386096954346 -6.4516133069992065 0.5717113614082336 100 202.0000183582306 131.00000739097595 97.00000941753387
13.548386096954346 -5.161290764808655 0.5299964547157288 100 200.00001847743988 121.0000079870224 89.00000229477882
13.528263568878174 5.161290168762207 -0.11403263546526432 100 189.00000393390656 110.00000864267349 71.00000336766243
13.511329889297485 6.451612710952759 -0.2099848911166191 100 186.0000041127205 105.00000894069672 66.00000366568565
13.494274616241455 7.7419352531433105 -0.3066277876496315 100 181.0000044107437 101.0000091791153 64.00000378489494
13.472791910171509 10.322580337524414 -0.42836759239435196 100 139.0000069141388 67.00000360608101 43.00000123679638
13.472791910171509 11.61290168762207 -0.428367555141449 100 185.00000417232513 105.00000894069672 67.00000360608101
13.480498790740967 12.903225421905518 -0.3846914693713188 100 190.0000038743019 114.00000840425491 76.0000030696392
14.838708639144897 -5.161290764808655 0.3649715334177017 100 201.00001841783524 124.00000780820847 87.00000241398811
14.788150787353516 10.322580337524414 -0.28649311512708664 100 56.0000042617321 29.000002071261406 24.00000236928463
14.788150787353516 11.61290168762207 -0.28649307787418365 100 112.0000085234642 51.000004559755325 34.00000177323818
14.794032573699951 12.903225421905518 -0.2531644329428673 100 188.0000039935112 113.00000846385956 75.00000312924385
14.80447769165039 14.193546772003174 -0.19397776573896408 100 181.0000044107437 100.00000923871994 62.00000390410423
16.101994514465332 11.61290168762207 -0.15321249142289162 100 58.00000414252281 31.000001952052116 25.000002309679985
16.105997562408447 12.903225421905518 -0.13052204623818398 100 186.0000041127205 110.00000864267349 73.00000324845314
16.112911701202393 14.193546772003174 -0.0913421530276537 100 182.00000435113907 104.00000900030136 69.00000348687172
16.120712757110596 15.483870506286621 -0.04713813308626413 100 186.0000041127205 112.0000085234642 78.00000295042992
17.419353723526 -6.4516133069992065 0.10338332504034042 100 200.00001847743988 122.00000792741776 87.00000241398811
17.410387992858887 11.61290168762207 -0.05080553703010082 100 182.00000435113907 101.0000091791153 65.0000037252903
17.412487268447876 12.903225421905518 -0.03891184227541089 100 187.00000405311584 112.0000085234642 77.00000301003456
17.415752410888672 14.193546772003174 -0.02040456049144268 100 180.00000447034836 102.00000911951065 70.00000342726707
17.41842746734619 15.483870506286621 -0.0052463432075455785 100 183.00000429153442 109.00000870227814 78.00000295042992
17.419352531433105 16.774191856384277 -7.852887051740254e-06 100 180.00000447034836 104.00000900030136 76.0000030696392
18.709676265716553 -18.064515590667725 0.0 100 221.00001722574234 193.0000188946724 187.00000405311584
18.709676265716553 -7.741935849189758 0.01976770581677556 100 203.00001829862595 128.0000075697899 97.00000941753387
18.709676265716553 -6.4516133069992065 0.01976770581677556 100 200.00001847743988 122.00000792741776 90.00000223517418
18.70958685874939 12.903225421905518 -0.0005068749669590034 100 176.00000470876694 90.00000223517418 55.000004321336746
18.709676265716553 14.193546772003174 0.0 100 179.000004529953 99.00000929832458 67.00000360608101
18.709676265716553 15.483870506286621 0.0 100 182.00000435113907 107.00000882148743 76.0000030696392
18.709676265716553 16.774191856384277 0.0 100 178.00000458955765 105.00000894069672 75.00000312924385
18.709676265716553 18.064515590667725 0.0 100 166.00000530481339 85.0000025331974 55.000004321336746
3.8704276084899902 -3.225806951522827 0.4728400707244873 100 216.00001752376556 193.0000188946724 188.0000039935112
3.8744834065437317 -1.9354842603206635 0.34581221640110016 100 198.00001859664917 141.0000067949295 120.00000804662704
3.886810541152954 -0.6451615691184998 0.20174682140350342 100 193.0000188946724 120.00000804662704 85.0000025331974
3.9056330919265747 0.645160973072052 0.061471015214920044 100 194.00001883506775 120.00000804662704 81.00000277161598
3.928314745426178 1.9356629252433777 -0.05245639942586422 100 195.0000187754631 120.00000804662704 81.00000277161598
3.95254909992218 3.2340216636657715 -0.08703860454261303 100 193.0000188946724 113.00000846385956 72.00000330805779
5.161290168762207 -4.516129493713379 0.7149508595466614 100 221.00001722574234 203.00001829862595 199.00001853704453
5.162198543548584 -1.9354842603206635 0.451405867934227 100 191.00000381469727 122.00000792741776 94.0000019967556
5.169693231582642 -0.6451615691184998 0.291745662689209 100 192.00001895427704 117.00000822544098 81.00000277161598
5.183863639831543 0.645160973072052 0.13433750718832016 100 196.00001871585846 123.00000786781311 86.00000247359276
5.202089548110962 1.9354836642742157 0.0013512186706066132 100 194.00001883506775 120.00000804662704 81.00000277161598
5.220996737480164 3.2266581058502197 -0.08685131557285786 100 190.0000038743019 110.00000864267349 69.00000348687172
5.2328479290008545 4.523730278015137 -0.13502681627869606 100 194.00001883506775 116.00000828504562 76.0000030696392
6.451612710952759 -4.516129493713379 0.8218083530664444 100 210.00001788139343 172.00000494718552 161.0000056028366
6.451612710952759 -3.225806951522827 0.6883480399847031 100 203.00001829862595 145.00000655651093 120.00000804662704
6.451621055603027 -1.9354841113090515 0.5299840122461319 100 194.00001883506775 122.00000792741776 89.00000229477882
6.454291343688965 -0.6451614946126938 0.36095306277275085 100 191.00000381469727 113.00000846385956 76.0000030696392
6.463024020195007 0.645160973072052 0.19454116001725197 100 193.0000188946724 117.00000822544098 78.00000295042992
6.476152539253235 1.9354836642742157 0.051692998968064785 100 196.00001871585846 125.00000774860382 86.00000247359276
6.487714052200317 3.2258063554763794 -0.06597797852009535 100 189.00000393390656 108.00000876188278 68.00000354647636
6.485008001327515 5.80945611000061 -0.28279995545744896 100 186.0000041127205 104.00000900030136 64.00000378489494
7.7419352531433105 -5.806452035903931 0.9779474139213562 100 208.00001800060272 170.0000050663948 161.0000056028366
7.7419352531433105 -4.516129493713379 0.8801998943090439 100 199.00001853704453 141.0000067949295 122.00000792741776
7.7419352531433105 -3.225806951522827 0.7386524230241776 100 202.0000183582306 138.00000697374344 107.00000882148743
7.7419352531433105 -1.9354841113090515 0.5717113614082336 100 197.00001865625381 125.00000774860382 89.00000229477882
7.742183208465576 -0.6451614946126938 0.39748415350914 100 189.00000393390656 107.00000882148743 69.00000348687172
7.7453696727752686 0.645160973072052 0.23042745888233185 100 191.00000381469727 111.00000858306885 72.00000330805779
7.752804756164551 1.9354836642742157 0.0864417664706707 100 197.00001865625381 125.00000774860382 87.00000241398811
7.756185531616211 3.2258063554763794 -0.050818449817597866 100 187.00000405311584 106.00000888109207 66.00000366568565
7.750810384750366 4.516128897666931 -0.1783842220902443 100 188.0000039935112 107.00000882148743 67.00000360608101
7.738690972328186 5.806451439857483 -0.3153121843934059 100 189.00000393390656 110.00000864267349 71.00000336766243
7.7221739292144775 7.096773982048035 -0.456879585981369 100 194.00001883506775 123.00000786781311 86.00000247359276
9.032257795333862 -5.806452035903931 0.9779474139213562 100 209.00001794099808 156.00000590085983 137.00000703334808
9.032257795333862 -4.516129493713379 0.8801998943090439 100 201.00001841783524 133.00000727176666 107.00000882148743
9.032257795333862 -3.225806951522827 0.7386524230241776 100 200.00001847743988 129.00000751018524 96.00000947713852
9.032257795333862 -1.9354841113090515 0.5717113614082336 100 196.00001871585846 119.00000810623169 84.00000259280205
9.032257795333862 -0.6451614946126938 0.39785556495189667 100 195.0000187754631 118.00000816583633 82.00000271201134
9.030755162239075 3.2258063554763794 -0.042230612598359585 100 60.00000402331352 33.00000183284283 26.00000225007534
9.019026756286621 4.516128897666931 -0.17392247915267944 100 85.0000025331974 40.00000141561031 29.000002071261406
9.001626968383789 5.806451439857483 -0.31638264656066895 100 190.0000038743019 109.00000870227814 73.00000324845314
8.981090784072876 7.096773982048035 -0.4650084674358368 100 187.00000405311584 109.00000870227814 72.00000330805779
8.960427045822144 8.387096524238586 -0.5961576849222183 100 184.00000423192978 102.00000911951065 66.00000366568565
10.322580337524414 -5.806452035903931 0.9126986563205719 100 203.00001829862595 139.0000069141388 113.00000846385956
10.322580337524414 -4.516129493713379 0.8218083530664444 100 200.00001847743988 129.00000751018524 96.00000947713852
10.322580337524414 -3.225806951522827 0.6883480399847031 100 201.00001841783524 127.00000762939453 93.00000205636024
10.314714908599854 3.2258063554763794 -0.0384750054217875 100 60.00000402331352 32.00000189244747 26.00000225007534
10.29869794845581 4.516128897666931 -0.15794489532709122 100 143.00000667572021 67.00000360608101 41.00000135600567
10.277782678604126 5.806451439857483 -0.29513321816921234 100 185.00000417232513 103.000009059906 63.00000384449959
10.254987478256226 7.096773982048035 -0.4403701424598694 100 187.00000405311584 109.00000870227814 72.00000330805779
10.233412981033325 8.387096524238586 -0.5701529607176781 100 197.00001865625381 131.00000739097595 96.00000947713852
10.217241048812866 9.677419066429138 -0.6627117842435837 100 189.00000393390656 116.00000828504562 79.00000289082527
11.61290168762207 -5.806452035903931 0.7952055335044861 100 193.0000188946724 120.00000804662704 89.00000229477882
11.61290168762207 -4.516129493713379 0.7149508595466614 100 202.0000183582306 130.0000074505806 94.0000019967556
11.589887142181396 4.516128897666931 -0.13054795563220978 100 187.00000405311584 106.00000888109207 65.0000037252903
11.568653583526611 5.806451439857483 -0.25380637496709824 100 188.0000039935112 107.00000882148743 67.00000360608101
11.545990705490112 7.096773982048035 -0.3861537575721741 100 190.0000038743019 116.00000828504562 79.00000289082527
11.525375843048096 8.387096524238586 -0.5050558969378471 100 189.00000393390656 115.00000834465027 78.00000295042992
11.510573625564575 9.677419066429138 -0.58922179043293 100 182.00000435113907 100.00000923871994 62.00000390410423
11.504957675933838 10.967741012573242 -0.6199929863214493 100 185.00000417232513 105.00000894069672 67.00000360608101
12.903225421905518 -5.806452035903931 0.6432067602872849 100 203.00001829862595 132.0000073313713 102.00000911951065
12.903225421905518 -4.516129493713379 0.57513777166605 100 202.0000183582306 125.00000774860382 88.00000235438347
12.887105941772461 4.516128897666931 -0.09134216234087944 100 187.00000405311584 104.00000900030136 64.00000378489494
12.868993282318115 5.806451439857483 -0.19397784024477005 100 185.00000417232513 103.000009059906 64.00000378489494
12.849113941192627 7.096773982048035 -0.3066277876496315 100 187.00000405311584 108.00000876188278 70.00000342726707
12.831175327301025 8.387096524238586 -0.4082769900560379 100 191.00000381469727 119.00000810623169 82.00000271201134
12.818593978881836 9.677419066429138 -0.47957129776477814 100 180.00000447034836 97.00000941753387 59.00000408291817
12.814042568206787 10.967741012573242 -0.5053713917732239 100 184.00000423192978 104.00000900030136 66.00000366568565
12.818593978881836 12.258063554763794 -0.47957129776477814 100 195.0000187754631 127.00000762939453 91.00000217556953
14.193546772003174 -5.806452035903931 0.4750840365886688 100 202.0000183582306 125.00000774860382 92.00000211596489
14.193546772003174 -4.516129493713379 0.4198839142918587 100 202.0000183582306 126.00000768899918 88.00000235438347
14.18522834777832 4.516128897666931 -0.04713814705610275 100 190.0000038743019 109.00000870227814 69.00000348687172
14.17196273803711 5.806451439857483 -0.1223164051771164 100 188.0000039935112 107.00000882148743 67.00000360608101
14.132270812988281 9.677419066429138 -0.3472352772951126 100 60.00000402331352 32.00000189244747 26.00000225007534
14.128673076629639 10.967741012573242 -0.367625430226326 100 99.00000929832458 45.00000111758709 31.000001952052116
14.132270812988281 12.258063554763794 -0.34723520278930664 100 189.00000393390656 115.00000834465027 77.00000301003456
14.142261743545532 13.548386096954346 -0.29062069952487946 100 186.0000041127205 111.00000858306885 74.0000031888485
15.483870506286621 -5.806452035903931 0.30930761247873306 100 201.00001841783524 124.00000780820847 88.00000235438347
15.443756580352783 10.967741012573242 -0.22730641067028046 100 58.00000414252281 31.000001952052116 25.000002309679985
15.446387529373169 12.258063554763794 -0.21239915862679482 100 184.00000423192978 106.00000888109207 70.00000342726707
15.453643798828125 13.548386096954346 -0.17128732055425644 100 182.00000435113907 103.000009059906 68.00000354647636
15.463746786117554 14.838708639144897 -0.11403260752558708 100 186.0000041127205 112.0000085234642 77.00000301003456
16.757019758224487 12.258063554763794 -0.0973132997751236 100 185.00000417232513 106.00000888109207 69.00000348687172
16.761465072631836 13.548386096954346 -0.0721205910667777 100 181.0000044107437 101.0000091791153 66.00000366568565
16.76719903945923 14.838708639144897 -0.03962612710893154 100 185.00000417232513 110.00000864267349 75.00000312924385
16.77194118499756 16.12903118133545 -0.012758353259414434 100 180.00000447034836 103.000009059906 68.00000354647636
18.064515590667725 -7.096774578094482 0.06438795011490583 100 200.00001847743988 123.00000786781311 91.00000217556953
18.064515590667725 -5.806452035903931 0.05876307841390371 100 200.00001847743988 121.0000079870224 88.00000235438347
18.06023597717285 12.258063554763794 -0.024252647999674082 100 187.00000405311584 112.0000085234642 77.00000301003456
18.061838150024414 13.548386096954346 -0.01516606891527772 100 184.00000423192978 109.00000870227814 77.00000301003456
18.06359052658081 14.838708639144897 -0.005238490412011743 100 182.00000435113907 107.00000882148743 75.00000312924385
18.064513206481934 16.12903118133545 -7.852887051740254e-06 100 173.00000488758087 91.00000217556953 60.00000402331352
18.064515590667725 17.419353723526 0.0 100 171.00000500679016 91.00000217556953 61.00000396370888
19.354838132858276 -18.70967745780945 0.0 100 218.00001740455627 191.00000381469727 186.0000041127205
19.354838132858276 -14.838709831237793 0.0 100 213.0000177025795 171.00000500679016 158.00000578165054
19.354838132858276 -8.387097120285034 0.009053308167494833 100 203.00001829862595 130.0000074505806 102.00000911951065
19.354838132858276 -7.096774578094482 0.010714398231357336 100 199.00001853704453 120.00000804662704 89.00000229477882
19.354838132858276 13.548386096954346 0.0 100 178.00000458955765 96.00000947713852 64.00000378489494
19.354838132858276 14.838708639144897 0.0 100 177.0000046491623 96.00000947713852 64.00000378489494
19.354838132858276 16.12903118133545 0.0 100 182.00000435113907 107.00000882148743 76.0000030696392
19.354838132858276 17.419353723526 0.0 100 173.00000488758087 97.00000941753387 66.00000366568565
19.354838132858276 18.709676265716553 0.0 100 167.00000524520874 89.00000229477882 58.00000414252281
19.354838132858276 18.064515590667725 0.0 100 165.00000536441803 85.0000025331974 55.000004321336746
19.354838132858276 16.774191856384277 0.0 100 177.0000046491623 103.000009059906 72.00000330805779
19.354838132858276 15.483870506286621 0.0 100 175.00000476837158 94.0000019967556 62.00000390410423
19.354838132858276 14.193546772003174 0.0 100 179.000004529953 100.00000923871994 68.00000354647636
19.354794025421143 12.903225421905518 -0.0002534374834795017 100 176.00000470876694 89.00000229477882 55.000004321336746
19.354838132858276 -6.4516133069992065 0.00988385290838778 100 196.00001871585846 113.00000846385956 82.00000271201134
19.354838132858276 -7.741935849189758 0.00988385290838778 100 201.00001841783524 126.00000768899918 97.00000941753387
19.354838132858276 -9.03225839138031 0.006989843095652759 100 202.0000183582306 130.0000074505806 103.000009059906
18.064515590667725 18.064515590667725 0.0 100 169.00000512599945 88.00000235438347 58.00000414252281
18.06451439857483 16.774191856384277 -3.926443525870127e-06 100 179.000004529953 105.00000894069672 75.00000312924385
18.064051866531372 15.483870506286621 -0.0026231716037727892 100 184.00000423192978 110.00000864267349 79.00000289082527
18.062714338302612 14.193546772003174 -0.01020228024572134 100 181.0000044107437 103.000009059906 71.00000336766243
18.061037063598633 12.903225421905518 -0.0197093584574759 100 176.00000470876694 90.00000223517418 56.0000042617321
18.064515590667725 -6.4516133069992065 0.061575514264404774 100 201.00001841783524 122.00000792741776 89.00000229477882
16.773022413253784 16.774191856384277 -0.006632613949477673 100 181.0000044107437 105.00000894069672 74.0000031888485
16.769570112228394 15.483870506286621 -0.026192241348326206 100 182.00000435113907 104.00000900030136 70.00000342726707
16.764332056045532 14.193546772003174 -0.05587335675954819 100 181.0000044107437 101.0000091791153 66.00000366568565
16.75924301147461 12.903225421905518 -0.08471694774925709 100 185.00000417232513 108.00000876188278 70.00000342726707
16.75619125366211 11.61290168762207 -0.10200901888310909 100 128.0000075697899 59.00000408291817 38.0000015348196
16.774191856384277 -5.161290764808655 0.15008065849542618 100 200.00001847743988 120.00000804662704 84.00000259280205
16.774191856384277 -6.4516133069992065 0.1694815419614315 100 203.00001829862595 129.00000751018524 93.00000205636024
15.468918085098267 15.483870506286621 -0.08472723886370659 100 186.0000041127205 111.00000858306885 77.00000301003456
15.458695888519287 14.193546772003174 -0.14265996403992176 100 180.00000447034836 101.0000091791153 66.00000366568565
15.4500150680542 12.903225421905518 -0.19184324890375137 100 191.00000381469727 121.0000079870224 85.0000025331974
15.445072650909424 11.61290168762207 -0.2198527753353119 100 61.00000396370888 32.00000189244747 26.00000225007534
15.445072650909424 10.322580337524414 -0.21985281258821487 100 56.0000042617321 30.00000201165676 24.00000236928463
15.483870506286621 -6.4516133069992065 0.3167176991701126 100 203.00001829862595 131.00000739097595 96.00000947713852
14.149377346038818 14.193546772003174 -0.2503027766942978 100 185.00000417232513 109.00000870227814 72.00000330805779
14.137265682220459 12.903225421905518 -0.31892795115709305 100 188.0000039935112 112.0000085234642 74.0000031888485
14.13047194480896 11.61290168762207 -0.3574303165078163 100 184.00000423192978 106.00000888109207 68.00000354647636
14.13047194480896 10.322580337524414 -0.3574303537607193 100 57.00000420212746 30.00000201165676 24.00000236928463
14.178595542907715 5.161290168762207 -0.08472727611660957 100 188.0000039935112 106.00000888109207 66.00000366568565
14.193546772003174 -5.161290764808655 0.44748395681381226 100 201.00001841783524 123.00000786781311 88.00000235438347
12.82488465309143 12.903225421905518 -0.443924143910408 100 187.00000405311584 108.00000876188278 70.00000342726707
12.816318273544312 11.61290168762207 -0.492471344769001 100 188.0000039935112 111.00000858306885 73.00000324845314
12.816318273544312 10.322580337524414 -0.492471344769001 100 187.00000405311584 109.00000870227814 71.00000336766243
12.82488465309143 9.032257795333862 -0.443924143910408 100 191.00000381469727 118.00000816583633 81.00000277161598
12.840144634246826 7.7419352531433105 -0.3574524074792862 100 191.00000381469727 117.00000822544098 80.00000283122063
12.859053611755371 6.451612710952759 -0.2503028139472008 100 189.00000393390656 112.0000085234642 74.0000031888485
12.878049612045288 5.161290168762207 -0.14266000129282475 100 188.0000039935112 109.00000870227814 70.00000342726707
12.903225421905518 -3.870968222618103 0.5241088569164276 100 167.00000524520874 94.0000019967556 63.00000384449959
12.903225421905518 -5.161290764808655 0.6091722846031189 100 201.00001841783524 126.00000768899918 90.00000223517418
11.507443189620972 11.61290168762207 -0.6041242182254791 100 193.0000188946724 122.00000792741776 85.0000025331974
11.507766246795654 10.322580337524414 -0.6046073883771896 100 186.0000041127205 108.00000876188278 70.00000342726707
11.517975330352783 9.032257795333862 -0.5471388250589371 100 182.00000435113907 101.0000091791153 63.00000384449959
11.535682678222656 7.7419352531433105 -0.4456048458814621 100 184.00000423192978 103.000009059906 65.0000037252903
11.557321548461914 6.451612710952759 -0.31998008489608765 100 187.00000405311584 110.00000864267349 72.00000330805779
11.579270362854004 5.161290168762207 -0.192177165299654 100 189.00000393390656 110.00000864267349 69.00000348687172
11.597961187362671 3.8709676265716553 -0.08184665814042091 100 190.0000038743019 113.00000846385956 71.00000336766243
11.61290168762207 -3.870968222618103 0.655200257897377 100 209.00001794099808 143.00000667572021 108.00000876188278
11.61290168762207 -5.161290764808655 0.7550781965255737 100 200.00001847743988 126.00000768899918 92.00000211596489
11.61290168762207 -6.4516133069992065 0.8094261586666107 100 204.0000182390213 138.00000697374344 111.00000858306885
10.21388292312622 10.322580337524414 -0.6798338145017624 100 189.00000393390656 114.00000840425491 77.00000301003456
10.225327014923096 9.032257795333862 -0.6164323538541794 100 186.0000041127205 109.00000870227814 71.00000336766243
10.244200229644775 7.7419352531433105 -0.5052615702152252 100 187.00000405311584 111.00000858306885 73.00000324845314
10.266385078430176 6.451612710952759 -0.36775168031454086 100 190.0000038743019 114.00000840425491 77.00000301003456
10.288240909576416 5.161290168762207 -0.22653905674815178 100 188.0000039935112 108.00000876188278 68.00000354647636
10.306706428527832 3.8709676265716553 -0.09820994921028614 100 60.00000402331352 32.00000189244747 26.00000225007534
10.322580337524414 -3.870968222618103 0.7550781965255737 100 207.00001806020737 142.00000673532486 109.00000870227814
10.322580337524414 -5.161290764808655 0.8672535419464111 100 209.00001794099808 148.000006377697 118.00000816583633
8.952380418777466 9.032257795333862 -0.6424963474273682 100 181.0000044107437 95.00000193715096 58.00000414252281
8.97075891494751 7.7419352531433105 -0.5305830761790276 100 193.0000188946724 122.00000792741776 86.00000247359276
8.991358876228333 6.451612710952759 -0.39069555699825287 100 187.00000405311584 107.00000882148743 70.00000342726707
9.010326862335205 5.161290168762207 -0.2451525628566742 100 186.0000041127205 104.00000900030136 67.00000360608101
9.024890661239624 3.8709676265716553 -0.1080765388906002 100 59.00000408291817 32.00000189244747 26.00000225007534
9.032669067382812 2.5806450843811035 0.027851862832903862 100 64.00000378489494 34.00000177323818 27.000002190470695
9.032392501831055 -2.2351741790771484e-07 0.31651571393013 100 188.0000039935112 105.00000894069672 69.00000348687172
9.032257795333862 -1.2903228402137756 0.48478346318006516 100 191.00000381469727 109.00000870227814 73.00000324845314
9.032257795333862 -2.5806456804275513 0.6551818549633026 100 191.00000381469727 110.00000864267349 77.00000301003456
9.032257795333862 -3.870968222618103 0.8094261586666107 100 207.00001806020737 146.00000649690628 116.00000828504562
9.032257795333862 -5.161290764808655 0.929073691368103 100 200.00001847743988 136.00000709295273 114.00000840425491
7.713137865066528 7.741938829421997 -0.5182225257158279 100 196.00001871585846 128.0000075697899 91.00000217556953
7.730432748794556 6.451612710952759 -0.386095866560936 100 190.0000038743019 113.00000846385956 74.0000031888485
7.7447509765625 5.161290168762207 -0.2468482032418251 100 189.00000393390656 111.00000858306885 72.00000330805779
7.753497958183289 3.8709676265716553 -0.11460132896900177 100 191.00000381469727 113.00000846385956 74.0000031888485
7.754495143890381 2.5806450843811035 0.01781165599822998 100 191.00000381469727 112.0000085234642 73.00000324845314
7.74908721446991 1.2903222441673279 0.15843462198972702 100 201.00001841783524 134.00000721216202 97.00000941753387
7.743776440620422 -2.2351741790771484e-07 0.31395580619573593 100 193.0000188946724 115.00000834465027 76.0000030696392
7.742059230804443 -1.2903228402137756 0.48459775745868683 100 194.00001883506775 119.00000810623169 81.00000277161598
7.7419352531433105 -2.5806456804275513 0.6551818549633026 100 194.00001883506775 119.00000810623169 86.00000247359276
7.7419352531433105 -3.870968222618103 0.8094261586666107 100 203.00001829862595 143.00000667572021 116.00000828504562
7.7419352531433105 -5.161290764808655 0.929073691368103 100 209.00001794099808 163.00000548362732 148.000006377697
6.479520797729492 6.45632803440094 -0.3386181965470314 100 187.00000405311584 105.00000894069672 65.0000037252903
6.48762583732605 5.1628923416137695 -0.2277158573269844 100 191.00000381469727 113.00000846385956 74.0000031888485
6.488978862762451 3.87106716632843 -0.11930486187338829 100 188.0000039935112 106.00000888109207 66.00000366568565
6.48193359375 2.5806450843811035 -0.007142489776015282 100 196.00001871585846 124.00000780820847 85.0000025331974
6.469588279724121 1.2903222441673279 0.12311708182096481 100 196.00001871585846 125.00000774860382 87.00000241398811
6.45865797996521 -2.2351741790771484e-07 0.27774710208177567 100 190.0000038743019 109.00000870227814 71.00000336766243
6.452956199645996 -1.2903228402137756 0.4454685375094414 100 195.0000187754631 121.0000079870224 85.0000025331974
6.451616883277893 -2.5806456804275513 0.6091660261154175 100 196.00001871585846 128.0000075697899 99.00000929832458
6.451612710952759 -3.870968222618103 0.7550781965255737 100 206.000018119812 156.00000590085983 138.00000697374344
6.451612710952759 -5.161290764808655 0.8672535419464111 100 210.00001788139343 184.00000423192978 179.000004529953
5.234345197677612 5.174854397773743 -0.1597684808075428 100 194.00001883506775 118.00000816583633 78.00000295042992
5.211542844772339 2.5810709595680237 -0.04275004845112562 100 190.0000038743019 110.00000864267349 70.00000342726707
5.192976593971252 1.2903222441673279 0.06784436292946339 100 197.00001865625381 127.00000762939453 89.00000229477882
5.176778435707092 -2.980232238769531e-07 0.21304158493876457 100 191.00000381469727 115.00000834465027 77.00000301003456
5.165945887565613 -1.2903228402137756 0.371575765311718 100 193.0000188946724 121.0000079870224 88.00000235438347
5.161290168762207 -3.870968222618103 0.655200183391571 100 214.00001764297485 183.00000429153442 174.00000482797623
5.161290168762207 -5.161290764808655 0.7550781965255737 100 227.00001686811447 215.0000175833702 212.00001776218414
3.9630454778671265 3.8892897963523865 -0.06913239136338234 100 189.00000393390656 104.00000900030136 62.00000390410423
3.940432071685791 2.5848424434661865 -0.06974750198423862 100 191.00000381469727 110.00000864267349 69.00000348687172
3.9169740676879883 1.2904119491577148 0.004507307894527912 100 195.0000187754631 122.00000792741776 83.00000265240669
3.8962218165397644 -2.980232238769531e-07 0.13160891830921173 100 189.00000393390656 111.00000858306885 74.0000031888485
3.880646824836731 -1.2903228402137756 0.2737795189023018 100 191.00000381469727 120.00000804662704 92.00000211596489
3.872455358505249 -2.5806456804275513 0.40932614356279373 100 203.00001829862595 163.00000548362732 152.0000061392784
3.8700366020202637 -3.870968222618103 0.5250125750899315 100 225.00001698732376 211.0000178217888 208.00001800060272
2.5773781538009644 -2.5806456804275513 0.29212862253189087 100 214.00001764297485 195.0000187754631 191.00000381469727
19.354839324951172 19.354838132858276 0.0 100 170.0000050663948 94.0000019967556 63.00000384449959
5.033884644508362 -2.4130454659461975 0.8117569983005524 100 196.00001871585846 137.00000703334808 113.00000846385956
4.8274824023246765 -2.546738386154175 0.7923389971256256 100 206.000018119812 165.00000536441803 152.0000061392784
5.090126395225525 -2.6447471976280212 0.813710168004036 100 201.00001841783524 146.00000649690628 125.00000774860382
4.830516576766968 -2.3412349820137024 0.7935326546430588 100 176.00000470876694 127.00000762939453 112.0000085234642
4.997512400150299 -2.4005620181560516 0.5700057372450829 100 61.00000396370888 33.00000183284283 27.000002190470695
4.647441804409027 -3.0090633034706116 0.5212469771504402 100 206.000018119812 163.00000548362732 149.00000631809235
4.675334692001343 -3.1162098050117493 0.7389023900032043 100 206.000018119812 184.00000423192978 179.000004529953
4.639977514743805 -2.899312973022461 0.64527727663517 100 53.000004440546036 21.000000648200512 14.000001065433025
4.6169513463974 -2.836185097694397 0.5156658962368965 100 53.000004440546036 22.000000588595867 15.00000100582838
4.621041715145111 -2.6467785239219666 0.6542900204658508 100 53.000004440546036 21.000000648200512 14.000001065433025
4.606446027755737 -2.52203106880188 0.6267116218805313 100 61.00000396370888 25.000002309679985 17.00000088661909
4.603833556175232 -2.6635748147964478 0.4997970163822174 100 46.000001057982445 18.000000827014446 12.000001184642315
4.7632768750190735 -3.262138068675995 0.7451249659061432 100 214.00001764297485 183.00000429153442 174.00000482797623
4.717006683349609 -3.2796943187713623 0.5961379408836365 100 49.000004678964615 19.0000007674098 13.00000112503767
4.885479509830475 -2.7701452374458313 0.8173241466283798 100 216.00001752376556 187.00000405311584 177.0000046491623
4.645167291164398 -2.851550281047821 0.781639888882637 100 137.00000703334808 101.0000091791153 92.00000211596489
4.6611180901527405 -3.0054059624671936 0.7643797993659973 100 196.00001871585846 164.00000542402267 155.00000596046448
4.99970018863678 -3.186506927013397 0.7733241468667984 100 215.0000175833702 185.00000417232513 175.00000476837158
5.091952085494995 -2.943888306617737 0.8110204339027405 100 216.00001752376556 182.00000435113907 172.00000494718552
4.8367926478385925 -2.3462776839733124 0.5788306146860123 100 58.00000414252281 30.00000201165676 25.000002309679985
4.6874454617500305 -2.341471016407013 0.6461898982524872 100 51.000004559755325 22.000000588595867 17.00000088661909
4.6646445989608765 -2.3774050176143646 0.7748830318450928 100 164.00000542402267 116.00000828504562 103.000009059906
4.78312611579895 -2.3411445319652557 0.725160613656044 100 58.00000414252281 28.00000213086605 21.000000648200512
4.788935482501984 -2.3475775122642517 0.6119394302368164 100 59.00000408291817 28.00000213086605 21.000000648200512
4.667988121509552 -2.4697498977184296 0.5286004394292831 100 53.000004440546036 22.000000588595867 15.00000100582838
5.064210295677185 -2.423882335424423 0.7927785068750381 100 193.0000188946724 130.0000074505806 105.00000894069672
5.073959231376648 -2.7227789163589478 0.8402768522500992 100 197.00001865625381 139.0000069141388 116.00000828504562
5.0947874784469604 -2.7074801921844482 0.8129884302616119 100 200.00001847743988 146.00000649690628 125.00000774860382
4.876661896705627 -2.7207335829734802 0.7930516451597214 100 185.00000417232513 143.00000667572021 129.00000751018524
4.891215264797211 -2.7310121059417725 0.8188191056251526 100 180.00000447034836 138.00000697374344 126.00000768899918
5.088269114494324 -2.768060564994812 0.8296684920787811 100 215.0000175833702 184.00000423192978 175.00000476837158
5.066356062889099 -2.4220216274261475 0.5633135512471199 100 169.00000512599945 105.00000894069672 85.0000025331974
4.618436694145203 -2.7795639634132385 0.6341712176799774 100 53.000004440546036 22.000000588595867 15.00000100582838
4.622348845005035 -2.4681900441646576 0.7691716402769089 100 188.0000039935112 145.00000655651093 132.0000073313713
4.627677500247955 -2.7232077717781067 0.7649937272071838 100 151.00000619888306 100.00000923871994 88.00000235438347
4.863569736480713 -2.7324405312538147 0.8178652077913284 100 159.0000057220459 120.00000804662704 110.00000864267349
4.6620601415634155 -2.7398324012756348 0.7854804396629333 100 173.00000488758087 132.0000073313713 120.00000804662704
4.625196754932404 -2.744976282119751 0.7530263066291809 100 141.0000067949295 89.00000229477882 76.0000030696392
4.848901033401489 -3.0844539403915405 0.7742016762495041 100 221.00001722574234 198.00001859664917 191.00000381469727
4.6961528062820435 -3.284008800983429 0.6751571595668793 100 182.00000435113907 140.00000685453415 128.0000075697899
4.689759314060211 -3.2671526074409485 0.5944409966468811 100 177.0000046491623 120.00000804662704 104.00000900030136
4.615652561187744 -2.4707943201065063 0.6945353746414185 100 48.00000473856926 18.000000827014446 12.000001184642315
4.647316634654999 -2.4615243077278137 0.5995121598243713 100 49.000004678964615 20.000000707805157 13.00000112503767
4.57824319601059 -2.560281753540039 0.5106327310204506 100 70.00000342726707 29.000002071261406 20.000000707805157
4.708704352378845 -2.3401305079460144 0.7578237354755402 100 75.00000312924385 34.00000177323818 25.000002309679985
4.667703211307526 -2.3586730659008026 0.689830407500267 100 46.000001057982445 18.000000827014446 11.000000294297934
4.70231831073761 -3.2318925857543945 0.7421103119850159 100 204.0000182390213 161.0000056028366 147.00000643730164
4.681605100631714 -3.1627508997917175 0.7294457405805588 100 179.000004529953 153.00000607967377 147.00000643730164
4.810031950473785 -2.347436249256134 0.5689298361539841 100 58.00000414252281 28.00000213086605 22.000000588595867
4.781244099140167 -3.1733015179634094 0.7562597095966339 100 220.00001728534698 202.0000183582306 199.00001853704453
4.624790847301483 -2.575591802597046 0.7672551274299622 100 204.0000182390213 166.00000530481339 154.00000602006912
4.785185754299164 -2.3493604362010956 0.5261054262518883 100 61.00000396370888 31.000001952052116 25.000002309679985
4.782060086727142 -2.729848027229309 0.7831722497940063 100 129.00000751018524 86.00000247359276 76.0000030696392
5.084993243217468 -2.436816692352295 0.6180053949356079 100 61.00000396370888 33.00000183284283 27.000002190470695
4.86795961856842 -2.3691822588443756 0.5310949310660362 100 58.00000414252281 31.000001952052116 26.00000225007534
5.04225492477417 -3.1464195251464844 0.7789936661720276 100 217.00001746416092 185.00000417232513 174.00000482797623
4.751777350902557 -3.087783455848694 0.7631143927574158 100 216.00001752376556 186.0000041127205 178.00000458955765
4.677124619483948 -3.102850019931793 0.7638764381408691 100 215.0000175833702 196.00001871585846 192.00001895427704
6.239868402481079 -5.467578768730164 1.213260367512703 100 56.0000042617321 23.000000528991222 16.000000946223736
6.483427882194519 -5.408803820610046 1.106933280825615 100 57.00000420212746 25.000002309679985 16.000000946223736
5.99711537361145 -5.658521056175232 1.3612210750579834 100 156.00000590085983 117.00000822544098 109.00000870227814
6.231319308280945 -5.90529203414917 1.334357112646103 100 191.00000381469727 156.00000590085983 149.00000631809235
6.297949552536011 -5.523228049278259 1.3639231026172638 100 116.00000828504562 66.00000366568565 52.00000450015068
5.98936915397644 -5.711154937744141 1.026768907904625 100 58.00000414252281 24.00000236928463 16.000000946223736
6.888219714164734 -5.400121212005615 1.0133104026317596 100 57.00000420212746 27.000002190470695 19.0000007674098
7.13604211807251 -5.405312180519104 1.0481158643960953 100 197.00001865625381 159.0000057220459 150.0000062584877
7.046816945075989 -5.41191041469574 1.0869596898555756 100 207.00001806020737 173.00000488758087 166.00000530481339
6.227102875709534 -5.446563959121704 1.0260233283042908 100 55.000004321336746 23.000000528991222 14.000001065433025
6.082251071929932 -5.536532402038574 1.0392352193593979 100 54.00000438094139 21.000000648200512 13.00000112503767
7.042072415351868 -5.420184135437012 1.097492277622223 100 188.0000039935112 147.00000643730164 138.00000697374344
6.520427465438843 -5.769716501235962 1.3689228892326355 100 109.00000870227814 71.00000336766243 62.00000390410423
6.586754322052002 -5.396984815597534 1.0784751921892166 100 55.000004321336746 23.000000528991222 16.000000946223736
6.704310774803162 -5.444821715354919 1.3602019846439362 100 64.00000378489494 54.00000438094139 52.00000450015068
5.956335067749023 -5.943507552146912 1.0389777272939682 100 55.000004321336746 25.000002309679985 19.0000007674098
6.004156470298767 -5.614529252052307 1.334965080022812 100 81.00000277161598 43.00000123679638 35.00000171363354
6.40817403793335 -5.525410175323486 1.400676965713501 100 89.00000229477882 71.00000336766243 67.00000360608101
6.382082104682922 -5.500966906547546 1.362924575805664 100 92.00000211596489 50.00000461935997 39.00000147521496
6.573535799980164 -5.41135311126709 1.2355806678533554 100 59.00000408291817 27.000002190470695 19.0000007674098
6.455467343330383 -5.794248580932617 1.3353429734706879 100 145.00000655651093 99.00000929832458 88.00000235438347
6.465751528739929 -5.77184796333313 1.3709910213947296 100 110.00000864267349 67.00000360608101 56.0000042617321
6.466124057769775 -5.4944562911987305 1.3860008120536804 100 109.00000870227814 61.00000396370888 48.00000473856926
5.9967827796936035 -5.7773613929748535 0.9857515245676041 100 53.000004440546036 21.000000648200512 14.000001065433025
6.001081466674805 -5.612083077430725 1.0175105929374695 100 56.0000042617321 23.000000528991222 15.00000100582838
6.5220242738723755 -6.132233142852783 1.2965260446071625 100 138.00000697374344 92.00000211596489 81.00000277161598
6.474710702896118 -5.809082388877869 1.3696715235710144 100 84.00000259280205 60.00000402331352 55.000004321336746
6.5359073877334595 -6.081254482269287 1.3248685002326965 100 192.00001895427704 144.00000661611557 129.00000751018524
7.1340614557266235 -5.388390421867371 0.9527245163917542 100 198.00001859664917 157.0000058412552 146.00000649690628
6.32200300693512 -6.173624396324158 1.2996546924114227 100 55.000004321336746 22.000000588595867 15.00000100582838
6.581847667694092 -5.362915992736816 0.8724493533372879 100 213.0000177025795 188.0000039935112 183.00000429153442
6.491872668266296 -5.920591354370117 1.321675330400467 100 157.0000058412552 109.00000870227814 97.00000941753387
6.016471982002258 -5.582981705665588 1.0931743681430817 100 55.000004321336746 22.000000588595867 14.000001065433025
5.9795743227005005 -5.895307660102844 0.9729375690221786 100 51.000004559755325 20.000000707805157 14.000001065433025
6.992361545562744 -5.461006164550781 1.3158944249153137 100 73.00000324845314 65.0000037252903 64.00000378489494
7.068788409233093 -5.498102903366089 1.286376416683197 100 208.00001800060272 161.0000056028366 151.00000619888306
9.392542243003845 -5.646295547485352 1.357281655073166 100 131.00000739097595 65.0000037252903 47.0000009983778
8.491019606590271 -6.325433254241943 1.0986968129873276 100 59.00000408291817 31.000001952052116 26.00000225007534
8.876851797103882 -6.134532690048218 1.4572444558143616 100 208.00001800060272 183.00000429153442 178.00000458955765
8.921803832054138 -6.467767357826233 1.4899060130119324 100 214.00001764297485 192.00001895427704 187.00000405311584
9.095303416252136 -6.186838746070862 1.5035764873027802 100 217.00001746416092 193.0000188946724 187.00000405311584
9.06675934791565 -5.987180471420288 1.4927881956100464 100 213.0000177025795 189.00000393390656 184.00000423192978
9.020646810531616 -5.8712029457092285 1.4565177261829376 100 201.00001841783524 185.00000417232513 183.00000429153442
9.110124111175537 -5.798117518424988 1.4947251975536346 100 164.00000542402267 116.00000828504562 106.00000888109207
8.608879446983337 -6.492229104042053 1.1618010699748993 100 65.0000037252903 54.00000438094139 53.000004440546036
9.577998518943787 -5.581325888633728 1.1425479501485825 100 59.00000408291817 37.00000159442425 32.00000189244747
9.389616847038269 -5.997729301452637 1.5263476967811584 100 206.000018119812 162.00000554323196 149.00000631809235
9.510074257850647 -5.86708128452301 1.5346689522266388 100 224.0000170469284 210.00001788139343 207.00001806020737
9.251314401626587 -5.833246111869812 1.5017171204090118 100 207.00001806020737 170.0000050663948 160.00000566244125
8.772309422492981 -6.6107165813446045 1.376543939113617 100 63.00000384449959 51.000004559755325 50.00000461935997
9.253706336021423 -6.30399763584137 1.538066416978836 100 209.00001794099808 181.0000044107437 175.00000476837158
9.066223502159119 -6.407251954078674 1.514572948217392 100 193.0000188946724 166.00000530481339 160.00000566244125
9.581767916679382 -5.545697808265686 1.2619046866893768 100 65.0000037252903 42.000001296401024 38.0000015348196
9.492082595825195 -5.5915409326553345 1.3134537637233734 100 107.00000882148743 49.000004678964615 34.00000177323818
9.745015501976013 -5.772091746330261 1.4276111125946045 100 100.00000923871994 73.00000324845314 68.00000354647636
9.322572350502014 -5.646980404853821 1.5091989934444427 100 157.0000058412552 97.00000941753387 82.00000271201134
9.505915641784668 -5.733919143676758 1.4199769496917725 100 103.000009059906 49.000004678964615 34.00000177323818
8.462159037590027 -6.293423175811768 1.2842264771461487 100 71.00000336766243 38.0000015348196 32.00000189244747
8.929162621498108 -5.951525568962097 1.4304037392139435 100 142.00000673532486 112.0000085234642 108.00000876188278
8.596382141113281 -6.479125022888184 1.2570783495903015 100 67.00000360608101 47.0000009983778 44.000001177191734
8.560324311256409 -6.4302825927734375 1.3876213133335114 100 116.00000828504562 76.0000030696392 69.00000348687172
9.22133207321167 -6.076563000679016 1.5265053510665894 100 214.00001764297485 186.0000041127205 179.000004529953
9.681724309921265 -5.989292860031128 1.5564894676208496 100 185.00000417232513 133.00000727176666 117.00000822544098
9.386078715324402 -6.182023286819458 1.5536187589168549 100 135.00000715255737 94.0000019967556 85.0000025331974
9.351645112037659 -6.18469774723053 1.5537083148956299 100 130.0000074505806 104.00000900030136 99.00000929832458
8.684043288230896 -6.531086564064026 1.4456601440906525 100 159.0000057220459 133.00000727176666 128.0000075697899
8.697065711021423 -6.283034086227417 1.4289847016334534 100 182.00000435113907 147.00000643730164 140.00000685453415
9.374304413795471 -5.759046673774719 1.5373100340366364 100 191.00000381469727 153.00000607967377 144.00000661611557
8.724256753921509 -6.13160252571106 1.3788260519504547 100 162.00000554323196 119.00000810623169 110.00000864267349
8.585861921310425 -6.198787093162537 1.3237224519252777 100 125.00000774860382 81.00000277161598 73.00000324845314
9.755013585090637 -5.828742980957031 1.4682082831859589 100 143.00000667572021 81.00000277161598 64.00000378489494
8.7953519821167 -6.567566394805908 1.4570887386798859 100 216.00001752376556 201.00001841783524 198.00001859664917
8.862126469612122 -6.494658589363098 1.4795304834842682 100 199.00001853704453 176.00000470876694 171.00000500679016
8.723600506782532 -6.100006103515625 1.344696581363678 100 50.00000461935997 20.000000707805157 13.00000112503767
9.557124376296997 -6.070340275764465 1.554965078830719 100 145.00000655651093 109.00000870227814 102.00000911951065
9.194085597991943 -5.740495324134827 1.4991843700408936 100 174.00000482797623 140.00000685453415 133.00000727176666
8.570349216461182 -6.39093279838562 1.4106984436511993 100 182.00000435113907 141.0000067949295 132.0000073313713
8.521042466163635 -6.374216079711914 1.3688924908638 100 118.00000816583633 73.00000324845314 63.00000384449959
8.956249952316284 -6.485908031463623 1.4949899911880493 100 203.00001829862595 180.00000447034836 175.00000476837158
13.315383195877075 -7.159211039543152 0.9571664780378342 100 201.00001841783524 180.00000447034836 175.00000476837158
13.166741132736206 -6.772403717041016 0.8015253394842148 100 52.00000450015068 22.000000588595867 16.000000946223736
13.189139366149902 -6.994956135749817 0.8745523542165756 100 153.00000607967377 112.0000085234642 100.00000923871994
13.487887382507324 -6.649718880653381 0.7785189151763916 100 126.00000768899918 66.00000366568565 47.0000009983778
13.761411905288696 -6.646072864532471 0.5603701621294022 100 201.00001841783524 129.00000751018524 96.00000947713852
13.155598640441895 -7.104199528694153 0.7260505110025406 100 57.00000420212746 29.000002071261406 23.000000528991222
13.144536018371582 -6.755737066268921 0.7037918269634247 100 53.000004440546036 23.000000528991222 17.00000088661909
13.304476737976074 -6.677126884460449 0.8786354959011078 100 156.00000590085983 88.00000235438347 60.00000402331352
13.274521827697754 -6.629524827003479 0.6746749579906464 100 56.0000042617321 24.00000236928463 16.000000946223736
13.3385169506073 -6.851799488067627 1.0192067176103592 100 159.0000057220459 118.00000816583633 106.00000888109207
13.3603036403656 -7.035303115844727 0.9998687356710434 100 148.000006377697 129.00000751018524 125.00000774860382
13.378970623016357 -6.668465733528137 0.8586223423480988 100 121.0000079870224 68.00000354647636 53.000004440546036
13.436236381530762 -6.657270789146423 0.8142753690481186 100 115.00000834465027 67.00000360608101 55.000004321336746
13.428765535354614 -6.743758916854858 0.9287634491920471 100 122.00000792741776 82.00000271201134 71.00000336766243
13.405555486679077 -6.791055798530579 0.9666305780410767 100 145.00000655651093 85.0000025331974 65.0000037252903
13.256968259811401 -6.735289096832275 0.9220875054597855 100 86.00000247359276 38.0000015348196 26.00000225007534
13.280036449432373 -6.829771399497986 0.9997124969959259 100 208.00001800060272 183.00000429153442 176.00000470876694
13.197561502456665 -6.78975522518158 0.9267188608646393 100 93.00000205636024 55.000004321336746 47.0000009983778
13.302409648895264 -7.1051025390625 0.9682987630367279 100 200.00001847743988 180.00000447034836 175.00000476837158
13.198317289352417 -7.13617742061615 0.8486029505729675 100 146.00000649690628 131.00000739097595 128.0000075697899
13.347693681716919 -7.084100246429443 0.9879292547702789 100 142.00000673532486 123.00000786781311 120.00000804662704
13.486921787261963 -6.7267537117004395 0.8722494542598724 100 117.00000822544098 66.00000366568565 52.00000450015068
13.252243995666504 -6.648029088973999 0.6704507023096085 100 55.000004321336746 23.000000528991222 15.00000100582838
13.691320419311523 -6.657635569572449 0.6608271598815918 100 68.00000354647636 59.00000408291817 58.00000414252281
13.209588527679443 -7.027040719985962 0.8991513401269913 100 143.00000667572021 83.00000265240669 63.00000384449959
13.673039674758911 -6.677419543266296 0.7187985628843307 100 91.00000217556953 72.00000330805779 68.00000354647636
13.205558061599731 -6.957698464393616 0.9463613480329514 100 182.00000435113907 148.000006377697 140.00000685453415
13.230782747268677 -7.027714252471924 0.9534807503223419 100 221.00001722574234 204.0000182390213 200.00001847743988
13.3571195602417 -6.88045859336853 1.0219909995794296 100 220.00001728534698 202.0000183582306 197.00001865625381
13.185170888900757 -7.104690074920654 0.8481401205062866 100 224.0000170469284 213.0000177025795 211.0000178217888
13.193292617797852 -7.1403515338897705 0.8223745971918106 100 114.00000840425491 73.00000324845314 64.00000378489494
13.151005506515503 -7.1500760316848755 0.7029610872268677 100 79.00000289082527 57.00000420212746 54.00000438094139
13.176475763320923 -7.1083664894104 0.8120067417621613 100 85.0000025331974 42.000001296401024 32.00000189244747
13.261463642120361 -7.1384841203689575 0.9373249858617783 100 107.00000882148743 80.00000283122063 75.00000312924385
13.673254251480103 -6.665053963661194 0.7055158913135529 100 76.0000030696392 69.00000348687172 68.00000354647636
13.424057960510254 -7.016038298606873 1.0274256765842438 100 188.0000039935112 168.0000051856041 163.00000548362732
5.41655421257019 4.013477265834808 0.18426865339279175 100 197.00001865625381 129.00000751018524 89.00000229477882
5.57355523109436 3.6967578530311584 0.20238077268004417 100 188.0000039935112 111.00000858306885 74.0000031888485
5.654545426368713 3.7977850437164307 0.2035060152411461 100 184.00000423192978 105.00000894069672 71.00000336766243
5.015893578529358 3.7558406591415405 -0.014225678751245141 100 99.00000929832458 42.000001296401024 25.000002309679985
5.080518126487732 3.640161454677582 0.06346022710204124 100 119.00000810623169 52.00000450015068 30.00000201165676
5.197358131408691 3.784700036048889 0.15439385548233986 100 159.0000057220459 82.00000271201134 50.00000461935997
5.530971884727478 4.046532213687897 0.1869768463075161 100 194.00001883506775 122.00000792741776 85.0000025331974
5.616899728775024 3.9687228202819824 0.18457578495144844 100 190.0000038743019 116.00000828504562 79.00000289082527
5.584733486175537 3.640238642692566 0.14970354735851288 100 198.00001859664917 129.00000751018524 100.00000923871994
5.489059686660767 3.571540415287018 0.1562209613621235 100 186.0000041127205 106.00000888109207 70.00000342726707
5.112711191177368 3.585243821144104 0.10375866666436195 100 157.0000058412552 82.00000271201134 53.000004440546036
5.402708053588867 3.5106077790260315 0.15473751351237297 100 185.00000417232513 101.0000091791153 66.00000366568565
5.227720141410828 3.4452587366104126 0.10568207129836082 100 188.0000039935112 108.00000876188278 70.00000342726707
5.608072280883789 3.6588162183761597 0.14195620082318783 100 203.00001829862595 141.0000067949295 117.00000822544098
5.054008364677429 3.907676041126251 0.0010947649570880458 100 77.00000301003456 37.00000159442425 27.000002190470695
5.160419344902039 4.02093380689621 0.07531740702688694 100 183.00000429153442 103.000009059906 65.0000037252903
5.025432109832764 3.7655335664749146 -0.08917159400880337 100 52.00000450015068 22.000000588595867 14.000001065433025
5.0454312562942505 3.8925325870513916 -0.022629443556070328 100 56.0000042617321 30.00000201165676 24.00000236928463
5.027905702590942 3.8500532507896423 -0.015496880514547229 100 121.0000079870224 58.00000414252281 37.00000159442425
5.220414996147156 3.9453786611557007 0.15621518716216087 100 149.00000631809235 76.0000030696392 48.00000473856926
5.172532796859741 4.030719697475433 0.10114958509802818 100 164.00000542402267 83.00000265240669 49.000004678964615
5.414865612983704 3.5172221064567566 0.06582066416740417 100 190.0000038743019 110.00000864267349 70.00000342726707
5.2600884437561035 3.9059481024742126 0.17897095531225204 100 167.00000524520874 91.00000217556953 59.00000408291817
5.354970097541809 3.7567713856697083 0.15707487240433693 100 188.0000039935112 109.00000870227814 71.00000336766243
5.39853572845459 3.7457284331321716 0.18868893384933472 100 184.00000423192978 109.00000870227814 77.00000301003456
5.523258447647095 3.5998424887657166 0.15738608315587044 100 195.0000187754631 127.00000762939453 100.00000923871994
5.528439283370972 3.6461159586906433 0.1983438804745674 100 195.0000187754631 128.0000075697899 102.00000911951065
5.339833498001099 4.146193861961365 0.11131494306027889 100 156.00000590085983 80.00000283122063 51.000004559755325
5.281946659088135 4.059997200965881 0.17303159460425377 100 182.00000435113907 102.00000911951065 65.0000037252903
5.390603542327881 4.1415345668792725 0.1726856455206871 100 185.00000417232513 106.00000888109207 67.00000360608101
5.325978398323059 3.481573760509491 0.125090554356575 100 185.00000417232513 99.00000929832458 59.00000408291817
5.235546231269836 3.4465235471725464 0.04713803995400667 100 150.0000062584877 72.00000330805779 42.000001296401024
5.368096232414246 3.4978875517845154 -0.06427595857530832 100 182.00000435113907 93.00000205636024 54.00000438094139
5.209977030754089 3.4604275226593018 0.10214974172413349 100 161.0000056028366 89.00000229477882 61.00000396370888
5.244215726852417 3.4541571140289307 -0.05143011920154095 100 170.0000050663948 83.00000265240669 47.0000009983778
5.638461709022522 3.869737982749939 0.19820895045995712 100 191.00000381469727 114.00000840425491 77.00000301003456
5.246802568435669 4.029058814048767 0.1736847124993801 100 135.00000715255737 65.0000037252903 41.00000135600567
5.355895757675171 3.880964517593384 0.18488381057977676 100 194.00001883506775 121.0000079870224 83.00000265240669
5.010213255882263 3.7827029824256897 -0.023236919660121202 100 76.0000030696392 31.000001952052116 19.0000007674098
5.434479117393494 4.136697351932526 0.17554940655827522 100 190.0000038743019 113.00000846385956 75.00000312924385
5.323528051376343 4.140347540378571 0.08790967985987663 100 155.00000596046448 79.00000289082527 50.00000461935997
5.397020578384399 3.7080025672912598 0.157132837921381 100 191.00000381469727 121.0000079870224 90.00000223517418
5.243600010871887 3.952711522579193 0.17843864858150482 100 159.0000057220459 83.00000265240669 52.00000450015068
