1.1764712631702423 14.532240629196167 -1.0769832879304886 100 103.000009059906 76.0000030696392 68.00000354647636
1.9607847929000854 14.532240629196167 -1.0769832879304886 100 94.0000019967556 66.00000366568565 47.0000009983778
2.7450978755950928 14.532240629196167 -1.0769832879304886 100 118.00000816583633 78.00000295042992 58.00000414252281
3.529411554336548 14.532240629196167 -1.0769832879304886 100 103.000009059906 68.00000354647636 55.000004321336746
4.313725233078003 14.532240629196167 -1.0769832879304886 100 109.00000870227814 78.00000295042992 62.00000390410423
5.09803831577301 14.532240629196167 -1.0769832879304886 100 122.00000792741776 91.00000217556953 75.00000312924385
1.1764712631702423 14.144518375396729 -1.2898613512516022 100 127.00000762939453 94.0000019967556 72.00000330805779
1.1764712631702423 14.916515350341797 -0.6986162066459656 100 107.00000882148743 85.0000025331974 81.00000277161598
1.9607847929000854 14.144518375396729 -1.2898613512516022 100 86.00000247359276 51.000004559755325 42.000001296401024
1.9607847929000854 14.916515350341797 -0.6986162066459656 100 85.0000025331974 50.00000461935997 38.0000015348196
2.7450978755950928 14.144518375396729 -1.2898613512516022 100 97.00000941753387 60.00000402331352 48.00000473856926
2.7450978755950928 14.916515350341797 -0.6986162066459656 100 116.00000828504562 80.00000283122063 60.00000402331352
3.529411554336548 14.144518375396729 -1.2898613512516022 100 112.0000085234642 77.00000301003456 58.00000414252281
3.529411554336548 14.916515350341797 -0.6986162066459656 100 105.00000894069672 70.00000342726707 56.0000042617321
4.313725233078003 14.144518375396729 -1.2898613512516022 100 108.00000876188278 76.0000030696392 64.00000378489494
4.313725233078003 14.916515350341797 -0.6986162066459656 100 115.00000834465027 84.00000259280205 66.00000366568565
5.09803831577301 14.916515350341797 -0.6986162066459656 100 100.00000923871994 75.00000312924385 68.00000354647636
0.7843144237995148 13.752361536026001 -1.2898613512516022 100 122.00000792741776 93.00000205636024 81.00000277161598
0.7843144237995148 14.52892780303955 -0.9180083870887756 100 125.00000774860382 99.00000929832458 90.00000223517418
1.568627953529358 14.532240629196167 -1.0769832879304886 100 110.00000864267349 74.0000031888485 51.000004559755325
2.352941334247589 14.532240629196167 -1.0769832879304886 100 109.00000870227814 70.00000342726707 47.0000009983778
3.1372547149658203 14.532240629196167 -1.0769832879304886 100 117.00000822544098 80.00000283122063 57.00000420212746
3.9215683937072754 14.532240629196167 -1.0769832879304886 100 109.00000870227814 74.0000031888485 59.00000408291817
4.705881774425507 14.532240629196167 -1.0769832879304886 100 117.00000822544098 83.00000265240669 69.00000348687172
5.490195155143738 14.916515350341797 -0.6986162066459656 100 113.00000846385956 86.00000247359276 76.0000030696392
4.7058820724487305 14.916515350341797 -0.6986162066459656 100 108.00000876188278 79.00000289082527 68.00000354647636
4.705881774425507 14.144518375396729 -1.2898613512516022 100 106.00000888109207 76.0000030696392 68.00000354647636
3.9215683937072754 14.916515350341797 -0.6986162066459656 100 115.00000834465027 81.00000277161598 61.00000396370888
3.9215683937072754 14.144518375396729 -1.2898613512516022 100 80.00000283122063 58.00000414252281 56.0000042617321
3.1372547149658203 14.916515350341797 -0.6986162066459656 100 103.000009059906 67.00000360608101 51.000004559755325
3.1372547149658203 14.144518375396729 -1.2898613512516022 100 121.0000079870224 81.00000277161598 59.00000408291817
2.352941483259201 14.916515350341797 -0.6986162066459656 100 96.00000947713852 59.00000408291817 45.00000111758709
2.352941334247589 14.144518375396729 -1.2898613512516022 100 118.00000816583633 96.00000947713852 67.00000360608101
1.568627953529358 14.916515350341797 -0.6986162066459656 100 98.00000935792923 60.00000402331352 43.00000123679638
1.568627953529358 14.144518375396729 -1.2898613512516022 100 92.00000211596489 53.000004440546036 38.0000015348196
0.7843144237995148 14.914119243621826 -0.5836235359311104 100 112.0000085234642 93.00000205636024 89.00000229477882
0.7843144237995148 14.140644073486328 -1.103934869170189 100 127.00000762939453 96.00000947713852 85.0000025331974
-4.292332231998444 7.058822512626648 -0.8129777014255524 100 111.00000858306885 73.00000324845314 48.00000473856926
-3.5080185532569885 7.058822512626648 -0.8129777014255524 100 100.00000923871994 58.00000414252281 30.00000201165676
-2.7237048745155334 7.058822512626648 -0.8129777014255524 100 90.00000223517418 47.0000009983778 20.000000707805157
-1.9393905997276306 7.058822512626648 -0.8129777014255524 100 61.00000396370888 26.00000225007534 13.00000112503767
-4.684489071369171 6.66666567325592 -0.8129777014255524 100 118.00000816583633 85.0000025331974 66.00000366568565
-1.5472334623336792 6.66666567325592 -0.8129772543907166 100 78.00000295042992 48.00000473856926 29.000002071261406
-1.5531446039676666 7.058822512626648 -0.5883541330695152 100 65.0000037252903 32.00000189244747 14.000001065433025
-2.331547737121582 7.058822512626648 -0.8129777014255524 100 114.00000840425491 74.0000031888485 36.00000165402889
-3.115861713886261 7.058822512626648 -0.8129777014255524 100 70.00000342726707 31.000001952052116 18.000000827014446
-3.900175392627716 7.058822512626648 -0.8129777014255524 100 78.00000295042992 34.00000177323818 17.00000088661909
-4.6904003620147705 7.058822512626648 -0.5883544683456421 100 107.00000882148743 68.00000354647636 48.00000473856926
-4.684489071369171 6.274508833885193 -0.8129777014255524 100 85.0000025331974 47.0000009983778 37.00000159442425
2.519180476665497 5.135286450386047 1.6652633249759674 100 142.00000673532486 95.00000193715096 53.000004440546036
3.7250277400016785 4.359857141971588 1.7017443478107452 100 139.0000069141388 91.00000217556953 59.00000408291817
2.916894853115082 6.397331953048706 1.6601204872131348 100 76.0000030696392 58.00000414252281 50.00000461935997
4.283742904663086 4.351535141468048 1.7141085863113403 100 157.0000058412552 128.0000075697899 114.00000840425491
5.0323486328125 6.297595500946045 1.710364818572998 100 144.00000661611557 103.000009059906 72.00000330805779
4.494399726390839 6.2692201137542725 1.6970305144786835 100 122.00000792741776 87.00000241398811 69.00000348687172
1.9752511382102966 5.151832699775696 0.475013330578804 100 56.0000042617321 30.00000201165676 17.00000088661909
2.221105247735977 6.85452401638031 0.024199562612921 100 143.00000667572021 90.00000223517418 45.00000111758709
2.7227285504341125 6.5242999792099 1.2674953043460846 100 114.00000840425491 68.00000354647636 40.00000141561031
3.1221041083335876 4.747571647167206 1.6835038363933563 100 96.00000947713852 55.000004321336746 29.000002071261406
2.220596969127655 5.003024935722351 0.7749594002962112 100 50.00000461935997 24.00000236928463 16.000000946223736
2.823520600795746 4.615310728549957 0.7931999117136002 100 54.00000438094139 26.00000225007534 16.000000946223736
3.4268400073051453 4.160826504230499 0.6138460338115692 100 56.0000042617321 29.000002071261406 14.000001065433025
4.38907116651535 5.310377478599548 1.705569475889206 100 160.00000566244125 115.00000834465027 72.00000330805779
4.658045768737793 5.324565172195435 1.7122367024421692 100 152.0000061392784 107.00000882148743 72.00000330805779
4.763374328613281 6.283407807350159 1.7036977410316467 100 132.0000073313713 93.00000205636024 70.00000342726707
1.948632299900055 5.011298656463623 0.17983440309762955 100 50.00000461935997 26.00000225007534 16.000000946223736
2.098178267478943 6.003178358078003 0.24960646405816078 100 56.0000042617321 33.00000183284283 25.000002309679985
3.70564728975296 6.333276033401489 1.6785754263401031 100 103.000009059906 81.00000277161598 70.00000342726707
2.471916824579239 6.689411997795105 0.6458474695682526 100 97.00000941753387 71.00000336766243 63.00000384449959
2.370142787694931 5.994905233383179 0.844731479883194 100 64.00000378489494 41.00000135600567 28.00000213086605
2.6209545135498047 5.829793214797974 1.466379314661026 100 66.00000366568565 43.00000123679638 29.000002071261406
2.7180376648902893 5.766308903694153 1.6626918315887451 100 98.00000935792923 59.00000408291817 36.00000165402889
2.819811701774597 6.460816264152527 1.4638079702854156 100 69.00000348687172 62.00000390410423 59.00000408291817
4.1097137331962585 5.314538478851318 1.6993874311447144 100 164.00000542402267 118.00000816583633 71.00000336766243
3.5067901015281677 5.702253580093384 1.6811469197273254 100 159.0000057220459 111.00000858306885 66.00000366568565
4.00438517332077 4.355696141719818 1.7079263925552368 100 166.00000530481339 129.00000751018524 102.00000911951065
4.1084885597229 4.168680012226105 1.6432297229766846 100 172.00000494718552 150.0000062584877 134.00000721216202
2.2472158074378967 5.143559575080872 1.0701383650302887 100 63.00000384449959 35.00000171363354 21.000000648200512
3.423565924167633 4.553714394569397 1.6926240921020508 100 151.00000619888306 104.00000900030136 63.00000384449959
2.071305066347122 4.936894774436951 0.32980743795633316 100 51.000004559755325 24.00000236928463 13.00000112503767
3.274274170398712 4.487583935260773 1.2474721670150757 100 49.000004678964615 23.000000528991222 11.000000294297934
4.4417354464530945 5.789799094200134 1.7012999951839447 100 156.00000590085983 107.00000882148743 68.00000354647636
4.84519749879837 5.81108033657074 1.7113007605075836 100 99.00000929832458 79.00000289082527 71.00000336766243
4.628887176513672 6.2763142585754395 1.7003640532493591 100 147.00000643730164 101.0000091791153 68.00000354647636
2.1463321149349213 6.358583569526672 -0.010686434106901288 100 140.00000685453415 78.00000295042992 40.00000141561031
1.9619417190551758 5.0815653800964355 0.3274238854646683 100 57.00000420212746 31.000001952052116 22.000000588595867
2.159641683101654 6.428850889205933 0.13690300285816193 100 62.00000390410423 37.00000159442425 26.00000225007534
4.100023508071899 6.301248073577881 1.6878029704093933 100 110.00000864267349 83.00000265240669 69.00000348687172
2.5973227620124817 6.606855988502502 0.9566713869571686 100 95.00000193715096 74.0000031888485 69.00000348687172
2.295624166727066 6.4247143268585205 0.43446555733680725 100 60.00000402331352 36.00000165402889 27.000002190470695
2.6718416810035706 6.177046895027161 1.3669373095035553 100 67.00000360608101 42.000001296401024 28.00000213086605
2.8174662590026855 6.081820130348206 1.66140615940094 100 136.00000709295273 89.00000229477882 52.00000450015068
2.771269977092743 6.492558121681213 1.3656516373157501 100 69.00000348687172 66.00000366568565 66.00000366568565
4.302056729793549 5.791879296302795 1.698208898305893 100 157.0000058412552 109.00000870227814 69.00000348687172
4.000594913959503 5.985736846923828 1.6890886425971985 100 159.0000057220459 114.00000840425491 70.00000342726707
4.14406418800354 4.353615641593933 1.7110174894332886 100 169.00000512599945 129.00000751018524 90.00000223517418
2.1112334728240967 5.147696137428284 0.7725758850574493 100 54.00000438094139 29.000002071261406 18.000000827014446
2.8206422924995422 4.941428899765015 1.6743835806846619 100 116.00000828504562 70.00000342726707 38.0000015348196
2.369888573884964 5.069155693054199 1.2201113998889923 100 46.000001057982445 20.000000707805157 11.000000294297934
2.3727668821811676 4.743037223815918 0.3389276936650276 100 45.00000111758709 20.000000707805157 12.000001184642315
2.6744267344474792 4.515795111656189 0.24925079196691513 100 50.00000461935997 24.00000236928463 16.000000946223736
4.33640718460083 4.83095645904541 1.7098389565944672 100 161.0000056028366 114.00000840425491 73.00000324845314
4.4708943367004395 4.838050305843353 1.7131726443767548 100 152.0000061392784 108.00000876188278 72.00000330805779
4.897861480712891 6.290501356124878 1.7070312798023224 100 103.000009059906 82.00000271201134 71.00000336766243
1.9353227317333221 4.941031336784363 0.032244932372123 100 63.00000384449959 37.00000159442425 24.00000236928463
2.0367147028446198 5.577505826950073 0.36230992525815964 100 62.00000390410423 39.00000147521496 27.000002190470695
3.311271071434021 6.365303993225098 1.669347882270813 100 155.00000596046448 108.00000876188278 66.00000366568565
2.34651118516922 6.7719680070877075 0.33502351492643356 100 131.00000739097595 76.0000030696392 45.00000111758709
2.444661557674408 5.565095543861389 1.2549974024295807 100 60.00000402331352 37.00000159442425 28.00000213086605
2.570067346096039 5.482539534568787 1.5658213198184967 100 56.0000042617321 35.00000171363354 27.000002190470695
2.618609070777893 5.4507976770401 1.6639776527881622 100 113.00000846385956 71.00000336766243 43.00000123679638
2.8683534264564514 6.429073810577393 1.5619641542434692 100 61.00000396370888 53.000004440546036 51.000004559755325
4.026687443256378 4.132615029811859 1.6120675206184387 100 56.0000042617321 28.00000213086605 16.000000946223736
3.9173707365989685 4.837197959423065 1.7005659639835358 100 160.00000566244125 115.00000834465027 72.00000330805779
3.0129852890968323 5.418769717216492 1.6732051968574524 100 158.00000578165054 111.00000858306885 65.0000037252903
3.8647064566612244 4.357776641845703 1.704835444688797 100 159.0000057220459 127.00000762939453 109.00000870227814
3.9167580008506775 4.264268577098846 1.6724871098995209 100 175.00000476837158 143.00000667572021 123.00000786781311
3.993794620037079 4.1604068875312805 1.6323672235012054 100 159.0000057220459 134.00000721216202 118.00000816583633
2.383197993040085 5.1394230127334595 1.367700845003128 100 45.00000111758709 21.000000648200512 15.00000100582838
2.084614485502243 5.007162094116211 0.4773969203233719 100 60.00000402331352 29.000002071261406 14.000001065433025
2.233906388282776 5.073292255401611 0.922548919916153 100 33.00000183284283 12.000001184642315 8.000000473111868
2.097924053668976 5.077428817749023 0.6249863654375076 100 48.00000473856926 22.000000588595867 13.00000112503767
2.30867937207222 5.569232106208801 0.9574349224567413 100 68.00000354647636 43.00000123679638 28.00000213086605
2.234160602092743 5.999041795730591 0.5471689626574516 100 59.00000408291817 36.00000165402889 26.00000225007534
2.17269703745842 5.573368668556213 0.659872442483902 100 66.00000366568565 42.000001296401024 27.000002190470695
4.196115732192993 4.260107576847076 1.6786691546440125 100 177.0000046491623 150.0000062584877 128.0000075697899
4.056437015533447 4.262188076972961 1.6755780577659607 100 177.0000046491623 144.00000661611557 124.00000780820847
4.19672816991806 4.833036959171295 1.7067480087280273 100 164.00000542402267 120.00000804662704 75.00000312924385
4.249392449855804 5.312458276748657 1.7024783790111542 100 164.00000542402267 118.00000816583633 72.00000330805779
4.057049453258514 4.83511745929718 1.7036569118499756 100 165.00000536441803 119.00000810623169 72.00000330805779
3.2118424773216248 6.049792766571045 1.67063370347023 100 158.00000578165054 109.00000870227814 65.0000037252903
3.1124138832092285 5.734280943870544 1.6719193756580353 100 161.0000056028366 114.00000840425491 65.0000037252903
3.606218695640564 6.0177648067474365 1.6798612475395203 100 161.0000056028366 116.00000828504562 70.00000342726707
3.3144471049308777 5.224912762641907 1.6823254525661469 100 160.00000566244125 110.00000864267349 64.00000378489494
3.615908920764923 5.031055212020874 1.6914457082748413 100 159.0000057220459 111.00000858306885 68.00000354647636
3.808251917362213 5.508396029472351 1.69026717543602 100 158.00000578165054 112.0000085234642 69.00000348687172
3.1251803040504456 4.388068616390228 0.7035230100154877 100 33.00000183284283 11.000000294297934 8.000000473111868
3.8775938749313354 4.033099710941315 1.0681182891130447 100 50.00000461935997 23.000000528991222 14.000001065433025
3.575933873653412 4.260341823101044 1.1577952653169632 100 35.00000171363354 14.000001065433025 10.000000353902578
2.669495940208435 5.798051357269287 1.5645356476306915 100 62.00000390410423 39.00000147521496 29.000002071261406
2.768924832344055 6.11356258392334 1.5632498264312744 100 58.00000414252281 36.00000165402889 27.000002190470695
2.720383107662201 6.145304441452026 1.4650936424732208 100 52.00000450015068 33.00000183284283 26.00000225007534
2.546435594558716 6.259602904319763 1.0561133921146393 100 68.00000354647636 45.00000111758709 29.000002071261406
2.421029806137085 6.342158317565918 0.7452894747257233 100 64.00000378489494 41.00000135600567 27.000002190470695
2.495548725128174 5.912349224090576 1.15555539727211 100 69.00000348687172 44.000001177191734 28.00000213086605
2.08486869931221 5.932911038398743 0.10201700031757355 100 57.00000420212746 34.00000177323818 26.00000225007534
2.010095715522766 5.436971187591553 0.06713100243359804 100 53.000004440546036 31.000001952052116 24.00000236928463
2.023405283689499 5.507238507270813 0.2147204428911209 100 57.00000420212746 34.00000177323818 24.00000236928463
4.576222896575928 5.7968926429748535 1.7046335339546204 100 157.0000058412552 109.00000870227814 69.00000348687172
4.523558616638184 5.317471623420715 1.7089031636714935 100 158.00000578165054 112.0000085234642 71.00000336766243
4.710710048675537 5.8039867877960205 1.707967221736908 100 154.00000602006912 106.00000888109207 69.00000348687172
3.4441858530044556 4.019631743431091 0.24942690506577492 100 52.00000450015068 23.000000528991222 12.000001184642315
2.9728123545646667 4.6814411878585815 1.2383519113063812 100 54.00000438094139 23.000000528991222 11.000000294297934
2.6713505387306213 4.87529844045639 1.2292316555976868 100 55.000004321336746 27.000002190470695 15.00000100582838
2.5220587849617004 4.809167981147766 0.7840796560049057 100 40.00000141561031 16.000000946223736 9.000000413507223
-20.0 20.0 0.0 100 87.00000241398811 72.00000330805779 67.00000360608101
8.235294818878174 20.0 0.0 100 99.00000929832458 77.00000301003456 69.00000348687172
7.450981140136719 20.0 0.0 100 93.00000205636024 73.00000324845314 67.00000360608101
6.666667461395264 20.0 0.0 100 96.00000947713852 75.00000312924385 68.00000354647636
5.882353782653809 20.0 0.0 100 98.00000935792923 76.0000030696392 68.00000354647636
5.0980401039123535 20.0 0.0 100 100.00000923871994 78.00000295042992 69.00000348687172
4.313726425170898 20.0 0.0 100 99.00000929832458 78.00000295042992 68.00000354647636
3.5294127464294434 20.0 0.0 100 97.00000941753387 76.0000030696392 68.00000354647636
2.7450990676879883 20.0 0.0 100 101.0000091791153 78.00000295042992 68.00000354647636
1.9607853889465332 20.0 0.0 100 95.00000193715096 75.00000312924385 68.00000354647636
1.1764715611934662 20.0 0.0 100 98.00000935792923 75.00000312924385 68.00000354647636
0.39215780794620514 20.0 0.0 100 91.00000217556953 72.00000330805779 67.00000360608101
-0.3921560198068619 20.0 0.0 100 94.0000019967556 74.0000031888485 68.00000354647636
-1.176469773054123 20.0 0.0 100 90.00000223517418 72.00000330805779 66.00000366568565
-1.96078360080719 20.0 0.0 100 96.00000947713852 76.0000030696392 68.00000354647636
-2.745097279548645 20.0 0.0 100 97.00000941753387 75.00000312924385 67.00000360608101
-3.5294109582901 20.0 0.0 100 90.00000223517418 73.00000324845314 67.00000360608101
-4.313724637031555 20.0 0.0 100 91.00000217556953 72.00000330805779 66.00000366568565
-5.09803831577301 20.0 0.0 100 94.0000019967556 75.00000312924385 68.00000354647636
-5.882351994514465 20.0 0.0 100 92.00000211596489 73.00000324845314 67.00000360608101
-6.66666567325592 20.0 0.0 100 97.00000941753387 76.0000030696392 67.00000360608101
-7.4509793519973755 20.0 0.0 100 94.0000019967556 74.0000031888485 67.00000360608101
-8.23529303073883 20.0 0.0 100 95.00000193715096 75.00000312924385 67.00000360608101
-9.019606709480286 20.0 0.0 100 96.00000947713852 76.0000030696392 67.00000360608101
-9.80392038822174 20.0 0.0 100 98.00000935792923 76.0000030696392 68.00000354647636
-10.588234663009644 20.0 0.0 100 91.00000217556953 72.00000330805779 66.00000366568565
-11.372548341751099 20.0 0.0 100 95.00000193715096 75.00000312924385 67.00000360608101
-12.156862020492554 20.0 0.0 100 97.00000941753387 77.00000301003456 68.00000354647636
-12.941175699234009 20.0 0.0 100 97.00000941753387 77.00000301003456 67.00000360608101
-13.725489377975464 20.0 0.0 100 97.00000941753387 76.0000030696392 68.00000354647636
-14.509803056716919 20.0 0.0 100 93.00000205636024 75.00000312924385 67.00000360608101
-15.294116735458374 20.0 0.0 100 94.0000019967556 74.0000031888485 67.00000360608101
-16.07843041419983 20.0 0.0 100 96.00000947713852 77.00000301003456 68.00000354647636
-16.862744092941284 20.0 0.0 100 99.00000929832458 78.00000295042992 67.00000360608101
-17.64705777168274 20.0 0.0 100 96.00000947713852 78.00000295042992 69.00000348687172
-18.431371450424194 20.0 0.0 100 94.0000019967556 76.0000030696392 68.00000354647636
-19.215686321258545 20.0 0.0 100 94.0000019967556 75.00000312924385 67.00000360608101
-19.215686321258545 19.215686321258545 0.0 100 139.0000069141388 85.0000025331974 46.000001057982445
-18.43137264251709 18.431371450424194 0.0 100 144.00000661611557 89.00000229477882 48.00000473856926
-18.43137264251709 19.215686321258545 0.0 100 144.00000661611557 88.00000235438347 45.00000111758709
-17.647058963775635 17.64705777168274 0.0 100 144.00000661611557 89.00000229477882 46.000001057982445
-17.647058963775635 18.431371450424194 0.0 100 145.00000655651093 89.00000229477882 47.0000009983778
-17.647058963775635 19.215686321258545 0.0 100 142.00000673532486 86.00000247359276 46.000001057982445
-16.86274528503418 16.862744092941284 0.0 100 147.00000643730164 93.00000205636024 49.000004678964615
-16.86274528503418 17.64705777168274 0.0 100 149.00000631809235 94.0000019967556 47.0000009983778
-16.86274528503418 18.431371450424194 0.0 100 149.00000631809235 96.00000947713852 49.000004678964615
-16.86274528503418 19.215686321258545 0.0 100 151.00000619888306 96.00000947713852 47.0000009983778
-16.078431606292725 16.07843041419983 0.0 100 148.000006377697 95.00000193715096 49.000004678964615
-16.078431606292725 16.862744092941284 0.0 100 146.00000649690628 97.00000941753387 53.000004440546036
-16.078431606292725 17.64705777168274 0.0 100 146.00000649690628 93.00000205636024 50.00000461935997
-16.078431606292725 18.431371450424194 0.0 100 147.00000643730164 94.0000019967556 49.000004678964615
-16.078431606292725 19.215686321258545 0.0 100 147.00000643730164 90.00000223517418 48.00000473856926
-15.29411792755127 15.294116735458374 0.0 100 142.00000673532486 91.00000217556953 49.000004678964615
-15.29411792755127 16.07843041419983 0.0 100 147.00000643730164 94.0000019967556 48.00000473856926
-15.29411792755127 16.862744092941284 0.0 100 147.00000643730164 95.00000193715096 54.00000438094139
-15.29411792755127 17.64705777168274 0.0 100 146.00000649690628 92.00000211596489 50.00000461935997
-15.29411792755127 18.431371450424194 0.0 100 141.0000067949295 85.0000025331974 46.000001057982445
-15.29411792755127 19.215686321258545 0.0 100 146.00000649690628 93.00000205636024 49.000004678964615
-14.509804248809814 14.509803056716919 0.0 100 144.00000661611557 86.00000247359276 46.000001057982445
-14.509804248809814 15.294116735458374 0.0 100 149.00000631809235 97.00000941753387 53.000004440546036
-14.509804248809814 16.07843041419983 0.0 100 149.00000631809235 92.00000211596489 45.00000111758709
-14.509804248809814 16.862744092941284 0.0 100 148.000006377697 94.0000019967556 49.000004678964615
-14.509804248809814 17.64705777168274 0.0 100 152.0000061392784 99.00000929832458 50.00000461935997
-14.509804248809814 18.431371450424194 0.0 100 149.00000631809235 98.00000935792923 51.000004559755325
-14.509804248809814 19.215686321258545 0.0 100 142.00000673532486 87.00000241398811 46.000001057982445
-13.72549057006836 13.725489377975464 0.0 100 156.00000590085983 112.0000085234642 61.00000396370888
-13.72549057006836 14.509803056716919 0.0 100 149.00000631809235 94.0000019967556 48.00000473856926
-13.72549057006836 15.294116735458374 0.0 100 149.00000631809235 95.00000193715096 49.000004678964615
-13.72549057006836 16.07843041419983 0.0 100 152.0000061392784 97.00000941753387 48.00000473856926
-13.72549057006836 16.862744092941284 0.0 100 149.00000631809235 96.00000947713852 52.00000450015068
-13.72549057006836 17.64705777168274 0.0 100 149.00000631809235 93.00000205636024 50.00000461935997
-13.72549057006836 18.431371450424194 0.0 100 151.00000619888306 98.00000935792923 50.00000461935997
-13.72549057006836 19.215686321258545 0.0 100 152.0000061392784 106.00000888109207 55.000004321336746
-12.941176891326904 12.941175699234009 0.0 100 157.0000058412552 107.00000882148743 58.00000414252281
-12.941176891326904 13.725489377975464 0.0 100 144.00000661611557 88.00000235438347 50.00000461935997
-12.941176891326904 14.509803056716919 0.0 100 141.0000067949295 90.00000223517418 50.00000461935997
-12.941176891326904 15.294116735458374 0.0 100 153.00000607967377 103.000009059906 53.000004440546036
-12.941176891326904 16.07843041419983 0.0 100 151.00000619888306 102.00000911951065 53.000004440546036
-12.941176891326904 16.862744092941284 0.0 100 150.0000062584877 101.0000091791153 53.000004440546036
-12.941176891326904 17.64705777168274 0.0 100 152.0000061392784 99.00000929832458 49.000004678964615
-12.941176891326904 18.431371450424194 0.0 100 152.0000061392784 103.000009059906 53.000004440546036
-12.941176891326904 19.215686321258545 0.0 100 151.00000619888306 98.00000935792923 51.000004559755325
-12.15686321258545 12.156862020492554 0.0 100 143.00000667572021 86.00000247359276 43.00000123679638
-12.15686321258545 12.941175699234009 0.0 100 133.00000727176666 75.00000312924385 46.000001057982445
-12.15686321258545 13.725489377975464 0.0 100 148.000006377697 96.00000947713852 56.0000042617321
-12.15686321258545 14.509803056716919 0.0 100 154.00000602006912 105.00000894069672 55.000004321336746
-12.15686321258545 15.294116735458374 0.0 100 146.00000649690628 91.00000217556953 46.000001057982445
-12.15686321258545 16.07843041419983 0.0 100 144.00000661611557 91.00000217556953 52.00000450015068
-12.15686321258545 16.862744092941284 0.0 100 150.0000062584877 101.0000091791153 57.00000420212746
-12.15686321258545 17.64705777168274 0.0 100 152.0000061392784 111.00000858306885 62.00000390410423
-12.15686321258545 18.431371450424194 0.0 100 134.00000721216202 75.00000312924385 43.00000123679638
-12.15686321258545 19.215686321258545 0.0 100 147.00000643730164 90.00000223517418 49.000004678964615
-11.372549533843994 11.372548341751099 0.0 100 158.00000578165054 110.00000864267349 57.00000420212746
-11.372549533843994 12.156862020492554 0.0 100 148.000006377697 94.0000019967556 50.00000461935997
-11.372549533843994 12.941175699234009 0.0 100 154.00000602006912 108.00000876188278 60.00000402331352
-11.372549533843994 13.725489377975464 0.0 100 149.00000631809235 96.00000947713852 51.000004559755325
-11.372549533843994 14.509803056716919 0.0 100 150.0000062584877 101.0000091791153 59.00000408291817
-11.372549533843994 15.294116735458374 0.0 100 152.0000061392784 105.00000894069672 60.00000402331352
-11.372549533843994 16.07843041419983 0.0 100 150.0000062584877 97.00000941753387 52.00000450015068
-11.372549533843994 16.862744092941284 0.0 100 143.00000667572021 88.00000235438347 49.000004678964615
-11.372549533843994 17.64705777168274 0.0 100 142.00000673532486 89.00000229477882 50.00000461935997
-11.372549533843994 18.431371450424194 0.0 100 145.00000655651093 89.00000229477882 49.000004678964615
-11.372549533843994 19.215686321258545 0.0 100 147.00000643730164 92.00000211596489 52.00000450015068
-10.588235855102539 10.588234663009644 0.0 100 155.00000596046448 107.00000882148743 59.00000408291817
-10.588235855102539 11.372548341751099 0.0 100 140.00000685453415 85.0000025331974 49.000004678964615
-10.588235855102539 12.156862020492554 0.0 100 158.00000578165054 113.00000846385956 59.00000408291817
-10.588235855102539 12.941175699234009 0.0 100 151.00000619888306 99.00000929832458 48.00000473856926
-10.588235855102539 13.725489377975464 0.0 100 149.00000631809235 94.0000019967556 48.00000473856926
-10.588235855102539 14.509803056716919 0.0 100 151.00000619888306 104.00000900030136 55.000004321336746
-10.588235855102539 15.294116735458374 0.0 100 143.00000667572021 85.0000025331974 48.00000473856926
-10.588235855102539 16.07843041419983 0.0 100 154.00000602006912 106.00000888109207 60.00000402331352
-10.588235855102539 16.862744092941284 0.0 100 130.0000074505806 73.00000324845314 44.000001177191734
-10.588235855102539 17.64705777168274 0.0 100 150.0000062584877 98.00000935792923 52.00000450015068
-10.588235855102539 18.431371450424194 0.0 100 147.00000643730164 94.0000019967556 50.00000461935997
-10.588235855102539 19.215686321258545 0.0 100 146.00000649690628 92.00000211596489 50.00000461935997
-9.803922176361084 9.80392038822174 0.0 100 158.00000578165054 116.00000828504562 58.00000414252281
-9.803922176361084 10.588234663009644 0.0 100 146.00000649690628 102.00000911951065 58.00000414252281
-9.803922176361084 11.372548341751099 0.0 100 154.00000602006912 104.00000900030136 55.000004321336746
-9.803922176361084 12.156862020492554 0.0 100 156.00000590085983 108.00000876188278 58.00000414252281
-9.803922176361084 12.941175699234009 0.0 100 152.0000061392784 99.00000929832458 51.000004559755325
-9.803922176361084 13.725489377975464 0.0 100 152.0000061392784 103.000009059906 56.0000042617321
-9.803922176361084 14.509803056716919 0.0 100 146.00000649690628 92.00000211596489 52.00000450015068
-9.803922176361084 15.294116735458374 0.0 100 143.00000667572021 87.00000241398811 48.00000473856926
-9.803922176361084 16.07843041419983 0.0 100 151.00000619888306 97.00000941753387 53.000004440546036
-9.803921580314636 16.862744092941284 0.0 100 147.00000643730164 93.00000205636024 51.000004559755325
-9.803920984268188 17.64705777168274 0.0 100 149.00000631809235 94.0000019967556 48.00000473856926
-9.803920984268188 18.431371450424194 0.0 100 140.00000685453415 81.00000277161598 45.00000111758709
-9.803920984268188 19.215686321258545 0.0 100 147.00000643730164 89.00000229477882 47.0000009983778
-9.019608497619629 9.019606709480286 0.0 100 150.0000062584877 97.00000941753387 49.000004678964615
-9.019608497619629 9.80392038822174 0.0 100 151.00000619888306 99.00000929832458 45.00000111758709
-9.019608497619629 10.588234663009644 0.0 100 158.00000578165054 114.00000840425491 57.00000420212746
-9.019608497619629 11.372548341751099 0.0 100 157.0000058412552 104.00000900030136 52.00000450015068
-9.019608497619629 12.156862020492554 0.0 100 154.00000602006912 105.00000894069672 54.00000438094139
-9.019608497619629 13.725489377975464 0.0 100 156.00000590085983 104.00000900030136 57.00000420212746
-9.019608497619629 14.509803056716919 0.0 100 148.000006377697 93.00000205636024 48.00000473856926
-9.019608497619629 15.294116735458374 0.0 100 133.00000727176666 75.00000312924385 44.000001177191734
-9.019608497619629 16.07843041419983 0.0 100 152.0000061392784 103.000009059906 57.00000420212746
-9.019607901573181 16.862744092941284 0.0 100 137.00000703334808 80.00000283122063 45.00000111758709
-9.019607305526733 17.64705777168274 0.0 100 151.00000619888306 99.00000929832458 54.00000438094139
-9.019607305526733 18.431371450424194 0.0 100 147.00000643730164 95.00000193715096 56.0000042617321
-9.019607305526733 19.215686321258545 0.0 100 143.00000667572021 87.00000241398811 51.000004559755325
-8.235294818878174 8.23529303073883 0.0 100 156.00000590085983 106.00000888109207 62.00000390410423
-8.235294818878174 9.019606709480286 0.0 100 156.00000590085983 105.00000894069672 56.0000042617321
-8.235294818878174 9.80392038822174 0.0 100 155.00000596046448 106.00000888109207 61.00000396370888
-8.235294818878174 10.588234663009644 0.0 100 116.00000828504562 56.0000042617321 32.00000189244747
-8.235294818878174 12.941175699234009 0.0 100 150.0000062584877 100.00000923871994 52.00000450015068
-8.235294818878174 13.725489377975464 0.0 100 152.0000061392784 101.0000091791153 52.00000450015068
-8.235294818878174 14.509803056716919 0.0 100 140.00000685453415 86.00000247359276 45.00000111758709
-8.235294818878174 15.294116735458374 0.0 100 150.0000062584877 96.00000947713852 51.000004559755325
-8.235294818878174 16.07843041419983 0.0 100 152.0000061392784 98.00000935792923 51.000004559755325
-8.235294222831726 16.862744092941284 0.0 100 156.00000590085983 105.00000894069672 59.00000408291817
-8.235293626785278 17.64705777168274 0.0 100 154.00000602006912 112.0000085234642 64.00000378489494
-8.235293626785278 18.431371450424194 0.0 100 147.00000643730164 98.00000935792923 54.00000438094139
-8.235293626785278 19.215686321258545 0.0 100 139.0000069141388 83.00000265240669 47.0000009983778
-7.450981140136719 7.4509793519973755 0.0 100 155.00000596046448 102.00000911951065 66.00000366568565
-7.450981140136719 8.23529303073883 0.0 100 143.00000667572021 89.00000229477882 42.000001296401024
-7.450981140136719 9.019606709480286 0.0 100 140.00000685453415 80.00000283122063 43.00000123679638
-7.450981140136719 9.80392038822174 0.0 100 131.00000739097595 72.00000330805779 40.00000141561031
-7.450981140136719 12.156862020492554 0.0 100 152.0000061392784 99.00000929832458 52.00000450015068
-7.450981140136719 12.941175699234009 0.0 100 141.0000067949295 85.0000025331974 46.000001057982445
-7.450981140136719 13.725489377975464 0.0 100 158.00000578165054 109.00000870227814 61.00000396370888
-7.450981140136719 14.509803056716919 0.0 100 151.00000619888306 98.00000935792923 50.00000461935997
-7.450981140136719 15.294116735458374 0.0 100 154.00000602006912 103.000009059906 55.000004321336746
-7.450981140136719 16.07843041419983 0.0 100 154.00000602006912 106.00000888109207 58.00000414252281
-7.450980544090271 16.862744092941284 0.0 100 156.00000590085983 102.00000911951065 53.000004440546036
-7.450979948043823 17.64705777168274 0.0 100 152.0000061392784 106.00000888109207 61.00000396370888
-7.450979948043823 18.431371450424194 0.0 100 136.00000709295273 79.00000289082527 46.000001057982445
-7.450979948043823 19.215686321258545 0.0 100 148.000006377697 96.00000947713852 53.000004440546036
-6.666667461395264 6.66666567325592 0.0 100 156.00000590085983 106.00000888109207 68.00000354647636
-6.666667461395264 7.4509793519973755 0.0 100 96.00000947713852 41.00000135600567 27.000002190470695
-6.666667461395264 8.23529303073883 0.0 100 101.0000091791153 43.00000123679638 27.000002190470695
-6.666667461395264 9.019606709480286 0.0 100 114.00000840425491 56.0000042617321 35.00000171363354
-6.666667461395264 9.80392038822174 0.0 100 133.00000727176666 86.00000247359276 51.000004559755325
-6.666667461395264 10.588234663009644 0.0 100 151.00000619888306 94.0000019967556 57.00000420212746
-6.666667461395264 11.372548341751099 0.0 100 153.00000607967377 99.00000929832458 61.00000396370888
-6.666667461395264 12.156862020492554 0.0 100 132.0000073313713 78.00000295042992 47.0000009983778
-6.666667461395264 12.941175699234009 0.0 100 149.00000631809235 96.00000947713852 56.0000042617321
-6.666667461395264 13.725489377975464 0.0 100 153.00000607967377 103.000009059906 53.000004440546036
-6.666667461395264 14.509803056716919 0.0 100 147.00000643730164 89.00000229477882 51.000004559755325
-6.666667461395264 15.294116735458374 0.0 100 134.00000721216202 78.00000295042992 47.0000009983778
-6.666667461395264 16.07843041419983 0.0 100 131.00000739097595 73.00000324845314 43.00000123679638
-6.666666865348816 16.862744092941284 0.0 100 141.0000067949295 85.0000025331974 49.000004678964615
-6.666666269302368 17.64705777168274 0.0 100 138.00000697374344 81.00000277161598 46.000001057982445
-6.666666269302368 18.431371450424194 0.0 100 137.00000703334808 81.00000277161598 48.00000473856926
-6.666666269302368 19.215686321258545 0.0 100 135.00000715255737 78.00000295042992 46.000001057982445
-5.882353782653809 5.882351994514465 0.0 100 149.00000631809235 94.0000019967556 48.00000473856926
-5.882353782653809 6.66666567325592 0.0 100 124.00000780820847 64.00000378489494 38.0000015348196
-5.882353782653809 7.4509793519973755 0.0 100 108.00000876188278 47.0000009983778 33.00000183284283
-5.882353782653809 8.23529303073883 0.0 100 112.0000085234642 51.000004559755325 28.00000213086605
-5.882353782653809 9.019606709480286 0.0 100 107.00000882148743 48.00000473856926 29.000002071261406
-5.882353782653809 9.80392038822174 0.0 100 128.0000075697899 78.00000295042992 54.00000438094139
-5.882353782653809 10.588234663009644 0.0 100 113.00000846385956 51.000004559755325 29.000002071261406
-5.882353782653809 11.372548341751099 0.0 100 132.0000073313713 74.0000031888485 38.0000015348196
-5.882353782653809 12.156862020492554 0.0 100 119.00000810623169 55.000004321336746 31.000001952052116
-5.882353782653809 12.941175699234009 0.0 100 148.000006377697 96.00000947713852 51.000004559755325
-5.882353782653809 13.725489377975464 0.0 100 153.00000607967377 107.00000882148743 62.00000390410423
-5.882353782653809 14.509803056716919 0.0 100 143.00000667572021 86.00000247359276 47.0000009983778
-5.882353782653809 15.294116735458374 0.0 100 147.00000643730164 101.0000091791153 67.00000360608101
-5.882353782653809 16.07843041419983 0.0 100 148.000006377697 92.00000211596489 50.00000461935997
-5.882353186607361 16.862744092941284 0.0 100 138.00000697374344 87.00000241398811 62.00000390410423
-5.882352590560913 17.64705777168274 0.0 100 143.00000667572021 84.00000259280205 48.00000473856926
-5.882352590560913 18.431371450424194 0.0 100 138.00000697374344 80.00000283122063 47.0000009983778
-5.882352590560913 19.215686321258545 0.0 100 145.00000655651093 89.00000229477882 51.000004559755325
-5.092750787734985 5.09803831577301 -0.20099537447094917 100 150.0000062584877 95.00000193715096 57.00000420212746
-5.084185600280762 5.882351994514465 -0.526467002928257 100 121.0000079870224 76.0000030696392 48.00000473856926
-5.084185600280762 6.66666567325592 -0.526467002928257 100 144.00000661611557 88.00000235438347 54.00000438094139
-5.092750787734985 7.4509793519973755 -0.20099537447094917 100 147.00000643730164 99.00000929832458 53.000004440546036
-5.0980401039123535 8.23529303073883 0.0 100 133.00000727176666 73.00000324845314 29.000002071261406
-5.0980401039123535 9.019606709480286 0.0 100 152.0000061392784 102.00000911951065 62.00000390410423
-5.0980401039123535 9.80392038822174 0.0 100 137.00000703334808 81.00000277161598 45.00000111758709
-5.0980401039123535 10.588234663009644 0.0 100 159.0000057220459 123.00000786781311 72.00000330805779
-5.0980401039123535 11.372548341751099 0.0 100 158.00000578165054 114.00000840425491 65.0000037252903
-5.0980401039123535 12.156862020492554 0.0 100 142.00000673532486 84.00000259280205 49.000004678964615
-5.0980401039123535 12.941175699234009 0.0 100 153.00000607967377 99.00000929832458 54.00000438094139
-5.0980401039123535 13.725489377975464 0.0 100 149.00000631809235 98.00000935792923 62.00000390410423
-5.0980401039123535 14.509803056716919 0.0 100 137.00000703334808 82.00000271201134 48.00000473856926
-5.0980401039123535 15.294116735458374 0.0 100 141.0000067949295 92.00000211596489 59.00000408291817
-5.0980401039123535 16.07843041419983 0.0 100 146.00000649690628 88.00000235438347 47.0000009983778
-5.098039507865906 16.862744092941284 0.0 100 143.00000667572021 84.00000259280205 45.00000111758709
-5.098038911819458 17.64705777168274 0.0 100 136.00000709295273 77.00000301003456 45.00000111758709
-5.098038911819458 18.431371450424194 0.0 100 146.00000649690628 89.00000229477882 52.00000450015068
-5.098038911819458 19.215686321258545 0.0 100 144.00000661611557 87.00000241398811 49.000004678964615
-4.313726425170898 4.313724637031555 0.0 100 154.00000602006912 105.00000894069672 65.0000037252903
-4.299871921539307 7.4509793519973755 -0.526467002928257 100 142.00000673532486 98.00000935792923 54.00000438094139
-4.313726425170898 8.23529303073883 0.0 100 153.00000607967377 101.0000091791153 59.00000408291817
-4.313726425170898 9.019606709480286 0.0 100 149.00000631809235 97.00000941753387 57.00000420212746
-4.313726425170898 9.80392038822174 0.0 100 160.00000566244125 106.00000888109207 61.00000396370888
-4.313726425170898 10.588234663009644 0.0 100 149.00000631809235 96.00000947713852 51.000004559755325
-4.313726425170898 11.372548341751099 0.0 100 156.00000590085983 103.000009059906 46.000001057982445
-4.313726127147675 12.156862020492554 0.0 100 145.00000655651093 88.00000235438347 47.0000009983778
-4.313725829124451 12.941175699234009 0.0 100 158.00000578165054 111.00000858306885 64.00000378489494
-4.313725829124451 13.725489377975464 0.0 100 142.00000673532486 90.00000223517418 52.00000450015068
-4.313725829124451 14.509803056716919 0.0 100 144.00000661611557 85.0000025331974 43.00000123679638
-4.313725531101227 15.294116735458374 0.0 100 145.00000655651093 86.00000247359276 48.00000473856926
-4.313725233078003 16.07843041419983 0.0 100 152.0000061392784 105.00000894069672 68.00000354647636
-4.313725233078003 16.862744092941284 0.0 100 144.00000661611557 89.00000229477882 50.00000461935997
-4.313725233078003 17.64705777168274 0.0 100 147.00000643730164 89.00000229477882 52.00000450015068
-4.313724935054779 18.431371450424194 0.0 100 145.00000655651093 88.00000235438347 52.00000450015068
-4.313724637031555 19.215686321258545 0.0 100 139.0000069141388 80.00000283122063 47.0000009983778
-3.5294127464294434 3.5294109582901 0.0 100 140.00000685453415 79.00000289082527 35.00000171363354
-3.5294127464294434 4.313724637031555 0.0 100 149.00000631809235 106.00000888109207 64.00000378489494
-3.5155582427978516 7.4509793519973755 -0.526467002928257 100 128.0000075697899 80.00000283122063 38.0000015348196
-3.5294127464294434 8.23529303073883 0.0 100 115.00000834465027 58.00000414252281 34.00000177323818
-3.5294127464294434 9.019606709480286 0.0 100 166.00000530481339 134.00000721216202 90.00000223517418
-3.5294127464294434 9.80392038822174 0.0 100 166.00000530481339 122.00000792741776 57.00000420212746
-3.5294127464294434 10.588234663009644 0.0 100 159.0000057220459 108.00000876188278 54.00000438094139
-3.5294127464294434 11.372548341751099 0.0 100 163.00000548362732 116.00000828504562 60.00000402331352
-3.5294124484062195 12.156862020492554 0.0 100 158.00000578165054 104.00000900030136 51.000004559755325
-3.5294121503829956 12.941175699234009 0.0 100 148.000006377697 95.00000193715096 61.00000396370888
-3.5294121503829956 13.725489377975464 0.0 100 153.00000607967377 99.00000929832458 50.00000461935997
-3.5294121503829956 14.509803056716919 0.0 100 145.00000655651093 94.0000019967556 54.00000438094139
-3.5294118523597717 15.294116735458374 0.0 100 154.00000602006912 99.00000929832458 53.000004440546036
-3.529411554336548 16.07843041419983 0.0 100 151.00000619888306 93.00000205636024 52.00000450015068
-3.529411554336548 16.862744092941284 0.0 100 153.00000607967377 100.00000923871994 54.00000438094139
-3.529411554336548 17.64705777168274 0.0 100 155.00000596046448 98.00000935792923 53.000004440546036
-3.529411256313324 18.431371450424194 0.0 100 146.00000649690628 88.00000235438347 50.00000461935997
-3.5294109582901 19.215686321258545 0.0 100 149.00000631809235 97.00000941753387 59.00000408291817
-2.7450990676879883 3.5294109582901 0.0 100 153.00000607967377 99.00000929832458 35.00000171363354
-2.7450990676879883 4.313724637031555 0.0 100 162.00000554323196 128.0000075697899 77.00000301003456
-2.7312445640563965 7.4509793519973755 -0.526467002928257 100 139.0000069141388 85.0000025331974 47.0000009983778
-2.7450990676879883 8.23529303073883 0.0 100 152.0000061392784 101.0000091791153 52.00000450015068
-2.7450990676879883 9.019606709480286 0.0 100 157.0000058412552 99.00000929832458 52.00000450015068
-2.7450990676879883 9.80392038822174 0.0 100 159.0000057220459 113.00000846385956 65.0000037252903
-2.7450990676879883 10.588234663009644 0.0 100 163.00000548362732 115.00000834465027 59.00000408291817
-2.7450990676879883 11.372548341751099 0.0 100 132.0000073313713 71.00000336766243 44.000001177191734
-2.7450987696647644 12.156862020492554 0.0 100 111.00000858306885 48.00000473856926 32.00000189244747
-2.7450984716415405 12.941175699234009 0.0 100 150.0000062584877 92.00000211596489 48.00000473856926
-2.7450984716415405 13.725489377975464 0.0 100 148.000006377697 98.00000935792923 57.00000420212746
-2.7450984716415405 14.509803056716919 0.0 100 147.00000643730164 90.00000223517418 49.000004678964615
-2.7450981736183167 15.294116735458374 0.0 100 160.00000566244125 115.00000834465027 66.00000366568565
-2.7450978755950928 16.07843041419983 0.0 100 151.00000619888306 92.00000211596489 54.00000438094139
-2.7450978755950928 16.862744092941284 0.0 100 149.00000631809235 92.00000211596489 52.00000450015068
-2.7450978755950928 17.64705777168274 0.0 100 151.00000619888306 94.0000019967556 52.00000450015068
-2.745097577571869 18.431371450424194 0.0 100 151.00000619888306 93.00000205636024 52.00000450015068
-2.745097279548645 19.215686321258545 0.0 100 143.00000667572021 83.00000265240669 47.0000009983778
-1.9607850909233093 3.5294109582901 0.0 100 159.0000057220459 102.00000911951065 50.00000461935997
-1.9607850909233093 4.313724637031555 0.0 100 166.00000530481339 123.00000786781311 66.00000366568565
-1.9469304382801056 7.4509793519973755 -0.526467002928257 100 134.00000721216202 100.00000923871994 59.00000408291817
-1.9607847929000854 8.23529303073883 0.0 100 142.00000673532486 96.00000947713852 52.00000450015068
-1.9607846438884735 9.019606709480286 0.0 100 151.00000619888306 95.00000193715096 52.00000450015068
-1.9607843458652496 12.156862020492554 0.0 100 150.0000062584877 96.00000947713852 54.00000438094139
-1.9607841968536377 12.941175699234009 0.0 100 157.0000058412552 107.00000882148743 65.0000037252903
-1.9607841968536377 13.725489377975464 0.0 100 157.0000058412552 105.00000894069672 56.0000042617321
-1.9607841968536377 14.509803056716919 0.0 100 149.00000631809235 93.00000205636024 51.000004559755325
-1.9607840478420258 15.294116735458374 0.0 100 155.00000596046448 99.00000929832458 52.00000450015068
-1.9607838988304138 16.07843041419983 0.0 100 149.00000631809235 93.00000205636024 53.000004440546036
-1.9607838988304138 16.862744092941284 0.0 100 151.00000619888306 95.00000193715096 53.000004440546036
-1.9607838988304138 17.64705777168274 0.0 100 149.00000631809235 92.00000211596489 49.000004678964615
-1.9607837498188019 18.431371450424194 0.0 100 152.0000061392784 93.00000205636024 52.00000450015068
-1.96078360080719 19.215686321258545 0.0 100 140.00000685453415 80.00000283122063 44.000001177191734
-1.1764705181121826 3.5294109582901 0.0 100 169.00000512599945 133.00000727176666 77.00000301003456
-1.1764705181121826 4.313724637031555 0.0 100 142.00000673532486 86.00000247359276 44.000001177191734
-1.1711812019348145 5.09803831577301 -0.20099500194191933 100 131.00000739097595 86.00000247359276 49.000004678964615
-1.1626160144805908 6.66666567325592 -0.5264661461114883 100 117.00000822544098 73.00000324845314 42.000001296401024
-1.1711810529232025 7.4509793519973755 -0.20099500194191933 100 107.00000882148743 58.00000414252281 36.00000165402889
-1.1764703691005707 8.23529303073883 0.0 100 143.00000667572021 84.00000259280205 53.000004440546036
-1.1764702945947647 9.019606709480286 0.0 100 106.00000888109207 48.00000473856926 31.000001952052116
-1.1764702200889587 9.80392038822174 0.0 100 156.00000590085983 102.00000911951065 56.0000042617321
-1.1764702200889587 10.588234663009644 0.0 100 157.0000058412552 102.00000911951065 63.00000384449959
-1.1764702200889587 11.372548341751099 0.0 100 152.0000061392784 97.00000941753387 54.00000438094139
-1.1764701455831528 12.156862020492554 0.0 100 159.0000057220459 109.00000870227814 69.00000348687172
-1.1764700710773468 12.941175699234009 0.0 100 155.00000596046448 103.000009059906 54.00000438094139
-1.1764700710773468 13.725489377975464 0.0 100 164.00000542402267 114.00000840425491 66.00000366568565
-1.1764700710773468 14.509803056716919 0.0 100 143.00000667572021 86.00000247359276 46.000001057982445
-1.1764699965715408 15.294116735458374 0.0 100 147.00000643730164 93.00000205636024 55.000004321336746
-1.1764699220657349 16.07843041419983 0.0 100 136.00000709295273 77.00000301003456 43.00000123679638
-1.1764699220657349 16.862744092941284 0.0 100 143.00000667572021 90.00000223517418 54.00000438094139
-1.1764699220657349 17.64705777168274 0.0 100 153.00000607967377 93.00000205636024 48.00000473856926
-1.176469847559929 18.431371450424194 0.0 100 135.00000715255737 77.00000301003456 49.000004678964615
-1.176469773054123 19.215686321258545 0.0 100 152.0000061392784 94.0000019967556 50.00000461935997
-0.3921566903591156 3.5294109582901 0.0 100 161.0000056028366 108.00000876188278 74.0000031888485
-0.3921566531062126 4.313724637031555 0.0 100 123.00000786781311 61.00000396370888 35.00000171363354
-0.39215661585330963 5.09803831577301 0.0 100 156.00000590085983 109.00000870227814 67.00000360608101
-0.39215657860040665 5.882351994514465 0.0 100 100.00000923871994 58.00000414252281 43.00000123679638
-0.39215654134750366 6.66666567325592 0.0 100 108.00000876188278 50.00000461935997 24.00000236928463
-0.3921565040946007 7.4509793519973755 0.0 100 128.0000075697899 66.00000366568565 40.00000141561031
-0.3921564668416977 8.23529303073883 0.0 100 147.00000643730164 90.00000223517418 41.00000135600567
-0.3921564295887947 9.01961088180542 -0.0002074929216178134 100 154.00000602006912 103.000009059906 68.00000354647636
-0.3921563923358917 9.807633757591248 -0.17822790890932083 100 159.0000057220459 117.00000822544098 94.0000019967556
-0.39215635508298874 10.5949068069458 -0.3202489763498306 100 145.00000655651093 84.00000259280205 61.00000396370888
-0.39215631783008575 11.379220485687256 -0.3202490508556366 100 163.00000548362732 108.00000876188278 74.0000031888485
-0.39215628057718277 12.163534164428711 -0.3202489763498306 100 157.0000058412552 99.00000929832458 57.00000420212746
-0.3921562433242798 12.947847843170166 -0.3202489763498306 100 159.0000057220459 106.00000888109207 69.00000348687172
-0.3921562060713768 13.732161521911621 -0.3202489763498306 100 152.0000061392784 95.00000193715096 55.000004321336746
-0.3921561688184738 14.513516426086426 -0.17822818830609322 100 157.0000058412552 107.00000882148743 72.00000330805779
-0.39215613156557083 15.294121503829956 -0.0002075051270367112 100 164.00000542402267 115.00000834465027 72.00000330805779
-0.39215609431266785 16.07843041419983 0.0 100 159.0000057220459 104.00000900030136 54.00000438094139
-0.39215609431266785 16.862744092941284 0.0 100 152.0000061392784 96.00000947713852 51.000004559755325
-0.39215609431266785 17.64705777168274 0.0 100 155.00000596046448 99.00000929832458 52.00000450015068
-0.39215605705976486 18.431371450424194 0.0 100 149.00000631809235 89.00000229477882 48.00000473856926
-0.3921560198068619 19.215686321258545 0.0 100 153.00000607967377 98.00000935792923 53.000004440546036
0.3921571373939514 3.5294109582901 0.0 100 88.00000235438347 37.00000159442425 29.000002071261406
0.3921571746468544 4.313724637031555 0.0 100 117.00000822544098 48.00000473856926 26.00000225007534
0.3921572118997574 5.09803831577301 0.0 100 160.00000566244125 116.00000828504562 65.0000037252903
0.3921573609113693 8.23529303073883 0.0 100 140.00000685453415 80.00000283122063 42.000001296401024
0.3921573981642723 9.023320078849792 -0.17822790890932083 100 136.00000709295273 97.00000941753387 74.0000031888485
0.39215758442878723 12.963613271713257 -1.0769832879304886 100 145.00000655651093 100.00000923871994 73.00000324845314
0.3921576216816902 13.747926950454712 -1.0769832879304886 100 166.00000530481339 122.00000792741776 76.0000030696392
0.3921576589345932 14.52561616897583 -0.7590334862470627 100 161.0000056028366 122.00000792741776 87.00000241398811
0.3921576961874962 15.29783010482788 -0.17822828143835068 100 143.00000667572021 97.00000941753387 69.00000348687172
0.39215773344039917 16.07843041419983 0.0 100 157.0000058412552 96.00000947713852 54.00000438094139
0.39215773344039917 16.862744092941284 0.0 100 143.00000667572021 83.00000265240669 45.00000111758709
0.39215773344039917 17.64705777168274 0.0 100 155.00000596046448 97.00000941753387 54.00000438094139
0.39215777069330215 18.431371450424194 0.0 100 154.00000602006912 92.00000211596489 52.00000450015068
0.39215780794620514 19.215686321258545 0.0 100 139.0000069141388 79.00000289082527 48.00000473856926
1.1764708161354065 3.5294109582901 0.0 100 154.00000602006912 98.00000935792923 50.00000461935997
1.1764708161354065 4.313724637031555 0.0 100 158.00000578165054 110.00000864267349 69.00000348687172
1.1764708161354065 5.09803831577301 0.0 100 168.0000051856041 140.00000685453415 106.00000888109207
1.1764708906412125 5.882351994514465 0.0 100 146.00000649690628 97.00000941753387 54.00000438094139
1.1764709651470184 7.4509793519973755 0.0 100 133.00000727176666 73.00000324845314 38.0000015348196
1.1764709651470184 8.23529303073883 0.0 100 160.00000566244125 107.00000882148743 64.00000378489494
1.1764713376760483 15.300788879394531 -0.3202490508556366 100 156.00000590085983 111.00000858306885 67.00000360608101
1.1764714121818542 16.07843041419983 0.0 100 143.00000667572021 79.00000289082527 49.000004678964615
1.1764714121818542 16.862744092941284 0.0 100 145.00000655651093 93.00000205636024 54.00000438094139
1.1764714121818542 17.64705777168274 0.0 100 141.0000067949295 87.00000241398811 55.000004321336746
1.1764714866876602 18.431371450424194 0.0 100 149.00000631809235 88.00000235438347 50.00000461935997
1.1764715611934662 19.215686321258545 0.0 100 151.00000619888306 91.00000217556953 50.00000461935997
1.9607838988304138 3.5294109582901 0.0 100 161.0000056028366 113.00000846385956 69.00000348687172
1.9607838988304138 4.313724637031555 0.0 100 127.00000762939453 63.00000384449959 36.00000165402889
1.9607838988304138 5.09803831577301 0.0 100 74.0000031888485 47.0000009983778 27.000002190470695
1.9607840478420258 5.882351994514465 0.0 100 115.00000834465027 57.00000420212746 35.00000171363354
1.9607841968536377 6.66666567325592 0.0 100 146.00000649690628 83.00000265240669 42.000001296401024
1.9607841968536377 7.4509793519973755 0.0 100 163.00000548362732 110.00000864267349 68.00000354647636
1.9607841968536377 8.23529303073883 0.0 100 147.00000643730164 90.00000223517418 47.0000009983778
1.9607849419116974 15.300788879394531 -0.3202490508556366 100 130.0000074505806 73.00000324845314 44.000001177191734
1.9607850909233093 16.07843041419983 0.0 100 158.00000578165054 103.000009059906 62.00000390410423
1.9607850909233093 16.862744092941284 0.0 100 151.00000619888306 97.00000941753387 58.00000414252281
1.9607850909233093 17.64705777168274 0.0 100 149.00000631809235 87.00000241398811 49.000004678964615
1.9607852399349213 18.431371450424194 0.0 100 157.0000058412552 99.00000929832458 54.00000438094139
1.9607853889465332 19.215686321258545 0.0 100 146.00000649690628 85.0000025331974 48.00000473856926
2.745097279548645 3.5294109582901 0.0 100 158.00000578165054 112.0000085234642 80.00000283122063
2.745097279548645 4.313724637031555 0.0 100 117.00000822544098 63.00000384449959 39.00000147521496
2.745097279548645 8.23529303073883 0.0 100 164.00000542402267 120.00000804662704 77.00000301003456
2.7450981736183167 15.300788879394531 -0.3202490508556366 100 119.00000810623169 82.00000271201134 64.00000378489494
2.7450984716415405 16.07843041419983 0.0 100 159.0000057220459 108.00000876188278 63.00000384449959
2.7450984716415405 16.862744092941284 0.0 100 149.00000631809235 93.00000205636024 53.000004440546036
2.7450984716415405 17.64705777168274 0.0 100 144.00000661611557 81.00000277161598 48.00000473856926
2.7450987696647644 18.431371450424194 0.0 100 150.0000062584877 88.00000235438347 50.00000461935997
2.7450990676879883 19.215686321258545 0.0 100 156.00000590085983 99.00000929832458 54.00000438094139
3.5294109582901 3.5294109582901 0.0 100 158.00000578165054 106.00000888109207 66.00000366568565
3.5294118523597717 15.300788879394531 -0.3202490508556366 100 146.00000649690628 110.00000864267349 77.00000301003456
3.5294121503829956 16.07843041419983 0.0 100 155.00000596046448 105.00000894069672 65.0000037252903
3.5294121503829956 16.862744092941284 0.0 100 161.0000056028366 114.00000840425491 61.00000396370888
3.5294121503829956 17.64705777168274 0.0 100 157.0000058412552 99.00000929832458 53.000004440546036
3.5294124484062195 18.431371450424194 0.0 100 146.00000649690628 84.00000259280205 48.00000473856926
3.5294127464294434 19.215686321258545 0.0 100 146.00000649690628 87.00000241398811 54.00000438094139
4.313725531101227 15.300788879394531 -0.3202490508556366 100 133.00000727176666 88.00000235438347 59.00000408291817
4.313725829124451 16.07843041419983 0.0 100 156.00000590085983 104.00000900030136 62.00000390410423
4.313725829124451 16.862744092941284 0.0 100 152.0000061392784 96.00000947713852 50.00000461935997
4.313725829124451 17.64705777168274 0.0 100 145.00000655651093 86.00000247359276 51.000004559755325
4.313726127147675 18.431371450424194 0.0 100 151.00000619888306 92.00000211596489 50.00000461935997
4.313726425170898 19.215686321258545 0.0 100 145.00000655651093 85.0000025331974 48.00000473856926
5.09803831577301 15.300788879394531 -0.3202490508556366 100 134.00000721216202 82.00000271201134 57.00000420212746
5.098038911819458 16.07843041419983 0.0 100 152.0000061392784 100.00000923871994 64.00000378489494
5.098038911819458 16.862744092941284 0.0 100 155.00000596046448 95.00000193715096 54.00000438094139
5.098038911819458 17.64705777168274 0.0 100 141.0000067949295 84.00000259280205 52.00000450015068
5.098039507865906 18.431371450424194 0.0 100 153.00000607967377 99.00000929832458 58.00000414252281
5.0980401039123535 19.215686321258545 0.0 100 157.0000058412552 100.00000923871994 54.00000438094139
5.882351994514465 15.300788879394531 -0.3202490508556366 100 108.00000876188278 67.00000360608101 61.00000396370888
5.882352590560913 16.07843041419983 0.0 100 165.00000536441803 119.00000810623169 77.00000301003456
5.882352590560913 16.862744092941284 0.0 100 147.00000643730164 90.00000223517418 54.00000438094139
5.882352590560913 17.64705777168274 0.0 100 149.00000631809235 90.00000223517418 51.000004559755325
5.882353186607361 18.431371450424194 0.0 100 121.0000079870224 59.00000408291817 39.00000147521496
5.882353782653809 19.215686321258545 0.0 100 142.00000673532486 82.00000271201134 49.000004678964615
6.666666269302368 16.862744092941284 0.0 100 150.0000062584877 90.00000223517418 51.000004559755325
6.666666269302368 17.64705777168274 0.0 100 153.00000607967377 96.00000947713852 57.00000420212746
6.666666865348816 18.431371450424194 0.0 100 145.00000655651093 82.00000271201134 51.000004559755325
6.666667461395264 19.215686321258545 0.0 100 154.00000602006912 100.00000923871994 57.00000420212746
7.450980544090271 18.431371450424194 0.0 100 149.00000631809235 87.00000241398811 51.000004559755325
7.450981140136719 19.215686321258545 0.0 100 142.00000673532486 80.00000283122063 47.0000009983778
0.39215758442878723 13.355770111083984 -1.0769832879304886 100 149.00000631809235 98.00000935792923 66.00000366568565
0.3921576589345932 14.136772155761719 -0.9180083870887756 100 153.00000607967377 119.00000810623169 83.00000265240669
0.3921576589345932 14.911723136901855 -0.4686308652162552 100 144.00000661611557 96.00000947713852 71.00000336766243
0.7843144983053207 15.299309492111206 -0.24923866614699364 100 135.00000715255737 92.00000211596489 68.00000354647636
1.5686281025409698 15.300788879394531 -0.3202490508556366 100 157.0000058412552 111.00000858306885 67.00000360608101
2.352941632270813 15.300788879394531 -0.3202490508556366 100 123.00000786781311 69.00000348687172 39.00000147521496
3.137255012989044 15.300788879394531 -0.3202490508556366 100 106.00000888109207 55.000004321336746 45.00000111758709
3.9215686917304993 15.300788879394531 -0.3202490508556366 100 151.00000619888306 100.00000923871994 62.00000390410423
4.7058820724487305 15.300788879394531 -0.3202490508556366 100 153.00000607967377 107.00000882148743 72.00000330805779
5.490195155143738 15.300788879394531 -0.3202490508556366 100 120.00000804662704 72.00000330805779 58.00000414252281
-5.0884681940078735 5.490195155143738 -0.36373116075992584 100 137.00000703334808 100.00000923871994 65.0000037252903
-5.084185600280762 6.274508833885193 -0.526467002928257 100 107.00000882148743 56.0000042617321 37.00000159442425
-5.0884681940078735 7.058822512626648 -0.3637311980128288 100 121.0000079870224 73.00000324845314 47.0000009983778
-1.1626160144805908 6.274508833885193 -0.5264661088585854 100 86.00000247359276 55.000004321336746 41.00000135600567
-1.1668985337018967 7.058822512626648 -0.3637305647134781 100 100.00000923871994 48.00000473856926 27.000002190470695
-4.696311354637146 5.09803831577301 -0.3637311980128288 100 159.0000057220459 119.00000810623169 57.00000420212746
-4.696311354637146 7.4509793519973755 -0.3637311980128288 100 154.00000602006912 104.00000900030136 57.00000420212746
-3.907715082168579 7.4509793519973755 -0.526467002928257 100 116.00000828504562 60.00000402331352 26.00000225007534
-3.123401403427124 7.4509793519973755 -0.526467002928257 100 124.00000780820847 75.00000312924385 38.0000015348196
-2.339087426662445 7.4509793519973755 -0.526467002928257 100 133.00000727176666 90.00000223517418 45.00000111758709
-1.559056043624878 5.09803831577301 -0.3637310117483139 100 139.0000069141388 85.0000025331974 45.00000111758709
-1.559055745601654 7.4509793519973755 -0.3637310117483139 100 139.0000069141388 100.00000923871994 56.0000042617321
-1.3165174424648285 9.620732069015503 0.04538842476904392 100 150.0000062584877 98.00000935792923 54.00000438094139
-1.6709938645362854 9.065930247306824 0.3903072699904442 100 129.00000751018524 77.00000301003456 44.000001177191734
-1.4815981686115265 8.762041330337524 0.3213779255747795 100 75.00000312924385 44.000001177191734 23.000000528991222
-1.3420318067073822 8.824152946472168 0.4692155122756958 100 90.00000223517418 49.000004678964615 26.00000225007534
-1.7123320698738098 8.763002753257751 0.2785269357264042 100 87.00000241398811 49.000004678964615 26.00000225007534
-1.8738813698291779 9.00242805480957 0.21439732983708382 100 152.0000061392784 104.00000900030136 59.00000408291817
-1.8055929243564606 9.021402597427368 0.10938916355371475 100 124.00000780820847 67.00000360608101 35.00000171363354
-1.6924120485782623 8.817549347877502 0.13034921139478683 100 50.00000461935997 31.000001952052116 24.00000236928463
-1.0716751962900162 9.139281511306763 0.24132929742336273 100 118.00000816583633 74.0000031888485 42.000001296401024
-1.096036359667778 8.968052864074707 0.5384739488363266 100 126.00000768899918 77.00000301003456 41.00000135600567
-1.1226815730333328 8.994056582450867 0.2854878269135952 100 85.0000025331974 50.00000461935997 27.000002190470695
-1.2887276709079742 8.85630190372467 0.5399063974618912 100 109.00000870227814 63.00000384449959 36.00000165402889
-1.3987000286579132 9.112910628318787 0.5164573341608047 100 133.00000727176666 82.00000271201134 45.00000111758709
-1.5040305256843567 8.82506549358368 0.1416960172355175 100 63.00000384449959 39.00000147521496 26.00000225007534
-1.2986412644386292 8.85063886642456 0.44167935848236084 100 86.00000247359276 48.00000473856926 24.00000236928463
-1.3800840079784393 8.834039568901062 0.20631644874811172 100 87.00000241398811 51.000004559755325 25.000002309679985
-1.1836325377225876 8.911548256874084 0.5463413521647453 100 137.00000703334808 87.00000241398811 52.00000450015068
-1.0545802861452103 9.085699319839478 0.5367341637611389 100 141.0000067949295 89.00000229477882 51.000004559755325
-1.7892476916313171 8.83400022983551 0.36598488688468933 100 90.00000223517418 53.000004440546036 31.000001952052116
-1.8259836733341217 8.93970787525177 0.15134830959141254 100 152.0000061392784 111.00000858306885 65.0000037252903
-1.0438407212495804 9.113722443580627 0.5195676907896996 100 127.00000762939453 64.00000378489494 33.00000183284283
-1.0439906269311905 9.165735840797424 0.3741815686225891 100 128.0000075697899 79.00000289082527 40.00000141561031
-1.7945313453674316 8.816766142845154 0.34396927803754807 100 108.00000876188278 65.0000037252903 36.00000165402889
-1.766224205493927 8.786181807518005 0.3050544857978821 100 88.00000235438347 51.000004559755325 30.00000201165676
-1.874338984489441 8.978641033172607 0.2786775678396225 100 99.00000929832458 56.0000042617321 33.00000183284283
-1.446351706981659 8.76918911933899 0.3415284678339958 100 87.00000241398811 46.000001057982445 27.000002190470695
-1.2163081765174866 8.968786597251892 0.2381972223520279 100 65.0000037252903 40.00000141561031 24.00000236928463
-1.1668168753385544 8.96252453327179 0.28080953285098076 100 84.00000259280205 50.00000461935997 24.00000236928463
-1.4107699692249298 8.811360001564026 0.21785378456115723 100 66.00000366568565 36.00000165402889 20.000000707805157
-1.270984560251236 8.853899240493774 0.536346435546875 100 112.0000085234642 67.00000360608101 44.000001177191734
-1.7663270235061646 8.837034702301025 0.16380351036787033 100 59.00000408291817 36.00000165402889 26.00000225007534
-1.7124809324741364 8.812617063522339 0.14049610123038292 100 55.000004321336746 31.000001952052116 21.000000648200512
-1.6218595206737518 9.10577654838562 0.38721073418855667 100 121.0000079870224 71.00000336766243 41.00000135600567
-1.543528288602829 9.096301198005676 0.4418652504682541 100 148.000006377697 104.00000900030136 59.00000408291817
-1.5969663858413696 8.762506246566772 0.29999690130352974 100 78.00000295042992 42.000001296401024 23.000000528991222
-1.4118097722530365 8.793163895606995 0.3951120004057884 100 94.0000019967556 49.000004678964615 29.000002071261406
-1.527102142572403 8.79460334777832 0.37102099508047104 100 97.00000941753387 53.000004440546036 29.000002071261406
-1.0972043871879578 9.066334962844849 0.26433780789375305 100 84.00000259280205 50.00000461935997 27.000002190470695
-1.0838231444358826 9.054086804389954 0.3887348994612694 100 129.00000751018524 85.0000025331974 42.000001296401024
-1.1093330383300781 8.981388211250305 0.4110540822148323 100 104.00000900030136 61.00000396370888 28.00000213086605
-1.5346737205982208 9.091650247573853 0.4471871629357338 100 160.00000566244125 120.00000804662704 67.00000360608101
-1.4802880585193634 8.955618143081665 0.4803850129246712 100 133.00000727176666 84.00000259280205 47.0000009983778
-1.3441340625286102 8.979198932647705 0.5432065948843956 100 137.00000703334808 82.00000271201134 44.000001177191734
-1.7953424155712128 9.277836084365845 0.022513275034725666 100 124.00000780820847 69.00000348687172 38.0000015348196
-1.6778917610645294 9.365851879119873 0.0032378954347223043 100 98.00000935792923 53.000004440546036 32.00000189244747
-1.6081655025482178 8.794236779212952 0.20954903215169907 100 55.000004321336746 28.00000213086605 14.000001065433025
-1.5982192754745483 8.821333646774292 0.13594957999885082 100 56.0000042617321 31.000001952052116 19.0000007674098
-1.2548372149467468 9.009742736816406 0.18951313570141792 100 64.00000378489494 41.00000135600567 27.000002190470695
-1.5642908215522766 8.844180703163147 0.14038809575140476 100 56.0000042617321 29.000002071261406 15.00000100582838
-1.1973131448030472 8.90967607498169 0.489158034324646 100 90.00000223517418 50.00000461935997 23.000000528991222
-1.3393534719944 8.84245753288269 0.3236695006489754 100 89.00000229477882 50.00000461935997 23.000000528991222
-1.2379998713731766 8.901821374893188 0.3702406585216522 100 94.0000019967556 55.000004321336746 25.000002309679985
-1.291588842868805 9.006791114807129 0.5465112626552582 100 149.00000631809235 96.00000947713852 55.000004321336746
-1.1191102862358093 8.998574018478394 0.5416762828826904 100 145.00000655651093 89.00000229477882 53.000004440546036
-1.2267591804265976 9.09777283668518 0.5308534950017929 100 143.00000667572021 87.00000241398811 51.000004559755325
-1.7302757501602173 8.947970867156982 0.38368791341781616 100 138.00000697374344 86.00000247359276 49.000004678964615
-1.7492805421352386 8.915898203849792 0.12981095351278782 100 58.00000414252281 34.00000177323818 23.000000528991222
-1.815807819366455 8.980305194854736 0.13106485828757286 100 126.00000768899918 85.0000025331974 47.0000009983778
-1.8499574065208435 8.97074818611145 0.18376274034380913 100 127.00000762939453 72.00000330805779 40.00000141561031
-1.0438985377550125 9.139949083328247 0.4462629184126854 100 135.00000715255737 85.0000025331974 47.0000009983778
-1.0578222572803497 9.152645468711853 0.3073749504983425 100 144.00000661611557 90.00000223517418 51.000004559755325
-1.0700494796037674 9.066431522369385 0.45761290937662125 100 126.00000768899918 79.00000289082527 40.00000141561031
-1.0699740052223206 9.040431380271912 0.5302881821990013 100 130.0000074505806 83.00000265240669 42.000001296401024
-1.1398300528526306 8.939856886863708 0.5422508716583252 100 132.0000073313713 80.00000283122063 45.00000111758709
-1.0753346234560013 9.02653694152832 0.538545623421669 100 142.00000673532486 88.00000235438347 49.000004678964615
-1.810246855020523 8.878374099731445 0.24727778509259224 100 56.0000042617321 33.00000183284283 23.000000528991222
-1.834331750869751 8.907984495162964 0.28366493061184883 100 56.0000042617321 33.00000183284283 24.00000236928463
-1.812739372253418 8.8938969373703 0.3608877584338188 100 115.00000834465027 69.00000348687172 42.000001296401024
-1.5682047605514526 8.82144808769226 0.4038454219698906 100 103.000009059906 56.0000042617321 29.000002071261406
-1.7534703016281128 8.789387345314026 0.31262926757335663 100 103.000009059906 58.00000414252281 33.00000183284283
-1.780388057231903 8.80134105682373 0.324881412088871 100 89.00000229477882 51.000004559755325 31.000001952052116
-1.7392869293689728 8.774479031562805 0.292105246335268 100 76.0000030696392 40.00000141561031 23.000000528991222
-1.0584014654159546 9.202066659927368 0.3863919898867607 100 125.00000774860382 77.00000301003456 40.00000141561031
-1.834559440612793 8.896104097366333 0.31576894223690033 100 57.00000420212746 34.00000177323818 25.000002309679985
-1.8741029500961304 8.99062693119049 0.24628041312098503 100 126.00000768899918 76.0000030696392 39.00000147521496
-1.1309926211833954 9.298281073570251 0.49593809992074966 100 143.00000667572021 87.00000241398811 52.00000450015068
-1.372494399547577 8.809941411018372 0.39152752608060837 100 87.00000241398811 47.0000009983778 25.000002309679985
-1.4132128655910492 8.80167841911316 0.2737444266676903 100 90.00000223517418 51.000004559755325 25.000002309679985
-1.4928074181079865 8.793643116950989 0.231288094073534 100 56.0000042617321 28.00000213086605 14.000001065433025
-1.1449692398309708 9.05792236328125 0.2356427162885666 100 63.00000384449959 39.00000147521496 25.000002309679985
-1.324775069952011 8.905895352363586 0.2027415856719017 100 63.00000384449959 38.0000015348196 24.00000236928463
-1.2533940374851227 8.995572328567505 0.19868334755301476 100 63.00000384449959 39.00000147521496 25.000002309679985
-1.1313986778259277 8.965648412704468 0.40864191949367523 100 95.00000193715096 56.0000042617321 25.000002309679985
-1.2734390795230865 8.898428678512573 0.24315549060702324 100 81.00000277161598 45.00000111758709 22.000000588595867
-1.457400619983673 8.818207383155823 0.17978979274630547 100 54.00000438094139 28.00000213086605 17.00000088661909
-1.4461813867092133 8.786736130714417 0.2695179358124733 100 54.00000438094139 27.000002190470695 15.00000100582838
-1.2982022762298584 8.901333808898926 0.22247713059186935 100 63.00000384449959 36.00000165402889 22.000000588595867
-1.4066806435585022 8.83829414844513 0.18743423745036125 100 59.00000408291817 35.00000171363354 21.000000648200512
-1.7918914556503296 8.825357556343079 0.35504836589097977 100 99.00000929832458 59.00000408291817 32.00000189244747
-1.822151392698288 8.873242139816284 0.3369460999965668 100 60.00000402331352 37.00000159442425 26.00000225007534
-1.5414664149284363 8.838632106781006 0.43610844761133194 100 105.00000894069672 59.00000408291817 32.00000189244747
-1.273581087589264 8.866957426071167 0.5472321808338165 100 133.00000727176666 84.00000259280205 53.000004440546036
-1.3289695978164673 8.990086317062378 0.5498894304037094 100 148.000006377697 94.0000019967556 52.00000450015068
-1.2273045629262924 8.882775902748108 0.5411990359425545 100 139.0000069141388 98.00000935792923 75.00000312924385
-1.183493211865425 8.911198377609253 0.5367929488420486 100 107.00000882148743 64.00000378489494 28.00000213086605
-1.0492109507322311 9.099705815315247 0.5281659215688705 100 134.00000721216202 82.00000271201134 41.00000135600567
-1.3073599338531494 9.619789123535156 0.0678175175562501 100 64.00000378489494 40.00000141561031 27.000002190470695
-1.2647117674350739 8.865728974342346 0.5455287173390388 100 140.00000685453415 98.00000935792923 75.00000312924385
-1.3203352689743042 8.837411999702454 0.4554033651947975 100 90.00000223517418 51.000004559755325 24.00000236928463
-1.3941915333271027 8.79667341709137 0.40536534041166306 100 94.0000019967556 49.000004678964615 27.000002190470695
-1.28480926156044 8.852316737174988 0.4888811334967613 100 90.00000223517418 51.000004559755325 23.000000528991222
-1.3065043091773987 8.839076161384583 0.5026410892605782 100 97.00000941753387 56.0000042617321 29.000002071261406
-1.7123961448669434 8.787941932678223 0.20914418622851372 100 57.00000420212746 31.000001952052116 17.00000088661909
-1.739334762096405 8.79995048046112 0.22135425359010696 100 57.00000420212746 31.000001952052116 18.000000827014446
-1.7394144833087921 8.824689984321594 0.1525270752608776 100 57.00000420212746 31.000001952052116 20.000000707805157
-1.4075455069541931 9.11767840385437 0.5108107626438141 100 149.00000631809235 99.00000929832458 53.000004440546036
-1.468650996685028 8.833843469619751 0.15502287074923515 100 64.00000378489494 39.00000147521496 23.000000528991222
-1.4220254123210907 8.826931715011597 0.19326655194163322 100 59.00000408291817 34.00000177323818 19.0000007674098
-1.470131129026413 8.847540020942688 0.14716986566781998 100 64.00000378489494 39.00000147521496 23.000000528991222
-1.7534881830215454 9.011460542678833 0.36860696971416473 100 145.00000655651093 92.00000211596489 53.000004440546036
-1.3435210287570953 9.643707871437073 0.022108457051217556 100 119.00000810623169 75.00000312924385 44.000001177191734
-1.4285580813884735 8.790311217308044 0.27959059923887253 100 82.00000271201134 45.00000111758709 22.000000588595867
-1.3954269886016846 8.822700381278992 0.21208396181464195 100 81.00000277161598 46.000001057982445 23.000000528991222
-1.7961619794368744 8.862197399139404 0.23027796298265457 100 58.00000414252281 34.00000177323818 23.000000528991222
-1.7662602663040161 8.811805248260498 0.23388119414448738 100 54.00000438094139 29.000002071261406 18.000000827014446
-1.7962238192558289 8.887491226196289 0.160022284835577 100 58.00000414252281 34.00000177323818 25.000002309679985
-1.4639745652675629 8.765619397163391 0.33144228160381317 100 72.00000330805779 40.00000141561031 21.000000648200512
-1.14474818110466 8.978304266929626 0.2831113338470459 100 88.00000235438347 49.000004678964615 24.00000236928463
-1.1915642768144608 8.965632319450378 0.2595675364136696 100 51.000004559755325 29.000002071261406 20.000000707805157
-1.8619859218597412 8.955071568489075 0.301821269094944 100 139.0000069141388 90.00000223517418 55.000004321336746
-1.1694929748773575 8.981446027755737 0.2617744915187359 100 65.0000037252903 41.00000135600567 25.000002309679985
-1.861593872308731 8.970200419425964 0.3140014037489891 100 117.00000822544098 69.00000348687172 41.00000135600567
-1.434754729270935 8.856276869773865 0.16061082482337952 100 62.00000390410423 38.0000015348196 24.00000236928463
0.36179304122924805 5.82431435585022 0.10082569904625416 100 55.000004321336746 27.000002190470695 16.000000946223736
0.7755070179700851 6.186414957046509 0.2939152345061302 100 156.00000590085983 129.00000751018524 113.00000846385956
0.8940641582012177 6.266660094261169 0.2933857776224613 100 150.0000062584877 119.00000810623169 100.00000923871994
0.5890404433012009 6.172667741775513 0.3755556419491768 100 149.00000631809235 97.00000941753387 67.00000360608101
1.1208045482635498 6.155136823654175 0.07563088089227676 100 149.00000631809235 103.000009059906 62.00000390410423
0.2159353904426098 6.348252296447754 0.321924053132534 100 156.00000590085983 103.000009059906 60.00000402331352
0.4483332857489586 6.460530757904053 0.3696189448237419 100 154.00000602006912 100.00000923871994 59.00000408291817
0.5682244151830673 6.17972195148468 0.380186066031456 100 145.00000655651093 89.00000229477882 56.0000042617321
0.17893731594085693 6.106111407279968 0.12994147837162018 100 54.00000438094139 29.000002071261406 21.000000648200512
0.3217443451285362 6.40272855758667 0.353841632604599 100 132.0000073313713 79.00000289082527 46.000001057982445
0.1615556702017784 6.221106648445129 0.2920917421579361 100 120.00000804662704 66.00000366568565 35.00000171363354
0.18082179129123688 6.102203130722046 0.28000928461551666 100 69.00000348687172 37.00000159442425 24.00000236928463
0.3073636069893837 5.893396735191345 0.28064630925655365 100 145.00000655651093 113.00000846385956 97.00000941753387
1.1219977587461472 6.291792988777161 0.20944973453879356 100 157.0000058412552 117.00000822544098 90.00000223517418
1.0895644128322601 6.313413381576538 0.24163451045751572 100 163.00000548362732 127.00000762939453 102.00000911951065
1.0421642661094666 6.526445150375366 0.22378811612725258 100 161.0000056028366 112.0000085234642 66.00000366568565
0.3702422231435776 5.812944173812866 0.18126921728253365 100 114.00000840425491 83.00000265240669 65.0000037252903
0.14791294932365417 6.197537779808044 0.26682954281568527 100 104.00000900030136 53.000004440546036 37.00000159442425
0.14832166954874992 6.197859048843384 0.0933441799134016 100 128.0000075697899 80.00000283122063 42.000001296401024
1.0930105298757553 6.395297646522522 0.22998418658971786 100 161.0000056028366 111.00000858306885 70.00000342726707
0.30272334814071655 5.896937251091003 0.13052425347268581 100 54.00000438094139 29.000002071261406 19.0000007674098
0.27839871123433113 5.938056707382202 0.2360503189265728 100 57.00000420212746 30.00000201165676 19.0000007674098
1.121048927307129 6.17547869682312 0.11160164140164852 100 144.00000661611557 96.00000947713852 70.00000342726707
0.411360040307045 6.432815790176392 0.378614142537117 100 149.00000631809235 96.00000947713852 57.00000420212746
0.2741551771759987 6.048677563667297 0.017091541085392237 100 56.0000042617321 31.000001952052116 21.000000648200512
0.41146419942379 5.817046761512756 0.017087350133806467 100 54.00000438094139 30.00000201165676 21.000000648200512
0.682273730635643 6.179541349411011 0.3347354382276535 100 158.00000578165054 128.0000075697899 114.00000840425491
0.8347855508327484 6.226537227630615 0.29365049675107 100 135.00000715255737 122.00000792741776 114.00000840425491
0.7415523380041122 6.219664216041565 0.3344707190990448 100 161.0000056028366 126.00000768899918 107.00000882148743
0.7311443239450455 6.223191022872925 0.3367859125137329 100 163.00000548362732 119.00000810623169 87.00000241398811
0.6711987406015396 6.363595724105835 0.3315023332834244 100 158.00000578165054 107.00000882148743 68.00000354647636
0.5082788318395615 6.32012665271759 0.37490252405405045 100 154.00000602006912 99.00000929832458 57.00000420212746
0.2703651785850525 5.96521258354187 0.11538359336555004 100 57.00000420212746 32.00000189244747 22.000000588595867
0.18272731453180313 6.189575791358948 0.03164942376315594 100 56.0000042617321 31.000001952052116 22.000000588595867
0.6346821039915085 5.953185558319092 0.1674075424671173 100 160.00000566244125 131.00000739097595 111.00000858306885
0.7279153168201447 5.96005916595459 0.12658732943236828 100 163.00000548362732 131.00000739097595 108.00000876188278
0.44498439878225327 6.291225552558899 0.3670138493180275 100 134.00000721216202 78.00000295042992 46.000001057982445
0.24165000766515732 6.3119179010391235 0.32296668738126755 100 128.0000075697899 71.00000336766243 43.00000123679638
0.36489006131887436 6.200414299964905 0.33613890409469604 100 148.000006377697 94.0000019967556 50.00000461935997
0.3745231032371521 6.140962839126587 0.33009767532348633 100 140.00000685453415 85.0000025331974 46.000001057982445
0.17118873074650764 6.1616551876068115 0.2860505133867264 100 126.00000768899918 72.00000330805779 41.00000135600567
0.4482020437717438 6.033032536506653 0.3281009569764137 100 143.00000667572021 93.00000205636024 71.00000336766243
0.4938436299562454 5.813549757003784 0.11995286680758 100 162.00000554323196 129.00000751018524 109.00000870227814
1.1057811230421066 6.3026028871536255 0.2255421131849289 100 165.00000536441803 116.00000828504562 73.00000324845314
0.9681142121553421 6.396552324295044 0.25858692824840546 100 153.00000607967377 100.00000923871994 62.00000390410423
0.7452487945556641 6.4934879541397095 0.296703539788723 100 156.00000590085983 107.00000882148743 67.00000360608101
0.40452755987644196 5.803988575935364 0.08168552070856094 100 48.00000473856926 22.000000588595867 13.00000112503767
0.5252829194068909 5.7733237743377686 0.07026433479040861 100 118.00000816583633 86.00000247359276 68.00000354647636
0.16457173973321915 6.150031089782715 0.186676736921072 100 56.0000042617321 31.000001952052116 22.000000588595867
0.16436738893389702 6.149870753288269 0.27341941371560097 100 56.0000042617321 31.000001952052116 22.000000588595867
0.14811730943620205 6.197698712348938 0.1800868660211563 100 112.0000085234642 69.00000348687172 33.00000183284283
0.18192417919635773 6.272894740104675 0.29437679797410965 100 131.00000739097595 76.0000030696392 44.000001177191734
0.26883987709879875 6.375490427017212 0.337882824242115 100 149.00000631809235 93.00000205636024 56.0000042617321
0.18874555826187134 6.2846797704696655 0.30700791627168655 100 143.00000667572021 88.00000235438347 49.000004678964615
1.0761860758066177 6.478967666625977 0.2083585038781166 100 156.00000590085983 111.00000858306885 81.00000277161598
1.067587360739708 6.46087110042572 0.22688614204525948 100 161.0000056028366 111.00000858306885 68.00000354647636
0.24083033204078674 6.001524329185486 0.13023287057876587 100 51.000004559755325 28.00000213086605 20.000000707805157
0.24177255108952522 5.9995704889297485 0.2052667737007141 100 58.00000414252281 31.000001952052116 19.0000007674098
0.1798795722424984 6.104157567024231 0.20497538149356842 100 58.00000414252281 32.00000189244747 22.000000588595867
0.33880289644002914 5.853170156478882 0.2309577539563179 100 156.00000590085983 124.00000780820847 100.00000923871994
0.16362950205802917 6.1519855260849 0.11164283379912376 100 56.0000042617321 32.00000189244747 22.000000588595867
0.16741950064897537 6.235449910163879 0.01335078151896596 100 92.00000211596489 50.00000461935997 31.000001952052116
1.1295821517705917 6.2757498025894165 0.11276117525994778 100 159.0000057220459 122.00000792741776 97.00000941753387
0.2440926991403103 5.997800230979919 0.28032779693603516 100 119.00000810623169 67.00000360608101 36.00000165402889
0.437793992459774 6.036559343338013 0.3304161876440048 100 144.00000661611557 88.00000235438347 57.00000420212746
0.2905610390007496 5.917497277259827 0.18328728154301643 100 56.0000042617321 29.000002071261406 18.000000827014446
0.22961022332310677 6.020129919052124 0.2580298110842705 100 54.00000438094139 28.00000213086605 18.000000827014446
0.7611244916915894 5.973748564720154 0.12153113260865211 100 163.00000548362732 129.00000751018524 108.00000876188278
0.8924946188926697 6.051544547080994 0.12146461755037308 100 149.00000631809235 118.00000816583633 106.00000888109207
1.121523380279541 6.2336355447769165 0.16052568331360817 100 154.00000602006912 105.00000894069672 67.00000360608101
1.0657399892807007 6.1042338609695435 0.079231858253479 100 165.00000536441803 130.0000074505806 106.00000888109207
1.0652655363082886 6.046076416969299 0.030307816341519356 100 147.00000643730164 100.00000923871994 66.00000366568565
0.3364827483892441 5.854940414428711 0.1558967400342226 100 55.000004321336746 29.000002071261406 17.00000088661909
0.30504345893859863 5.895166993141174 0.2055852673947811 100 50.00000461935997 25.000002309679985 17.00000088661909
0.3660175949335098 5.818629264831543 0.14104746282100677 100 54.00000438094139 28.00000213086605 18.000000827014446
0.4003030061721802 5.8096736669540405 0.04146376624703407 100 53.000004440546036 28.00000213086605 18.000000827014446
0.4298466444015503 6.446673274040222 0.37411656230688095 100 147.00000643730164 91.00000217556953 52.00000450015068
0.48979222774505615 6.30626916885376 0.3794001042842865 100 148.000006377697 92.00000211596489 49.000004678964615
1.065143346786499 6.035905480384827 0.012322431430220604 100 126.00000768899918 74.0000031888485 45.00000111758709
0.15473432838916779 6.209322214126587 0.2794606424868107 100 104.00000900030136 56.0000042617321 37.00000159442425
1.1284180730581284 6.254174113273621 0.13245421461760998 100 157.0000058412552 113.00000846385956 84.00000259280205
1.1209267377853394 6.1653077602386475 0.09361626580357552 100 145.00000655651093 89.00000229477882 48.00000473856926
0.5786324292421341 6.17619514465332 0.3778708353638649 100 142.00000673532486 87.00000241398811 56.0000042617321
1.114521101117134 6.37425422668457 0.20963085815310478 100 165.00000536441803 128.0000075697899 102.00000911951065
0.9935373067855835 6.330978870391846 0.26168497279286385 100 155.00000596046448 107.00000882148743 73.00000324845314
0.9918142855167389 6.29003643989563 0.26751013472676277 100 155.00000596046448 120.00000804662704 102.00000911951065
0.9325356781482697 6.249914169311523 0.26777487248182297 100 151.00000619888306 125.00000774860382 112.0000085234642
0.3322581946849823 5.860625505447388 0.11567497625946999 100 58.00000414252281 33.00000183284283 20.000000707805157
0.3665522113442421 6.417772173881531 0.366227887570858 100 134.00000721216202 83.00000265240669 51.000004559755325
0.9487523883581161 6.239103674888611 0.25168247520923615 100 162.00000554323196 132.0000073313713 115.00000834465027
1.1371956765651703 6.374787092208862 0.169584508985281 100 158.00000578165054 124.00000780820847 102.00000911951065
0.29288114979863167 5.915727019309998 0.2583483047783375 100 54.00000438094139 29.000002071261406 19.0000007674098
-7.642958164215088 10.444221496582031 0.2933857776224613 100 151.00000619888306 101.0000091791153 55.000004321336746
-7.4148547649383545 10.080547332763672 0.1583414524793625 100 114.00000840425491 68.00000354647636 38.0000015348196
-7.250889539718628 10.208455324172974 0.301681999117136 100 116.00000828504562 67.00000360608101 37.00000159442425
-7.686588168144226 10.064177513122559 0.11865485459566116 100 98.00000935792923 57.00000420212746 31.000001952052116
-6.961658596992493 10.395781993865967 0.321924053132534 100 144.00000661611557 90.00000223517418 53.000004440546036
-6.992894411087036 10.32371997833252 0.03040848532691598 100 101.0000091791153 58.00000414252281 29.000002071261406
-7.188307046890259 10.272308588027954 0.3696189448237419 100 128.0000075697899 77.00000301003456 45.00000111758709
-7.321743369102478 10.546939373016357 0.380186066031456 100 140.00000685453415 86.00000247359276 51.000004559755325
-6.936507225036621 10.639437437057495 0.12994147837162018 100 144.00000661611557 90.00000223517418 50.00000461935997
-7.1998536586761475 10.226877927780151 0.2608078718185425 100 118.00000816583633 71.00000336766243 38.0000015348196
-7.295428514480591 10.114579200744629 0.0020950438920408487 100 116.00000828504562 69.00000348687172 33.00000183284283
-7.064686417579651 10.336211919784546 0.353841632604599 100 146.00000649690628 92.00000211596489 56.0000042617321
-6.913540959358215 10.525425672531128 0.2920917421579361 100 148.000006377697 93.00000205636024 53.000004440546036
-6.938579678535461 10.643249750137329 0.28000928461551666 100 142.00000673532486 87.00000241398811 47.0000009983778
-7.075149416923523 10.845639705657959 0.28064630925655365 100 151.00000619888306 98.00000935792923 56.0000042617321
-7.835947275161743 10.387994050979614 0.24163451045751572 100 142.00000673532486 95.00000193715096 53.000004440546036
-7.77821958065033 10.177526473999023 0.22378811612725258 100 135.00000715255737 81.00000277161598 43.00000123679638
-6.901063323020935 10.54963231086731 0.26682954281568527 100 142.00000673532486 89.00000229477882 48.00000473856926
-6.901456117630005 10.549291372299194 0.0933441799134016 100 120.00000804662704 66.00000366568565 38.0000015348196
-7.78415322303772 10.149661302566528 0.1968749426305294 100 142.00000673532486 94.0000019967556 49.000004678964615
-7.835397720336914 10.306040048599243 0.22998418658971786 100 148.000006377697 100.00000923871994 57.00000420212746
-7.750344276428223 10.10033130645752 0.14960621483623981 100 130.0000074505806 81.00000277161598 44.000001177191734
-7.373393774032593 10.096547603607178 0.1777295023202896 100 103.000009059906 54.00000438094139 32.00000189244747
-7.103121876716614 10.27674674987793 -0.007917869370430708 100 133.00000727176666 79.00000289082527 38.0000015348196
-7.044779062271118 10.286871194839478 0.03749355906620622 100 107.00000882148743 64.00000378489494 29.000002071261406
-7.3315030336380005 10.09401559829712 0.023482658434659243 100 66.00000366568565 37.00000159442425 19.0000007674098
-7.152729034423828 10.301792621612549 0.378614142537117 100 143.00000667572021 91.00000217556953 57.00000420212746
-7.167363166809082 10.268256664276123 0.3644442930817604 100 132.0000073313713 80.00000283122063 47.0000009983778
-7.550721764564514 10.072362422943115 0.13849815353751183 100 102.00000911951065 57.00000420212746 33.00000183284283
-7.332872152328491 10.14450192451477 0.230011735111475 100 113.00000846385956 62.00000390410423 36.00000165402889
-7.468739151954651 10.136315822601318 0.21016841754317284 100 116.00000828504562 67.00000360608101 37.00000159442425
-6.9632309675216675 10.39536714553833 -0.01326412777416408 100 124.00000780820847 69.00000348687172 43.00000123679638
-6.947612762451172 10.431398153305054 0.1324936468154192 100 139.0000069141388 94.0000019967556 45.00000111758709
-6.9772762060165405 10.359750986099243 0.17616627737879753 100 127.00000762939453 78.00000295042992 37.00000159442425
-7.482351064682007 10.495580434799194 0.3367859125137329 100 139.0000069141388 88.00000235438347 49.000004678964615
-7.415632605552673 10.358264446258545 0.3315023332834244 100 139.0000069141388 89.00000229477882 51.000004559755325
-7.255025506019592 10.409623384475708 0.37490252405405045 100 134.00000721216202 80.00000283122063 45.00000111758709
-6.936224102973938 10.555887222290039 0.03164942376315594 100 137.00000703334808 85.0000025331974 42.000001296401024
-7.5639408826828 10.071437358856201 0.027234898880124092 100 55.000004321336746 28.00000213086605 15.00000100582838
-7.6748740673065186 10.064868927001953 0.025987669359892607 100 55.000004321336746 28.00000213086605 15.00000100582838
-7.080755829811096 10.311330556869507 0.29136596247553825 100 121.0000079870224 71.00000336766243 34.00000177323818
-7.247641086578369 10.170729160308838 0.1314514596015215 100 120.00000804662704 72.00000330805779 35.00000171363354
-7.128543257713318 10.255180597305298 0.16200954094529152 100 125.00000774860382 79.00000289082527 37.00000159442425
-7.1932148933410645 10.441575050354004 0.3670138493180275 100 147.00000643730164 92.00000211596489 56.0000042617321
-6.989113688468933 10.430818796157837 0.32296668738126755 100 144.00000661611557 90.00000223517418 53.000004440546036
-7.117642164230347 10.53618311882019 0.33613890409469604 100 153.00000607967377 99.00000929832458 58.00000414252281
-7.13016152381897 10.595093965530396 0.33009767532348633 100 153.00000607967377 99.00000929832458 57.00000420212746
-6.926060318946838 10.584337711334229 0.2860505133867264 100 148.000006377697 91.00000217556953 55.000004321336746
-7.209014296531677 10.699305534362793 0.3281009569764137 100 153.00000607967377 98.00000935792923 57.00000420212746
-7.710588574409485 10.310873985290527 0.25858692824840546 100 135.00000715255737 83.00000265240669 48.00000473856926
-7.48326301574707 10.224916934967041 0.296703539788723 100 132.0000073313713 81.00000277161598 47.0000009983778
-6.920018196105957 10.596270561218262 0.186676736921072 100 129.00000751018524 73.00000324845314 41.00000135600567
-6.919821500778198 10.59644103050232 0.27341941371560097 100 138.00000697374344 81.00000277161598 47.0000009983778
-6.901259422302246 10.549461841583252 0.1800868660211563 100 127.00000762939453 74.0000031888485 40.00000141561031
-6.917511820793152 10.50815224647522 0.018203717190772295 100 137.00000703334808 85.0000025331974 40.00000141561031
-6.931557059288025 10.472536087036133 0.2076341211795807 100 135.00000715255737 84.00000259280205 41.00000135600567
-6.931360960006714 10.47270655632019 0.29437679797410965 100 140.00000685453415 90.00000223517418 45.00000111758709
-7.013172507286072 10.365996360778809 0.337882824242115 100 148.000006377697 94.0000019967556 57.00000420212746
-6.937599778175354 10.460604429244995 0.30700791627168655 100 148.000006377697 95.00000193715096 51.000004559755325
-7.004461288452148 10.742789506912231 0.2052667737007141 100 135.00000715255737 82.00000271201134 46.000001057982445
-6.937543749809265 10.641343593597412 0.20497538149356842 100 134.00000721216202 80.00000283122063 46.000001057982445
-7.517521381378174 10.179058313369751 0.2492784895002842 100 121.0000079870224 71.00000336766243 39.00000147521496
-7.735370993614197 10.106920003890991 0.15776490792632103 100 120.00000804662704 70.00000342726707 39.00000147521496
-7.767248749732971 10.124996900558472 0.17324058338999748 100 135.00000715255737 88.00000235438347 48.00000473856926
-7.7184659242630005 10.082254409790039 0.13413053005933762 100 96.00000947713852 54.00000438094139 30.00000201165676
-6.918981671333313 10.594364404678345 0.11164283379912376 100 140.00000685453415 85.0000025331974 48.00000473856926
-7.28662371635437 10.161713361740112 0.21926868706941605 100 115.00000834465027 66.00000366568565 36.00000165402889
-7.334411144256592 10.105563402175903 0.08991227485239506 100 120.00000804662704 72.00000330805779 35.00000171363354
-7.428073883056641 10.079622268676758 0.047078197821974754 100 58.00000414252281 29.000002071261406 15.00000100582838
-7.0032185316085815 10.341325998306274 0.1797088049352169 100 128.0000075697899 82.00000271201134 38.0000015348196
-7.1701037883758545 10.200724601745605 0.019794302061200142 100 111.00000858306885 65.0000037252903 32.00000189244747
-7.373179197311401 10.087281465530396 0.09091205894947052 100 77.00000301003456 40.00000141561031 20.000000707805157
-7.199274897575378 10.19566297531128 -0.0029114127391949296 100 129.00000751018524 86.00000247359276 57.00000420212746
-7.781186103820801 10.163594484329224 0.210331529378891 100 146.00000649690628 95.00000193715096 50.00000461935997
-7.486230134963989 10.210984945297241 0.2832469530403614 100 119.00000810623169 69.00000348687172 38.0000015348196
-7.237235903739929 10.424365997314453 0.3794001042842865 100 141.0000067949295 86.00000247359276 48.00000473856926
-7.116024494171143 10.302234888076782 0.3591429442167282 100 143.00000667572021 90.00000223517418 55.000004321336746
-7.0645105838775635 10.332019329071045 0.3431841731071472 100 138.00000697374344 90.00000223517418 45.00000111758709
-7.160046100616455 10.285024642944336 0.3715292364358902 100 141.0000067949295 89.00000229477882 56.0000042617321
-7.225371599197388 10.217666625976562 0.281244944781065 100 124.00000780820847 75.00000312924385 37.00000159442425
-7.31214165687561 10.152500867843628 0.23970576003193855 100 108.00000876188278 58.00000414252281 33.00000183284283
-7.183608412742615 10.247567892074585 0.31262606382369995 100 126.00000768899918 79.00000289082527 37.00000159442425
-7.209126353263855 10.238356590270996 0.33306311815977097 100 125.00000774860382 76.0000030696392 39.00000147521496
-7.6866912841796875 10.064144134521484 0.032928704749792814 100 56.0000042617321 30.00000201165676 18.000000827014446
-7.718562483787537 10.082265138626099 0.04715357907116413 100 59.00000408291817 34.00000177323818 22.000000588595867
-7.332311272621155 10.549954175949097 0.3778708353638649 100 140.00000685453415 86.00000247359276 51.000004559755325
-7.835672497749329 10.347017049789429 0.2358093485236168 100 153.00000607967377 107.00000882148743 60.00000402331352
-7.739177942276001 10.375131368637085 0.26168497279286385 100 142.00000673532486 92.00000211596489 50.00000461935997
-7.3524487018585205 10.095281600952148 0.10060608386993408 100 102.00000911951065 56.0000042617321 27.000002190470695
-7.313465476036072 10.104297399520874 0.012788856402039528 100 79.00000289082527 43.00000123679638 22.000000588595867
-7.7394527196884155 10.41610836982727 0.26751013472676277 100 147.00000643730164 98.00000935792923 52.00000450015068
-7.682200074195862 10.459072589874268 0.26777487248182297 100 136.00000709295273 84.00000259280205 48.00000473856926
-7.750440239906311 10.100342035293579 0.06262926384806633 100 132.0000073313713 85.0000025331974 49.000004678964615
-7.108707427978516 10.3190016746521 0.366227887570858 100 144.00000661611557 90.00000223517418 54.00000438094139
-7.394124269485474 10.088547468185425 0.16803547739982605 100 114.00000840425491 65.0000037252903 36.00000165402889
-7.018836736679077 10.30529499053955 0.03395102685317397 100 100.00000923871994 58.00000414252281 27.000002190470695
-7.073950171470642 10.281808376312256 0.014787844847887754 100 44.000001177191734 23.000000528991222 14.000001065433025
-7.048008441925049 10.300233364105225 0.011245312634855509 100 61.00000396370888 35.00000171363354 17.00000088661909
