4.313724637031555 -2.7450990676879883 0.0 100 138.00000697374344 83.00000265240669 48.00000473856926
4.313724637031555 -1.9607853889465332 0.0 100 156.00000590085983 108.00000876188278 66.00000366568565
4.313724637031555 -1.1764715611934662 0.0 100 134.00000721216202 93.00000205636024 68.00000354647636
4.313724637031555 -0.39215780794620514 0.0 100 152.0000061392784 113.00000846385956 79.00000289082527
4.313724637031555 0.3921560198068619 0.0 100 173.00000488758087 151.00000619888306 123.00000786781311
4.313724637031555 1.176469773054123 0.0 100 130.0000074505806 96.00000947713852 88.00000235438347
4.313724637031555 1.96078360080719 0.0 100 165.00000536441803 120.00000804662704 97.00000941753387
5.09803831577301 -2.7450990676879883 0.0 100 153.00000607967377 110.00000864267349 65.0000037252903
5.09803831577301 1.96078360080719 0.0 100 158.00000578165054 121.0000079870224 94.0000019967556
5.882351994514465 -2.7450990676879883 0.0 100 122.00000792741776 81.00000277161598 57.00000420212746
5.882351994514465 1.96078360080719 0.0 100 103.000009059906 69.00000348687172 55.000004321336746
6.66666567325592 -2.7450990676879883 0.0 100 156.00000590085983 123.00000786781311 84.00000259280205
6.66666567325592 -1.9353464245796204 -1.0684382915496826 100 98.00000935792923 80.00000283122063 69.00000348687172
6.66666567325592 -1.1510325223207474 -1.0684382915496826 100 96.00000947713852 83.00000265240669 77.00000301003456
6.66666567325592 -0.3667188063263893 -1.0684382915496826 100 106.00000888109207 94.0000019967556 90.00000223517418
6.66666567325592 0.4175950214266777 -1.0684382915496826 100 118.00000816583633 106.00000888109207 102.00000911951065
6.66666567325592 1.2019088119268417 -1.0684382915496826 100 91.00000217556953 76.0000030696392 67.00000360608101
6.66666567325592 1.96078360080719 0.0 100 172.00000494718552 137.00000703334808 108.00000876188278
7.4509793519973755 -2.7450990676879883 0.0 100 133.00000727176666 96.00000947713852 67.00000360608101
7.4509793519973755 -1.9353464245796204 -1.0684382915496826 100 58.00000414252281 46.000001057982445 44.000001177191734
7.4509793519973755 -1.1510325223207474 -1.0684382915496826 100 71.00000336766243 59.00000408291817 56.0000042617321
7.4509793519973755 -0.3667188063263893 -1.0684382915496826 100 83.00000265240669 70.00000342726707 66.00000366568565
7.4509793519973755 0.4175950214266777 -1.0684382915496826 100 86.00000247359276 77.00000301003456 74.0000031888485
7.4509793519973755 1.2019088119268417 -1.0684382915496826 100 75.00000312924385 54.00000438094139 45.00000111758709
7.4509793519973755 1.96078360080719 0.0 100 144.00000661611557 109.00000870227814 80.00000283122063
8.23529303073883 -2.7450990676879883 0.0 100 135.00000715255737 124.00000780820847 122.00000792741776
8.23529303073883 -1.9607853889465332 0.0 100 99.00000929832458 71.00000336766243 40.00000141561031
8.23529303073883 -1.1764715611934662 0.0 100 97.00000941753387 63.00000384449959 34.00000177323818
8.23529303073883 -0.39215780794620514 0.0 100 90.00000223517418 55.000004321336746 38.0000015348196
8.23529303073883 0.3921560198068619 0.0 100 72.00000330805779 45.00000111758709 34.00000177323818
8.23529303073883 1.176469773054123 0.0 100 97.00000941753387 61.00000396370888 42.000001296401024
8.23529303073883 1.96078360080719 0.0 100 112.0000085234642 97.00000941753387 94.0000019967556
4.313724637031555 -2.3529422283172607 0.0 100 156.00000590085983 117.00000822544098 77.00000301003456
4.313724637031555 -1.5686285495758057 0.0 100 139.0000069141388 81.00000277161598 54.00000438094139
4.313724637031555 -0.7843147218227386 0.0 100 148.000006377697 100.00000923871994 77.00000301003456
4.313724637031555 -8.940696716308594e-07 0.0 100 168.0000051856041 133.00000727176666 106.00000888109207
4.313724637031555 0.7843129336833954 0.0 100 169.00000512599945 135.00000715255737 104.00000900030136
4.313724637031555 1.5686267614364624 0.0 100 131.00000739097595 98.00000935792923 89.00000229477882
5.882351994514465 -2.3402227461338043 -0.5342191457748413 100 76.0000030696392 55.000004321336746 39.00000147521496
5.882351994514465 1.5813462436199188 -0.5342191457748413 100 75.00000312924385 49.000004678964615 30.00000201165676
6.66666567325592 -2.3402227461338043 -0.5342191457748413 100 68.00000354647636 50.00000461935997 37.00000159442425
6.66666567325592 -1.5431894361972809 -1.0684382915496826 100 93.00000205636024 78.00000295042992 72.00000330805779
6.66666567325592 -0.7588756829500198 -1.0684382915496826 100 105.00000894069672 91.00000217556953 84.00000259280205
6.66666567325592 0.025438107550144196 -1.0684382915496826 100 116.00000828504562 104.00000900030136 98.00000935792923
6.66666567325592 0.8097518980503082 -1.0684382915496826 100 114.00000840425491 107.00000882148743 105.00000894069672
6.66666567325592 1.5813462436199188 -0.5342191457748413 100 74.0000031888485 54.00000438094139 38.0000015348196
7.4509793519973755 -2.3402227461338043 -0.5342191457748413 100 44.000001177191734 27.000002190470695 23.000000528991222
7.4509793519973755 -1.5431894361972809 -1.0684382915496826 100 77.00000301003456 59.00000408291817 53.000004440546036
7.4509793519973755 -0.7588756829500198 -1.0684382915496826 100 85.0000025331974 72.00000330805779 65.0000037252903
7.4509793519973755 0.025438107550144196 -1.0684382915496826 100 86.00000247359276 74.0000031888485 71.00000336766243
7.4509793519973755 0.8097518980503082 -1.0684382915496826 100 94.0000019967556 83.00000265240669 79.00000289082527
7.4509793519973755 1.5813462436199188 -0.5342191457748413 100 67.00000360608101 40.00000141561031 23.000000528991222
8.23529303073883 -2.3529422283172607 0.0 100 110.00000864267349 87.00000241398811 78.00000295042992
8.23529303073883 -1.5686285495758057 0.0 100 71.00000336766243 37.00000159442425 24.00000236928463
8.23529303073883 -0.7843147218227386 0.0 100 92.00000211596489 56.0000042617321 35.00000171363354
8.23529303073883 -8.940696716308594e-07 0.0 100 98.00000935792923 74.0000031888485 52.00000450015068
8.23529303073883 0.7843129336833954 0.0 100 91.00000217556953 58.00000414252281 39.00000147521496
8.23529303073883 1.5686267614364624 0.0 100 90.00000223517418 62.00000390410423 51.000004559755325
4.705881476402283 -2.7450990676879883 0.0 100 117.00000822544098 93.00000205636024 78.00000295042992
4.705881476402283 1.96078360080719 0.0 100 149.00000631809235 112.0000085234642 92.00000211596489
5.490195155143738 -2.7450990676879883 0.0 100 81.00000277161598 45.00000111758709 37.00000159442425
5.490195155143738 1.96078360080719 0.0 100 138.00000697374344 102.00000911951065 73.00000324845314
6.274508833885193 -2.7450990676879883 0.0 100 122.00000792741776 67.00000360608101 49.000004678964615
6.274508833885193 1.96078360080719 0.0 100 131.00000739097595 92.00000211596489 76.0000030696392
7.058822512626648 -2.7450990676879883 0.0 100 119.00000810623169 82.00000271201134 53.000004440546036
7.058822512626648 -1.9353464245796204 -1.0684382915496826 100 88.00000235438347 70.00000342726707 61.00000396370888
7.058822512626648 -1.1510325223207474 -1.0684382915496826 100 93.00000205636024 81.00000277161598 79.00000289082527
7.058822512626648 -0.3667188063263893 -1.0684382915496826 100 100.00000923871994 91.00000217556953 90.00000223517418
7.058822512626648 0.4175950214266777 -1.0684382915496826 100 112.0000085234642 104.00000900030136 102.00000911951065
7.058822512626648 1.2019088119268417 -1.0684382915496826 100 92.00000211596489 75.00000312924385 68.00000354647636
7.058822512626648 1.96078360080719 0.0 100 148.000006377697 112.0000085234642 91.00000217556953
7.843136191368103 -2.7450990676879883 0.0 100 125.00000774860382 106.00000888109207 98.00000935792923
7.843136191368103 -1.9480659067630768 -0.5342191457748413 100 36.00000165402889 15.00000100582838 10.000000353902578
7.843136191368103 -1.1637520790100098 -0.5342191457748413 100 59.00000408291817 31.000001952052116 14.000001065433025
7.843136191368103 -0.3794383257627487 -0.5342191457748413 100 52.00000450015068 27.000002190470695 14.000001065433025
7.843136191368103 0.4048755019903183 -0.5342191457748413 100 52.00000450015068 26.00000225007534 14.000001065433025
7.843136191368103 1.1891892552375793 -0.5342191457748413 100 52.00000450015068 28.00000213086605 17.00000088661909
7.843136191368103 1.96078360080719 0.0 100 118.00000816583633 88.00000235438347 78.00000295042992
7.843136191368103 1.5749864280223846 -0.26710957288742065 100 57.00000420212746 38.0000015348196 33.00000183284283
7.843136191368103 0.7970324158668518 -0.5342191457748413 100 37.00000159442425 14.000001065433025 9.000000413507223
7.843136191368103 0.01271858811378479 -0.5342191457748413 100 61.00000396370888 33.00000183284283 17.00000088661909
7.843136191368103 -0.7715952396392822 -0.5342191457748413 100 58.00000414252281 31.000001952052116 14.000001065433025
7.843136191368103 -1.5559089183807373 -0.5342191457748413 100 55.000004321336746 29.000002071261406 12.000001184642315
7.843136191368103 -2.3465824127197266 -0.26710957288742065 100 100.00000923871994 92.00000211596489 89.00000229477882
7.058822512626648 1.5813462436199188 -0.5342191457748413 100 71.00000336766243 47.0000009983778 31.000001952052116
7.058822512626648 0.8097518980503082 -1.0684382915496826 100 117.00000822544098 109.00000870227814 107.00000882148743
7.058822512626648 0.025438107550144196 -1.0684382915496826 100 114.00000840425491 102.00000911951065 98.00000935792923
7.058822512626648 -0.7588756829500198 -1.0684382915496826 100 104.00000900030136 91.00000217556953 87.00000241398811
7.058822512626648 -1.5431894361972809 -1.0684382915496826 100 91.00000217556953 78.00000295042992 74.0000031888485
7.058822512626648 -2.3402227461338043 -0.5342191457748413 100 71.00000336766243 48.00000473856926 34.00000177323818
6.274508833885193 1.5813462436199188 -0.5342191457748413 100 58.00000414252281 34.00000177323818 24.00000236928463
6.274508833885193 -2.3402227461338043 -0.5342191457748413 100 50.00000461935997 35.00000171363354 29.000002071261406
5.490195155143738 1.5813462436199188 -0.5342191457748413 100 78.00000295042992 55.000004321336746 32.00000189244747
5.490195155143738 -2.3402227461338043 -0.5342191457748413 100 61.00000396370888 38.0000015348196 30.00000201165676
9.477265477180481 2.9670417308807373 2.2570692002773285 100 69.00000348687172 62.00000390410423 58.00000414252281
11.366771459579468 2.810511291027069 2.305314689874649 100 72.00000330805779 69.00000348687172 69.00000348687172
13.340132236480713 2.4985523521900177 1.8309302628040314 100 80.00000283122063 57.00000420212746 45.00000111758709
11.4442777633667 7.058543562889099 1.541316956281662 100 75.00000312924385 66.00000366568565 63.00000384449959
9.157876968383789 4.687594473361969 2.2502677142620087 100 71.00000336766243 61.00000396370888 57.00000420212746
12.024294137954712 3.147769570350647 2.32166588306427 100 76.0000030696392 45.00000111758709 33.00000183284283
11.079329252243042 5.51767885684967 2.299080640077591 100 57.00000420212746 52.00000450015068 51.000004559755325
8.831899166107178 2.6485687494277954 0.6829855591058731 100 48.00000473856926 23.000000528991222 14.000001065433025
8.061546683311462 4.789309501647949 0.0867927074432373 100 44.000001177191734 21.000000648200512 14.000001065433025
8.852317929267883 4.715260565280914 1.7310282588005066 100 55.000004321336746 28.00000213086605 18.000000827014446
13.788173198699951 2.112899422645569 0.6847534328699112 100 73.00000324845314 58.00000414252281 53.000004440546036
11.899654865264893 8.246097564697266 0.03046001074835658 100 149.00000631809235 105.00000894069672 82.00000271201134
13.117471933364868 2.5466421246528625 1.9383139908313751 100 76.0000030696392 57.00000420212746 45.00000111758709
10.422018766403198 2.8887763619422913 2.2811919450759888 100 74.0000031888485 66.00000366568565 63.00000384449959
9.210777282714844 2.6271864771842957 1.079658642411232 100 65.0000037252903 34.00000177323818 24.00000236928463
10.155529975891113 2.5489214062690735 1.1037814617156982 100 72.00000330805779 39.00000147521496 27.000002190470695
13.556007146835327 2.190379500389099 0.867055207490921 100 76.0000030696392 42.000001296401024 29.000002071261406
11.142209768295288 2.39294171333313 0.8665892481803894 100 77.00000301003456 43.00000123679638 27.000002190470695
10.301077365875244 5.873069167137146 1.8957923352718353 100 82.00000271201134 64.00000378489494 55.000004321336746
9.77954387664795 6.060327887535095 0.7214925438165665 100 82.00000271201134 52.00000450015068 35.00000171363354
8.636343479156494 4.874852895736694 1.0759679228067398 100 79.00000289082527 45.00000111758709 32.00000189244747
11.551811695098877 4.332724213600159 2.3103731870651245 100 64.00000378489494 58.00000414252281 57.00000420212746
11.857055425643921 4.5163291692733765 2.319190502166748 100 60.00000402331352 56.0000042617321 55.000004321336746
10.10851263999939 5.286620259284973 2.1861684322357178 100 82.00000271201134 47.0000009983778 30.00000201165676
11.251713037490845 6.472095251083374 1.8316930532455444 100 83.00000265240669 49.000004678964615 31.000001952052116
8.502917885780334 3.5383203625679016 -0.0054795388132333755 100 112.0000085234642 77.00000301003456 60.00000402331352
8.888093829154968 2.4679499864578247 0.2926168777048588 100 58.00000414252281 35.00000171363354 22.000000588595867
8.446722626686096 3.7189391255378723 0.3848891332745552 100 46.000001057982445 18.000000827014446 11.000000294297934
10.118602514266968 5.102636814117432 2.2746741771698 100 56.0000042617321 50.00000461935997 49.000004678964615
8.456932306289673 4.752285182476044 0.908910483121872 100 63.00000384449959 35.00000171363354 20.000000707805157
8.769406080245972 3.8781756162643433 1.171930953860283 100 58.00000414252281 33.00000183284283 17.00000088661909
9.164791703224182 3.8411512970924377 1.9940488040447235 100 63.00000384449959 39.00000147521496 24.00000236928463
13.780027627944946 1.9975528120994568 0.2939668484032154 100 110.00000864267349 75.00000312924385 61.00000396370888
11.542761325836182 7.590418457984924 0.721687451004982 100 84.00000259280205 52.00000450015068 34.00000177323818
8.088178634643555 4.925710558891296 -0.005769598064944148 100 140.00000685453415 94.0000019967556 75.00000312924385
8.483564257621765 4.888685941696167 0.8163481950759888 100 65.0000037252903 37.00000159442425 24.00000236928463
11.898971796035767 7.041529417037964 1.6801147162914276 100 86.00000247359276 55.000004321336746 34.00000177323818
9.317570924758911 3.827317953109741 2.2536684572696686 100 62.00000390410423 56.0000042617321 55.000004321336746
9.005097150802612 4.701427519321442 1.9906480610370636 100 70.00000342726707 41.00000135600567 28.00000213086605
11.643658876419067 7.2087132930755615 1.513863056898117 100 90.00000223517418 63.00000384449959 52.00000450015068
11.671966314315796 7.652320861816406 0.7858885079622269 100 107.00000882148743 68.00000354647636 45.00000111758709
12.353451251983643 2.6545318961143494 2.06812247633934 100 72.00000330805779 41.00000135600567 28.00000213086605
12.808574438095093 2.6934966444969177 2.0444297790527344 100 65.0000037252903 38.0000015348196 26.00000225007534
11.223050355911255 4.164095222949982 2.30219766497612 100 65.0000037252903 58.00000414252281 56.0000042617321
10.278297662734985 4.242360293865204 2.278074771165848 100 68.00000354647636 60.00000402331352 56.0000042617321
13.564152717590332 2.3057258129119873 1.2578418850898743 100 80.00000283122063 56.0000042617321 42.000001296401024
11.69553279876709 2.97914057970047 2.3134903609752655 100 71.00000336766243 42.000001296401024 32.00000189244747
11.933224201202393 2.825431227684021 2.2279301285743713 100 74.0000031888485 41.00000135600567 28.00000213086605
12.242121696472168 2.678576707839966 2.121814340353012 100 61.00000396370888 43.00000123679638 38.0000015348196
13.228801488876343 2.522597312927246 1.8846221268177032 100 70.00000342726707 57.00000420212746 52.00000450015068
9.154582023620605 2.8078052401542664 1.4700274169445038 100 52.00000450015068 28.00000213086605 16.000000946223736
20.0 20.0 0.0 100 97.00000941753387 78.00000295042992 71.00000336766243
20.0 -19.215686321258545 0.0 100 98.00000935792923 78.00000295042992 70.00000342726707
20.0 -18.43137264251709 0.0 100 98.00000935792923 78.00000295042992 69.00000348687172
20.0 -17.647058963775635 0.0 100 96.00000947713852 75.00000312924385 68.00000354647636
20.0 -16.86274528503418 0.0 100 99.00000929832458 80.00000283122063 71.00000336766243
20.0 -16.078431606292725 0.0 100 101.0000091791153 80.00000283122063 70.00000342726707
20.0 -15.29411792755127 0.0 100 93.00000205636024 75.00000312924385 69.00000348687172
20.0 -14.509804248809814 0.0 100 98.00000935792923 78.00000295042992 69.00000348687172
20.0 -13.72549057006836 0.0 100 94.0000019967556 75.00000312924385 69.00000348687172
20.0 -12.941176891326904 0.0 100 98.00000935792923 77.00000301003456 69.00000348687172
20.0 -12.15686321258545 0.0 100 100.00000923871994 79.00000289082527 69.00000348687172
20.0 -11.372549533843994 0.0 100 103.000009059906 81.00000277161598 70.00000342726707
20.0 -10.588235855102539 0.0 100 98.00000935792923 77.00000301003456 71.00000336766243
20.0 -9.803922176361084 0.0 100 100.00000923871994 77.00000301003456 69.00000348687172
20.0 -9.019608497619629 0.0 100 93.00000205636024 77.00000301003456 70.00000342726707
20.0 -8.235294818878174 0.0 100 95.00000193715096 77.00000301003456 71.00000336766243
20.0 -7.450981140136719 0.0 100 101.0000091791153 81.00000277161598 72.00000330805779
20.0 -6.666667461395264 0.0 100 103.000009059906 79.00000289082527 71.00000336766243
20.0 -5.882353782653809 0.0 100 104.00000900030136 84.00000259280205 73.00000324845314
20.0 -5.0980401039123535 0.0 100 100.00000923871994 81.00000277161598 74.0000031888485
20.0 -4.313726425170898 0.0 100 103.000009059906 82.00000271201134 74.0000031888485
20.0 -3.5294127464294434 0.0 100 102.00000911951065 82.00000271201134 73.00000324845314
20.0 -2.7450990676879883 0.0 100 99.00000929832458 80.00000283122063 74.0000031888485
20.0 -1.9607853889465332 0.0 100 104.00000900030136 85.0000025331974 77.00000301003456
20.0 -1.1764715611934662 0.0 100 103.000009059906 84.00000259280205 77.00000301003456
20.0 -0.39215780794620514 0.0 100 107.00000882148743 88.00000235438347 79.00000289082527
20.0 0.3921560198068619 0.0 100 109.00000870227814 88.00000235438347 80.00000283122063
20.0 1.176469773054123 0.0 100 102.00000911951065 86.00000247359276 80.00000283122063
20.0 1.96078360080719 0.0 100 108.00000876188278 90.00000223517418 83.00000265240669
20.0 2.745097279548645 0.0 100 113.00000846385956 93.00000205636024 84.00000259280205
20.0 13.725489377975464 0.0 100 103.000009059906 82.00000271201134 75.00000312924385
20.0 14.509803056716919 0.0 100 103.000009059906 82.00000271201134 73.00000324845314
20.0 15.294116735458374 0.0 100 104.00000900030136 80.00000283122063 73.00000324845314
20.0 16.07843041419983 0.0 100 102.00000911951065 81.00000277161598 72.00000330805779
20.0 16.862744092941284 0.0 100 103.000009059906 81.00000277161598 72.00000330805779
20.0 17.64705777168274 0.0 100 104.00000900030136 80.00000283122063 72.00000330805779
20.0 18.431371450424194 0.0 100 99.00000929832458 77.00000301003456 71.00000336766243
20.0 19.215686321258545 0.0 100 103.000009059906 79.00000289082527 71.00000336766243
3.5294109582901 -3.5294127464294434 0.0 100 155.00000596046448 99.00000929832458 63.00000384449959
3.5294109582901 -2.7450990676879883 0.0 100 168.0000051856041 123.00000786781311 75.00000312924385
3.5294109582901 -1.9607853889465332 0.0 100 165.00000536441803 125.00000774860382 70.00000342726707
3.5294109582901 -1.1764715611934662 0.0 100 163.00000548362732 116.00000828504562 72.00000330805779
3.5294109582901 -0.39215780794620514 0.0 100 131.00000739097595 84.00000259280205 71.00000336766243
3.5294109582901 0.3921560198068619 0.0 100 151.00000619888306 106.00000888109207 91.00000217556953
3.5294109582901 1.176469773054123 0.0 100 154.00000602006912 112.0000085234642 96.00000947713852
3.5294109582901 1.96078360080719 0.0 100 172.00000494718552 143.00000667572021 114.00000840425491
3.5294109582901 2.745097279548645 0.0 100 177.0000046491623 147.00000643730164 110.00000864267349
3.5294109582901 3.5294109582901 0.0 100 149.00000631809235 96.00000947713852 64.00000378489494
4.313724637031555 -4.313726425170898 0.0 100 169.00000512599945 127.00000762939453 87.00000241398811
4.313724637031555 -3.5294127464294434 0.0 100 157.0000058412552 106.00000888109207 51.000004559755325
4.313724637031555 2.745097279548645 0.0 100 164.00000542402267 127.00000762939453 95.00000193715096
4.313724637031555 3.5294109582901 0.0 100 164.00000542402267 119.00000810623169 88.00000235438347
4.313724637031555 4.313724637031555 0.0 100 177.0000046491623 130.0000074505806 79.00000289082527
5.09803831577301 -5.0980401039123535 0.0 100 149.00000631809235 90.00000223517418 45.00000111758709
5.09803831577301 2.745097279548645 0.0 100 174.00000482797623 142.00000673532486 109.00000870227814
5.09803831577301 3.5294109582901 0.0 100 166.00000530481339 129.00000751018524 95.00000193715096
5.09803831577301 4.313724637031555 0.0 100 169.00000512599945 130.0000074505806 84.00000259280205
5.09803831577301 5.09803831577301 0.0 100 169.00000512599945 121.0000079870224 74.0000031888485
5.882351994514465 -5.882353782653809 0.0 100 134.00000721216202 72.00000330805779 35.00000171363354
5.882351994514465 -5.0980401039123535 0.0 100 168.0000051856041 117.00000822544098 70.00000342726707
5.882351994514465 -3.5294127464294434 0.0 100 122.00000792741776 63.00000384449959 42.000001296401024
5.882351994514465 2.745097279548645 0.0 100 177.0000046491623 145.00000655651093 113.00000846385956
5.882351994514465 3.5294109582901 0.0 100 142.00000673532486 98.00000935792923 81.00000277161598
5.882351994514465 4.313724637031555 0.0 100 149.00000631809235 103.000009059906 74.0000031888485
5.882351994514465 5.09803831577301 0.0 100 169.00000512599945 121.0000079870224 78.00000295042992
5.882351994514465 5.882351994514465 0.0 100 173.00000488758087 143.00000667572021 105.00000894069672
6.66666567325592 -6.666667461395264 0.0 100 150.0000062584877 91.00000217556953 49.000004678964615
6.66666567325592 -5.882353782653809 0.0 100 147.00000643730164 87.00000241398811 45.00000111758709
6.66666567325592 -5.0980401039123535 0.0 100 147.00000643730164 100.00000923871994 69.00000348687172
6.66666567325592 -4.313726425170898 0.0 100 161.0000056028366 111.00000858306885 72.00000330805779
6.66666567325592 -3.5294127464294434 0.0 100 170.0000050663948 129.00000751018524 69.00000348687172
6.66666567325592 2.745097279548645 0.0 100 159.0000057220459 121.0000079870224 102.00000911951065
6.66666567325592 3.5294109582901 0.0 100 170.0000050663948 127.00000762939453 99.00000929832458
6.66666567325592 4.313724637031555 0.0 100 172.00000494718552 131.00000739097595 101.0000091791153
6.66666567325592 5.09803831577301 0.0 100 131.00000739097595 80.00000283122063 68.00000354647636
6.66666567325592 5.882351994514465 0.0 100 149.00000631809235 102.00000911951065 72.00000330805779
6.66666567325592 6.66666567325592 0.0 100 150.0000062584877 98.00000935792923 68.00000354647636
7.4509793519973755 -7.450981140136719 0.0 100 159.0000057220459 112.0000085234642 79.00000289082527
7.4509793519973755 -6.666667461395264 0.0 100 142.00000673532486 85.0000025331974 53.000004440546036
7.4509793519973755 -5.882353782653809 0.0 100 164.00000542402267 121.0000079870224 75.00000312924385
7.4509793519973755 -5.0980401039123535 0.0 100 173.00000488758087 138.00000697374344 99.00000929832458
7.4509793519973755 -4.313726425170898 0.0 100 146.00000649690628 95.00000193715096 71.00000336766243
7.4509793519973755 -3.5294127464294434 0.0 100 161.0000056028366 116.00000828504562 74.0000031888485
7.4509793519973755 2.745097279548645 0.0 100 166.00000530481339 127.00000762939453 111.00000858306885
7.4509793519973755 3.5294109582901 0.0 100 163.00000548362732 124.00000780820847 101.0000091791153
7.4509793519973755 4.313724637031555 0.0 100 169.00000512599945 145.00000655651093 114.00000840425491
7.4509793519973755 5.09803831577301 0.0 100 121.0000079870224 83.00000265240669 75.00000312924385
7.4509793519973755 5.882351994514465 0.0 100 138.00000697374344 90.00000223517418 70.00000342726707
7.4509793519973755 6.66666567325592 0.0 100 152.0000061392784 98.00000935792923 69.00000348687172
7.4509793519973755 7.4509793519973755 0.0 100 169.00000512599945 126.00000768899918 82.00000271201134
8.23529303073883 -8.235294818878174 0.0 100 159.0000057220459 98.00000935792923 56.0000042617321
8.23529303073883 -7.450981140136719 0.0 100 161.0000056028366 113.00000846385956 72.00000330805779
8.23529303073883 -6.666667461395264 0.0 100 136.00000709295273 86.00000247359276 54.00000438094139
8.23529303073883 -5.882353782653809 0.0 100 141.0000067949295 81.00000277161598 49.000004678964615
8.23529303073883 -5.0980401039123535 0.0 100 124.00000780820847 67.00000360608101 49.000004678964615
8.23529303073883 -4.313726425170898 0.0 100 118.00000816583633 73.00000324845314 53.000004440546036
8.23529303073883 -3.5294127464294434 0.0 100 168.0000051856041 136.00000709295273 94.0000019967556
8.23529303073883 2.745097279548645 0.0 100 146.00000649690628 110.00000864267349 86.00000247359276
8.23529303073883 3.5294109582901 0.0 100 122.00000792741776 82.00000271201134 60.00000402331352
8.23529303073883 4.313724637031555 0.0 100 106.00000888109207 68.00000354647636 51.000004559755325
8.23529303073883 5.882351994514465 0.0 100 159.0000057220459 111.00000858306885 83.00000265240669
8.23529303073883 6.66666567325592 0.0 100 133.00000727176666 85.0000025331974 69.00000348687172
8.23529303073883 7.4509793519973755 0.0 100 166.00000530481339 118.00000816583633 78.00000295042992
8.23529303073883 8.23529303073883 0.0 100 151.00000619888306 97.00000941753387 66.00000366568565
9.019606709480286 -9.019608497619629 0.0 100 157.0000058412552 101.0000091791153 59.00000408291817
9.019606709480286 -8.235294818878174 0.0 100 157.0000058412552 97.00000941753387 53.000004440546036
9.019606709480286 -7.450981140136719 0.0 100 154.00000602006912 97.00000941753387 61.00000396370888
9.019606709480286 -6.666667461395264 0.0 100 163.00000548362732 109.00000870227814 62.00000390410423
9.019606709480286 -5.882353782653809 0.0 100 153.00000607967377 103.000009059906 68.00000354647636
9.019606709480286 -5.0980401039123535 0.0 100 166.00000530481339 130.0000074505806 91.00000217556953
9.019606709480286 -4.313726425170898 0.0 100 157.0000058412552 103.000009059906 68.00000354647636
9.019606709480286 -3.5294127464294434 0.0 100 110.00000864267349 64.00000378489494 52.00000450015068
9.019606709480286 -2.7450990676879883 0.0 100 149.00000631809235 96.00000947713852 68.00000354647636
9.019606709480286 -1.9607853889465332 0.0 100 172.00000494718552 127.00000762939453 81.00000277161598
9.019606709480286 -1.1764715611934662 0.0 100 171.00000500679016 125.00000774860382 85.0000025331974
9.019606709480286 -0.39215780794620514 0.0 100 164.00000542402267 121.0000079870224 95.00000193715096
9.019606709480286 0.3921560198068619 0.0 100 171.00000500679016 131.00000739097595 111.00000858306885
9.019606709480286 1.176469773054123 0.0 100 158.00000578165054 122.00000792741776 109.00000870227814
9.019606709480286 1.96078360080719 0.0 100 165.00000536441803 129.00000751018524 108.00000876188278
9.019606709480286 5.882351994514465 0.0 100 165.00000536441803 118.00000816583633 88.00000235438347
9.019606709480286 6.66666567325592 0.0 100 176.00000470876694 134.00000721216202 95.00000193715096
9.019606709480286 7.4509793519973755 0.0 100 173.00000488758087 135.00000715255737 93.00000205636024
9.019606709480286 8.23529303073883 0.0 100 153.00000607967377 111.00000858306885 85.0000025331974
9.019606709480286 9.019606709480286 0.0 100 155.00000596046448 100.00000923871994 67.00000360608101
9.80392038822174 -9.803922176361084 0.0 100 167.00000524520874 118.00000816583633 68.00000354647636
9.80392038822174 -9.019608497619629 0.0 100 114.00000840425491 57.00000420212746 38.0000015348196
9.80392038822174 -8.235294818878174 0.0 100 163.00000548362732 117.00000822544098 68.00000354647636
9.80392038822174 -7.450981140136719 0.0 100 139.0000069141388 83.00000265240669 50.00000461935997
9.80392038822174 -6.666667461395264 0.0 100 157.0000058412552 103.000009059906 56.0000042617321
9.80392038822174 -5.882353782653809 0.0 100 160.00000566244125 106.00000888109207 68.00000354647636
9.80392038822174 -3.5294127464294434 0.0 100 151.00000619888306 95.00000193715096 62.00000390410423
9.80392038822174 -2.7450990676879883 0.0 100 165.00000536441803 120.00000804662704 75.00000312924385
9.80392038822174 -1.9607853889465332 0.0 100 173.00000488758087 128.0000075697899 84.00000259280205
9.80392038822174 -1.1764715611934662 0.0 100 128.0000075697899 85.0000025331974 76.0000030696392
9.80392038822174 -0.39215780794620514 0.0 100 156.00000590085983 116.00000828504562 92.00000211596489
9.80392038822174 0.3921560198068619 0.0 100 167.00000524520874 130.0000074505806 109.00000870227814
9.80392038822174 1.176469773054123 0.0 100 166.00000530481339 128.0000075697899 111.00000858306885
9.80392038822174 1.96078360080719 0.0 100 175.00000476837158 139.0000069141388 115.00000834465027
9.80392038822174 6.66666567325592 0.0 100 156.00000590085983 113.00000846385956 89.00000229477882
9.80392038822174 7.4509793519973755 0.0 100 162.00000554323196 120.00000804662704 86.00000247359276
9.80392038822174 8.23529303073883 0.0 100 160.00000566244125 108.00000876188278 79.00000289082527
9.80392038822174 9.019606709480286 0.0 100 164.00000542402267 113.00000846385956 77.00000301003456
9.80392038822174 9.80392038822174 0.0 100 162.00000554323196 109.00000870227814 69.00000348687172
10.588234663009644 -10.588235855102539 0.0 100 146.00000649690628 96.00000947713852 54.00000438094139
10.588234663009644 -9.803922176361084 0.0 100 159.0000057220459 112.0000085234642 71.00000336766243
10.588234663009644 -9.019608497619629 0.0 100 158.00000578165054 108.00000876188278 64.00000378489494
10.588234663009644 -8.235294818878174 0.0 100 164.00000542402267 111.00000858306885 74.0000031888485
10.588234663009644 -7.450981140136719 0.0 100 128.0000075697899 67.00000360608101 45.00000111758709
10.588234663009644 -6.666667461395264 0.0 100 156.00000590085983 106.00000888109207 69.00000348687172
10.588234663009644 -5.882353782653809 0.0 100 160.00000566244125 112.0000085234642 72.00000330805779
10.588234663009644 -4.313726425170898 0.0 100 157.0000058412552 106.00000888109207 63.00000384449959
10.588234663009644 -3.5294127464294434 0.0 100 169.00000512599945 125.00000774860382 85.0000025331974
10.588234663009644 -2.7450990676879883 0.0 100 168.0000051856041 126.00000768899918 78.00000295042992
10.588234663009644 -1.9607853889465332 0.0 100 157.0000058412552 109.00000870227814 81.00000277161598
10.588234663009644 -1.1764715611934662 0.0 100 149.00000631809235 102.00000911951065 84.00000259280205
10.588234663009644 -0.39215780794620514 0.0 100 141.0000067949295 101.0000091791153 89.00000229477882
10.588234663009644 0.3921560198068619 0.0 100 176.00000470876694 142.00000673532486 114.00000840425491
10.588234663009644 1.176469773054123 0.0 100 160.00000566244125 120.00000804662704 109.00000870227814
10.588234663009644 1.96078360080719 0.0 100 156.00000590085983 121.0000079870224 109.00000870227814
10.588234663009644 7.4509793519973755 0.0 100 165.00000536441803 117.00000822544098 90.00000223517418
10.588234663009644 8.23529303073883 0.0 100 171.00000500679016 128.0000075697899 93.00000205636024
10.588234663009644 9.019606709480286 0.0 100 160.00000566244125 110.00000864267349 78.00000295042992
10.588234663009644 9.80392038822174 0.0 100 161.0000056028366 109.00000870227814 74.0000031888485
10.588234663009644 10.588234663009644 0.0 100 163.00000548362732 112.0000085234642 76.0000030696392
11.372548341751099 -11.372549533843994 0.0 100 161.0000056028366 108.00000876188278 59.00000408291817
11.372548341751099 -10.588235855102539 0.0 100 148.000006377697 90.00000223517418 60.00000402331352
11.372548341751099 -9.803922176361084 0.0 100 140.00000685453415 86.00000247359276 55.000004321336746
11.372548341751099 -9.019608497619629 0.0 100 162.00000554323196 119.00000810623169 74.0000031888485
11.372548341751099 -8.235294818878174 0.0 100 159.0000057220459 101.0000091791153 56.0000042617321
11.372548341751099 -7.450981140136719 0.0 100 152.0000061392784 100.00000923871994 60.00000402331352
11.372548341751099 -6.666667461395264 0.0 100 154.00000602006912 107.00000882148743 68.00000354647636
11.372548341751099 -5.882353782653809 0.0 100 154.00000602006912 101.0000091791153 66.00000366568565
11.372548341751099 -4.313726425170898 0.0 100 160.00000566244125 111.00000858306885 73.00000324845314
11.372548341751099 -3.5294127464294434 0.0 100 173.00000488758087 131.00000739097595 81.00000277161598
11.372548341751099 -2.7450990676879883 0.0 100 156.00000590085983 107.00000882148743 79.00000289082527
11.372548341751099 -1.9607853889465332 0.0 100 155.00000596046448 106.00000888109207 83.00000265240669
11.372548341751099 -1.1764715611934662 0.0 100 161.0000056028366 114.00000840425491 87.00000241398811
11.372548341751099 -0.39215780794620514 0.0 100 139.0000069141388 97.00000941753387 88.00000235438347
11.372548341751099 0.3921560198068619 0.0 100 159.0000057220459 120.00000804662704 103.000009059906
11.372548341751099 1.176469773054123 0.0 100 170.0000050663948 135.00000715255737 118.00000816583633
11.372548341751099 1.96078360080719 0.0 100 166.00000530481339 131.00000739097595 114.00000840425491
11.372548341751099 8.23529303073883 0.0 100 147.00000643730164 101.0000091791153 83.00000265240669
11.372548341751099 9.019606709480286 0.0 100 151.00000619888306 104.00000900030136 81.00000277161598
11.372548341751099 9.80392038822174 0.0 100 150.0000062584877 99.00000929832458 74.0000031888485
11.372548341751099 10.588234663009644 0.0 100 143.00000667572021 88.00000235438347 66.00000366568565
11.372548341751099 11.372548341751099 0.0 100 163.00000548362732 114.00000840425491 72.00000330805779
12.156862020492554 -12.15686321258545 0.0 100 134.00000721216202 74.0000031888485 46.000001057982445
12.156862020492554 -11.372549533843994 0.0 100 139.0000069141388 80.00000283122063 53.000004440546036
12.156862020492554 -10.588235855102539 0.0 100 157.0000058412552 100.00000923871994 59.00000408291817
12.156862020492554 -9.803922176361084 0.0 100 159.0000057220459 106.00000888109207 63.00000384449959
12.156862020492554 -9.019608497619629 0.0 100 160.00000566244125 108.00000876188278 62.00000390410423
12.156862020492554 -8.235294818878174 0.0 100 161.0000056028366 109.00000870227814 64.00000378489494
12.156862020492554 -7.450981140136719 0.0 100 165.00000536441803 120.00000804662704 71.00000336766243
12.156862020492554 -6.666667461395264 0.0 100 169.00000512599945 126.00000768899918 80.00000283122063
12.156862020492554 -5.0980401039123535 0.0 100 157.0000058412552 103.000009059906 64.00000378489494
12.156862020492554 -4.313726425170898 0.0 100 166.00000530481339 124.00000780820847 82.00000271201134
12.156862020492554 -3.5294127464294434 0.0 100 158.00000578165054 102.00000911951065 75.00000312924385
12.156862020492554 -2.7450990676879883 0.0 100 152.0000061392784 106.00000888109207 80.00000283122063
12.156862020492554 -1.9607853889465332 0.0 100 152.0000061392784 100.00000923871994 78.00000295042992
12.156862020492554 -1.1764715611934662 0.0 100 153.00000607967377 109.00000870227814 88.00000235438347
12.156862020492554 -0.39215780794620514 0.0 100 159.0000057220459 115.00000834465027 95.00000193715096
12.156862020492554 0.3921560198068619 0.0 100 150.0000062584877 111.00000858306885 99.00000929832458
12.156862020492554 1.176469773054123 0.0 100 167.00000524520874 133.00000727176666 113.00000846385956
12.156862020492554 1.96078360080719 0.0 100 170.0000050663948 134.00000721216202 113.00000846385956
12.156862020492554 9.019606709480286 0.0 100 147.00000643730164 97.00000941753387 77.00000301003456
12.156862020492554 9.80392038822174 0.0 100 157.0000058412552 104.00000900030136 78.00000295042992
12.156862020492554 10.588234663009644 0.0 100 161.0000056028366 111.00000858306885 79.00000289082527
12.156862020492554 11.372548341751099 0.0 100 138.00000697374344 84.00000259280205 63.00000384449959
12.156862020492554 12.156862020492554 0.0 100 162.00000554323196 106.00000888109207 70.00000342726707
12.941175699234009 -12.941176891326904 0.0 100 161.0000056028366 116.00000828504562 68.00000354647636
12.941175699234009 -12.15686321258545 0.0 100 166.00000530481339 114.00000840425491 63.00000384449959
12.941175699234009 -11.372549533843994 0.0 100 166.00000530481339 117.00000822544098 71.00000336766243
12.941175699234009 -10.588235855102539 0.0 100 157.0000058412552 101.0000091791153 59.00000408291817
12.941175699234009 -9.803922176361084 0.0 100 155.00000596046448 96.00000947713852 54.00000438094139
12.941175699234009 -9.019608497619629 0.0 100 163.00000548362732 115.00000834465027 74.0000031888485
12.941175699234009 -8.235294818878174 0.0 100 156.00000590085983 103.000009059906 60.00000402331352
12.941175699234009 -7.450981140136719 0.0 100 162.00000554323196 111.00000858306885 71.00000336766243
12.941175699234009 -6.666667461395264 0.0 100 166.00000530481339 121.0000079870224 76.0000030696392
12.941175699234009 -5.882353782653809 0.0 100 168.0000051856041 124.00000780820847 79.00000289082527
12.941175699234009 -5.0980401039123535 0.0 100 166.00000530481339 117.00000822544098 73.00000324845314
12.941175699234009 -4.313726425170898 0.0 100 171.00000500679016 123.00000786781311 76.0000030696392
12.941175699234009 -3.5294127464294434 0.0 100 153.00000607967377 100.00000923871994 70.00000342726707
12.941175699234009 -2.7450990676879883 0.0 100 156.00000590085983 107.00000882148743 79.00000289082527
12.941175699234009 -1.9607853889465332 0.0 100 157.0000058412552 117.00000822544098 92.00000211596489
12.941175699234009 -1.1764715611934662 0.0 100 149.00000631809235 106.00000888109207 88.00000235438347
12.941175699234009 -0.39215780794620514 0.0 100 165.00000536441803 122.00000792741776 101.0000091791153
12.941175699234009 0.3921560198068619 0.0 100 171.00000500679016 137.00000703334808 111.00000858306885
12.941175699234009 1.176469773054123 0.0 100 174.00000482797623 140.00000685453415 114.00000840425491
12.941175699234009 1.96078360080719 0.0 100 173.00000488758087 140.00000685453415 115.00000834465027
12.941175699234009 9.019606709480286 0.0 100 163.00000548362732 117.00000822544098 88.00000235438347
12.941175699234009 9.80392038822174 0.0 100 164.00000542402267 113.00000846385956 83.00000265240669
12.941175699234009 10.588234663009644 0.0 100 149.00000631809235 94.0000019967556 74.0000031888485
12.941175699234009 11.372548341751099 0.0 100 155.00000596046448 104.00000900030136 81.00000277161598
12.941175699234009 12.156862020492554 0.0 100 147.00000643730164 92.00000211596489 67.00000360608101
12.941175699234009 12.941175699234009 0.0 100 146.00000649690628 89.00000229477882 64.00000378489494
13.725489377975464 -13.72549057006836 0.0 100 157.0000058412552 107.00000882148743 66.00000366568565
13.725489377975464 -12.941176891326904 0.0 100 154.00000602006912 96.00000947713852 57.00000420212746
13.725489377975464 -12.15686321258545 0.0 100 158.00000578165054 104.00000900030136 60.00000402331352
13.725489377975464 -11.372549533843994 0.0 100 128.0000075697899 68.00000354647636 49.000004678964615
13.725489377975464 -10.588235855102539 0.0 100 128.0000075697899 71.00000336766243 48.00000473856926
13.725489377975464 -9.803922176361084 0.0 100 165.00000536441803 116.00000828504562 67.00000360608101
13.725489377975464 -9.019608497619629 0.0 100 153.00000607967377 98.00000935792923 63.00000384449959
13.725489377975464 -8.235294818878174 0.0 100 158.00000578165054 111.00000858306885 76.0000030696392
13.725489377975464 -7.450981140136719 0.0 100 156.00000590085983 105.00000894069672 64.00000378489494
13.725489377975464 -6.666667461395264 0.0 100 163.00000548362732 120.00000804662704 79.00000289082527
13.725489377975464 -5.882353782653809 0.0 100 142.00000673532486 83.00000265240669 59.00000408291817
13.725489377975464 -5.0980401039123535 0.0 100 159.0000057220459 111.00000858306885 74.0000031888485
13.725489377975464 -4.313726425170898 0.0 100 158.00000578165054 109.00000870227814 74.0000031888485
13.725489377975464 -3.5294127464294434 0.0 100 158.00000578165054 103.000009059906 76.0000030696392
13.725489377975464 -2.7450990676879883 0.0 100 133.00000727176666 83.00000265240669 71.00000336766243
13.725489377975464 -1.9607853889465332 0.0 100 160.00000566244125 110.00000864267349 84.00000259280205
13.725489377975464 -1.1764715611934662 0.0 100 155.00000596046448 112.0000085234642 92.00000211596489
13.725489377975464 -0.39215780794620514 0.0 100 163.00000548362732 123.00000786781311 102.00000911951065
13.725489377975464 0.3921560198068619 0.0 100 143.00000667572021 109.00000870227814 100.00000923871994
13.725489377975464 1.176469773054123 0.0 100 174.00000482797623 136.00000709295273 114.00000840425491
13.725489377975464 9.80392038822174 0.0 100 153.00000607967377 106.00000888109207 85.0000025331974
13.725489377975464 10.588234663009644 0.0 100 159.0000057220459 109.00000870227814 82.00000271201134
13.725489377975464 11.372548341751099 0.0 100 151.00000619888306 98.00000935792923 75.00000312924385
13.725489377975464 12.156862020492554 0.0 100 160.00000566244125 107.00000882148743 75.00000312924385
13.725489377975464 12.941175699234009 0.0 100 163.00000548362732 112.0000085234642 75.00000312924385
13.725489377975464 13.725489377975464 0.0 100 153.00000607967377 97.00000941753387 69.00000348687172
14.509803056716919 -14.509804248809814 0.0 100 164.00000542402267 120.00000804662704 69.00000348687172
14.509803056716919 -13.72549057006836 0.0 100 153.00000607967377 100.00000923871994 59.00000408291817
14.509803056716919 -12.941176891326904 0.0 100 159.0000057220459 104.00000900030136 64.00000378489494
14.509803056716919 -12.15686321258545 0.0 100 149.00000631809235 93.00000205636024 62.00000390410423
14.509803056716919 -11.372549533843994 0.0 100 151.00000619888306 99.00000929832458 61.00000396370888
14.509803056716919 -10.588235855102539 0.0 100 147.00000643730164 93.00000205636024 62.00000390410423
14.509803056716919 -9.803922176361084 0.0 100 157.0000058412552 112.0000085234642 73.00000324845314
14.509803056716919 -9.019608497619629 0.0 100 160.00000566244125 109.00000870227814 71.00000336766243
14.509803056716919 -8.235294818878174 0.0 100 158.00000578165054 107.00000882148743 70.00000342726707
14.509803056716919 -7.450981140136719 0.0 100 159.0000057220459 109.00000870227814 72.00000330805779
14.509803056716919 -6.666667461395264 0.0 100 158.00000578165054 113.00000846385956 72.00000330805779
14.509803056716919 -5.882353782653809 0.0 100 158.00000578165054 105.00000894069672 68.00000354647636
14.509803056716919 -5.0980401039123535 0.0 100 156.00000590085983 103.000009059906 70.00000342726707
14.509803056716919 -4.313726425170898 0.0 100 153.00000607967377 103.000009059906 75.00000312924385
14.509803056716919 -3.5294127464294434 0.0 100 163.00000548362732 114.00000840425491 78.00000295042992
14.509803056716919 -2.7450990676879883 0.0 100 162.00000554323196 114.00000840425491 84.00000259280205
14.509803056716919 -1.9607853889465332 0.0 100 160.00000566244125 118.00000816583633 92.00000211596489
14.509803056716919 -1.1764715611934662 0.0 100 150.0000062584877 106.00000888109207 89.00000229477882
14.509803056716919 -0.39215780794620514 0.0 100 168.0000051856041 130.0000074505806 104.00000900030136
14.509803056716919 0.3921560198068619 0.0 100 166.00000530481339 128.0000075697899 107.00000882148743
14.509803056716919 1.176469773054123 0.0 100 178.00000458955765 140.00000685453415 114.00000840425491
14.509803056716919 1.96078360080719 0.0 100 165.00000536441803 132.0000073313713 116.00000828504562
14.509803056716919 9.80392038822174 0.0 100 98.00000935792923 60.00000402331352 41.00000135600567
14.509803056716919 10.588234663009644 0.0 100 166.00000530481339 118.00000816583633 87.00000241398811
14.509803056716919 11.372548341751099 0.0 100 165.00000536441803 116.00000828504562 85.0000025331974
14.509803056716919 12.156862020492554 0.0 100 159.0000057220459 110.00000864267349 82.00000271201134
14.509803056716919 12.941175699234009 0.0 100 155.00000596046448 104.00000900030136 73.00000324845314
14.509803056716919 13.725489377975464 0.0 100 155.00000596046448 100.00000923871994 70.00000342726707
14.509803056716919 14.509803056716919 0.0 100 151.00000619888306 94.0000019967556 66.00000366568565
15.294116735458374 -15.29411792755127 0.0 100 152.0000061392784 100.00000923871994 62.00000390410423
15.294116735458374 -14.509804248809814 0.0 100 144.00000661611557 87.00000241398811 56.0000042617321
15.294116735458374 -13.72549057006836 0.0 100 116.00000828504562 58.00000414252281 38.0000015348196
15.294116735458374 -12.941176891326904 0.0 100 134.00000721216202 79.00000289082527 53.000004440546036
15.294116735458374 -12.15686321258545 0.0 100 142.00000673532486 89.00000229477882 60.00000402331352
15.294116735458374 -11.372549533843994 0.0 100 125.00000774860382 67.00000360608101 46.000001057982445
15.294116735458374 -10.588235855102539 0.0 100 152.0000061392784 99.00000929832458 63.00000384449959
15.294116735458374 -9.803922176361084 0.0 100 150.0000062584877 96.00000947713852 63.00000384449959
15.294116735458374 -9.019608497619629 0.0 100 149.00000631809235 99.00000929832458 66.00000366568565
15.294116735458374 -8.235294818878174 0.0 100 120.00000804662704 73.00000324845314 54.00000438094139
15.294116735458374 -7.450981140136719 0.0 100 151.00000619888306 99.00000929832458 63.00000384449959
15.294116735458374 -6.666667461395264 0.0 100 159.0000057220459 110.00000864267349 73.00000324845314
15.294116735458374 -5.882353782653809 0.0 100 162.00000554323196 113.00000846385956 74.0000031888485
15.294116735458374 -5.0980401039123535 0.0 100 158.00000578165054 107.00000882148743 74.0000031888485
15.294116735458374 -4.313726425170898 0.0 100 166.00000530481339 118.00000816583633 78.00000295042992
15.294116735458374 -3.5294127464294434 0.0 100 166.00000530481339 117.00000822544098 82.00000271201134
15.294116735458374 -2.7450990676879883 0.0 100 167.00000524520874 118.00000816583633 82.00000271201134
15.294116735458374 -1.9607853889465332 0.0 100 161.0000056028366 116.00000828504562 88.00000235438347
15.294116735458374 -1.1764715611934662 0.0 100 167.00000524520874 122.00000792741776 94.0000019967556
15.294116735458374 -0.39215780794620514 0.0 100 162.00000554323196 127.00000762939453 108.00000876188278
15.294116735458374 0.3921560198068619 0.0 100 169.00000512599945 133.00000727176666 108.00000876188278
15.294116735458374 1.176469773054123 0.0 100 171.00000500679016 141.0000067949295 120.00000804662704
15.294116735458374 1.96078360080719 0.0 100 167.00000524520874 133.00000727176666 119.00000810623169
15.294116735458374 10.588234663009644 0.0 100 168.0000051856041 123.00000786781311 92.00000211596489
15.294116735458374 11.372548341751099 0.0 100 164.00000542402267 114.00000840425491 84.00000259280205
15.294116735458374 12.156862020492554 0.0 100 163.00000548362732 111.00000858306885 80.00000283122063
15.294116735458374 12.941175699234009 0.0 100 168.0000051856041 117.00000822544098 79.00000289082527
15.294116735458374 13.725489377975464 0.0 100 153.00000607967377 101.0000091791153 74.0000031888485
15.294116735458374 14.509803056716919 0.0 100 156.00000590085983 101.0000091791153 70.00000342726707
15.294116735458374 15.294116735458374 0.0 100 154.00000602006912 97.00000941753387 66.00000366568565
16.07843041419983 -16.078431606292725 0.0 100 155.00000596046448 107.00000882148743 64.00000378489494
16.07843041419983 -15.29411792755127 0.0 100 119.00000810623169 56.0000042617321 38.0000015348196
16.07843041419983 -14.509804248809814 0.0 100 139.0000069141388 87.00000241398811 57.00000420212746
16.07843041419983 -13.72549057006836 0.0 100 154.00000602006912 96.00000947713852 57.00000420212746
16.07843041419983 -12.941176891326904 0.0 100 154.00000602006912 102.00000911951065 66.00000366568565
16.07843041419983 -12.15686321258545 0.0 100 158.00000578165054 108.00000876188278 64.00000378489494
16.07843041419983 -11.372549533843994 0.0 100 155.00000596046448 99.00000929832458 63.00000384449959
16.07843041419983 -10.588235855102539 0.0 100 151.00000619888306 98.00000935792923 62.00000390410423
16.07843041419983 -9.803922176361084 0.0 100 152.0000061392784 99.00000929832458 66.00000366568565
16.07843041419983 -9.019608497619629 0.0 100 128.0000075697899 78.00000295042992 57.00000420212746
16.07843041419983 -8.235294818878174 0.0 100 159.0000057220459 114.00000840425491 74.0000031888485
16.07843041419983 -7.450981140136719 0.0 100 150.0000062584877 102.00000911951065 72.00000330805779
16.07843041419983 -6.666667461395264 0.0 100 158.00000578165054 107.00000882148743 74.0000031888485
16.07843041419983 -5.882353782653809 0.0 100 144.00000661611557 90.00000223517418 68.00000354647636
16.07843041419983 -5.0980401039123535 0.0 100 157.0000058412552 110.00000864267349 79.00000289082527
16.07843041419983 -4.313726425170898 0.0 100 166.00000530481339 115.00000834465027 77.00000301003456
16.07843041419983 -3.5294127464294434 0.0 100 167.00000524520874 121.0000079870224 85.0000025331974
16.07843041419983 -2.7450990676879883 0.0 100 164.00000542402267 115.00000834465027 83.00000265240669
16.07843041419983 -1.9607853889465332 0.0 100 170.0000050663948 126.00000768899918 92.00000211596489
16.07843041419983 -1.1764715611934662 0.0 100 158.00000578165054 116.00000828504562 95.00000193715096
16.07843041419983 -0.39215780794620514 0.0 100 167.00000524520874 125.00000774860382 102.00000911951065
16.07843041419983 0.3921560198068619 0.0 100 163.00000548362732 128.0000075697899 110.00000864267349
16.07843041419983 1.176469773054123 0.0 100 176.00000470876694 141.0000067949295 114.00000840425491
16.07843041419983 1.96078360080719 0.0 100 170.0000050663948 134.00000721216202 118.00000816583633
16.07843041419983 11.372548341751099 0.0 100 163.00000548362732 114.00000840425491 87.00000241398811
16.07843041419983 12.156862020492554 0.0 100 153.00000607967377 103.000009059906 81.00000277161598
16.07843041419983 12.941175699234009 0.0 100 159.0000057220459 106.00000888109207 80.00000283122063
16.07843041419983 13.725489377975464 0.0 100 156.00000590085983 102.00000911951065 75.00000312924385
16.07843041419983 14.509803056716919 0.0 100 167.00000524520874 122.00000792741776 81.00000277161598
16.07843041419983 15.294116735458374 0.0 100 160.00000566244125 106.00000888109207 72.00000330805779
16.07843041419983 16.07843041419983 0.0 100 161.0000056028366 106.00000888109207 71.00000336766243
16.862744092941284 -16.86274528503418 0.0 100 149.00000631809235 98.00000935792923 64.00000378489494
16.862744092941284 -16.078431606292725 0.0 100 148.000006377697 97.00000941753387 66.00000366568565
16.862744092941284 -15.29411792755127 0.0 100 144.00000661611557 84.00000259280205 52.00000450015068
16.862744092941284 -14.509804248809814 0.0 100 154.00000602006912 100.00000923871994 62.00000390410423
16.862744092941284 -13.72549057006836 0.0 100 147.00000643730164 96.00000947713852 66.00000366568565
16.862744092941284 -12.941176891326904 0.0 100 124.00000780820847 66.00000366568565 48.00000473856926
16.862744092941284 -12.15686321258545 0.0 100 146.00000649690628 91.00000217556953 60.00000402331352
16.862744092941284 -11.372549533843994 0.0 100 153.00000607967377 102.00000911951065 69.00000348687172
16.862744092941284 -10.588235855102539 0.0 100 141.0000067949295 86.00000247359276 60.00000402331352
16.862744092941284 -9.803922176361084 0.0 100 152.0000061392784 101.0000091791153 66.00000366568565
16.862744092941284 -9.019608497619629 0.0 100 156.00000590085983 108.00000876188278 73.00000324845314
16.862744092941284 -8.235294818878174 0.0 100 135.00000715255737 84.00000259280205 62.00000390410423
16.862744092941284 -7.450981140136719 0.0 100 149.00000631809235 100.00000923871994 71.00000336766243
16.862744092941284 -6.666667461395264 0.0 100 161.0000056028366 110.00000864267349 72.00000330805779
16.862744092941284 -5.882353782653809 0.0 100 150.0000062584877 98.00000935792923 70.00000342726707
16.862744092941284 -5.0980401039123535 0.0 100 159.0000057220459 112.0000085234642 80.00000283122063
16.862744092941284 -4.313726425170898 0.0 100 157.0000058412552 113.00000846385956 82.00000271201134
16.862744092941284 -3.5294127464294434 0.0 100 167.00000524520874 129.00000751018524 95.00000193715096
16.862744092941284 -2.7450990676879883 0.0 100 162.00000554323196 115.00000834465027 85.0000025331974
16.862744092941284 -1.9607853889465332 0.0 100 155.00000596046448 109.00000870227814 87.00000241398811
16.862744092941284 -1.1764715611934662 0.0 100 139.0000069141388 102.00000911951065 90.00000223517418
16.862744092941284 -0.39215780794620514 0.0 100 163.00000548362732 125.00000774860382 103.000009059906
16.862744092941284 0.3921560198068619 0.0 100 171.00000500679016 131.00000739097595 109.00000870227814
16.862744092941284 1.176469773054123 0.0 100 153.00000607967377 119.00000810623169 108.00000876188278
16.862744092941284 1.96078360080719 0.0 100 166.00000530481339 131.00000739097595 116.00000828504562
16.862744092941284 11.372548341751099 0.0 100 171.00000500679016 125.00000774860382 91.00000217556953
16.862744092941284 12.156862020492554 0.0 100 155.00000596046448 105.00000894069672 83.00000265240669
16.862744092941284 12.941175699234009 0.0 100 164.00000542402267 114.00000840425491 83.00000265240669
16.862744092941284 13.725489377975464 0.0 100 160.00000566244125 109.00000870227814 81.00000277161598
16.862744092941284 14.509803056716919 0.0 100 159.0000057220459 107.00000882148743 77.00000301003456
16.862744092941284 15.294116735458374 0.0 100 159.0000057220459 104.00000900030136 74.0000031888485
16.862744092941284 16.07843041419983 0.0 100 161.0000056028366 104.00000900030136 72.00000330805779
16.862744092941284 16.862744092941284 0.0 100 162.00000554323196 103.000009059906 68.00000354647636
17.64705777168274 -17.647058963775635 0.0 100 150.0000062584877 96.00000947713852 63.00000384449959
17.64705777168274 -16.86274528503418 0.0 100 141.0000067949295 88.00000235438347 61.00000396370888
17.64705777168274 -16.078431606292725 0.0 100 149.00000631809235 97.00000941753387 64.00000378489494
17.64705777168274 -15.29411792755127 0.0 100 135.00000715255737 84.00000259280205 60.00000402331352
17.64705777168274 -14.509804248809814 0.0 100 144.00000661611557 88.00000235438347 57.00000420212746
17.64705777168274 -13.72549057006836 0.0 100 147.00000643730164 93.00000205636024 60.00000402331352
17.64705777168274 -12.941176891326904 0.0 100 153.00000607967377 100.00000923871994 64.00000378489494
17.64705777168274 -12.15686321258545 0.0 100 143.00000667572021 89.00000229477882 63.00000384449959
17.64705777168274 -11.372549533843994 0.0 100 156.00000590085983 107.00000882148743 67.00000360608101
17.64705777168274 -10.588235855102539 0.0 100 150.0000062584877 99.00000929832458 68.00000354647636
17.64705777168274 -9.803922176361084 0.0 100 152.0000061392784 105.00000894069672 71.00000336766243
17.64705777168274 -9.019608497619629 0.0 100 159.0000057220459 114.00000840425491 73.00000324845314
17.64705777168274 -8.235294818878174 0.0 100 152.0000061392784 94.0000019967556 61.00000396370888
17.64705777168274 -7.450981140136719 0.0 100 137.00000703334808 84.00000259280205 64.00000378489494
17.64705777168274 -6.666667461395264 0.0 100 119.00000810623169 73.00000324845314 58.00000414252281
17.64705777168274 -5.882353782653809 0.0 100 155.00000596046448 106.00000888109207 74.0000031888485
17.64705777168274 -5.0980401039123535 0.0 100 152.0000061392784 103.000009059906 77.00000301003456
17.64705777168274 -4.313726425170898 0.0 100 158.00000578165054 113.00000846385956 84.00000259280205
17.64705777168274 -3.5294127464294434 0.0 100 160.00000566244125 113.00000846385956 84.00000259280205
17.64705777168274 -2.7450990676879883 0.0 100 159.0000057220459 112.0000085234642 85.0000025331974
17.64705777168274 -1.9607853889465332 0.0 100 168.0000051856041 125.00000774860382 91.00000217556953
17.64705777168274 -1.1764715611934662 0.0 100 161.0000056028366 120.00000804662704 98.00000935792923
17.64705777168274 -0.39215780794620514 0.0 100 163.00000548362732 122.00000792741776 102.00000911951065
17.64705777168274 0.3921560198068619 0.0 100 164.00000542402267 124.00000780820847 107.00000882148743
17.64705777168274 1.176469773054123 0.0 100 165.00000536441803 131.00000739097595 116.00000828504562
17.64705777168274 1.96078360080719 0.0 100 175.00000476837158 141.0000067949295 119.00000810623169
17.64705777168274 12.156862020492554 0.0 100 162.00000554323196 114.00000840425491 88.00000235438347
17.64705777168274 12.941175699234009 0.0 100 164.00000542402267 113.00000846385956 85.0000025331974
17.64705777168274 13.725489377975464 0.0 100 158.00000578165054 107.00000882148743 81.00000277161598
17.64705777168274 14.509803056716919 0.0 100 154.00000602006912 101.0000091791153 77.00000301003456
17.64705777168274 15.294116735458374 0.0 100 155.00000596046448 102.00000911951065 74.0000031888485
17.64705777168274 16.07843041419983 0.0 100 155.00000596046448 101.0000091791153 74.0000031888485
17.64705777168274 16.862744092941284 0.0 100 137.00000703334808 84.00000259280205 64.00000378489494
17.64705777168274 17.64705777168274 0.0 100 157.0000058412552 99.00000929832458 66.00000366568565
18.431371450424194 -18.43137264251709 0.0 100 153.00000607967377 102.00000911951065 69.00000348687172
18.431371450424194 -17.647058963775635 0.0 100 151.00000619888306 99.00000929832458 63.00000384449959
18.431371450424194 -16.86274528503418 0.0 100 154.00000602006912 106.00000888109207 66.00000366568565
18.431371450424194 -16.078431606292725 0.0 100 146.00000649690628 98.00000935792923 64.00000378489494
18.431371450424194 -15.29411792755127 0.0 100 151.00000619888306 95.00000193715096 59.00000408291817
18.431371450424194 -14.509804248809814 0.0 100 147.00000643730164 94.0000019967556 60.00000402331352
18.431371450424194 -13.72549057006836 0.0 100 116.00000828504562 68.00000354647636 53.000004440546036
18.431371450424194 -12.941176891326904 0.0 100 150.0000062584877 107.00000882148743 70.00000342726707
18.431371450424194 -12.15686321258545 0.0 100 143.00000667572021 87.00000241398811 61.00000396370888
18.431371450424194 -11.372549533843994 0.0 100 156.00000590085983 101.0000091791153 65.0000037252903
18.431371450424194 -10.588235855102539 0.0 100 148.000006377697 98.00000935792923 67.00000360608101
18.431371450424194 -9.803922176361084 0.0 100 127.00000762939453 76.0000030696392 55.000004321336746
18.431371450424194 -9.019608497619629 0.0 100 148.000006377697 106.00000888109207 73.00000324845314
18.431371450424194 -8.235294818878174 0.0 100 168.0000051856041 128.0000075697899 80.00000283122063
18.431371450424194 -7.450981140136719 0.0 100 155.00000596046448 103.000009059906 69.00000348687172
18.431371450424194 -6.666667461395264 0.0 100 162.00000554323196 116.00000828504562 76.0000030696392
18.431371450424194 -5.882353782653809 0.0 100 142.00000673532486 92.00000211596489 71.00000336766243
18.431371450424194 -5.0980401039123535 0.0 100 153.00000607967377 104.00000900030136 76.0000030696392
18.431371450424194 -4.313726425170898 0.0 100 164.00000542402267 122.00000792741776 87.00000241398811
18.431371450424194 -3.5294127464294434 0.0 100 151.00000619888306 105.00000894069672 82.00000271201134
18.431371450424194 -2.7450990676879883 0.0 100 164.00000542402267 122.00000792741776 93.00000205636024
18.431371450424194 -1.9607853889465332 0.0 100 157.0000058412552 114.00000840425491 91.00000217556953
18.431371450424194 -1.1764715611934662 0.0 100 162.00000554323196 121.0000079870224 98.00000935792923
18.431371450424194 -0.39215780794620514 0.0 100 162.00000554323196 123.00000786781311 103.000009059906
18.431371450424194 0.3921560198068619 0.0 100 170.0000050663948 132.0000073313713 109.00000870227814
18.431371450424194 1.176469773054123 0.0 100 168.0000051856041 133.00000727176666 114.00000840425491
18.431371450424194 1.96078360080719 0.0 100 168.0000051856041 132.0000073313713 116.00000828504562
18.431371450424194 2.745097279548645 0.0 100 152.0000061392784 119.00000810623169 107.00000882148743
18.431371450424194 12.156862020492554 0.0 100 148.000006377697 103.000009059906 76.0000030696392
18.431371450424194 12.941175699234009 0.0 100 161.0000056028366 112.0000085234642 86.00000247359276
18.431371450424194 13.725489377975464 0.0 100 157.0000058412552 104.00000900030136 81.00000277161598
18.431371450424194 14.509803056716919 0.0 100 154.00000602006912 103.000009059906 78.00000295042992
18.431371450424194 15.294116735458374 0.0 100 160.00000566244125 107.00000882148743 79.00000289082527
18.431371450424194 16.07843041419983 0.0 100 153.00000607967377 99.00000929832458 72.00000330805779
18.431371450424194 16.862744092941284 0.0 100 141.0000067949295 88.00000235438347 66.00000366568565
18.431371450424194 17.64705777168274 0.0 100 148.000006377697 98.00000935792923 73.00000324845314
18.431371450424194 18.431371450424194 0.0 100 157.0000058412552 102.00000911951065 69.00000348687172
19.215686321258545 -19.215686321258545 0.0 100 158.00000578165054 107.00000882148743 68.00000354647636
19.215686321258545 -18.43137264251709 0.0 100 151.00000619888306 97.00000941753387 63.00000384449959
19.215686321258545 -17.647058963775635 0.0 100 147.00000643730164 93.00000205636024 61.00000396370888
19.215686321258545 -16.86274528503418 0.0 100 129.00000751018524 76.0000030696392 55.000004321336746
19.215686321258545 -16.078431606292725 0.0 100 148.000006377697 93.00000205636024 61.00000396370888
19.215686321258545 -15.29411792755127 0.0 100 144.00000661611557 89.00000229477882 59.00000408291817
19.215686321258545 -14.509804248809814 0.0 100 140.00000685453415 85.0000025331974 59.00000408291817
19.215686321258545 -13.72549057006836 0.0 100 156.00000590085983 103.000009059906 65.0000037252903
19.215686321258545 -12.941176891326904 0.0 100 128.0000075697899 77.00000301003456 56.0000042617321
19.215686321258545 -12.15686321258545 0.0 100 150.0000062584877 96.00000947713852 62.00000390410423
19.215686321258545 -11.372549533843994 0.0 100 155.00000596046448 107.00000882148743 73.00000324845314
19.215686321258545 -10.588235855102539 0.0 100 144.00000661611557 92.00000211596489 64.00000378489494
19.215686321258545 -9.803922176361084 0.0 100 152.0000061392784 100.00000923871994 68.00000354647636
19.215686321258545 -9.019608497619629 0.0 100 141.0000067949295 88.00000235438347 63.00000384449959
19.215686321258545 -8.235294818878174 0.0 100 154.00000602006912 100.00000923871994 68.00000354647636
19.215686321258545 -7.450981140136719 0.0 100 133.00000727176666 82.00000271201134 62.00000390410423
19.215686321258545 -6.666667461395264 0.0 100 157.0000058412552 108.00000876188278 76.0000030696392
19.215686321258545 -5.882353782653809 0.0 100 134.00000721216202 84.00000259280205 66.00000366568565
19.215686321258545 -5.0980401039123535 0.0 100 155.00000596046448 104.00000900030136 78.00000295042992
19.215686321258545 -4.313726425170898 0.0 100 161.0000056028366 113.00000846385956 83.00000265240669
19.215686321258545 -3.5294127464294434 0.0 100 156.00000590085983 110.00000864267349 84.00000259280205
19.215686321258545 -2.7450990676879883 0.0 100 154.00000602006912 111.00000858306885 89.00000229477882
19.215686321258545 -1.9607853889465332 0.0 100 166.00000530481339 121.0000079870224 94.0000019967556
19.215686321258545 -1.1764715611934662 0.0 100 161.0000056028366 118.00000816583633 97.00000941753387
19.215686321258545 -0.39215780794620514 0.0 100 165.00000536441803 127.00000762939453 104.00000900030136
19.215686321258545 0.3921560198068619 0.0 100 159.0000057220459 121.0000079870224 105.00000894069672
19.215686321258545 1.176469773054123 0.0 100 162.00000554323196 128.0000075697899 113.00000846385956
19.215686321258545 1.96078360080719 0.0 100 171.00000500679016 137.00000703334808 118.00000816583633
19.215686321258545 2.745097279548645 0.0 100 172.00000494718552 141.0000067949295 122.00000792741776
19.215686321258545 12.941175699234009 0.0 100 163.00000548362732 113.00000846385956 88.00000235438347
19.215686321258545 13.725489377975464 0.0 100 161.0000056028366 111.00000858306885 85.0000025331974
19.215686321258545 14.509803056716919 0.0 100 162.00000554323196 109.00000870227814 81.00000277161598
19.215686321258545 15.294116735458374 0.0 100 155.00000596046448 101.0000091791153 77.00000301003456
19.215686321258545 16.07843041419983 0.0 100 157.0000058412552 106.00000888109207 78.00000295042992
19.215686321258545 16.862744092941284 0.0 100 157.0000058412552 102.00000911951065 74.0000031888485
19.215686321258545 17.64705777168274 0.0 100 149.00000631809235 96.00000947713852 70.00000342726707
19.215686321258545 18.431371450424194 0.0 100 148.000006377697 92.00000211596489 66.00000366568565
19.215686321258545 19.215686321258545 0.0 100 158.00000578165054 101.0000091791153 69.00000348687172
9.736595749855042 -4.5693182945251465 0.2939152345061302 100 149.00000631809235 119.00000810623169 102.00000911951065
9.622091054916382 -4.6552470326423645 0.2933857776224613 100 143.00000667572021 95.00000193715096 63.00000384449959
9.922170639038086 -4.546498358249664 0.3755556419491768 100 143.00000667572021 106.00000888109207 87.00000241398811
9.384808540344238 -4.795978665351868 0.07445114199072123 100 54.00000438094139 29.000002071261406 17.00000088661909
10.076742172241211 -4.827160537242889 0.3696189448237419 100 146.00000649690628 93.00000205636024 61.00000396370888
10.32646894454956 -4.456219673156738 0.28000928461551666 100 163.00000548362732 118.00000816583633 82.00000271201134
10.189899206161499 -4.253829121589661 0.28064630925655365 100 163.00000548362732 113.00000846385956 75.00000312924385
9.39565360546112 -4.691460430622101 0.20944973453879356 100 97.00000941753387 64.00000378489494 46.000001057982445
9.384629726409912 -4.753490090370178 0.1892775483429432 100 69.00000348687172 40.00000141561031 23.000000528991222
9.429101943969727 -4.711474180221558 0.24163451045751572 100 144.00000661611557 106.00000888109207 82.00000271201134
9.48682963848114 -4.921942055225372 0.22378811612725258 100 109.00000870227814 65.0000037252903 38.0000015348196
10.12317419052124 -4.176537096500397 0.18126921728253365 100 155.00000596046448 113.00000846385956 82.00000271201134
9.48089599609375 -4.9498069286346436 0.1968749426305294 100 133.00000727176666 90.00000223517418 57.00000420212746
9.414238929748535 -4.830417633056641 0.19292887300252914 100 70.00000342726707 40.00000141561031 23.000000528991222
9.429651498794556 -4.7934290766716 0.22998418658971786 100 126.00000768899918 79.00000289082527 47.0000009983778
9.514704942703247 -4.999137222766876 0.14960621483623981 100 134.00000721216202 88.00000235438347 56.0000042617321
9.384407997131348 -4.796703457832336 0.14989147894084454 100 53.000004440546036 29.000002071261406 18.000000827014446
9.390931725502014 -4.575238227844238 0.11160164140164852 100 82.00000271201134 52.00000450015068 37.00000159442425
10.112320184707642 -4.797676503658295 0.378614142537117 100 158.00000578165054 104.00000900030136 65.0000037252903
10.082200765609741 -4.182644188404083 0.017087350133806467 100 112.0000085234642 67.00000360608101 38.0000015348196
9.82938289642334 -4.557908475399017 0.3347354382276535 100 143.00000667572021 112.0000085234642 99.00000929832458
9.679343104362488 -4.6122825145721436 0.29365049675107 100 124.00000780820847 112.0000085234642 106.00000888109207
9.772130846977234 -4.600872695446014 0.3344707190990448 100 148.000006377697 106.00000888109207 79.00000289082527
9.425233006477356 -4.806342720985413 0.003861084987875074 100 136.00000709295273 101.0000091791153 64.00000378489494
9.38749611377716 -4.675443768501282 0.07504100911319256 100 52.00000450015068 28.00000213086605 16.000000946223736
9.427921175956726 -4.685807824134827 0.004450955020729452 100 135.00000715255737 83.00000265240669 50.00000461935997
9.849416613578796 -4.741203784942627 0.3315023332834244 100 146.00000649690628 97.00000941753387 59.00000408291817
10.010024309158325 -4.689845144748688 0.37490252405405045 100 152.0000061392784 98.00000935792923 57.00000420212746
9.865884780883789 -4.329501688480377 0.1674075424671173 100 139.0000069141388 109.00000870227814 91.00000217556953
9.77309763431549 -4.340911507606506 0.12658732943236828 100 149.00000631809235 113.00000846385956 89.00000229477882
9.590175151824951 -5.0345999002456665 0.025987669359892607 100 56.0000042617321 31.000001952052116 20.000000707805157
10.071834325790405 -4.657893180847168 0.3670138493180275 100 152.0000061392784 100.00000923871994 69.00000348687172
10.275936126708984 -4.668649733066559 0.32296668738126755 100 161.0000056028366 118.00000816583633 86.00000247359276
10.147407054901123 -4.563286304473877 0.33613890409469604 100 159.0000057220459 121.0000079870224 100.00000923871994
10.1348876953125 -4.504374563694 0.33009767532348633 100 155.00000596046448 119.00000810623169 102.00000911951065
10.338988304138184 -4.515131115913391 0.2860505133867264 100 155.00000596046448 118.00000816583633 97.00000941753387
10.05603551864624 -4.400163888931274 0.3281009569764137 100 150.0000062584877 115.00000834465027 97.00000941753387
9.999749064445496 -4.183166921138763 0.11995286680758 100 149.00000631809235 114.00000840425491 89.00000229477882
9.4123774766922 -4.701467156410217 0.2255421131849289 100 132.0000073313713 98.00000935792923 77.00000301003456
9.39014196395874 -4.722475111484528 0.19936364144086838 100 73.00000324845314 41.00000135600567 22.000000588595867
9.40686583518982 -4.732482135295868 0.2154560387134552 100 93.00000205636024 53.000004440546036 31.000001952052116
9.554460644721985 -4.788594543933868 0.25858692824840546 100 138.00000697374344 84.00000259280205 52.00000450015068
9.7817862033844 -4.874551296234131 0.296703539788723 100 159.0000057220459 103.000009059906 63.00000384449959
10.088492631912231 -4.169263541698456 0.08168552070856094 100 156.00000590085983 105.00000894069672 65.0000037252903
9.966386556625366 -4.144521057605743 0.07026433479040861 100 129.00000751018524 92.00000211596489 74.0000031888485
9.413828253746033 -4.843229055404663 0.02264706650748849 100 56.0000042617321 30.00000201165676 18.000000827014446
9.461872577667236 -4.920143187046051 0.08385897614061832 100 56.0000042617321 30.00000201165676 19.0000007674098
9.432852268218994 -4.872892796993256 0.13566304929554462 100 55.000004321336746 29.000002071261406 20.000000707805157
9.421945214271545 -4.8119232058525085 0.2114565297961235 100 82.00000271201134 50.00000461935997 28.00000213086605
9.450534582138062 -4.876179993152618 0.2083585038781166 100 71.00000336766243 41.00000135600567 25.000002309679985
9.458240866661072 -4.857685565948486 0.22688614204525948 100 119.00000810623169 76.0000030696392 45.00000111758709
10.156537294387817 -4.215183258056641 0.2309577539563179 100 164.00000542402267 115.00000834465027 76.0000030696392
9.747527837753296 -4.920410215854645 0.2492784895002842 100 141.0000067949295 88.00000235438347 53.000004440546036
9.497800469398499 -4.974472224712372 0.17324058338999748 100 149.00000631809235 103.000009059906 65.0000037252903
9.54658329486847 -5.017214417457581 0.13413053005933762 100 87.00000241398811 51.000004559755325 30.00000201165676
9.432651996612549 -4.87325519323349 0.1733832061290741 100 54.00000438094139 29.000002071261406 19.0000007674098
9.384608268737793 -4.796341061592102 0.11217131279408932 100 55.000004321336746 30.00000201165676 17.00000088661909
9.387295842170715 -4.675806164741516 0.11276117525994778 100 46.000001057982445 22.000000588595867 13.00000112503767
10.258184671401978 -4.3550243973731995 0.28032779693603516 100 155.00000596046448 107.00000882148743 78.00000295042992
9.434426426887512 -4.436461925506592 0.004760400915984064 100 56.0000042617321 29.000002071261406 18.000000827014446
9.740594625473022 -4.356203377246857 0.12153113260865211 100 147.00000643730164 111.00000858306885 89.00000229477882
9.613173007965088 -4.440310895442963 0.12146461755037308 100 133.00000727176666 99.00000929832458 86.00000247359276
9.38778042793274 -4.664364159107208 0.15043959952890873 100 54.00000438094139 28.00000213086605 15.00000100582838
9.393292665481567 -4.633349180221558 0.16052568331360817 100 82.00000271201134 54.00000438094139 43.00000123679638
9.442701935768127 -4.501381814479828 0.079231858253479 100 149.00000631809235 112.0000085234642 88.00000235438347
9.440340995788574 -4.4432708621025085 0.030307816341519356 100 95.00000193715096 62.00000390410423 45.00000111758709
9.483863115310669 -4.93587464094162 0.210331529378891 100 144.00000661611557 100.00000923871994 64.00000378489494
9.447567462921143 -4.890112280845642 0.19490191712975502 100 65.0000037252903 37.00000159442425 22.000000588595867
9.77881908416748 -4.888483881950378 0.2832469530403614 100 142.00000673532486 91.00000217556953 55.000004321336746
10.127670764923096 -4.182009398937225 0.14104746282100677 100 151.00000619888306 104.00000900030136 64.00000378489494
10.094531774520874 -4.812418520450592 0.37411656230688095 100 153.00000607967377 101.0000091791153 63.00000384449959
10.027812719345093 -4.67510312795639 0.3794001042842865 100 150.0000062584877 97.00000941753387 60.00000402331352
10.149024724960327 -4.797234535217285 0.3591429442167282 100 150.0000062584877 97.00000941753387 56.0000042617321
9.439967274665833 -4.433106184005737 0.012322431430220604 100 56.0000042617321 29.000002071261406 18.000000827014446
9.387407302856445 -4.654199481010437 0.13245421461760998 100 44.000001177191734 21.000000648200512 13.00000112503767
9.390558004379272 -4.565073549747467 0.09361626580357552 100 50.00000461935997 25.000002309679985 13.00000112503767
9.429376721382141 -4.752451479434967 0.2358093485236168 100 107.00000882148743 64.00000378489494 35.00000171363354
9.407140612602234 -4.773459434509277 0.20963085815310478 100 95.00000193715096 56.0000042617321 30.00000201165676
9.525871276855469 -4.724338054656982 0.26168497279286385 100 143.00000667572021 91.00000217556953 55.000004321336746
9.525596499443054 -4.683360457420349 0.26751013472676277 100 151.00000619888306 120.00000804662704 106.00000888109207
9.582849144935608 -4.640396237373352 0.26777487248182297 100 139.0000069141388 119.00000810623169 107.00000882148743
9.478777050971985 -4.944808185100555 0.06022460758686066 100 54.00000438094139 29.000002071261406 19.0000007674098
9.514608979225159 -4.999126195907593 0.06262926384806633 100 105.00000894069672 60.00000402331352 34.00000177323818
9.566124677658081 -4.630389213562012 0.25168247520923615 100 147.00000643730164 115.00000834465027 95.00000193715096
10.045450925827026 -4.85908716917038 0.3356504812836647 100 145.00000655651093 92.00000211596489 58.00000414252281
9.38451886177063 -4.775096774101257 0.169584508985281 100 54.00000438094139 30.00000201165676 17.00000088661909
9.399434328079224 -4.791953861713409 0.19110321998596191 100 56.0000042617321 31.000001952052116 20.000000707805157
4.886167049407959 -3.2868582010269165 0.2933857776224613 100 145.00000655651093 94.0000019967556 58.00000414252281
4.854156970977783 -3.604426085948944 0.3755556419491768 100 146.00000649690628 91.00000217556953 59.00000408291817
4.459569454193115 -3.3348628878593445 0.1583414524793625 100 91.00000217556953 56.0000042617321 31.000001952052116
4.503802955150604 -3.5380584001541138 0.301681999117136 100 74.0000031888485 38.0000015348196 24.00000236928463
4.562554061412811 -3.082868456840515 0.11865485459566116 100 62.00000390410423 33.00000183284283 18.000000827014446
4.862143099308014 -3.012028932571411 0.07445114199072123 100 139.0000069141388 86.00000247359276 46.000001057982445
5.07707953453064 -3.121325969696045 0.07563088089227676 100 143.00000667572021 95.00000193715096 59.00000408291817
4.547312259674072 -3.879895508289337 0.321924053132534 100 124.00000780820847 72.00000330805779 44.000001177191734
4.495900571346283 -3.8205209374427795 0.03040848532691598 100 64.00000378489494 40.00000141561031 25.000002309679985
4.534234702587128 -3.6221277713775635 0.3696189448237419 100 116.00000828504562 69.00000348687172 45.00000111758709
4.8395636677742 -3.6208611726760864 0.380186066031456 100 137.00000703334808 78.00000295042992 52.00000450015068
4.498293995857239 -3.592037260532379 0.2608078718185425 100 59.00000408291817 32.00000189244747 18.000000827014446
4.438494443893433 -3.457242250442505 0.0020950438920408487 100 79.00000289082527 47.0000009983778 23.000000528991222
4.53826516866684 -3.7612304091453552 0.353841632604599 100 94.0000019967556 55.000004321336746 30.00000201165676
4.643306732177734 -3.9794349670410156 0.2920917421579361 100 154.00000602006912 103.000009059906 58.00000414252281
4.760344624519348 -4.007919430732727 0.28000928461551666 100 147.00000643730164 93.00000205636024 48.00000473856926
5.00192403793335 -3.9725282788276672 0.28064630925655365 100 151.00000619888306 93.00000205636024 53.000004440546036
4.951641857624054 -3.067089319229126 0.20944973453879356 100 151.00000619888306 97.00000941753387 57.00000420212746
4.900513589382172 -3.0302777886390686 0.1892775483429432 100 137.00000703334808 88.00000235438347 53.000004440546036
4.919111430644989 -3.08856338262558 0.24163451045751572 100 161.0000056028366 112.0000085234642 74.0000031888485
4.704413115978241 -3.0493980646133423 0.22378811612725258 100 144.00000661611557 97.00000941753387 66.00000366568565
4.659716188907623 -4.00116890668869 0.26682954281568527 100 143.00000667572021 92.00000211596489 49.000004678964615
4.659578800201416 -4.000667035579681 0.0933441799134016 100 118.00000816583633 78.00000295042992 47.0000009983778
4.681870937347412 -3.0319765210151672 0.1968749426305294 100 104.00000900030136 62.00000390410423 36.00000165402889
4.818353056907654 -3.023630976676941 0.19292887300252914 100 125.00000774860382 78.00000295042992 46.000001057982445
4.845011234283447 -3.0535486340522766 0.22998418658971786 100 150.0000062584877 101.0000091791153 70.00000342726707
4.6227627992630005 -3.0410733819007874 0.14960621483623981 100 79.00000289082527 44.000001177191734 24.00000236928463
4.861663281917572 -3.01135390996933 0.14989147894084454 100 111.00000858306885 67.00000360608101 40.00000141561031
4.456024765968323 -3.3791622519493103 0.1777295023202896 100 85.0000025331974 47.0000009983778 31.000001952052116
4.485170543193817 -3.7577933073043823 0.03749355906620622 100 65.0000037252903 39.00000147521496 20.000000707805157
5.058434009552002 -3.1131911277770996 0.11160164140164852 100 138.00000697374344 84.00000259280205 50.00000461935997
4.435591995716095 -3.4158197045326233 0.023482658434659243 100 55.000004321336746 31.000001952052116 18.000000827014446
4.545392096042633 -3.666968047618866 0.378614142537117 100 142.00000673532486 89.00000229477882 56.0000042617321
4.521508812904358 -3.639248013496399 0.3644442930817604 100 75.00000312924385 39.00000147521496 24.00000236928463
4.884077310562134 -3.5158571600914 0.3347354382276535 100 163.00000548362732 118.00000816583633 80.00000283122063
4.870162010192871 -3.4456422924995422 0.3344707190990448 100 153.00000607967377 104.00000900030136 72.00000330805779
4.511061906814575 -3.208865523338318 0.13849815353751183 100 75.00000312924385 41.00000135600567 23.000000528991222
4.481686353683472 -3.436460793018341 0.230011735111475 100 103.000009059906 57.00000420212746 35.00000171363354
4.533178508281708 -3.3104634284973145 0.21016841754317284 100 93.00000205636024 49.000004678964615 32.00000189244747
4.835287034511566 -3.043971061706543 0.003861084987875074 100 89.00000229477882 47.0000009983778 24.00000236928463
4.969611465930939 -3.066677451133728 0.07504100911319256 100 128.0000075697899 77.00000301003456 46.000001057982445
4.573325514793396 -3.907986283302307 0.1324936468154192 100 66.00000366568565 43.00000123679638 29.000002071261406
4.521606266498566 -3.8502082228660583 0.17616627737879753 100 64.00000378489494 38.0000015348196 23.000000528991222
4.862865507602692 -3.4538596868515015 0.3367859125137329 100 161.0000056028366 116.00000828504562 82.00000271201134
4.710201025009155 -3.45449298620224 0.3315023332834244 100 154.00000602006912 110.00000864267349 81.00000277161598
4.686899185180664 -3.621494472026825 0.37490252405405045 100 160.00000566244125 112.0000085234642 72.00000330805779
4.515955746173859 -3.196551203727722 0.027234898880124092 100 55.000004321336746 27.000002190470695 14.000001065433025
4.5581018924713135 -3.0937254428863525 0.025987669359892607 100 51.000004559755325 23.000000528991222 13.00000112503767
4.5228031277656555 -3.735966384410858 0.29136596247553825 100 58.00000414252281 31.000001952052116 17.00000088661909
4.468394219875336 -3.52463960647583 0.1314514596015215 100 60.00000402331352 32.00000189244747 17.00000088661909
4.492903351783752 -3.668568730354309 0.16200954094529152 100 60.00000402331352 34.00000177323818 18.000000827014446
4.68891441822052 -3.691045641899109 0.3670138493180275 100 147.00000643730164 94.0000019967556 56.0000042617321
4.590786099433899 -3.8703328371047974 0.32296668738126755 100 141.0000067949295 85.0000025331974 51.000004559755325
4.741435348987579 -3.800148069858551 0.33613890409469604 100 151.00000619888306 98.00000935792923 56.0000042617321
4.799953997135162 -3.8143903017044067 0.33009767532348633 100 149.00000631809235 94.0000019967556 54.00000438094139
4.701825678348541 -3.9936771988868713 0.2860505133867264 100 154.00000602006912 105.00000894069672 60.00000402331352
4.928040504455566 -3.7884771823883057 0.3281009569764137 100 146.00000649690628 88.00000235438347 50.00000461935997
4.9353766441345215 -3.077826201915741 0.2255421131849289 100 151.00000619888306 99.00000929832458 60.00000402331352
4.926077723503113 -3.0486834049224854 0.19936364144086838 100 140.00000685453415 87.00000241398811 51.000004559755325
4.90981251001358 -3.059420585632324 0.2154560387134552 100 145.00000655651093 93.00000205636024 62.00000390410423
4.795290231704712 -3.1681281328201294 0.25858692824840546 100 149.00000631809235 101.0000091791153 79.00000289082527
4.619323909282684 -3.335762917995453 0.296703539788723 100 134.00000721216202 91.00000217556953 66.00000366568565
4.80698436498642 -3.0177104473114014 0.02264706650748849 100 164.00000542402267 114.00000840425491 59.00000408291817
4.659647643566132 -4.000917971134186 0.1800868660211563 100 157.0000058412552 109.00000870227814 62.00000390410423
4.629459083080292 -3.9683720469474792 0.018203717190772295 100 123.00000786781311 67.00000360608101 35.00000171363354
4.603445529937744 -3.9402812719345093 0.2076341211795807 100 65.0000037252903 41.00000135600567 28.00000213086605
4.60351437330246 -3.9405322074890137 0.29437679797410965 100 66.00000366568565 43.00000123679638 29.000002071261406
4.542788863182068 -3.820562958717346 0.337882824242115 100 136.00000709295273 82.00000271201134 49.000004678964615
4.595309495925903 -3.9296653866767883 0.30700791627168655 100 93.00000205636024 54.00000438094139 34.00000177323818
4.716848433017731 -3.0276843905448914 0.08385897614061832 100 72.00000330805779 35.00000171363354 20.000000707805157
4.772006869316101 -3.0220025777816772 0.13566304929554462 100 75.00000312924385 38.0000015348196 23.000000528991222
4.8316821455955505 -3.0385899543762207 0.2114565297961235 100 142.00000673532486 97.00000941753387 61.00000396370888
4.7613829374313354 -3.0365145206451416 0.2083585038781166 100 143.00000667572021 96.00000947713852 59.00000408291817
4.774712026119232 -3.0514732003211975 0.22688614204525948 100 158.00000578165054 123.00000786781311 90.00000223517418
4.592836797237396 -3.2850176095962524 0.2492784895002842 100 106.00000888109207 59.00000408291817 35.00000171363354
4.6222123503685 -3.0574223399162292 0.15776490792632103 100 102.00000911951065 63.00000384449959 42.000001296401024
4.652316868305206 -3.0365249514579773 0.17324058338999748 100 100.00000923871994 61.00000396370888 35.00000171363354
4.592658281326294 -3.0619707703590393 0.13413053005933762 100 87.00000241398811 48.00000473856926 29.000002071261406
4.77176696062088 -3.0216652154922485 0.1733832061290741 100 90.00000223517418 49.000004678964615 27.000002190470695
4.861903190612793 -3.0116912722587585 0.11217131279408932 100 93.00000205636024 52.00000450015068 30.00000201165676
4.969371557235718 -3.0663397908210754 0.11276117525994778 100 115.00000834465027 69.00000348687172 42.000001296401024
4.881134033203125 -3.990224003791809 0.28032779693603516 100 140.00000685453415 77.00000301003456 45.00000111758709
4.920743703842163 -3.796694576740265 0.3304161876440048 100 141.0000067949295 82.00000271201134 45.00000111758709
4.477159380912781 -3.4855997562408447 0.21926868706941605 100 50.00000461935997 25.000002309679985 16.000000946223736
4.447259604930878 -3.4182021021842957 0.08991227485239506 100 57.00000420212746 31.000001952052116 16.000000946223736
4.464463591575623 -3.322548270225525 0.047078197821974754 100 56.0000042617321 29.000002071261406 15.00000100582838
4.516241550445557 -3.8188445568084717 0.1797088049352169 100 64.00000378489494 37.00000159442425 19.0000007674098
4.461832642555237 -3.6075177788734436 0.019794302061200142 100 48.00000473856926 27.000002190470695 20.000000707805157
5.005037784576416 -3.090140223503113 0.16052568331360817 100 136.00000709295273 79.00000289082527 46.000001057982445
4.447580873966217 -3.375341296195984 0.09091205894947052 100 55.000004321336746 29.000002071261406 16.000000946223736
4.469909965991974 -3.579033315181732 -0.0029114127391949296 100 166.00000530481339 113.00000846385956 63.00000384449959
4.693141877651215 -3.0406874418258667 0.210331529378891 100 128.0000075697899 82.00000271201134 48.00000473856926
4.750111997127533 -3.027803897857666 0.19490191712975502 100 130.0000074505806 82.00000271201134 47.0000009983778
4.608052670955658 -3.3270519971847534 0.2832469530403614 100 113.00000846385956 68.00000354647636 39.00000147521496
4.692477881908417 -3.6439144611358643 0.3794001042842865 100 152.0000061392784 100.00000923871994 63.00000384449959
4.529887139797211 -3.700239360332489 0.3591429442167282 100 93.00000205636024 50.00000461935997 27.000002190470695
4.534410536289215 -3.75957190990448 0.3431841731071472 100 62.00000390410423 36.00000165402889 18.000000827014446
4.651511311531067 -3.990301787853241 0.2794606424868107 100 111.00000858306885 67.00000360608101 38.0000015348196
4.527871906757355 -3.630687892436981 0.36703161895275116 100 93.00000205636024 53.000004440546036 36.00000165402889
4.5334503054618835 -3.6531081795692444 0.3715292364358902 100 125.00000774860382 77.00000301003456 49.000004678964615
4.5010486245155334 -3.5650476813316345 0.281244944781065 100 59.00000408291817 32.00000189244747 17.00000088661909
4.479914009571075 -3.458610475063324 0.23970576003193855 100 74.0000031888485 38.0000015348196 22.000000588595867
5.067756772041321 -3.1172585487365723 0.09361626580357552 100 136.00000709295273 81.00000277161598 48.00000473856926
4.509901404380798 -3.615642488002777 0.31262606382369995 100 60.00000402331352 33.00000183284283 17.00000088661909
4.512655735015869 -3.5886532068252563 0.33306311815977097 100 69.00000348687172 39.00000147521496 21.000000648200512
4.562568962574005 -3.0827611684799194 0.032928704749792814 100 58.00000414252281 32.00000189244747 16.000000946223736
4.5927101373672485 -3.061888813972473 0.04715357907116413 100 57.00000420212746 30.00000201165676 14.000001065433025
4.846860468387604 -3.6126434803009033 0.3778708353638649 100 145.00000655651093 89.00000229477882 58.00000414252281
4.448040723800659 -3.407067358493805 -0.008953451761044562 100 171.00000500679016 130.0000074505806 68.00000354647636
4.882061183452606 -3.0710560083389282 0.2358093485236168 100 155.00000596046448 109.00000870227814 77.00000301003456
4.8727622628211975 -3.0419132113456726 0.20963085815310478 100 154.00000602006912 107.00000882148743 65.0000037252903
4.865589141845703 -3.1702035665512085 0.26168497279286385 100 158.00000578165054 115.00000834465027 85.0000025331974
4.445808529853821 -3.397490978240967 0.10060608386993408 100 56.0000042617321 29.000002071261406 15.00000100582838
4.437043070793152 -3.436530828475952 0.012788856402039528 100 57.00000420212746 31.000001952052116 18.000000827014446
4.902639389038086 -3.18771094083786 0.26751013472676277 100 165.00000536441803 122.00000792741776 85.0000025331974
4.916554391384125 -3.257925808429718 0.26777487248182297 100 157.0000058412552 114.00000840425491 84.00000259280205
4.687294363975525 -3.0322328209877014 0.06022460758686066 100 70.00000342726707 33.00000183284283 18.000000827014446
4.622814357280731 -3.0409911274909973 0.06262926384806633 100 61.00000396370888 30.00000201165676 18.000000827014446
4.541828632354736 -3.7140992283821106 0.366227887570858 100 115.00000834465027 64.00000378489494 36.00000165402889
4.457797110080719 -3.3570125699043274 0.16803547739982605 100 89.00000229477882 49.000004678964615 29.000002071261406
4.519018828868866 -3.5800930857658386 0.3356504812836647 100 109.00000870227814 65.0000037252903 36.00000165402889
4.49053555727005 -3.789156973361969 0.03395102685317397 100 61.00000396370888 35.00000171363354 19.0000007674098
4.493248164653778 -3.729308843612671 0.014787844847887754 100 44.000001177191734 24.00000236928463 19.0000007674098
4.881088435649872 -3.020815849304199 0.169584508985281 100 124.00000780820847 77.00000301003456 44.000001177191734
4.840008020401001 -3.0174925923347473 0.1714101806282997 100 116.00000828504562 71.00000336766243 45.00000111758709
4.498613178730011 -3.7606728076934814 0.011245312634855509 100 63.00000384449959 38.0000015348196 23.000000528991222
4.859433174133301 -3.0269545316696167 0.19110321998596191 100 138.00000697374344 95.00000193715096 63.00000384449959
