4.313724637031555 -2.7450990676879883 0.0 100 138.00000697374344 83.00000265240669 48.00000473856926
4.313724637031555 -1.9607853889465332 0.0 100 156.00000590085983 108.00000876188278 66.00000366568565
4.313724637031555 -1.1764715611934662 0.0 100 134.00000721216202 93.00000205636024 68.00000354647636
4.313724637031555 -0.39215780794620514 0.0 100 152.0000061392784 113.00000846385956 79.00000289082527
4.313724637031555 0.3921560198068619 0.0 100 173.00000488758087 151.00000619888306 123.00000786781311
4.313724637031555 1.176469773054123 0.0 100 130.0000074505806 96.00000947713852 88.00000235438347
4.313724637031555 1.96078360080719 0.0 100 165.00000536441803 120.00000804662704 97.00000941753387
5.09803831577301 -2.7450990676879883 0.0 100 153.00000607967377 110.00000864267349 65.0000037252903
5.09803831577301 1.96078360080719 0.0 100 158.00000578165054 121.0000079870224 94.0000019967556
5.882351994514465 -2.7450990676879883 0.0 100 122.00000792741776 81.00000277161598 57.00000420212746
5.882351994514465 1.96078360080719 0.0 100 103.000009059906 69.00000348687172 55.000004321336746
6.66666567325592 -2.7450990676879883 0.0 100 156.00000590085983 123.00000786781311 84.00000259280205
6.66666567325592 -1.9353464245796204 -1.0684382915496826 100 98.00000935792923 80.00000283122063 69.00000348687172
6.66666567325592 -1.1510325223207474 -1.0684382915496826 100 96.00000947713852 83.00000265240669 77.00000301003456
6.66666567325592 -0.3667188063263893 -1.0684382915496826 100 106.00000888109207 94.0000019967556 90.00000223517418
6.66666567325592 0.4175950214266777 -1.0684382915496826 100 118.00000816583633 106.00000888109207 102.00000911951065
6.66666567325592 1.2019088119268417 -1.0684382915496826 100 91.00000217556953 76.0000030696392 67.00000360608101
6.66666567325592 1.96078360080719 0.0 100 172.00000494718552 137.00000703334808 108.00000876188278
7.4509793519973755 -2.7450990676879883 0.0 100 133.00000727176666 96.00000947713852 67.00000360608101
7.4509793519973755 -1.9353464245796204 -1.0684382915496826 100 58.00000414252281 46.000001057982445 44.000001177191734
7.4509793519973755 -1.1510325223207474 -1.0684382915496826 100 71.00000336766243 59.00000408291817 56.0000042617321
7.4509793519973755 -0.3667188063263893 -1.0684382915496826 100 83.00000265240669 70.00000342726707 66.00000366568565
7.4509793519973755 0.4175950214266777 -1.0684382915496826 100 86.00000247359276 77.00000301003456 74.0000031888485
7.4509793519973755 1.2019088119268417 -1.0684382915496826 100 75.00000312924385 54.00000438094139 45.00000111758709
7.4509793519973755 1.96078360080719 0.0 100 144.00000661611557 109.00000870227814 80.00000283122063
8.23529303073883 -2.7450990676879883 0.0 100 135.00000715255737 124.00000780820847 122.00000792741776
8.23529303073883 -1.9607853889465332 0.0 100 99.00000929832458 71.00000336766243 40.00000141561031
8.23529303073883 -1.1764715611934662 0.0 100 97.00000941753387 63.00000384449959 34.00000177323818
8.23529303073883 -0.39215780794620514 0.0 100 90.00000223517418 55.000004321336746 38.0000015348196
8.23529303073883 0.3921560198068619 0.0 100 72.00000330805779 45.00000111758709 34.00000177323818
8.23529303073883 1.176469773054123 0.0 100 97.00000941753387 61.00000396370888 42.000001296401024
8.23529303073883 1.96078360080719 0.0 100 112.0000085234642 97.00000941753387 94.0000019967556
4.313724637031555 -2.3529422283172607 0.0 100 156.00000590085983 117.00000822544098 77.00000301003456
4.313724637031555 -1.5686285495758057 0.0 100 139.0000069141388 81.00000277161598 54.00000438094139
4.313724637031555 -0.7843147218227386 0.0 100 148.000006377697 100.00000923871994 77.00000301003456
4.313724637031555 -8.940696716308594e-07 0.0 100 168.0000051856041 133.00000727176666 106.00000888109207
4.313724637031555 0.7843129336833954 0.0 100 169.00000512599945 135.00000715255737 104.00000900030136
4.313724637031555 1.5686267614364624 0.0 100 131.00000739097595 98.00000935792923 89.00000229477882
5.882351994514465 -2.3402227461338043 -0.5342191457748413 100 76.0000030696392 55.000004321336746 39.00000147521496
5.882351994514465 1.5813462436199188 -0.5342191457748413 100 75.00000312924385 49.000004678964615 30.00000201165676
6.66666567325592 -2.3402227461338043 -0.5342191457748413 100 68.00000354647636 50.00000461935997 37.00000159442425
6.66666567325592 -1.5431894361972809 -1.0684382915496826 100 93.00000205636024 78.00000295042992 72.00000330805779
6.66666567325592 -0.7588756829500198 -1.0684382915496826 100 105.00000894069672 91.00000217556953 84.00000259280205
6.66666567325592 0.025438107550144196 -1.0684382915496826 100 116.00000828504562 104.00000900030136 98.00000935792923
6.66666567325592 0.8097518980503082 -1.0684382915496826 100 114.00000840425491 107.00000882148743 105.00000894069672
6.66666567325592 1.5813462436199188 -0.5342191457748413 100 74.0000031888485 54.00000438094139 38.0000015348196
7.4509793519973755 -2.3402227461338043 -0.5342191457748413 100 44.000001177191734 27.000002190470695 23.000000528991222
7.4509793519973755 -1.5431894361972809 -1.0684382915496826 100 77.00000301003456 59.00000408291817 53.000004440546036
7.4509793519973755 -0.7588756829500198 -1.0684382915496826 100 85.0000025331974 72.00000330805779 65.0000037252903
7.4509793519973755 0.025438107550144196 -1.0684382915496826 100 86.00000247359276 74.0000031888485 71.00000336766243
7.4509793519973755 0.8097518980503082 -1.0684382915496826 100 94.0000019967556 83.00000265240669 79.00000289082527
7.4509793519973755 1.5813462436199188 -0.5342191457748413 100 67.00000360608101 40.00000141561031 23.000000528991222
8.23529303073883 -2.3529422283172607 0.0 100 110.00000864267349 87.00000241398811 78.00000295042992
8.23529303073883 -1.5686285495758057 0.0 100 71.00000336766243 37.00000159442425 24.00000236928463
8.23529303073883 -0.7843147218227386 0.0 100 92.00000211596489 56.0000042617321 35.00000171363354
8.23529303073883 -8.940696716308594e-07 0.0 100 98.00000935792923 74.0000031888485 52.00000450015068
8.23529303073883 0.7843129336833954 0.0 100 91.00000217556953 58.00000414252281 39.00000147521496
8.23529303073883 1.5686267614364624 0.0 100 90.00000223517418 62.00000390410423 51.000004559755325
4.705881476402283 -2.7450990676879883 0.0 100 117.00000822544098 93.00000205636024 78.00000295042992
4.705881476402283 1.96078360080719 0.0 100 149.00000631809235 112.0000085234642 92.00000211596489
5.490195155143738 -2.7450990676879883 0.0 100 81.00000277161598 45.00000111758709 37.00000159442425
5.490195155143738 1.96078360080719 0.0 100 138.00000697374344 102.00000911951065 73.00000324845314
6.274508833885193 -2.7450990676879883 0.0 100 122.00000792741776 67.00000360608101 49.000004678964615
6.274508833885193 1.96078360080719 0.0 100 131.00000739097595 92.00000211596489 76.0000030696392
7.058822512626648 -2.7450990676879883 0.0 100 119.00000810623169 82.00000271201134 53.000004440546036
7.058822512626648 -1.9353464245796204 -1.0684382915496826 100 88.00000235438347 70.00000342726707 61.00000396370888
7.058822512626648 -1.1510325223207474 -1.0684382915496826 100 93.00000205636024 81.00000277161598 79.00000289082527
7.058822512626648 -0.3667188063263893 -1.0684382915496826 100 100.00000923871994 91.00000217556953 90.00000223517418
7.058822512626648 0.4175950214266777 -1.0684382915496826 100 112.0000085234642 104.00000900030136 102.00000911951065
7.058822512626648 1.2019088119268417 -1.0684382915496826 100 92.00000211596489 75.00000312924385 68.00000354647636
7.058822512626648 1.96078360080719 0.0 100 148.000006377697 112.0000085234642 91.00000217556953
7.843136191368103 -2.7450990676879883 0.0 100 125.00000774860382 106.00000888109207 98.00000935792923
7.843136191368103 -1.9480659067630768 -0.5342191457748413 100 36.00000165402889 15.00000100582838 10.000000353902578
7.843136191368103 -1.1637520790100098 -0.5342191457748413 100 59.00000408291817 31.000001952052116 14.000001065433025
7.843136191368103 -0.3794383257627487 -0.5342191457748413 100 52.00000450015068 27.000002190470695 14.000001065433025
7.843136191368103 0.4048755019903183 -0.5342191457748413 100 52.00000450015068 26.00000225007534 14.000001065433025
7.843136191368103 1.1891892552375793 -0.5342191457748413 100 52.00000450015068 28.00000213086605 17.00000088661909
7.843136191368103 1.96078360080719 0.0 100 118.00000816583633 88.00000235438347 78.00000295042992
7.843136191368103 1.5749864280223846 -0.26710957288742065 100 57.00000420212746 38.0000015348196 33.00000183284283
7.843136191368103 0.7970324158668518 -0.5342191457748413 100 37.00000159442425 14.000001065433025 9.000000413507223
7.843136191368103 0.01271858811378479 -0.5342191457748413 100 61.00000396370888 33.00000183284283 17.00000088661909
7.843136191368103 -0.7715952396392822 -0.5342191457748413 100 58.00000414252281 31.000001952052116 14.000001065433025
7.843136191368103 -1.5559089183807373 -0.5342191457748413 100 55.000004321336746 29.000002071261406 12.000001184642315
7.843136191368103 -2.3465824127197266 -0.26710957288742065 100 100.00000923871994 92.00000211596489 89.00000229477882
7.058822512626648 1.5813462436199188 -0.5342191457748413 100 71.00000336766243 47.0000009983778 31.000001952052116
7.058822512626648 0.8097518980503082 -1.0684382915496826 100 117.00000822544098 109.00000870227814 107.00000882148743
7.058822512626648 0.025438107550144196 -1.0684382915496826 100 114.00000840425491 102.00000911951065 98.00000935792923
7.058822512626648 -0.7588756829500198 -1.0684382915496826 100 104.00000900030136 91.00000217556953 87.00000241398811
7.058822512626648 -1.5431894361972809 -1.0684382915496826 100 91.00000217556953 78.00000295042992 74.0000031888485
7.058822512626648 -2.3402227461338043 -0.5342191457748413 100 71.00000336766243 48.00000473856926 34.00000177323818
6.274508833885193 1.5813462436199188 -0.5342191457748413 100 58.00000414252281 34.00000177323818 24.00000236928463
6.274508833885193 -2.3402227461338043 -0.5342191457748413 100 50.00000461935997 35.00000171363354 29.000002071261406
5.490195155143738 1.5813462436199188 -0.5342191457748413 100 78.00000295042992 55.000004321336746 32.00000189244747
5.490195155143738 -2.3402227461338043 -0.5342191457748413 100 61.00000396370888 38.0000015348196 30.00000201165676
14.750000238418579 1.2542922794818878 2.745133340358734 100 75.00000312924385 70.00000342726707 67.00000360608101
16.249572038650513 2.970994710922241 2.803136110305786 100 58.00000414252281 32.00000189244747 19.0000007674098
17.95937180519104 4.657946527004242 2.232811003923416 100 47.0000009983778 24.00000236928463 14.000001065433025
12.194256782531738 6.076835989952087 1.884625405073166 100 76.0000030696392 43.00000123679638 26.00000225007534
12.857232093811035 2.1727968752384186 2.7369561791419983 100 83.00000265240669 61.00000396370888 53.000004440546036
16.392346620559692 3.847871422767639 2.8227943181991577 100 161.0000056028366 138.00000697374344 121.0000079870224
13.424897193908691 4.624333083629608 2.7956411242485046 100 139.0000069141388 111.00000858306885 99.00000929832458
14.597722291946411 0.40258150547742844 0.8527029305696487 100 69.00000348687172 55.000004321336746 51.000004559755325
11.976609230041504 1.1845026165246964 0.13593451119959354 100 56.0000042617321 32.00000189244747 21.000000648200512
12.612453699111938 1.8968616425991058 2.1127045154571533 100 60.00000402331352 30.00000201165676 16.000000946223736
18.652212619781494 4.81634259223938 0.8548283576965332 100 58.00000414252281 33.00000183284283 20.000000707805157
11.37001633644104 7.3647648096084595 0.06820887327194214 100 160.00000566244125 116.00000828504562 86.00000247359276
12.188137769699097 6.6769808530807495 1.818612962961197 100 94.0000019967556 58.00000414252281 38.0000015348196
17.753976583480835 4.476799964904785 2.361912280321121 100 60.00000402331352 33.00000183284283 16.000000946223736
15.499786138534546 2.1126435697078705 2.774134576320648 100 96.00000947713852 58.00000414252281 34.00000177323818
14.888731241226196 0.7539479434490204 1.329600214958191 100 78.00000295042992 44.000001177191734 27.000002190470695
15.638515949249268 1.612299382686615 1.358601599931717 100 85.0000025331974 53.000004440546036 30.00000201165676
18.41159701347351 4.646967053413391 1.0739993304014206 100 64.00000378489494 41.00000135600567 21.000000648200512
16.493417024612427 2.4557751417160034 1.073439046740532 100 58.00000414252281 29.000002071261406 20.000000707805157
12.525744438171387 4.124816358089447 2.310790866613388 100 142.00000673532486 110.00000864267349 88.00000235438347
11.972445249557495 3.7537574768066406 0.8989976346492767 100 66.00000366568565 46.000001057982445 30.00000201165676
12.303932905197144 1.801738291978836 1.325163096189499 100 44.000001177191734 19.0000007674098 13.00000112503767
14.908621311187744 4.236102402210236 2.809217870235443 100 163.00000548362732 137.00000703334808 125.00000774860382
14.948737621307373 4.662467837333679 2.8198182582855225 100 159.0000057220459 131.00000739097595 119.00000810623169
13.46501350402832 5.0506991147994995 2.806241810321808 100 106.00000888109207 91.00000217556953 84.00000259280205
13.502035140991211 0.7190530747175217 0.0250008306466043 100 55.000004321336746 31.000001952052116 22.000000588595867
14.812591075897217 0.32809264957904816 0.3833850845694542 100 102.00000911951065 69.00000348687172 53.000004440546036
13.28716516494751 0.793541893362999 0.4943186789751053 100 57.00000420212746 31.000001952052116 22.000000588595867
13.141064643859863 3.3985650539398193 2.7662986516952515 100 157.0000058412552 136.00000709295273 122.00000792741776
12.294530868530273 1.540682166814804 1.1243195086717606 100 58.00000414252281 30.00000201165676 17.00000088661909
13.363304138183594 1.2193973362445831 1.440533846616745 100 75.00000312924385 46.000001057982445 28.00000213086605
13.681226968765259 1.5755768120288849 2.4289189279079437 100 91.00000217556953 57.00000420212746 33.00000183284283
18.758018016815186 4.726165235042572 0.3850080072879791 100 59.00000408291817 33.00000183284283 17.00000088661909
11.749852895736694 6.551609635353088 0.89923195540905 100 54.00000438094139 27.000002190470695 16.000000946223736
11.779077053070068 7.0208728313446045 0.9434109181165695 100 50.00000461935997 26.00000225007534 17.00000088661909
11.863621473312378 1.3075907528400421 0.024652162101119757 100 64.00000378489494 38.0000015348196 20.000000707805157
12.181543111801147 1.6637703776359558 1.0130371898412704 100 60.00000402331352 32.00000189244747 17.00000088661909
13.80361557006836 1.7135444283485413 2.741044759750366 100 77.00000301003456 67.00000360608101 63.00000384449959
12.734842300415039 2.034829258918762 2.4248304963111877 100 81.00000277161598 50.00000461935997 29.000002071261406
12.191197872161865 6.3769084215164185 1.8516191840171814 100 112.0000085234642 75.00000312924385 58.00000414252281
11.782135963439941 6.720800399780273 0.97641721367836 100 55.000004321336746 32.00000189244747 21.000000648200512
17.104471921920776 3.8144707679748535 2.517973482608795 100 60.00000402331352 31.000001952052116 17.00000088661909
17.39148497581482 4.282671809196472 2.4894890189170837 100 47.0000009983778 25.000002309679985 16.000000946223736
14.837234020233154 3.7976640462875366 2.7993887662887573 100 171.00000500679016 149.00000631809235 137.00000703334808
14.087449312210083 2.939312756061554 2.7703872323036194 100 173.00000488758087 156.00000590085983 144.00000661611557
18.305792808532715 4.737144708633423 1.5438196063041687 100 64.00000378489494 37.00000159442425 21.000000648200512
16.320959329605103 3.40943306684494 2.812965214252472 100 160.00000566244125 136.00000709295273 121.0000079870224
17.001774311065674 3.723897337913513 2.5825241208076477 100 54.00000438094139 27.000002190470695 15.00000100582838
17.856674194335938 4.5673733949661255 2.2973616421222687 100 57.00000420212746 28.00000213086605 16.000000946223736
14.673861265182495 0.8284369856119156 1.7989180982112885 100 72.00000330805779 52.00000450015068 43.00000123679638
20.0 -20.0 0.0 100 85.0000025331974 71.00000336766243 67.00000360608101
20.0 20.0 0.0 100 97.00000941753387 78.00000295042992 71.00000336766243
20.0 -19.215686321258545 0.0 100 98.00000935792923 78.00000295042992 70.00000342726707
20.0 -18.43137264251709 0.0 100 98.00000935792923 78.00000295042992 69.00000348687172
20.0 -17.647058963775635 0.0 100 96.00000947713852 75.00000312924385 68.00000354647636
20.0 -16.86274528503418 0.0 100 99.00000929832458 80.00000283122063 71.00000336766243
20.0 -16.078431606292725 0.0 100 101.0000091791153 80.00000283122063 70.00000342726707
20.0 -15.29411792755127 0.0 100 93.00000205636024 75.00000312924385 69.00000348687172
20.0 -14.509804248809814 0.0 100 98.00000935792923 78.00000295042992 69.00000348687172
20.0 -13.72549057006836 0.0 100 94.0000019967556 75.00000312924385 69.00000348687172
20.0 -12.941176891326904 0.0 100 98.00000935792923 77.00000301003456 69.00000348687172
20.0 -12.15686321258545 0.0 100 100.00000923871994 79.00000289082527 69.00000348687172
20.0 -11.372549533843994 0.0 100 103.000009059906 81.00000277161598 70.00000342726707
20.0 -10.588235855102539 0.0 100 98.00000935792923 77.00000301003456 71.00000336766243
20.0 -9.803922176361084 0.0 100 100.00000923871994 77.00000301003456 69.00000348687172
20.0 -9.019608497619629 0.0 100 93.00000205636024 77.00000301003456 70.00000342726707
20.0 -8.235294818878174 0.0 100 95.00000193715096 77.00000301003456 71.00000336766243
20.0 -7.450981140136719 0.0 100 101.0000091791153 81.00000277161598 72.00000330805779
20.0 -6.666667461395264 0.0 100 103.000009059906 79.00000289082527 71.00000336766243
20.0 -5.882353782653809 0.0 100 104.00000900030136 84.00000259280205 73.00000324845314
20.0 -5.0980401039123535 0.0 100 100.00000923871994 81.00000277161598 74.0000031888485
20.0 -4.313726425170898 0.0 100 103.000009059906 82.00000271201134 74.0000031888485
20.0 -3.5294127464294434 0.0 100 102.00000911951065 82.00000271201134 73.00000324845314
20.0 -2.7450990676879883 0.0 100 99.00000929832458 80.00000283122063 74.0000031888485
20.0 -1.9607853889465332 0.0 100 104.00000900030136 85.0000025331974 77.00000301003456
20.0 -1.1764715611934662 0.0 100 103.000009059906 84.00000259280205 77.00000301003456
20.0 -0.39215780794620514 0.0 100 107.00000882148743 88.00000235438347 79.00000289082527
20.0 0.3921560198068619 0.0 100 109.00000870227814 88.00000235438347 80.00000283122063
20.0 1.176469773054123 0.0 100 70.00000342726707 38.0000015348196 24.00000236928463
20.0 1.96078360080719 0.0 100 66.00000366568565 37.00000159442425 25.000002309679985
20.0 2.745097279548645 0.0 100 37.00000159442425 15.00000100582838 10.000000353902578
20.0 13.725489377975464 0.0 100 103.000009059906 82.00000271201134 75.00000312924385
20.0 14.509803056716919 0.0 100 103.000009059906 82.00000271201134 73.00000324845314
20.0 15.294116735458374 0.0 100 104.00000900030136 80.00000283122063 73.00000324845314
20.0 16.07843041419983 0.0 100 102.00000911951065 81.00000277161598 72.00000330805779
20.0 16.862744092941284 0.0 100 103.000009059906 81.00000277161598 72.00000330805779
20.0 17.64705777168274 0.0 100 104.00000900030136 80.00000283122063 72.00000330805779
20.0 18.431371450424194 0.0 100 99.00000929832458 77.00000301003456 71.00000336766243
20.0 19.215686321258545 0.0 100 103.000009059906 79.00000289082527 71.00000336766243
3.5294109582901 -3.5294127464294434 0.0 100 155.00000596046448 99.00000929832458 63.00000384449959
3.5294109582901 -2.7450990676879883 0.0 100 168.0000051856041 123.00000786781311 75.00000312924385
3.5294109582901 -1.9607853889465332 0.0 100 165.00000536441803 125.00000774860382 70.00000342726707
3.5294109582901 -1.1764715611934662 0.0 100 163.00000548362732 116.00000828504562 72.00000330805779
3.5294109582901 -0.39215780794620514 0.0 100 131.00000739097595 84.00000259280205 71.00000336766243
3.5294109582901 0.3921560198068619 0.0 100 151.00000619888306 106.00000888109207 91.00000217556953
3.5294109582901 1.176469773054123 0.0 100 154.00000602006912 112.0000085234642 96.00000947713852
3.5294109582901 1.96078360080719 0.0 100 172.00000494718552 143.00000667572021 114.00000840425491
3.5294109582901 2.745097279548645 0.0 100 177.0000046491623 147.00000643730164 110.00000864267349
3.5294109582901 3.5294109582901 0.0 100 149.00000631809235 96.00000947713852 64.00000378489494
4.313724637031555 -4.313726425170898 0.0 100 169.00000512599945 127.00000762939453 87.00000241398811
4.313724637031555 -3.5294127464294434 0.0 100 157.0000058412552 106.00000888109207 51.000004559755325
4.313724637031555 2.745097279548645 0.0 100 164.00000542402267 127.00000762939453 95.00000193715096
4.313724637031555 3.5294109582901 0.0 100 164.00000542402267 119.00000810623169 88.00000235438347
4.313724637031555 4.313724637031555 0.0 100 177.0000046491623 130.0000074505806 79.00000289082527
5.09803831577301 -5.0980401039123535 0.0 100 149.00000631809235 90.00000223517418 45.00000111758709
5.09803831577301 2.745097279548645 0.0 100 174.00000482797623 142.00000673532486 109.00000870227814
5.09803831577301 3.5294109582901 0.0 100 166.00000530481339 129.00000751018524 95.00000193715096
5.09803831577301 4.313724637031555 0.0 100 169.00000512599945 130.0000074505806 84.00000259280205
5.09803831577301 5.09803831577301 0.0 100 169.00000512599945 121.0000079870224 74.0000031888485
5.882351994514465 -5.882353782653809 0.0 100 134.00000721216202 72.00000330805779 35.00000171363354
5.882351994514465 -5.0980401039123535 0.0 100 142.00000673532486 86.00000247359276 53.000004440546036
5.882351994514465 -3.5294127464294434 0.0 100 122.00000792741776 63.00000384449959 42.000001296401024
5.882351994514465 2.745097279548645 0.0 100 177.0000046491623 145.00000655651093 113.00000846385956
5.882351994514465 3.5294109582901 0.0 100 142.00000673532486 98.00000935792923 81.00000277161598
5.882351994514465 4.313724637031555 0.0 100 149.00000631809235 103.000009059906 74.0000031888485
5.882351994514465 5.09803831577301 0.0 100 169.00000512599945 121.0000079870224 78.00000295042992
5.882351994514465 5.882351994514465 0.0 100 173.00000488758087 143.00000667572021 105.00000894069672
6.66666567325592 -6.666667461395264 0.0 100 150.0000062584877 91.00000217556953 49.000004678964615
6.66666567325592 -5.882353782653809 0.0 100 147.00000643730164 87.00000241398811 45.00000111758709
6.66666567325592 -5.0980401039123535 0.0 100 147.00000643730164 100.00000923871994 69.00000348687172
6.66666567325592 -4.313726425170898 0.0 100 161.0000056028366 111.00000858306885 72.00000330805779
6.66666567325592 -3.5294127464294434 0.0 100 170.0000050663948 129.00000751018524 69.00000348687172
6.66666567325592 2.745097279548645 0.0 100 159.0000057220459 121.0000079870224 102.00000911951065
6.66666567325592 3.5294109582901 0.0 100 170.0000050663948 127.00000762939453 99.00000929832458
6.66666567325592 4.313724637031555 0.0 100 172.00000494718552 131.00000739097595 101.0000091791153
6.66666567325592 5.09803831577301 0.0 100 131.00000739097595 80.00000283122063 68.00000354647636
6.66666567325592 5.882351994514465 0.0 100 149.00000631809235 102.00000911951065 72.00000330805779
6.66666567325592 6.66666567325592 0.0 100 150.0000062584877 98.00000935792923 68.00000354647636
7.4509793519973755 -7.450981140136719 0.0 100 159.0000057220459 112.0000085234642 79.00000289082527
7.4509793519973755 -6.666667461395264 0.0 100 142.00000673532486 85.0000025331974 53.000004440546036
7.4509793519973755 -5.882353782653809 0.0 100 164.00000542402267 121.0000079870224 75.00000312924385
7.4509793519973755 -5.0980401039123535 0.0 100 173.00000488758087 138.00000697374344 99.00000929832458
7.4509793519973755 -4.313726425170898 0.0 100 146.00000649690628 95.00000193715096 71.00000336766243
7.4509793519973755 -3.5294127464294434 0.0 100 161.0000056028366 116.00000828504562 74.0000031888485
7.4509793519973755 2.745097279548645 0.0 100 166.00000530481339 128.0000075697899 111.00000858306885
7.4509793519973755 3.5294109582901 0.0 100 164.00000542402267 126.00000768899918 102.00000911951065
7.4509793519973755 4.313724637031555 0.0 100 173.00000488758087 149.00000631809235 118.00000816583633
7.4509793519973755 5.09803831577301 0.0 100 58.00000414252281 31.000001952052116 14.000001065433025
7.4509793519973755 5.882351994514465 0.0 100 138.00000697374344 90.00000223517418 70.00000342726707
7.4509793519973755 6.66666567325592 0.0 100 152.0000061392784 98.00000935792923 69.00000348687172
7.4509793519973755 7.4509793519973755 0.0 100 169.00000512599945 126.00000768899918 82.00000271201134
8.23529303073883 -8.235294818878174 0.0 100 159.0000057220459 98.00000935792923 56.0000042617321
8.23529303073883 -7.450981140136719 0.0 100 161.0000056028366 113.00000846385956 72.00000330805779
8.23529303073883 -6.666667461395264 0.0 100 136.00000709295273 86.00000247359276 54.00000438094139
8.23529303073883 -5.882353782653809 0.0 100 141.0000067949295 81.00000277161598 49.000004678964615
8.23529303073883 -5.0980401039123535 0.0 100 124.00000780820847 67.00000360608101 49.000004678964615
8.23529303073883 -4.313726425170898 0.0 100 118.00000816583633 73.00000324845314 53.000004440546036
8.23529303073883 -3.5294127464294434 0.0 100 168.0000051856041 136.00000709295273 94.0000019967556
8.23529303073883 2.745097279548645 0.0 100 174.00000482797623 139.0000069141388 113.00000846385956
8.23529303073883 3.5294109582901 0.0 100 174.00000482797623 133.00000727176666 106.00000888109207
8.23529303073883 4.313724637031555 0.0 100 162.00000554323196 119.00000810623169 96.00000947713852
8.23529303073883 5.09803831577301 0.0 100 142.00000673532486 103.000009059906 85.0000025331974
8.23529303073883 5.882351994514465 0.0 100 147.00000643730164 143.00000667572021 142.00000673532486
8.23529303073883 6.66666567325592 0.0 100 133.00000727176666 85.0000025331974 69.00000348687172
8.23529303073883 7.4509793519973755 0.0 100 166.00000530481339 118.00000816583633 78.00000295042992
8.23529303073883 8.23529303073883 0.0 100 151.00000619888306 97.00000941753387 66.00000366568565
9.019606709480286 -9.019608497619629 0.0 100 157.0000058412552 101.0000091791153 59.00000408291817
9.019606709480286 -8.235294818878174 0.0 100 157.0000058412552 97.00000941753387 53.000004440546036
9.019606709480286 -7.450981140136719 0.0 100 154.00000602006912 97.00000941753387 61.00000396370888
9.019606709480286 -6.666667461395264 0.0 100 163.00000548362732 109.00000870227814 62.00000390410423
9.019606709480286 -5.882353782653809 0.0 100 153.00000607967377 103.000009059906 68.00000354647636
9.019606709480286 -5.0980401039123535 0.0 100 166.00000530481339 130.0000074505806 91.00000217556953
9.019606709480286 -4.313726425170898 0.0 100 157.0000058412552 103.000009059906 68.00000354647636
9.019606709480286 -3.5294127464294434 0.0 100 110.00000864267349 64.00000378489494 52.00000450015068
9.019606709480286 -2.7450990676879883 0.0 100 149.00000631809235 96.00000947713852 68.00000354647636
9.019606709480286 -1.9607853889465332 0.0 100 172.00000494718552 127.00000762939453 81.00000277161598
9.019606709480286 -1.1764715611934662 0.0 100 171.00000500679016 125.00000774860382 85.0000025331974
9.019606709480286 -0.39215780794620514 0.0 100 164.00000542402267 121.0000079870224 95.00000193715096
9.019606709480286 0.3921560198068619 0.0 100 171.00000500679016 131.00000739097595 111.00000858306885
9.019606709480286 1.176469773054123 0.0 100 158.00000578165054 122.00000792741776 109.00000870227814
9.019606709480286 1.96078360080719 0.0 100 165.00000536441803 129.00000751018524 109.00000870227814
9.019606709480286 5.882351994514465 0.0 100 165.00000536441803 118.00000816583633 88.00000235438347
9.019606709480286 6.66666567325592 0.0 100 176.00000470876694 134.00000721216202 95.00000193715096
9.019606709480286 7.4509793519973755 0.0 100 173.00000488758087 135.00000715255737 93.00000205636024
9.019606709480286 8.23529303073883 0.0 100 153.00000607967377 111.00000858306885 85.0000025331974
9.019606709480286 9.019606709480286 0.0 100 155.00000596046448 100.00000923871994 67.00000360608101
9.80392038822174 -9.803922176361084 0.0 100 167.00000524520874 118.00000816583633 68.00000354647636
9.80392038822174 -9.019608497619629 0.0 100 114.00000840425491 57.00000420212746 38.0000015348196
9.80392038822174 -8.235294818878174 0.0 100 163.00000548362732 117.00000822544098 68.00000354647636
9.80392038822174 -7.450981140136719 0.0 100 139.0000069141388 83.00000265240669 50.00000461935997
9.80392038822174 -6.666667461395264 0.0 100 157.0000058412552 103.000009059906 56.0000042617321
9.80392038822174 -5.882353782653809 0.0 100 160.00000566244125 106.00000888109207 68.00000354647636
9.80392038822174 -3.5294127464294434 0.0 100 151.00000619888306 95.00000193715096 62.00000390410423
9.80392038822174 -2.7450990676879883 0.0 100 165.00000536441803 120.00000804662704 75.00000312924385
9.80392038822174 -1.9607853889465332 0.0 100 173.00000488758087 128.0000075697899 84.00000259280205
9.80392038822174 -1.1764715611934662 0.0 100 128.0000075697899 85.0000025331974 76.0000030696392
9.80392038822174 -0.39215780794620514 0.0 100 156.00000590085983 116.00000828504562 92.00000211596489
9.80392038822174 0.3921560198068619 0.0 100 167.00000524520874 130.0000074505806 109.00000870227814
9.80392038822174 1.176469773054123 0.0 100 166.00000530481339 128.0000075697899 111.00000858306885
9.80392038822174 1.96078360080719 0.0 100 176.00000470876694 139.0000069141388 116.00000828504562
9.80392038822174 6.66666567325592 0.0 100 156.00000590085983 113.00000846385956 89.00000229477882
9.80392038822174 7.4509793519973755 0.0 100 162.00000554323196 120.00000804662704 86.00000247359276
9.80392038822174 8.23529303073883 0.0 100 160.00000566244125 108.00000876188278 79.00000289082527
9.80392038822174 9.019606709480286 0.0 100 164.00000542402267 113.00000846385956 77.00000301003456
9.80392038822174 9.80392038822174 0.0 100 162.00000554323196 109.00000870227814 69.00000348687172
10.588234663009644 -10.588235855102539 0.0 100 146.00000649690628 96.00000947713852 54.00000438094139
10.588234663009644 -9.803922176361084 0.0 100 159.0000057220459 112.0000085234642 71.00000336766243
10.588234663009644 -9.019608497619629 0.0 100 158.00000578165054 108.00000876188278 64.00000378489494
10.588234663009644 -8.235294818878174 0.0 100 164.00000542402267 111.00000858306885 74.0000031888485
10.588234663009644 -7.450981140136719 0.0 100 128.0000075697899 67.00000360608101 45.00000111758709
10.588234663009644 -6.666667461395264 0.0 100 156.00000590085983 106.00000888109207 69.00000348687172
10.588234663009644 -5.882353782653809 0.0 100 160.00000566244125 112.0000085234642 72.00000330805779
10.588234663009644 -4.313726425170898 0.0 100 157.0000058412552 106.00000888109207 63.00000384449959
10.588234663009644 -3.5294127464294434 0.0 100 169.00000512599945 125.00000774860382 85.0000025331974
10.588234663009644 -2.7450990676879883 0.0 100 168.0000051856041 126.00000768899918 78.00000295042992
10.588234663009644 -1.9607853889465332 0.0 100 157.0000058412552 109.00000870227814 81.00000277161598
10.588234663009644 -1.1764715611934662 0.0 100 149.00000631809235 102.00000911951065 84.00000259280205
10.588234663009644 -0.39215780794620514 0.0 100 141.0000067949295 101.0000091791153 89.00000229477882
10.588234663009644 0.3921560198068619 0.0 100 176.00000470876694 142.00000673532486 114.00000840425491
10.588234663009644 1.176469773054123 0.0 100 160.00000566244125 120.00000804662704 109.00000870227814
10.588234663009644 1.96078360080719 0.0 100 158.00000578165054 122.00000792741776 110.00000864267349
10.588234663009644 7.4509793519973755 0.0 100 165.00000536441803 117.00000822544098 90.00000223517418
10.588234663009644 8.23529303073883 0.0 100 171.00000500679016 128.0000075697899 93.00000205636024
10.588234663009644 9.019606709480286 0.0 100 160.00000566244125 110.00000864267349 78.00000295042992
10.588234663009644 9.80392038822174 0.0 100 161.0000056028366 109.00000870227814 74.0000031888485
10.588234663009644 10.588234663009644 0.0 100 163.00000548362732 112.0000085234642 76.0000030696392
11.372548341751099 -11.372549533843994 0.0 100 161.0000056028366 108.00000876188278 59.00000408291817
11.372548341751099 -10.588235855102539 0.0 100 148.000006377697 90.00000223517418 60.00000402331352
11.372548341751099 -9.803922176361084 0.0 100 140.00000685453415 86.00000247359276 55.000004321336746
11.372548341751099 -9.019608497619629 0.0 100 162.00000554323196 119.00000810623169 74.0000031888485
11.372548341751099 -8.235294818878174 0.0 100 159.0000057220459 101.0000091791153 56.0000042617321
11.372548341751099 -7.450981140136719 0.0 100 152.0000061392784 100.00000923871994 60.00000402331352
11.372548341751099 -6.666667461395264 0.0 100 154.00000602006912 107.00000882148743 68.00000354647636
11.372548341751099 -5.882353782653809 0.0 100 154.00000602006912 101.0000091791153 66.00000366568565
11.372548341751099 -4.313726425170898 0.0 100 160.00000566244125 111.00000858306885 73.00000324845314
11.372548341751099 -3.5294127464294434 0.0 100 173.00000488758087 131.00000739097595 81.00000277161598
11.372548341751099 -2.7450990676879883 0.0 100 156.00000590085983 107.00000882148743 79.00000289082527
11.372548341751099 -1.9607853889465332 0.0 100 155.00000596046448 106.00000888109207 83.00000265240669
11.372548341751099 -1.1764715611934662 0.0 100 161.0000056028366 114.00000840425491 87.00000241398811
11.372548341751099 -0.39215780794620514 0.0 100 139.0000069141388 97.00000941753387 88.00000235438347
11.372548341751099 0.3921560198068619 0.0 100 159.0000057220459 120.00000804662704 103.000009059906
11.372548341751099 1.176469773054123 0.0 100 169.00000512599945 134.00000721216202 117.00000822544098
11.372548341751099 1.96078360080719 0.0 100 129.00000751018524 95.00000193715096 79.00000289082527
11.372548341751099 8.23529303073883 0.0 100 147.00000643730164 101.0000091791153 83.00000265240669
11.372548341751099 9.019606709480286 0.0 100 151.00000619888306 104.00000900030136 81.00000277161598
11.372548341751099 9.80392038822174 0.0 100 150.0000062584877 99.00000929832458 74.0000031888485
11.372548341751099 10.588234663009644 0.0 100 143.00000667572021 88.00000235438347 66.00000366568565
11.372548341751099 11.372548341751099 0.0 100 163.00000548362732 114.00000840425491 72.00000330805779
12.156862020492554 -12.15686321258545 0.0 100 134.00000721216202 74.0000031888485 46.000001057982445
12.156862020492554 -11.372549533843994 0.0 100 139.0000069141388 80.00000283122063 53.000004440546036
12.156862020492554 -10.588235855102539 0.0 100 157.0000058412552 100.00000923871994 59.00000408291817
12.156862020492554 -9.803922176361084 0.0 100 159.0000057220459 106.00000888109207 63.00000384449959
12.156862020492554 -9.019608497619629 0.0 100 160.00000566244125 108.00000876188278 62.00000390410423
12.156862020492554 -8.235294818878174 0.0 100 161.0000056028366 109.00000870227814 64.00000378489494
12.156862020492554 -7.450981140136719 0.0 100 165.00000536441803 120.00000804662704 71.00000336766243
12.156862020492554 -6.666667461395264 0.0 100 169.00000512599945 126.00000768899918 80.00000283122063
12.156862020492554 -5.0980401039123535 0.0 100 157.0000058412552 103.000009059906 64.00000378489494
12.156862020492554 -4.313726425170898 0.0 100 166.00000530481339 124.00000780820847 82.00000271201134
12.156862020492554 -3.5294127464294434 0.0 100 158.00000578165054 102.00000911951065 75.00000312924385
12.156862020492554 -2.7450990676879883 0.0 100 152.0000061392784 106.00000888109207 80.00000283122063
12.156862020492554 -1.9607853889465332 0.0 100 152.0000061392784 100.00000923871994 78.00000295042992
12.156862020492554 -1.1764715611934662 0.0 100 153.00000607967377 109.00000870227814 88.00000235438347
12.156862020492554 -0.39215780794620514 0.0 100 159.0000057220459 115.00000834465027 95.00000193715096
12.156862020492554 0.3921560198068619 0.0 100 150.0000062584877 111.00000858306885 99.00000929832458
12.156862020492554 1.176469773054123 0.0 100 149.00000631809235 114.00000840425491 95.00000193715096
12.156862020492554 1.96078360080719 0.0 100 60.00000402331352 34.00000177323818 22.000000588595867
12.156862020492554 9.019606709480286 0.0 100 147.00000643730164 97.00000941753387 77.00000301003456
12.156862020492554 9.80392038822174 0.0 100 157.0000058412552 104.00000900030136 78.00000295042992
12.156862020492554 10.588234663009644 0.0 100 161.0000056028366 111.00000858306885 79.00000289082527
12.156862020492554 11.372548341751099 0.0 100 138.00000697374344 84.00000259280205 63.00000384449959
12.156862020492554 12.156862020492554 0.0 100 162.00000554323196 106.00000888109207 70.00000342726707
12.941175699234009 -12.941176891326904 0.0 100 161.0000056028366 116.00000828504562 68.00000354647636
12.941175699234009 -12.15686321258545 0.0 100 166.00000530481339 114.00000840425491 63.00000384449959
12.941175699234009 -11.372549533843994 0.0 100 166.00000530481339 117.00000822544098 71.00000336766243
12.941175699234009 -10.588235855102539 0.0 100 157.0000058412552 101.0000091791153 59.00000408291817
12.941175699234009 -9.803922176361084 0.0 100 155.00000596046448 96.00000947713852 54.00000438094139
12.941175699234009 -9.019608497619629 0.0 100 163.00000548362732 115.00000834465027 74.0000031888485
12.941175699234009 -8.235294818878174 0.0 100 156.00000590085983 103.000009059906 60.00000402331352
12.941175699234009 -7.450981140136719 0.0 100 162.00000554323196 111.00000858306885 71.00000336766243
12.941175699234009 -6.666667461395264 0.0 100 166.00000530481339 121.0000079870224 76.0000030696392
12.941175699234009 -5.882353782653809 0.0 100 168.0000051856041 124.00000780820847 79.00000289082527
12.941175699234009 -5.0980401039123535 0.0 100 166.00000530481339 117.00000822544098 73.00000324845314
12.941175699234009 -4.313726425170898 0.0 100 171.00000500679016 123.00000786781311 76.0000030696392
12.941175699234009 -3.5294127464294434 0.0 100 153.00000607967377 100.00000923871994 70.00000342726707
12.941175699234009 -2.7450990676879883 0.0 100 156.00000590085983 107.00000882148743 79.00000289082527
12.941175699234009 -1.9607853889465332 0.0 100 157.0000058412552 117.00000822544098 92.00000211596489
12.941175699234009 -1.1764715611934662 0.0 100 149.00000631809235 106.00000888109207 88.00000235438347
12.941175699234009 -0.39215780794620514 0.0 100 165.00000536441803 122.00000792741776 101.0000091791153
12.941175699234009 0.3921560198068619 0.0 100 170.0000050663948 136.00000709295273 110.00000864267349
12.941175699234009 1.176469773054123 0.0 100 56.0000042617321 32.00000189244747 23.000000528991222
12.941175699234009 1.96078360080719 0.0 100 56.0000042617321 32.00000189244747 20.000000707805157
12.941175699234009 9.019606709480286 0.0 100 163.00000548362732 117.00000822544098 88.00000235438347
12.941175699234009 9.80392038822174 0.0 100 164.00000542402267 113.00000846385956 83.00000265240669
12.941175699234009 10.588234663009644 0.0 100 149.00000631809235 94.0000019967556 74.0000031888485
12.941175699234009 11.372548341751099 0.0 100 155.00000596046448 104.00000900030136 81.00000277161598
12.941175699234009 12.156862020492554 0.0 100 147.00000643730164 92.00000211596489 67.00000360608101
12.941175699234009 12.941175699234009 0.0 100 146.00000649690628 89.00000229477882 64.00000378489494
13.725489377975464 -13.72549057006836 0.0 100 157.0000058412552 107.00000882148743 66.00000366568565
13.725489377975464 -12.941176891326904 0.0 100 154.00000602006912 96.00000947713852 57.00000420212746
13.725489377975464 -12.15686321258545 0.0 100 158.00000578165054 104.00000900030136 60.00000402331352
13.725489377975464 -11.372549533843994 0.0 100 128.0000075697899 68.00000354647636 49.000004678964615
13.725489377975464 -10.588235855102539 0.0 100 128.0000075697899 71.00000336766243 48.00000473856926
13.725489377975464 -9.803922176361084 0.0 100 165.00000536441803 116.00000828504562 67.00000360608101
13.725489377975464 -9.019608497619629 0.0 100 153.00000607967377 98.00000935792923 63.00000384449959
13.725489377975464 -8.235294818878174 0.0 100 158.00000578165054 111.00000858306885 76.0000030696392
13.725489377975464 -7.450981140136719 0.0 100 156.00000590085983 105.00000894069672 64.00000378489494
13.725489377975464 -6.666667461395264 0.0 100 163.00000548362732 120.00000804662704 79.00000289082527
13.725489377975464 -5.882353782653809 0.0 100 142.00000673532486 83.00000265240669 59.00000408291817
13.725489377975464 -5.0980401039123535 0.0 100 159.0000057220459 111.00000858306885 74.0000031888485
13.725489377975464 -4.313726425170898 0.0 100 158.00000578165054 109.00000870227814 74.0000031888485
13.725489377975464 -3.5294127464294434 0.0 100 158.00000578165054 103.000009059906 76.0000030696392
13.725489377975464 -2.7450990676879883 0.0 100 133.00000727176666 83.00000265240669 71.00000336766243
13.725489377975464 -1.9607853889465332 0.0 100 160.00000566244125 110.00000864267349 84.00000259280205
13.725489377975464 -1.1764715611934662 0.0 100 155.00000596046448 112.0000085234642 92.00000211596489
13.725489377975464 -0.39215780794620514 0.0 100 163.00000548362732 123.00000786781311 102.00000911951065
13.725489377975464 0.3921560198068619 0.0 100 143.00000667572021 109.00000870227814 100.00000923871994
13.725489377975464 1.176469773054123 0.0 100 54.00000438094139 30.00000201165676 21.000000648200512
13.725489377975464 9.80392038822174 0.0 100 153.00000607967377 106.00000888109207 85.0000025331974
13.725489377975464 10.588234663009644 0.0 100 159.0000057220459 109.00000870227814 82.00000271201134
13.725489377975464 11.372548341751099 0.0 100 151.00000619888306 98.00000935792923 75.00000312924385
13.725489377975464 12.156862020492554 0.0 100 160.00000566244125 107.00000882148743 75.00000312924385
13.725489377975464 12.941175699234009 0.0 100 163.00000548362732 112.0000085234642 75.00000312924385
13.725489377975464 13.725489377975464 0.0 100 153.00000607967377 97.00000941753387 69.00000348687172
14.509803056716919 -14.509804248809814 0.0 100 164.00000542402267 120.00000804662704 69.00000348687172
14.509803056716919 -13.72549057006836 0.0 100 153.00000607967377 100.00000923871994 59.00000408291817
14.509803056716919 -12.941176891326904 0.0 100 159.0000057220459 104.00000900030136 64.00000378489494
14.509803056716919 -12.15686321258545 0.0 100 149.00000631809235 93.00000205636024 62.00000390410423
14.509803056716919 -11.372549533843994 0.0 100 151.00000619888306 99.00000929832458 61.00000396370888
14.509803056716919 -10.588235855102539 0.0 100 147.00000643730164 93.00000205636024 62.00000390410423
14.509803056716919 -9.803922176361084 0.0 100 157.0000058412552 112.0000085234642 73.00000324845314
14.509803056716919 -9.019608497619629 0.0 100 160.00000566244125 109.00000870227814 71.00000336766243
14.509803056716919 -8.235294818878174 0.0 100 158.00000578165054 107.00000882148743 70.00000342726707
14.509803056716919 -7.450981140136719 0.0 100 159.0000057220459 109.00000870227814 72.00000330805779
14.509803056716919 -6.666667461395264 0.0 100 158.00000578165054 113.00000846385956 72.00000330805779
14.509803056716919 -5.882353782653809 0.0 100 158.00000578165054 105.00000894069672 68.00000354647636
14.509803056716919 -5.0980401039123535 0.0 100 156.00000590085983 103.000009059906 70.00000342726707
14.509803056716919 -4.313726425170898 0.0 100 153.00000607967377 103.000009059906 75.00000312924385
14.509803056716919 -3.5294127464294434 0.0 100 163.00000548362732 114.00000840425491 78.00000295042992
14.509803056716919 -2.7450990676879883 0.0 100 162.00000554323196 114.00000840425491 84.00000259280205
14.509803056716919 -1.9607853889465332 0.0 100 160.00000566244125 118.00000816583633 92.00000211596489
14.509803056716919 -1.1764715611934662 0.0 100 150.0000062584877 106.00000888109207 89.00000229477882
14.509803056716919 -0.39215780794620514 0.0 100 168.0000051856041 130.0000074505806 104.00000900030136
14.509803056716919 0.3921560198068619 0.0 100 158.00000578165054 120.00000804662704 98.00000935792923
14.509803056716919 1.176469773054123 0.0 100 61.00000396370888 37.00000159442425 23.000000528991222
14.509803056716919 1.96078360080719 0.0 100 49.000004678964615 22.000000588595867 12.000001184642315
14.509803056716919 9.80392038822174 0.0 100 164.00000542402267 118.00000816583633 90.00000223517418
14.509803056716919 10.588234663009644 0.0 100 166.00000530481339 118.00000816583633 87.00000241398811
14.509803056716919 11.372548341751099 0.0 100 165.00000536441803 116.00000828504562 85.0000025331974
14.509803056716919 12.156862020492554 0.0 100 159.0000057220459 110.00000864267349 82.00000271201134
14.509803056716919 12.941175699234009 0.0 100 155.00000596046448 104.00000900030136 73.00000324845314
14.509803056716919 13.725489377975464 0.0 100 155.00000596046448 100.00000923871994 70.00000342726707
14.509803056716919 14.509803056716919 0.0 100 151.00000619888306 94.0000019967556 66.00000366568565
15.294116735458374 -15.29411792755127 0.0 100 152.0000061392784 100.00000923871994 62.00000390410423
15.294116735458374 -14.509804248809814 0.0 100 144.00000661611557 87.00000241398811 56.0000042617321
15.294116735458374 -13.72549057006836 0.0 100 116.00000828504562 58.00000414252281 38.0000015348196
15.294116735458374 -12.941176891326904 0.0 100 134.00000721216202 79.00000289082527 53.000004440546036
15.294116735458374 -12.15686321258545 0.0 100 142.00000673532486 89.00000229477882 60.00000402331352
15.294116735458374 -11.372549533843994 0.0 100 125.00000774860382 67.00000360608101 46.000001057982445
15.294116735458374 -10.588235855102539 0.0 100 152.0000061392784 99.00000929832458 63.00000384449959
15.294116735458374 -9.803922176361084 0.0 100 150.0000062584877 96.00000947713852 63.00000384449959
15.294116735458374 -9.019608497619629 0.0 100 149.00000631809235 99.00000929832458 66.00000366568565
15.294116735458374 -8.235294818878174 0.0 100 120.00000804662704 73.00000324845314 54.00000438094139
15.294116735458374 -7.450981140136719 0.0 100 151.00000619888306 99.00000929832458 63.00000384449959
15.294116735458374 -6.666667461395264 0.0 100 159.0000057220459 110.00000864267349 73.00000324845314
15.294116735458374 -5.882353782653809 0.0 100 162.00000554323196 113.00000846385956 74.0000031888485
15.294116735458374 -5.0980401039123535 0.0 100 158.00000578165054 107.00000882148743 74.0000031888485
15.294116735458374 -4.313726425170898 0.0 100 166.00000530481339 118.00000816583633 78.00000295042992
15.294116735458374 -3.5294127464294434 0.0 100 166.00000530481339 117.00000822544098 82.00000271201134
15.294116735458374 -2.7450990676879883 0.0 100 167.00000524520874 118.00000816583633 82.00000271201134
15.294116735458374 -1.9607853889465332 0.0 100 161.0000056028366 116.00000828504562 88.00000235438347
15.294116735458374 -1.1764715611934662 0.0 100 167.00000524520874 122.00000792741776 94.0000019967556
15.294116735458374 -0.39215780794620514 0.0 100 162.00000554323196 127.00000762939453 108.00000876188278
15.294116735458374 0.3921560198068619 0.0 100 71.00000336766243 46.000001057982445 26.00000225007534
15.294116735458374 1.176469773054123 0.0 100 76.0000030696392 43.00000123679638 25.000002309679985
15.294116735458374 1.96078360080719 0.0 100 61.00000396370888 33.00000183284283 18.000000827014446
15.294116735458374 10.588234663009644 0.0 100 168.0000051856041 123.00000786781311 92.00000211596489
15.294116735458374 11.372548341751099 0.0 100 164.00000542402267 114.00000840425491 84.00000259280205
15.294116735458374 12.156862020492554 0.0 100 163.00000548362732 111.00000858306885 80.00000283122063
15.294116735458374 12.941175699234009 0.0 100 168.0000051856041 117.00000822544098 79.00000289082527
15.294116735458374 13.725489377975464 0.0 100 153.00000607967377 101.0000091791153 74.0000031888485
15.294116735458374 14.509803056716919 0.0 100 156.00000590085983 101.0000091791153 70.00000342726707
15.294116735458374 15.294116735458374 0.0 100 154.00000602006912 97.00000941753387 66.00000366568565
16.07843041419983 -16.078431606292725 0.0 100 155.00000596046448 107.00000882148743 64.00000378489494
16.07843041419983 -15.29411792755127 0.0 100 119.00000810623169 56.0000042617321 38.0000015348196
16.07843041419983 -14.509804248809814 0.0 100 139.0000069141388 87.00000241398811 57.00000420212746
16.07843041419983 -13.72549057006836 0.0 100 154.00000602006912 96.00000947713852 57.00000420212746
16.07843041419983 -12.941176891326904 0.0 100 154.00000602006912 102.00000911951065 66.00000366568565
16.07843041419983 -12.15686321258545 0.0 100 158.00000578165054 108.00000876188278 64.00000378489494
16.07843041419983 -11.372549533843994 0.0 100 155.00000596046448 99.00000929832458 63.00000384449959
16.07843041419983 -10.588235855102539 0.0 100 151.00000619888306 98.00000935792923 62.00000390410423
16.07843041419983 -9.803922176361084 0.0 100 152.0000061392784 99.00000929832458 66.00000366568565
16.07843041419983 -9.019608497619629 0.0 100 128.0000075697899 78.00000295042992 57.00000420212746
16.07843041419983 -8.235294818878174 0.0 100 159.0000057220459 114.00000840425491 74.0000031888485
16.07843041419983 -7.450981140136719 0.0 100 150.0000062584877 102.00000911951065 72.00000330805779
16.07843041419983 -6.666667461395264 0.0 100 158.00000578165054 107.00000882148743 74.0000031888485
16.07843041419983 -5.882353782653809 0.0 100 144.00000661611557 90.00000223517418 68.00000354647636
16.07843041419983 -5.0980401039123535 0.0 100 157.0000058412552 110.00000864267349 79.00000289082527
16.07843041419983 -4.313726425170898 0.0 100 166.00000530481339 115.00000834465027 77.00000301003456
16.07843041419983 -3.5294127464294434 0.0 100 167.00000524520874 121.0000079870224 85.0000025331974
16.07843041419983 -2.7450990676879883 0.0 100 164.00000542402267 115.00000834465027 83.00000265240669
16.07843041419983 -1.9607853889465332 0.0 100 170.0000050663948 126.00000768899918 92.00000211596489
16.07843041419983 -1.1764715611934662 0.0 100 158.00000578165054 116.00000828504562 95.00000193715096
16.07843041419983 -0.39215780794620514 0.0 100 167.00000524520874 125.00000774860382 102.00000911951065
16.07843041419983 0.3921560198068619 0.0 100 62.00000390410423 38.0000015348196 25.000002309679985
16.07843041419983 1.176469773054123 0.0 100 64.00000378489494 36.00000165402889 23.000000528991222
16.07843041419983 1.96078360080719 0.0 100 57.00000420212746 33.00000183284283 20.000000707805157
16.07843041419983 11.372548341751099 0.0 100 163.00000548362732 114.00000840425491 87.00000241398811
16.07843041419983 12.156862020492554 0.0 100 153.00000607967377 103.000009059906 81.00000277161598
16.07843041419983 12.941175699234009 0.0 100 159.0000057220459 106.00000888109207 80.00000283122063
16.07843041419983 13.725489377975464 0.0 100 156.00000590085983 102.00000911951065 75.00000312924385
16.07843041419983 14.509803056716919 0.0 100 167.00000524520874 122.00000792741776 81.00000277161598
16.07843041419983 15.294116735458374 0.0 100 160.00000566244125 106.00000888109207 72.00000330805779
16.07843041419983 16.07843041419983 0.0 100 161.0000056028366 106.00000888109207 71.00000336766243
16.862744092941284 -16.86274528503418 0.0 100 149.00000631809235 98.00000935792923 64.00000378489494
16.862744092941284 -16.078431606292725 0.0 100 148.000006377697 97.00000941753387 66.00000366568565
16.862744092941284 -15.29411792755127 0.0 100 144.00000661611557 84.00000259280205 52.00000450015068
16.862744092941284 -14.509804248809814 0.0 100 154.00000602006912 100.00000923871994 62.00000390410423
16.862744092941284 -13.72549057006836 0.0 100 147.00000643730164 96.00000947713852 66.00000366568565
16.862744092941284 -12.941176891326904 0.0 100 124.00000780820847 66.00000366568565 48.00000473856926
16.862744092941284 -12.15686321258545 0.0 100 146.00000649690628 91.00000217556953 60.00000402331352
16.862744092941284 -11.372549533843994 0.0 100 153.00000607967377 102.00000911951065 69.00000348687172
16.862744092941284 -10.588235855102539 0.0 100 141.0000067949295 86.00000247359276 60.00000402331352
16.862744092941284 -9.803922176361084 0.0 100 152.0000061392784 101.0000091791153 66.00000366568565
16.862744092941284 -9.019608497619629 0.0 100 156.00000590085983 108.00000876188278 73.00000324845314
16.862744092941284 -8.235294818878174 0.0 100 135.00000715255737 84.00000259280205 62.00000390410423
16.862744092941284 -7.450981140136719 0.0 100 149.00000631809235 100.00000923871994 71.00000336766243
16.862744092941284 -6.666667461395264 0.0 100 161.0000056028366 110.00000864267349 72.00000330805779
16.862744092941284 -5.882353782653809 0.0 100 150.0000062584877 98.00000935792923 70.00000342726707
16.862744092941284 -5.0980401039123535 0.0 100 159.0000057220459 112.0000085234642 80.00000283122063
16.862744092941284 -4.313726425170898 0.0 100 157.0000058412552 113.00000846385956 82.00000271201134
16.862744092941284 -3.5294127464294434 0.0 100 167.00000524520874 129.00000751018524 95.00000193715096
16.862744092941284 -2.7450990676879883 0.0 100 162.00000554323196 115.00000834465027 85.0000025331974
16.862744092941284 -1.9607853889465332 0.0 100 155.00000596046448 109.00000870227814 87.00000241398811
16.862744092941284 -1.1764715611934662 0.0 100 139.0000069141388 102.00000911951065 90.00000223517418
16.862744092941284 -0.39215780794620514 0.0 100 163.00000548362732 125.00000774860382 103.000009059906
16.862744092941284 0.3921560198068619 0.0 100 62.00000390410423 39.00000147521496 25.000002309679985
16.862744092941284 1.176469773054123 0.0 100 47.0000009983778 24.00000236928463 19.0000007674098
16.862744092941284 1.96078360080719 0.0 100 50.00000461935997 23.000000528991222 12.000001184642315
16.862744092941284 11.372548341751099 0.0 100 171.00000500679016 125.00000774860382 91.00000217556953
16.862744092941284 12.156862020492554 0.0 100 155.00000596046448 105.00000894069672 83.00000265240669
16.862744092941284 12.941175699234009 0.0 100 164.00000542402267 114.00000840425491 83.00000265240669
16.862744092941284 13.725489377975464 0.0 100 160.00000566244125 109.00000870227814 81.00000277161598
16.862744092941284 14.509803056716919 0.0 100 159.0000057220459 107.00000882148743 77.00000301003456
16.862744092941284 15.294116735458374 0.0 100 159.0000057220459 104.00000900030136 74.0000031888485
16.862744092941284 16.07843041419983 0.0 100 161.0000056028366 104.00000900030136 72.00000330805779
16.862744092941284 16.862744092941284 0.0 100 162.00000554323196 103.000009059906 68.00000354647636
17.64705777168274 -17.647058963775635 0.0 100 150.0000062584877 96.00000947713852 63.00000384449959
17.64705777168274 -16.86274528503418 0.0 100 141.0000067949295 88.00000235438347 61.00000396370888
17.64705777168274 -16.078431606292725 0.0 100 149.00000631809235 97.00000941753387 64.00000378489494
17.64705777168274 -15.29411792755127 0.0 100 135.00000715255737 84.00000259280205 60.00000402331352
17.64705777168274 -14.509804248809814 0.0 100 144.00000661611557 88.00000235438347 57.00000420212746
17.64705777168274 -13.72549057006836 0.0 100 147.00000643730164 93.00000205636024 60.00000402331352
17.64705777168274 -12.941176891326904 0.0 100 153.00000607967377 100.00000923871994 64.00000378489494
17.64705777168274 -12.15686321258545 0.0 100 143.00000667572021 89.00000229477882 63.00000384449959
17.64705777168274 -11.372549533843994 0.0 100 156.00000590085983 107.00000882148743 67.00000360608101
17.64705777168274 -10.588235855102539 0.0 100 150.0000062584877 99.00000929832458 68.00000354647636
17.64705777168274 -9.803922176361084 0.0 100 152.0000061392784 105.00000894069672 71.00000336766243
17.64705777168274 -9.019608497619629 0.0 100 159.0000057220459 114.00000840425491 73.00000324845314
17.64705777168274 -8.235294818878174 0.0 100 152.0000061392784 94.0000019967556 61.00000396370888
17.64705777168274 -7.450981140136719 0.0 100 137.00000703334808 84.00000259280205 64.00000378489494
17.64705777168274 -6.666667461395264 0.0 100 119.00000810623169 73.00000324845314 58.00000414252281
17.64705777168274 -5.882353782653809 0.0 100 155.00000596046448 106.00000888109207 74.0000031888485
17.64705777168274 -5.0980401039123535 0.0 100 152.0000061392784 103.000009059906 77.00000301003456
17.64705777168274 -4.313726425170898 0.0 100 158.00000578165054 113.00000846385956 84.00000259280205
17.64705777168274 -3.5294127464294434 0.0 100 160.00000566244125 113.00000846385956 84.00000259280205
17.64705777168274 -2.7450990676879883 0.0 100 159.0000057220459 112.0000085234642 85.0000025331974
17.64705777168274 -1.9607853889465332 0.0 100 168.0000051856041 125.00000774860382 91.00000217556953
17.64705777168274 -1.1764715611934662 0.0 100 161.0000056028366 120.00000804662704 98.00000935792923
17.64705777168274 -0.39215780794620514 0.0 100 163.00000548362732 122.00000792741776 102.00000911951065
17.64705777168274 0.3921560198068619 0.0 100 52.00000450015068 29.000002071261406 22.000000588595867
17.64705777168274 1.176469773054123 0.0 100 64.00000378489494 33.00000183284283 23.000000528991222
17.64705777168274 1.96078360080719 0.0 100 70.00000342726707 40.00000141561031 22.000000588595867
17.64705777168274 12.156862020492554 0.0 100 162.00000554323196 114.00000840425491 88.00000235438347
17.64705777168274 12.941175699234009 0.0 100 164.00000542402267 113.00000846385956 85.0000025331974
17.64705777168274 13.725489377975464 0.0 100 158.00000578165054 107.00000882148743 81.00000277161598
17.64705777168274 14.509803056716919 0.0 100 154.00000602006912 101.0000091791153 77.00000301003456
17.64705777168274 15.294116735458374 0.0 100 155.00000596046448 102.00000911951065 74.0000031888485
17.64705777168274 16.07843041419983 0.0 100 155.00000596046448 101.0000091791153 74.0000031888485
17.64705777168274 16.862744092941284 0.0 100 137.00000703334808 84.00000259280205 64.00000378489494
17.64705777168274 17.64705777168274 0.0 100 157.0000058412552 99.00000929832458 66.00000366568565
18.431371450424194 -18.43137264251709 0.0 100 153.00000607967377 102.00000911951065 69.00000348687172
18.431371450424194 -17.647058963775635 0.0 100 151.00000619888306 99.00000929832458 63.00000384449959
18.431371450424194 -16.86274528503418 0.0 100 154.00000602006912 106.00000888109207 66.00000366568565
18.431371450424194 -16.078431606292725 0.0 100 146.00000649690628 98.00000935792923 64.00000378489494
18.431371450424194 -15.29411792755127 0.0 100 151.00000619888306 95.00000193715096 59.00000408291817
18.431371450424194 -14.509804248809814 0.0 100 147.00000643730164 94.0000019967556 60.00000402331352
18.431371450424194 -13.72549057006836 0.0 100 116.00000828504562 68.00000354647636 53.000004440546036
18.431371450424194 -12.941176891326904 0.0 100 150.0000062584877 107.00000882148743 70.00000342726707
18.431371450424194 -12.15686321258545 0.0 100 143.00000667572021 87.00000241398811 61.00000396370888
18.431371450424194 -11.372549533843994 0.0 100 156.00000590085983 101.0000091791153 65.0000037252903
18.431371450424194 -10.588235855102539 0.0 100 148.000006377697 98.00000935792923 67.00000360608101
18.431371450424194 -9.803922176361084 0.0 100 127.00000762939453 76.0000030696392 55.000004321336746
18.431371450424194 -9.019608497619629 0.0 100 148.000006377697 106.00000888109207 73.00000324845314
18.431371450424194 -8.235294818878174 0.0 100 168.0000051856041 128.0000075697899 80.00000283122063
18.431371450424194 -7.450981140136719 0.0 100 155.00000596046448 103.000009059906 69.00000348687172
18.431371450424194 -6.666667461395264 0.0 100 162.00000554323196 116.00000828504562 76.0000030696392
18.431371450424194 -5.882353782653809 0.0 100 142.00000673532486 92.00000211596489 71.00000336766243
18.431371450424194 -5.0980401039123535 0.0 100 153.00000607967377 104.00000900030136 76.0000030696392
18.431371450424194 -4.313726425170898 0.0 100 164.00000542402267 122.00000792741776 87.00000241398811
18.431371450424194 -3.5294127464294434 0.0 100 151.00000619888306 105.00000894069672 82.00000271201134
18.431371450424194 -2.7450990676879883 0.0 100 164.00000542402267 122.00000792741776 93.00000205636024
18.431371450424194 -1.9607853889465332 0.0 100 157.0000058412552 114.00000840425491 91.00000217556953
18.431371450424194 -1.1764715611934662 0.0 100 162.00000554323196 121.0000079870224 98.00000935792923
18.431371450424194 -0.39215780794620514 0.0 100 162.00000554323196 123.00000786781311 103.000009059906
18.431371450424194 0.3921560198068619 0.0 100 170.0000050663948 131.00000739097595 108.00000876188278
18.431371450424194 1.176469773054123 0.0 100 78.00000295042992 45.00000111758709 24.00000236928463
18.431371450424194 1.96078360080719 0.0 100 66.00000366568565 33.00000183284283 21.000000648200512
18.431371450424194 2.745097279548645 0.0 100 65.0000037252903 47.0000009983778 31.000001952052116
18.431371450424194 12.156862020492554 0.0 100 165.00000536441803 120.00000804662704 91.00000217556953
18.431371450424194 12.941175699234009 0.0 100 161.0000056028366 112.0000085234642 86.00000247359276
18.431371450424194 13.725489377975464 0.0 100 157.0000058412552 104.00000900030136 81.00000277161598
18.431371450424194 14.509803056716919 0.0 100 154.00000602006912 103.000009059906 78.00000295042992
18.431371450424194 15.294116735458374 0.0 100 160.00000566244125 107.00000882148743 79.00000289082527
18.431371450424194 16.07843041419983 0.0 100 153.00000607967377 99.00000929832458 72.00000330805779
18.431371450424194 16.862744092941284 0.0 100 141.0000067949295 88.00000235438347 66.00000366568565
18.431371450424194 17.64705777168274 0.0 100 148.000006377697 98.00000935792923 73.00000324845314
18.431371450424194 18.431371450424194 0.0 100 157.0000058412552 102.00000911951065 69.00000348687172
19.215686321258545 -19.215686321258545 0.0 100 158.00000578165054 107.00000882148743 68.00000354647636
19.215686321258545 -18.43137264251709 0.0 100 151.00000619888306 97.00000941753387 63.00000384449959
19.215686321258545 -17.647058963775635 0.0 100 147.00000643730164 93.00000205636024 61.00000396370888
19.215686321258545 -16.86274528503418 0.0 100 129.00000751018524 76.0000030696392 55.000004321336746
19.215686321258545 -16.078431606292725 0.0 100 148.000006377697 93.00000205636024 61.00000396370888
19.215686321258545 -15.29411792755127 0.0 100 144.00000661611557 89.00000229477882 59.00000408291817
19.215686321258545 -14.509804248809814 0.0 100 140.00000685453415 85.0000025331974 59.00000408291817
19.215686321258545 -13.72549057006836 0.0 100 156.00000590085983 103.000009059906 65.0000037252903
19.215686321258545 -12.941176891326904 0.0 100 128.0000075697899 77.00000301003456 56.0000042617321
19.215686321258545 -12.15686321258545 0.0 100 150.0000062584877 96.00000947713852 62.00000390410423
19.215686321258545 -11.372549533843994 0.0 100 155.00000596046448 107.00000882148743 73.00000324845314
19.215686321258545 -10.588235855102539 0.0 100 144.00000661611557 92.00000211596489 64.00000378489494
19.215686321258545 -9.803922176361084 0.0 100 152.0000061392784 100.00000923871994 68.00000354647636
19.215686321258545 -9.019608497619629 0.0 100 141.0000067949295 88.00000235438347 63.00000384449959
19.215686321258545 -8.235294818878174 0.0 100 154.00000602006912 100.00000923871994 68.00000354647636
19.215686321258545 -7.450981140136719 0.0 100 133.00000727176666 82.00000271201134 62.00000390410423
19.215686321258545 -6.666667461395264 0.0 100 157.0000058412552 108.00000876188278 76.0000030696392
19.215686321258545 -5.882353782653809 0.0 100 134.00000721216202 84.00000259280205 66.00000366568565
19.215686321258545 -5.0980401039123535 0.0 100 155.00000596046448 104.00000900030136 78.00000295042992
19.215686321258545 -4.313726425170898 0.0 100 161.0000056028366 113.00000846385956 83.00000265240669
19.215686321258545 -3.5294127464294434 0.0 100 156.00000590085983 110.00000864267349 84.00000259280205
19.215686321258545 -2.7450990676879883 0.0 100 154.00000602006912 111.00000858306885 89.00000229477882
19.215686321258545 -1.9607853889465332 0.0 100 166.00000530481339 121.0000079870224 94.0000019967556
19.215686321258545 -1.1764715611934662 0.0 100 161.0000056028366 118.00000816583633 97.00000941753387
19.215686321258545 -0.39215780794620514 0.0 100 165.00000536441803 127.00000762939453 104.00000900030136
19.215686321258545 0.3921560198068619 0.0 100 159.0000057220459 121.0000079870224 105.00000894069672
19.215686321258545 1.176469773054123 0.0 100 75.00000312924385 43.00000123679638 26.00000225007534
19.215686321258545 1.96078360080719 0.0 100 72.00000330805779 40.00000141561031 23.000000528991222
19.215686321258545 2.745097279548645 0.0 100 45.00000111758709 21.000000648200512 13.00000112503767
19.215686321258545 12.941175699234009 0.0 100 163.00000548362732 113.00000846385956 88.00000235438347
19.215686321258545 13.725489377975464 0.0 100 161.0000056028366 111.00000858306885 85.0000025331974
19.215686321258545 14.509803056716919 0.0 100 162.00000554323196 109.00000870227814 81.00000277161598
19.215686321258545 15.294116735458374 0.0 100 155.00000596046448 101.0000091791153 77.00000301003456
19.215686321258545 16.07843041419983 0.0 100 157.0000058412552 106.00000888109207 78.00000295042992
19.215686321258545 16.862744092941284 0.0 100 157.0000058412552 102.00000911951065 74.0000031888485
19.215686321258545 17.64705777168274 0.0 100 149.00000631809235 96.00000947713852 70.00000342726707
19.215686321258545 18.431371450424194 0.0 100 148.000006377697 92.00000211596489 66.00000366568565
19.215686321258545 19.215686321258545 0.0 100 158.00000578165054 101.0000091791153 69.00000348687172
10.132167339324951 -4.187481999397278 0.10082569904625416 100 158.00000578165054 109.00000870227814 62.00000390410423
9.736595749855042 -4.5693182945251465 0.2939152345061302 100 149.00000631809235 119.00000810623169 102.00000911951065
9.622091054916382 -4.6552470326423645 0.2933857776224613 100 143.00000667572021 95.00000193715096 63.00000384449959
9.922170639038086 -4.546498358249664 0.3755556419491768 100 143.00000667572021 106.00000888109207 87.00000241398811
10.014159679412842 -4.891013503074646 0.301681999117136 100 142.00000673532486 91.00000217556953 56.0000042617321
9.578461050987244 -5.035291314125061 0.11865485459566116 100 147.00000643730164 96.00000947713852 60.00000402331352
9.384808540344238 -4.795978665351868 0.07445114199072123 100 54.00000438094139 29.000002071261406 17.00000088661909
10.076742172241211 -4.827160537242889 0.3696189448237419 100 146.00000649690628 93.00000205636024 61.00000396370888
10.351508855819702 -4.574042558670044 0.2920917421579361 100 154.00000602006912 114.00000840425491 93.00000205636024
10.32646894454956 -4.456219673156738 0.28000928461551666 100 163.00000548362732 118.00000816583633 82.00000271201134
10.189899206161499 -4.253829121589661 0.28064630925655365 100 163.00000548362732 113.00000846385956 75.00000312924385
9.39565360546112 -4.691460430622101 0.20944973453879356 100 97.00000941753387 64.00000378489494 46.000001057982445
9.384629726409912 -4.753490090370178 0.1892775483429432 100 69.00000348687172 40.00000141561031 23.000000528991222
9.429101943969727 -4.711474180221558 0.24163451045751572 100 144.00000661611557 106.00000888109207 82.00000271201134
9.48682963848114 -4.921942055225372 0.22378811612725258 100 109.00000870227814 65.0000037252903 38.0000015348196
10.053812265396118 -4.161989986896515 -0.01789818052202463 100 163.00000548362732 116.00000828504562 67.00000360608101
10.12317419052124 -4.176537096500397 0.18126921728253365 100 155.00000596046448 113.00000846385956 82.00000271201134
9.48089599609375 -4.9498069286346436 0.1968749426305294 100 133.00000727176666 90.00000223517418 57.00000420212746
9.414238929748535 -4.830417633056641 0.19292887300252914 100 70.00000342726707 40.00000141561031 23.000000528991222
9.429651498794556 -4.7934290766716 0.22998418658971786 100 126.00000768899918 79.00000289082527 47.0000009983778
9.514704942703247 -4.999137222766876 0.14960621483623981 100 134.00000721216202 88.00000235438347 56.0000042617321
9.384407997131348 -4.796703457832336 0.14989147894084454 100 53.000004440546036 29.000002071261406 18.000000827014446
9.390931725502014 -4.575238227844238 0.11160164140164852 100 82.00000271201134 52.00000450015068 37.00000159442425
10.112320184707642 -4.797676503658295 0.378614142537117 100 158.00000578165054 104.00000900030136 65.0000037252903
9.82938289642334 -4.557908475399017 0.3347354382276535 100 143.00000667572021 112.0000085234642 99.00000929832458
9.679343104362488 -4.6122825145721436 0.29365049675107 100 124.00000780820847 112.0000085234642 106.00000888109207
9.772130846977234 -4.600872695446014 0.3344707190990448 100 148.000006377697 106.00000888109207 79.00000289082527
9.425233006477356 -4.806342720985413 0.003861084987875074 100 136.00000709295273 101.0000091791153 64.00000378489494
9.38749611377716 -4.675443768501282 0.07504100911319256 100 52.00000450015068 28.00000213086605 16.000000946223736
9.427921175956726 -4.685807824134827 0.004450955020729452 100 135.00000715255737 83.00000265240669 50.00000461935997
9.782698154449463 -4.603888392448425 0.3367859125137329 100 149.00000631809235 115.00000834465027 96.00000947713852
9.849416613578796 -4.741203784942627 0.3315023332834244 100 146.00000649690628 97.00000941753387 59.00000408291817
10.010024309158325 -4.689845144748688 0.37490252405405045 100 152.0000061392784 98.00000935792923 57.00000420212746
9.865884780883789 -4.329501688480377 0.1674075424671173 100 139.0000069141388 109.00000870227814 91.00000217556953
9.77309763431549 -4.340911507606506 0.12658732943236828 100 149.00000631809235 113.00000846385956 89.00000229477882
10.071834325790405 -4.657893180847168 0.3670138493180275 100 152.0000061392784 100.00000923871994 69.00000348687172
10.275936126708984 -4.668649733066559 0.32296668738126755 100 161.0000056028366 118.00000816583633 86.00000247359276
10.147407054901123 -4.563286304473877 0.33613890409469604 100 159.0000057220459 121.0000079870224 100.00000923871994
10.1348876953125 -4.504374563694 0.33009767532348633 100 155.00000596046448 119.00000810623169 102.00000911951065
10.05603551864624 -4.400163888931274 0.3281009569764137 100 150.0000062584877 115.00000834465027 97.00000941753387
9.999749064445496 -4.183166921138763 0.11995286680758 100 149.00000631809235 114.00000840425491 89.00000229477882
9.4123774766922 -4.701467156410217 0.2255421131849289 100 132.0000073313713 98.00000935792923 77.00000301003456
9.39014196395874 -4.722475111484528 0.19936364144086838 100 73.00000324845314 41.00000135600567 22.000000588595867
9.40686583518982 -4.732482135295868 0.2154560387134552 100 93.00000205636024 53.000004440546036 31.000001952052116
9.554460644721985 -4.788594543933868 0.25858692824840546 100 138.00000697374344 84.00000259280205 52.00000450015068
9.7817862033844 -4.874551296234131 0.296703539788723 100 159.0000057220459 103.000009059906 63.00000384449959
10.088492631912231 -4.169263541698456 0.08168552070856094 100 156.00000590085983 105.00000894069672 65.0000037252903
9.966386556625366 -4.144521057605743 0.07026433479040861 100 129.00000751018524 92.00000211596489 74.0000031888485
9.413828253746033 -4.843229055404663 0.02264706650748849 100 56.0000042617321 30.00000201165676 18.000000827014446
10.251877307891846 -4.733472168445587 0.337882824242115 100 153.00000607967377 102.00000911951065 70.00000342726707
10.327450037002563 -4.638864994049072 0.30700791627168655 100 158.00000578165054 120.00000804662704 96.00000947713852
9.461872577667236 -4.920143187046051 0.08385897614061832 100 56.0000042617321 30.00000201165676 19.0000007674098
9.432852268218994 -4.872892796993256 0.13566304929554462 100 55.000004321336746 29.000002071261406 20.000000707805157
9.421945214271545 -4.8119232058525085 0.2114565297961235 100 82.00000271201134 50.00000461935997 28.00000213086605
9.450534582138062 -4.876179993152618 0.2083585038781166 100 71.00000336766243 41.00000135600567 25.000002309679985
9.458240866661072 -4.857685565948486 0.22688614204525948 100 119.00000810623169 76.0000030696392 45.00000111758709
10.156537294387817 -4.215183258056641 0.2309577539563179 100 164.00000542402267 115.00000834465027 76.0000030696392
9.497800469398499 -4.974472224712372 0.17324058338999748 100 149.00000631809235 103.000009059906 65.0000037252903
9.432651996612549 -4.87325519323349 0.1733832061290741 100 54.00000438094139 29.000002071261406 19.0000007674098
9.384608268737793 -4.796341061592102 0.11217131279408932 100 55.000004321336746 30.00000201165676 17.00000088661909
9.387295842170715 -4.675806164741516 0.11276117525994778 100 46.000001057982445 22.000000588595867 13.00000112503767
10.258184671401978 -4.3550243973731995 0.28032779693603516 100 155.00000596046448 107.00000882148743 78.00000295042992
9.434426426887512 -4.436461925506592 0.004760400915984064 100 56.0000042617321 29.000002071261406 18.000000827014446
9.740594625473022 -4.356203377246857 0.12153113260865211 100 147.00000643730164 111.00000858306885 89.00000229477882
9.613173007965088 -4.440310895442963 0.12146461755037308 100 133.00000727176666 99.00000929832458 86.00000247359276
9.38778042793274 -4.664364159107208 0.15043959952890873 100 54.00000438094139 28.00000213086605 15.00000100582838
9.393292665481567 -4.633349180221558 0.16052568331360817 100 82.00000271201134 54.00000438094139 43.00000123679638
9.442701935768127 -4.501381814479828 0.079231858253479 100 149.00000631809235 112.0000085234642 88.00000235438347
9.440340995788574 -4.4432708621025085 0.030307816341519356 100 95.00000193715096 62.00000390410423 45.00000111758709
9.483863115310669 -4.93587464094162 0.210331529378891 100 144.00000661611557 100.00000923871994 64.00000378489494
9.447567462921143 -4.890112280845642 0.19490191712975502 100 65.0000037252903 37.00000159442425 22.000000588595867
9.77881908416748 -4.888483881950378 0.2832469530403614 100 142.00000673532486 91.00000217556953 55.000004321336746
10.127670764923096 -4.182009398937225 0.14104746282100677 100 151.00000619888306 104.00000900030136 64.00000378489494
10.092990398406982 -4.174735844135284 0.04146376624703407 100 152.0000061392784 103.000009059906 62.00000390410423
10.094531774520874 -4.812418520450592 0.37411656230688095 100 153.00000607967377 101.0000091791153 63.00000384449959
10.027812719345093 -4.67510312795639 0.3794001042842865 100 150.0000062584877 97.00000941753387 60.00000402331352
10.087213516235352 -4.829186499118805 0.36703161895275116 100 142.00000673532486 90.00000223517418 57.00000420212746
9.387407302856445 -4.654199481010437 0.13245421461760998 100 44.000001177191734 21.000000648200512 13.00000112503767
9.390558004379272 -4.565073549747467 0.09361626580357552 100 50.00000461935997 25.000002309679985 13.00000112503767
9.578357934951782 -5.035324692726135 0.032928704749792814 100 114.00000840425491 70.00000342726707 43.00000123679638
9.429376721382141 -4.752451479434967 0.2358093485236168 100 107.00000882148743 64.00000378489494 35.00000171363354
9.407140612602234 -4.773459434509277 0.20963085815310478 100 95.00000193715096 56.0000042617321 30.00000201165676
9.525871276855469 -4.724338054656982 0.26168497279286385 100 143.00000667572021 91.00000217556953 55.000004321336746
9.525596499443054 -4.683360457420349 0.26751013472676277 100 151.00000619888306 120.00000804662704 106.00000888109207
9.582849144935608 -4.640396237373352 0.26777487248182297 100 139.0000069141388 119.00000810623169 107.00000882148743
9.478777050971985 -4.944808185100555 0.06022460758686066 100 54.00000438094139 29.000002071261406 19.0000007674098
9.514608979225159 -4.999126195907593 0.06262926384806633 100 105.00000894069672 60.00000402331352 34.00000177323818
10.156341791152954 -4.780466556549072 0.366227887570858 100 156.00000590085983 105.00000894069672 65.0000037252903
9.566124677658081 -4.630389213562012 0.25168247520923615 100 147.00000643730164 115.00000834465027 95.00000193715096
10.045450925827026 -4.85908716917038 0.3356504812836647 100 145.00000655651093 92.00000211596489 58.00000414252281
9.38451886177063 -4.775096774101257 0.169584508985281 100 54.00000438094139 30.00000201165676 17.00000088661909
9.399323463439941 -4.8135605454444885 0.1714101806282997 100 51.000004559755325 30.00000201165676 20.000000707805157
9.399434328079224 -4.791953861713409 0.19110321998596191 100 56.0000042617321 31.000001952052116 20.000000707805157
5.012257099151611 -3.788723349571228 0.37888552993535995 100 165.00000536441803 124.00000780820847 87.00000241398811
4.757483005523682 -3.958589732646942 0.500793345272541 100 135.00000715255737 81.00000277161598 59.00000408291817
4.687209725379944 -3.5442638397216797 0.18624382093548775 100 75.00000312924385 45.00000111758709 25.000002309679985
4.568158984184265 -3.6796265840530396 0.3631487488746643 100 78.00000295042992 42.000001296401024 27.000002190470695
4.9420857429504395 -3.4595143795013428 0.12676319107413292 100 104.00000900030136 61.00000396370888 37.00000159442425
5.197601914405823 -3.636721670627594 0.12084756977856159 100 136.00000709295273 89.00000229477882 51.000004559755325
5.263424515724182 -3.862917423248291 0.17230426892638206 100 102.00000911951065 60.00000402331352 46.000001057982445
4.346882998943329 -3.93311470746994 0.4401952028274536 100 110.00000864267349 62.00000390410423 36.00000165402889
4.3555232882499695 -3.9201265573501587 0.1386881247162819 100 61.00000396370888 35.00000171363354 19.0000007674098
4.527145028114319 -3.7424486875534058 0.446697361767292 100 135.00000715255737 91.00000217556953 68.00000354647636
4.735508859157562 -3.9580318331718445 0.5054127424955368 100 149.00000631809235 99.00000929832458 75.00000312924385
4.524807631969452 -3.7203437089920044 0.3303232416510582 100 58.00000414252281 31.000001952052116 16.000000946223736
4.583091735839844 -3.6442139744758606 0.0483919819816947 100 58.00000414252281 32.00000189244747 20.000000707805157
4.427811503410339 -3.841012120246887 0.45243076980113983 100 90.00000223517418 52.00000450015068 28.00000213086605
4.339058995246887 -4.074363112449646 0.44101323932409286 100 125.00000774860382 71.00000336766243 44.000001177191734
4.39767062664032 -4.179711639881134 0.45203886926174164 100 109.00000870227814 58.00000414252281 36.00000165402889
4.5877644419670105 -4.329150915145874 0.4858885332942009 100 146.00000649690628 89.00000229477882 55.000004321336746
5.218002796173096 -3.7080731987953186 0.2749873697757721 100 162.00000554323196 120.00000804662704 92.00000211596489
5.210279226303101 -3.651409149169922 0.24173583835363388 100 161.0000056028366 119.00000810623169 91.00000217556953
5.180144906044006 -3.6920329928398132 0.304393507540226 100 151.00000619888306 100.00000923871994 62.00000390410423
5.0630223751068115 -3.5161346197128296 0.2470371499657631 100 144.00000661611557 93.00000205636024 58.00000414252281
4.334259331226349 -4.10601019859314 0.4221654310822487 100 65.0000037252903 39.00000147521496 22.000000588595867
4.334534108638763 -4.1432008147239685 0.25271274149417877 100 79.00000289082527 32.00000189244747 21.000000648200512
5.060490965843201 -3.4942692518234253 0.21461063995957375 100 156.00000590085983 105.00000894069672 62.00000390410423
5.159338116645813 -3.587355613708496 0.23124704137444496 100 152.0000061392784 94.0000019967556 51.000004559755325
5.155496001243591 -3.6182576417922974 0.276070311665535 100 153.00000607967377 110.00000864267349 84.00000259280205
5.0136590003967285 -3.4682121872901917 0.16040120273828506 100 168.0000051856041 130.0000074505806 82.00000271201134
5.197771191596985 -3.6195704340934753 0.19431686028838158 100 139.0000069141388 89.00000229477882 54.00000438094139
4.652295410633087 -3.5669001936912537 0.21113304421305656 100 106.00000888109207 63.00000384449959 44.000001177191734
4.394262135028839 -3.869302272796631 0.13465558178722858 100 63.00000384449959 36.00000165402889 16.000000946223736
4.61151510477066 -3.6100250482559204 0.0627060467377305 100 54.00000438094139 31.000001952052116 17.00000088661909
4.50182169675827 -3.778229057788849 0.4638602212071419 100 135.00000715255737 87.00000241398811 59.00000408291817
4.505936503410339 -3.745809495449066 0.44214311987161636 100 112.0000085234642 79.00000289082527 69.00000348687172
4.8848700523376465 -3.873656690120697 0.4398394376039505 100 169.00000512599945 132.0000073313713 89.00000229477882
4.814647734165192 -3.5018891096115112 0.15650350600481033 100 94.0000019967556 56.0000042617321 34.00000177323818
4.6276843547821045 -3.6119452118873596 0.2746962755918503 100 123.00000786781311 75.00000312924385 50.00000461935997
4.755122363567352 -3.569570481777191 0.24495594203472137 100 121.0000079870224 72.00000330805779 50.00000461935997
5.155917406082153 -3.653976619243622 0.052369823679327965 100 92.00000211596489 43.00000123679638 33.00000183284283
5.230513215065002 -3.7498196959495544 0.1465759240090847 100 132.0000073313713 87.00000241398811 56.0000042617321
4.3439435958862305 -4.011458158493042 0.26355065405368805 100 59.00000408291817 36.00000165402889 18.000000827014446
4.351203143596649 -3.9266204833984375 0.28944164514541626 100 62.00000390410423 35.00000171363354 17.00000088661909
4.873882830142975 -3.873377740383148 0.4421491175889969 100 170.0000050663948 133.00000727176666 94.0000019967556
4.769701063632965 -3.765586018562317 0.412791445851326 100 161.0000056028366 118.00000816583633 91.00000217556953
4.631326794624329 -3.850240409374237 0.4760550335049629 100 166.00000530481339 121.0000079870224 87.00000241398811
4.827008843421936 -3.521355986595154 0.04685243126004934 100 55.000004321336746 28.00000213086605 16.000000946223736
4.93109405040741 -3.4836214780807495 0.03719226690009236 100 53.000004440546036 27.000002190470695 16.000000946223736
4.43584531545639 -3.8267290592193604 0.3852592036128044 100 57.00000420212746 28.00000213086605 14.000001065433025
4.553949534893036 -3.6822789907455444 0.18935762345790863 100 58.00000414252281 30.00000201165676 14.000001065433025
4.464987218379974 -3.7886643409729004 0.24429358541965485 100 58.00000414252281 32.00000189244747 15.00000100582838
4.581660032272339 -3.899522125720978 0.47892171889543533 100 138.00000697374344 82.00000271201134 51.000004559755325
4.383435249328613 -3.9576876163482666 0.44672198593616486 100 136.00000709295273 80.00000283122063 49.000004678964615
4.537283778190613 -4.016197323799133 0.47321297228336334 100 154.00000602006912 101.0000091791153 56.0000042617321
4.566589891910553 -4.068871736526489 0.47872576862573624 100 144.00000661611557 88.00000235438347 50.00000461935997
4.3683648109436035 -4.127037227153778 0.44652603566646576 100 129.00000751018524 75.00000312924385 44.000001177191734
4.672623574733734 -4.143870174884796 0.49334093928337097 100 149.00000631809235 96.00000947713852 59.00000408291817
5.199073553085327 -3.700053095817566 0.28969043865799904 100 162.00000554323196 119.00000810623169 91.00000217556953
5.214141011238098 -3.6797410249710083 0.258361604064703 100 162.00000554323196 122.00000792741776 93.00000205636024
5.19521176815033 -3.6717212200164795 0.27306467294692993 100 162.00000554323196 121.0000079870224 92.00000211596489
5.037639737129211 -3.652428984642029 0.3129613399505615 100 156.00000590085983 110.00000864267349 88.00000235438347
4.795083403587341 -3.6292916536331177 0.34686725586652756 100 150.0000062584877 108.00000876188278 84.00000259280205
5.155959129333496 -3.6122125387191772 0.06233607418835163 100 119.00000810623169 75.00000312924385 49.000004678964615
4.365965127944946 -4.142860770225525 0.43710213154554367 100 73.00000324845314 39.00000147521496 27.000002190470695
4.334396719932556 -4.124605357646942 0.3374391049146652 100 57.00000420212746 32.00000189244747 22.000000588595867
4.337769150733948 -4.116501212120056 0.16980942338705063 100 68.00000354647636 37.00000159442425 19.0000007674098
4.340708553791046 -4.038157761096954 0.3464539721608162 100 59.00000408291817 32.00000189244747 17.00000088661909
4.340571165084839 -4.019562304019928 0.43118029832839966 100 62.00000390410423 34.00000177323818 17.00000088661909
4.387347102165222 -3.8870635628700256 0.4463129863142967 100 101.0000091791153 57.00000420212746 33.00000183284283
4.342970848083496 -4.003738760948181 0.44060420244932175 100 118.00000816583633 67.00000360608101 40.00000141561031
5.087403655052185 -3.540986180305481 0.10921760462224483 100 122.00000792741776 77.00000301003456 49.000004678964615
5.129046440124512 -3.5654956102371216 0.16772910952568054 100 133.00000727176666 81.00000277161598 52.00000450015068
5.157417058944702 -3.6028066277503967 0.2536586858332157 100 145.00000655651093 92.00000211596489 57.00000420212746
5.111179947853088 -3.551745116710663 0.23914210498332977 100 155.00000596046448 108.00000876188278 74.0000031888485
5.1092588901519775 -3.5671961307525635 0.26155373081564903 100 160.00000566244125 117.00000822544098 82.00000271201134
4.814324975013733 -3.5869479179382324 0.2888796851038933 100 126.00000768899918 75.00000312924385 49.000004678964615
5.001288056373596 -3.476891815662384 0.17068691551685333 100 117.00000822544098 71.00000336766243 49.000004678964615
5.037074685096741 -3.4812408685684204 0.18750593066215515 100 152.0000061392784 111.00000858306885 65.0000037252903
4.977872371673584 -3.463863432407379 0.143582196906209 100 105.00000894069672 61.00000396370888 39.00000147521496
5.129131078720093 -3.5569199919700623 0.20446375012397766 100 138.00000697374344 88.00000235438347 55.000004321336746
5.197686553001404 -3.6281460523605347 0.15758221969008446 100 125.00000774860382 78.00000295042992 50.00000461935997
5.2305978536605835 -3.741244077682495 0.18331056460738182 100 141.0000067949295 95.00000193715096 56.0000042617321
4.492717385292053 -4.254431128501892 0.4689636826515198 100 146.00000649690628 96.00000947713852 57.00000420212746
4.661636650562286 -4.143591225147247 0.49565061926841736 100 150.0000062584877 96.00000947713852 59.00000408291817
4.5885515213012695 -3.643621802330017 0.2707281522452831 100 48.00000473856926 23.000000528991222 14.000001065433025
4.6176934242248535 -3.605557084083557 0.12976251542568207 100 56.0000042617321 30.00000201165676 14.000001065433025
4.699571132659912 -3.5637307167053223 0.07659275084733963 100 57.00000420212746 30.00000201165676 16.000000946223736
4.370572566986084 -3.9012086391448975 0.28742536902427673 100 63.00000384449959 36.00000165402889 17.00000088661909
4.4886767864227295 -3.7567582726478577 0.09152377024292946 100 54.00000438094139 29.000002071261406 17.00000088661909
5.233502388000488 -3.74388724565506 0.22249463945627213 100 167.00000524520874 125.00000774860382 91.00000217556953
4.649362564086914 -3.5771444439888 0.12447493150830269 100 53.000004440546036 27.000002190470695 16.000000946223736
4.515066146850586 -3.7485769391059875 0.06644716951996088 100 61.00000396370888 35.00000171363354 21.000000648200512
5.061756372451782 -3.5052019357681274 0.23082390427589417 100 147.00000643730164 97.00000941753387 58.00000414252281
5.109914541244507 -3.5408124327659607 0.22292884066700935 100 150.0000062584877 100.00000923871994 59.00000408291817
4.79381799697876 -3.6183589696884155 0.33065401017665863 100 129.00000751018524 82.00000271201134 54.00000438094139
4.5144835114479065 -3.7603390216827393 0.45527879148721695 100 154.00000602006912 118.00000816583633 98.00000935792923
4.618665277957916 -3.8681304454803467 0.48463646322488785 100 156.00000590085983 107.00000882148743 72.00000330805779
4.466874003410339 -3.7934109568595886 0.4472869262099266 100 87.00000241398811 47.0000009983778 24.00000236928463
4.426409602165222 -3.839462101459503 0.4411691427230835 100 60.00000402331352 33.00000183284283 15.00000100582838
4.336659014225006 -4.090186655521393 0.4315893352031708 100 71.00000336766243 40.00000141561031 21.000000648200512
4.516540765762329 -3.744129240512848 0.4444202408194542 100 122.00000792741776 88.00000235438347 75.00000312924385
4.503879249095917 -3.7620192766189575 0.4530016705393791 100 139.0000069141388 101.0000091791153 83.00000265240669
4.5464834570884705 -3.699985146522522 0.34673597663640976 100 60.00000402331352 32.00000189244747 16.000000946223736
4.610227346420288 -3.6232635378837585 0.2871408872306347 100 74.0000031888485 38.0000015348196 23.000000528991222
5.2368515729904175 -3.7571632862091064 0.20702006295323372 100 163.00000548362732 120.00000804662704 90.00000223517418
5.260075330734253 -3.8496413826942444 0.18777886405587196 100 158.00000578165054 112.0000085234642 87.00000241398811
4.515371918678284 -3.733076751232147 0.3862331807613373 100 59.00000408291817 32.00000189244747 15.00000100582838
4.537047743797302 -3.712718188762665 0.40264591574668884 100 81.00000277161598 46.000001057982445 27.000002190470695
4.942174553871155 -3.47804456949234 0.043063629418611526 100 72.00000330805779 41.00000135600567 24.00000236928463
4.977967739105225 -3.482707440853119 0.05867115221917629 100 84.00000259280205 49.000004678964615 28.00000213086605
4.746496081352234 -3.9583107829093933 0.5031030252575874 100 133.00000727176666 75.00000312924385 53.000004440546036
4.626394808292389 -3.620171546936035 0.031733280047774315 100 60.00000402331352 35.00000171363354 19.0000007674098
5.167820453643799 -3.6551451683044434 0.2902319096028805 100 158.00000578165054 115.00000834465027 87.00000241398811
5.182887315750122 -3.6348333954811096 0.2589030936360359 100 155.00000596046448 111.00000858306885 82.00000271201134
5.083876252174377 -3.7034904956817627 0.32747793942689896 100 162.00000554323196 120.00000804662704 91.00000217556953
4.631905257701874 -3.588462471961975 0.1369195431470871 100 55.000004321336746 28.00000213086605 14.000001065433025
4.59730327129364 -3.6271193623542786 0.0555490143597126 100 57.00000420212746 32.00000189244747 16.000000946223736
5.096200704574585 -3.7403783202171326 0.34163951873779297 100 162.00000554323196 120.00000804662704 90.00000223517418
5.063987374305725 -3.527957797050476 0.0821128860116005 100 78.00000295042992 43.00000123679638 26.00000225007534
5.013754367828369 -3.4870564937591553 0.07549016270786524 100 120.00000804662704 72.00000330805779 45.00000111758709
4.464816749095917 -3.80962073802948 0.45814551413059235 100 128.0000075697899 75.00000312924385 44.000001177191734
4.669752717018127 -3.5555818676948547 0.19868843257427216 100 117.00000822544098 71.00000336766243 46.000001057982445
4.547652006149292 -3.7110376358032227 0.4049230366945267 100 132.0000073313713 88.00000235438347 54.00000438094139
4.374892711639404 -3.8947144150733948 0.13667184859514236 100 65.0000037252903 39.00000147521496 20.000000707805157
4.420651495456696 -3.8611212372779846 0.10957896709442139 100 40.00000141561031 19.0000007674098 15.00000100582838
5.204024910926819 -3.6354899406433105 0.21802635863423347 100 164.00000542402267 123.00000786781311 94.0000019967556
5.178554654121399 -3.6034631729125977 0.21278195083141327 100 160.00000566244125 115.00000834465027 83.00000265240669
4.401281774044037 -3.8865333795547485 0.11159524321556091 100 65.0000037252903 41.00000135600567 23.000000528991222
5.184808373451233 -3.619382381439209 0.23649144917726517 100 160.00000566244125 117.00000822544098 82.00000271201134
