5.525621175765991 -10.311574935913086 1.745866984128952 100 55.000004321336746 21.000000648200512 13.00000112503767
6.654701828956604 -9.715017676353455 1.2039467692375183 100 56.0000042617321 23.000000528991222 15.00000100582838
4.566718935966492 -11.559920310974121 2.4999821186065674 100 71.00000336766243 48.00000473856926 43.00000123679638
5.882471799850464 -10.513403415679932 2.5137540698051453 100 63.00000384449959 52.00000450015068 50.00000461935997
4.709985256195068 -13.073896169662476 2.3714804649353027 100 61.00000396370888 47.0000009983778 44.000001177191734
4.59464430809021 -11.829627752304077 0.7953710854053497 100 62.00000390410423 33.00000183284283 26.00000225007534
5.436146855354309 -10.223832130432129 0.7915709167718887 100 54.00000438094139 22.000000588595867 14.000001065433025
4.833827912807465 -10.850343704223633 0.8589083701372147 100 54.00000438094139 21.000000648200512 13.00000112503767
7.150186896324158 -9.526714086532593 1.0589038580656052 100 54.00000438094139 21.000000648200512 13.00000112503767
7.790971398353577 -9.615170955657959 2.494788318872452 100 57.00000420212746 32.00000189244747 27.000002190470695
4.723648726940155 -13.018796443939209 0.8575961738824844 100 70.00000342726707 68.00000354647636 68.00000354647636
4.8498547077178955 -13.377368450164795 1.8893827497959137 100 54.00000438094139 27.000002190470695 22.000000588595867
4.546179473400116 -11.333781480789185 2.3661626875400543 100 66.00000366568565 38.0000015348196 33.00000183284283
6.429634094238281 -10.385581254959106 2.7010783553123474 100 79.00000289082527 64.00000378489494 61.00000396370888
6.270025372505188 -10.29766321182251 2.5086647272109985 100 56.0000042617321 27.000002190470695 19.0000007674098
7.102966904640198 -9.614303708076477 1.859627366065979 100 67.00000360608101 34.00000177323818 27.000002190470695
6.6769373416900635 -10.159826278686523 2.626277506351471 100 127.00000762939453 91.00000217556953 82.00000271201134
4.714510142803192 -12.14731216430664 0.5863165110349655 100 59.00000408291817 31.000001952052116 25.000002309679985
4.527914524078369 -11.32556676864624 0.7481840252876282 100 58.00000414252281 28.00000213086605 21.000000648200512
4.81037050485611 -13.186579942703247 0.7877850532531738 100 67.00000360608101 60.00000402331352 60.00000402331352
4.896316826343536 -13.339841365814209 0.4858260601758957 100 63.00000384449959 34.00000177323818 28.00000213086605
4.567340016365051 -11.162477731704712 1.1338213086128235 100 56.0000042617321 24.00000236928463 17.00000088661909
4.777824580669403 -12.751508951187134 0.5210074782371521 100 56.0000042617321 29.000002071261406 24.00000236928463
9.234055876731873 -9.33290421962738 2.268964946269989 100 67.00000360608101 44.000001177191734 39.00000147521496
-3.5293588042259216 -5.836278200149536 1.9326548278331757 100 78.00000295042992 32.00000189244747 21.000000648200512
-3.641330301761627 -5.527554154396057 0.6319142878055573 100 188.0000039935112 113.00000846385956 75.00000312924385
-4.725422263145447 -5.994340777397156 2.326546311378479 100 58.00000414252281 26.00000225007534 17.00000088661909
-2.814096212387085 -7.547056078910828 1.8085633218288422 100 201.00001841783524 146.00000649690628 123.00000786781311
-2.74857759475708 -9.021066427230835 0.6319181621074677 100 203.00001829862595 123.00000786781311 80.00000283122063
-2.534836530685425 -7.540649771690369 0.631919652223587 100 211.0000178217888 144.00000661611557 106.00000888109207
-5.319995880126953 -5.831834673881531 1.5255606174468994 100 53.000004440546036 22.000000588595867 15.00000100582838
-3.4432294964790344 -5.71377158164978 1.4055025577545166 100 141.0000067949295 71.00000336766243 50.00000461935997
-2.9926106333732605 -6.562854647636414 2.34856978058815 100 211.0000178217888 156.00000590085983 131.00000739097595
-2.7410030364990234 -6.393383145332336 1.248452588915825 100 211.0000178217888 154.00000602006912 129.00000751018524
-3.9285925030708313 -6.775658130645752 3.1067797541618347 100 158.00000578165054 104.00000900030136 85.0000025331974
-4.914239943027496 -6.923884749412537 3.00247460603714 100 140.00000685453415 75.00000312924385 54.00000438094139
-4.871063232421875 -7.181593179702759 3.1081658601760864 100 118.00000816583633 78.00000295042992 68.00000354647636
-2.933426797389984 -6.963011026382446 2.2406233847141266 100 206.000018119812 155.00000596046448 137.00000703334808
-2.863471210002899 -7.269863486289978 2.001425623893738 100 170.0000050663948 117.00000822544098 100.00000923871994
-2.5541144609451294 -6.886507272720337 0.6347735226154327 100 207.00001806020737 138.00000697374344 103.000009059906
-3.3309969305992126 -7.244093418121338 2.618948519229889 100 176.00000470876694 116.00000828504562 92.00000211596489
-3.589872717857361 -7.126893401145935 2.82319575548172 100 208.00001800060272 142.00000673532486 104.00000900030136
-3.3141380548477173 -6.316478848457336 2.582940459251404 100 198.00001859664917 133.00000727176666 104.00000900030136
-3.5301417112350464 -6.15451455116272 2.7496597170829773 100 211.0000178217888 147.00000643730164 112.0000085234642
-4.639917314052582 -6.13353967666626 2.7584511041641235 100 108.00000876188278 54.00000438094139 38.0000015348196
-3.8196411728858948 -6.456689238548279 3.001631796360016 100 199.00001853704453 132.0000073313713 97.00000941753387
-3.6177346110343933 -6.005344390869141 2.60792076587677 100 161.0000056028366 92.00000211596489 71.00000336766243
-2.9991525411605835 -6.901483535766602 2.3586662113666534 100 192.00001895427704 141.0000067949295 120.00000804662704
-5.3002482652664185 -6.623469591140747 2.832193672657013 100 139.0000069141388 73.00000324845314 52.00000450015068
-5.544076561927795 -5.90171217918396 1.6673855483531952 100 58.00000414252281 37.00000159442425 33.00000183284283
-5.542416572570801 -6.278541088104248 2.2858840227127075 100 71.00000336766243 65.0000037252903 64.00000378489494
-5.485231280326843 -6.067502498626709 2.1865811944007874 100 64.00000378489494 50.00000461935997 48.00000473856926
-5.179427862167358 -6.864081621170044 2.9380759596824646 100 139.0000069141388 75.00000312924385 54.00000438094139
-3.0134156346321106 -7.725825309753418 1.9582664966583252 100 216.00001752376556 162.00000554323196 137.00000703334808
-3.2295671105384827 -7.554767727851868 2.3141250014305115 100 225.00001698732376 186.0000041127205 165.00000536441803
-2.844496965408325 -6.276381015777588 1.2256679683923721 100 182.00000435113907 124.00000780820847 97.00000941753387
-2.8226658701896667 -8.645129799842834 1.1737605184316635 100 219.00001734495163 165.00000536441803 136.00000709295273
-3.0425718426704407 -7.908836603164673 1.9122588634490967 100 199.00001853704453 141.0000067949295 119.00000810623169
-5.536118149757385 -6.568245887756348 2.7767524123191833 100 129.00000751018524 77.00000301003456 62.00000390410423
-4.894966781139374 -6.109970211982727 2.459227740764618 100 54.00000438094139 26.00000225007534 19.0000007674098
-2.5777146220207214 -6.526544690132141 0.6319823861122131 100 199.00001853704453 121.0000079870224 80.00000283122063
-2.544606328010559 -7.189608812332153 0.648173987865448 100 216.00001752376556 154.00000602006912 122.00000792741776
-3.0297106504440308 -8.220910429954529 1.7447686195373535 100 218.00001740455627 166.00000530481339 136.00000709295273
-2.9323896765708923 -8.549888134002686 1.4864453673362732 100 195.0000187754631 136.00000709295273 109.00000870227814
-2.881154417991638 -7.663409113883972 1.8335384130477905 100 166.00000530481339 114.00000840425491 98.00000935792923
-4.521805644035339 -6.076610088348389 2.713867723941803 100 88.00000235438347 42.000001296401024 29.000002071261406
-4.8950424790382385 -6.224346160888672 2.7522683143615723 100 144.00000661611557 80.00000283122063 56.0000042617321
-3.8998839259147644 -6.968902945518494 3.0862009525299072 100 208.00001800060272 151.00000619888306 119.00000810623169
-4.07998114824295 -6.8807584047317505 3.1217971444129944 100 161.0000056028366 93.00000205636024 65.0000037252903
-4.170608818531036 -7.00735867023468 3.155285120010376 100 149.00000631809235 92.00000211596489 72.00000330805779
-5.317679047584534 -5.991351008415222 2.184084802865982 100 60.00000402331352 28.00000213086605 20.000000707805157
-5.5085766315460205 -6.041116118431091 2.045111209154129 100 68.00000354647636 62.00000390410423 61.00000396370888
-5.568093657493591 -5.814765691757202 1.4010217785835266 100 124.00000780820847 52.00000450015068 32.00000189244747
-5.338957905769348 -5.945090651512146 1.989189237356186 100 59.00000408291817 28.00000213086605 21.000000648200512
-5.487076640129089 -6.408320665359497 2.6651281118392944 100 60.00000402331352 47.0000009983778 45.00000111758709
-2.865690588951111 -8.548974990844727 1.4148014783859253 100 204.0000182390213 146.00000649690628 117.00000822544098
-4.799689054489136 -7.264363765716553 3.1511104106903076 100 121.0000079870224 76.0000030696392 64.00000378489494
-5.462557077407837 -5.864141583442688 1.6171887516975403 100 54.00000438094139 23.000000528991222 17.00000088661909
-5.494787693023682 -6.462729573249817 2.7462777495384216 100 69.00000348687172 46.000001057982445 42.000001296401024
-20.0 -20.0 0.0 100 97.00000941753387 71.00000336766243 68.00000354647636
-5.806452035903931 -20.0 0.0 100 124.00000780820847 79.00000289082527 70.00000342726707
-4.516129493713379 -20.0 0.0 100 133.00000727176666 85.0000025331974 74.0000031888485
-3.225806951522827 -20.0 0.0 100 131.00000739097595 82.00000271201134 72.00000330805779
-1.9354842603206635 -20.0 0.0 100 131.00000739097595 81.00000277161598 72.00000330805779
-0.6451615691184998 -20.0 0.0 100 135.00000715255737 85.0000025331974 73.00000324845314
0.645160973072052 -20.0 0.0 100 141.0000067949295 90.00000223517418 77.00000301003456
1.9354836642742157 -20.0 0.0 100 137.00000703334808 85.0000025331974 73.00000324845314
3.2258063554763794 -20.0 0.0 100 138.00000697374344 85.0000025331974 73.00000324845314
4.516128897666931 -20.0 0.0 100 141.0000067949295 87.00000241398811 74.0000031888485
5.806451439857483 -20.0 0.0 100 145.00000655651093 89.00000229477882 76.0000030696392
7.096773982048035 -20.0 0.0 100 148.000006377697 92.00000211596489 78.00000295042992
-18.70967745780945 -18.70967745780945 0.0 100 161.0000056028366 82.00000271201134 55.000004321336746
-17.419354915618896 -17.419354915618896 0.0 100 161.0000056028366 77.00000301003456 44.000001177191734
-5.8068037033081055 -18.70967745780945 0.0069996347883716226 100 192.00001895427704 109.00000870227814 69.00000348687172
-4.516165554523468 -18.70967745780945 0.0008291696576634422 100 189.00000393390656 98.00000935792923 58.00000414252281
-4.52158510684967 -17.419354915618896 0.043624257668852806 100 191.00000381469727 103.000009059906 60.00000402331352
-4.54195499420166 -16.129032373428345 0.12997427955269814 100 190.0000038743019 100.00000923871994 58.00000414252281
-4.573573172092438 -14.838709831237793 0.24523938074707985 100 205.00001817941666 132.0000073313713 90.00000223517418
-3.225806951522827 -18.70967745780945 0.0 100 195.0000187754631 107.00000882148743 67.00000360608101
-3.2267770171165466 -17.419354915618896 0.01937436987645924 100 197.00001865625381 117.00000822544098 73.00000324845314
-3.2380101084709167 -16.129032373428345 0.0864079687744379 100 196.00001871585846 108.00000876188278 64.00000378489494
-3.260771930217743 -14.838709831237793 0.18289191648364067 100 208.00001800060272 136.00000709295273 95.00000193715096
-3.290574848651886 -13.548387289047241 0.29564812779426575 100 205.00001817941666 129.00000751018524 86.00000247359276
-3.3231356739997864 -12.25806474685669 0.41164781898260117 100 201.00001841783524 119.00000810623169 75.00000312924385
-3.361494243144989 -10.967742204666138 0.5094511061906815 100 203.00001829862595 125.00000774860382 81.00000277161598
-3.4455662965774536 -5.806452035903931 0.6004332005977631 100 204.0000182390213 135.00000715255737 95.00000193715096
-3.4364929795265198 -4.516129493713379 0.5342337861657143 100 196.00001871585846 117.00000822544098 75.00000312924385
-1.9354842603206635 -18.70967745780945 0.0 100 195.0000187754631 106.00000888109207 66.00000366568565
-1.9715094566345215 -13.548387289047241 0.20567402243614197 100 213.0000177025795 149.00000631809235 110.00000864267349
-2.0002520084381104 -12.25806474685669 0.29564812779426575 100 206.000018119812 131.00000739097595 88.00000235438347
-2.030937373638153 -10.967742204666138 0.37765495479106903 100 201.00001841783524 119.00000810623169 75.00000312924385
-2.059459537267685 -9.677419662475586 0.44682029634714127 100 200.00001847743988 126.00000768899918 88.00000235438347
-2.096147984266281 -7.096774578094482 0.49764178693294525 100 199.00001853704453 119.00000810623169 77.00000301003456
-2.092127799987793 -4.516129493713379 0.40598493069410324 100 201.00001841783524 127.00000762939453 86.00000247359276
-2.073672115802765 -3.225806951522827 0.3215549513697624 100 194.00001883506775 113.00000846385956 70.00000342726707
-0.6451615691184998 -18.70967745780945 0.0 100 196.00001871585846 109.00000870227814 67.00000360608101
-0.6451615691184998 -17.419354915618896 0.0 100 199.00001853704453 116.00000828504562 73.00000324845314
-0.6454683095216751 -16.129032373428345 0.007055448368191719 100 200.00001847743988 116.00000828504562 73.00000324845314
-0.6484495103359222 -14.838709831237793 0.05172042176127434 100 200.00001847743988 117.00000822544098 73.00000324845314
-0.6606905162334442 -13.548387289047241 0.11583402752876282 100 206.000018119812 128.0000075697899 84.00000259280205
-0.6800371408462524 -12.25806474685669 0.2007020264863968 100 207.00001806020737 132.0000073313713 89.00000229477882
-0.7024126499891281 -10.967742204666138 0.291972141712904 100 203.00001829862595 128.0000075697899 83.00000265240669
-0.7240012288093567 -9.677419662475586 0.36972299218177795 100 199.00001853704453 116.00000828504562 72.00000330805779
-0.7414986938238144 -8.387097120285034 0.41889555752277374 100 200.00001847743988 120.00000804662704 77.00000301003456
-0.7523641735315323 -7.096774578094482 0.430404394865036 100 204.0000182390213 132.0000073313713 91.00000217556953
-0.7550521194934845 -5.806452035903931 0.4019537568092346 100 201.00001841783524 124.00000780820847 83.00000265240669
-0.7491821050643921 -4.516129493713379 0.3382469713687897 100 201.00001841783524 130.0000074505806 91.00000217556953
-0.7342787086963654 -3.225806951522827 0.24852201342582703 100 192.00001895427704 109.00000870227814 69.00000348687172
0.645160973072052 -18.70967745780945 0.0 100 198.00001859664917 109.00000870227814 67.00000360608101
0.645160973072052 -17.419354915618896 0.0 100 196.00001871585846 106.00000888109207 62.00000390410423
0.645160973072052 -16.129032373428345 0.0 100 200.00001847743988 118.00000816583633 74.0000031888485
0.6448542326688766 -14.838709831237793 0.009817322716116905 100 206.000018119812 131.00000739097595 88.00000235438347
0.6423234939575195 -13.548387289047241 0.07485317997634411 100 205.00001817941666 129.00000751018524 86.00000247359276
0.6330008804798126 -12.25806474685669 0.17068719491362572 100 210.00001788139343 140.00000685453415 99.00000929832458
0.6194091215729713 -10.967742204666138 0.2717415429651737 100 204.0000182390213 131.00000739097595 86.00000247359276
0.6050422042608261 -9.677419662475586 0.35769835114479065 100 204.0000182390213 132.0000073313713 90.00000223517418
0.5928764492273331 -8.387097120285034 0.4130639135837555 100 200.00001847743988 122.00000792741776 81.00000277161598
0.5851605534553528 -7.096774578094482 0.42835693806409836 100 198.00001859664917 118.00000816583633 79.00000289082527
0.5832414329051971 -5.806452035903931 0.4010201618075371 100 200.00001847743988 126.00000768899918 88.00000235438347
0.5874472856521606 -4.516129493713379 0.3357047215104103 100 200.00001847743988 130.0000074505806 94.0000019967556
0.5980931222438812 -3.225806951522827 0.2422310970723629 100 197.00001865625381 126.00000768899918 93.00000205636024
1.9354836642742157 -18.70967745780945 0.0 100 201.00001841783524 117.00000822544098 75.00000312924385
1.9354836642742157 -17.419354915618896 0.0 100 201.00001841783524 112.0000085234642 69.00000348687172
1.9354836642742157 -16.129032373428345 0.0008650158270029351 100 203.00001829862595 119.00000810623169 77.00000301003456
1.9354836642742157 -14.838709831237793 0.03313924418762326 100 202.0000183582306 120.00000804662704 78.00000295042992
1.9354148209095001 -13.548387289047241 0.10099891573190689 100 203.00001829862595 124.00000780820847 80.00000283122063
1.9345134496688843 -12.25806474685669 0.20226506516337395 100 210.00001788139343 141.0000067949295 101.0000091791153
1.930013746023178 -10.967742204666138 0.31142735853791237 100 128.0000075697899 61.00000396370888 41.00000135600567
1.9230400025844574 -9.677419662475586 0.40489427745342255 100 190.0000038743019 104.00000900030136 65.0000037252903
1.913084089756012 -4.516129493713379 0.39244934916496277 100 207.00001806020737 150.0000062584877 126.00000768899918
1.9190450012683868 -3.225806951522827 0.2966719679534435 100 203.00001829862595 156.00000590085983 141.0000067949295
3.2258063554763794 -18.70967745780945 0.0 100 204.0000182390213 121.0000079870224 79.00000289082527
3.2258063554763794 -17.419354915618896 0.0 100 203.00001829862595 116.00000828504562 74.0000031888485
3.2258063554763794 -16.129032373428345 0.018106616334989667 100 208.00001800060272 130.0000074505806 89.00000229477882
3.2258063554763794 -14.838709831237793 0.08454249240458012 100 203.00001829862595 119.00000810623169 77.00000301003456
3.2258063554763794 -13.548387289047241 0.18296502530574799 100 208.00001800060272 133.00000727176666 91.00000217556953
3.2258063554763794 -12.25806474685669 0.29585858806967735 100 61.00000396370888 33.00000183284283 27.000002190470695
3.2257702946662903 -10.967742204666138 0.4072378948330879 100 56.0000042617321 30.00000201165676 25.000002309679985
3.2254472374916077 -9.677419662475586 0.5060751736164093 100 61.00000396370888 32.00000189244747 26.00000225007534
3.2241040468215942 -8.387097120285034 0.5731848254799843 100 200.00001847743988 128.0000075697899 93.00000205636024
3.2227033376693726 -7.096774578094482 0.5959940329194069 100 199.00001853704453 132.0000073313713 103.000009059906
3.222302496433258 -5.806452035903931 0.570932924747467 100 196.00001871585846 136.00000709295273 117.00000822544098
3.2247263193130493 -3.225806951522827 0.40593311190605164 100 223.00001710653305 209.00001794099808 206.000018119812
4.516128897666931 -18.70967745780945 0.0 100 208.00001800060272 129.00000751018524 85.0000025331974
4.516128897666931 -17.419354915618896 0.0016798569413367659 100 205.00001817941666 120.00000804662704 79.00000289082527
4.516128897666931 -16.129032373428345 0.04751533269882202 100 209.00001794099808 130.0000074505806 89.00000229477882
4.516128897666931 -14.838709831237793 0.1423963624984026 100 208.00001800060272 131.00000739097595 89.00000229477882
4.516128897666931 -13.548387289047241 0.26805711910128593 100 206.000018119812 129.00000751018524 88.00000235438347
4.516128897666931 -12.25806474685669 0.40641266852617264 100 58.00000414252281 31.000001952052116 27.000002190470695
4.516128897666931 -10.967742204666138 0.53974699229002 100 56.0000042617321 30.00000201165676 26.00000225007534
4.516128897666931 -9.677419662475586 0.6511522084474564 100 60.00000402331352 32.00000189244747 27.000002190470695
4.516128897666931 -8.387097120285034 0.7255438715219498 100 201.00001841783524 135.00000715255737 106.00000888109207
4.516128897666931 -7.096774578094482 0.7517609745264053 100 205.00001817941666 150.0000062584877 129.00000751018524
4.516128897666931 -5.806452035903931 0.7255438715219498 100 209.00001794099808 175.00000476837158 165.00000536441803
4.516128897666931 -4.516129493713379 0.6511522084474564 100 228.00001680850983 217.00001746416092 215.0000175833702
5.806451439857483 -18.70967745780945 0.0 100 210.00001788139343 134.00000721216202 94.0000019967556
5.806451439857483 -17.419354915618896 0.00985275604762137 100 210.00001788139343 135.00000715255737 93.00000205636024
5.806451439857483 -16.129032373428345 0.07758668158203363 100 205.00001817941666 122.00000792741776 80.00000283122063
5.806451439857483 -9.677419662475586 0.7787495106458664 100 60.00000402331352 32.00000189244747 27.000002190470695
5.806451439857483 -8.387097120285034 0.8648671954870224 100 171.00000500679016 111.00000858306885 93.00000205636024
5.806451439857483 -7.096774578094482 0.8955325931310654 100 213.0000177025795 179.000004529953 170.0000050663948
5.806451439857483 -5.806452035903931 0.8648671954870224 100 230.00001668930054 219.00001734495163 217.00001746416092
7.096773982048035 -8.387097120285034 0.9605301916599274 100 171.00000500679016 125.00000774860382 114.00000840425491
7.096773982048035 -7.096774578094482 0.995364636182785 100 229.00001674890518 218.00001740455627 216.00001752376556
8.387096524238586 -8.387097120285034 0.995364636182785 100 232.00001657009125 216.00001752376556 212.00001776218414
-19.354839324951172 -20.0 0.0 100 103.000009059906 73.00000324845314 68.00000354647636
-6.4516133069992065 -20.0 0.0 100 126.00000768899918 81.00000277161598 72.00000330805779
-5.161290764808655 -20.0 0.0 100 126.00000768899918 80.00000283122063 71.00000336766243
-3.870968222618103 -20.0 0.0 100 133.00000727176666 85.0000025331974 74.0000031888485
-2.5806456804275513 -20.0 0.0 100 131.00000739097595 82.00000271201134 72.00000330805779
-1.2903228402137756 -20.0 0.0 100 131.00000739097595 82.00000271201134 72.00000330805779
-2.980232238769531e-07 -20.0 0.0 100 135.00000715255737 85.0000025331974 74.0000031888485
1.2903222441673279 -20.0 0.0 100 140.00000685453415 88.00000235438347 75.00000312924385
2.5806450843811035 -20.0 0.0 100 138.00000697374344 85.0000025331974 73.00000324845314
3.8709676265716553 -20.0 0.0 100 144.00000661611557 90.00000223517418 75.00000312924385
5.161290168762207 -20.0 0.0 100 147.00000643730164 92.00000211596489 77.00000301003456
6.451612710952759 -20.0 0.0 100 144.00000661611557 88.00000235438347 75.00000312924385
-18.70967745780945 -19.354839324951172 0.0 100 158.00000578165054 77.00000301003456 49.000004678964615
-17.419354915618896 -18.064515590667725 0.0 100 170.0000050663948 90.00000223517418 58.00000414252281
-9.970570802688599 -10.322580337524414 0.7949642837047577 100 179.000004529953 98.00000935792923 61.00000396370888
-8.709611296653748 -9.03225839138031 0.937168300151825 100 189.00000393390656 112.0000085234642 74.0000031888485
-5.806627869606018 -19.354839324951172 0.0034998173941858113 100 189.00000393390656 102.00000911951065 62.00000390410423
-5.8128392696380615 -18.064515590667725 0.03586406819522381 100 222.0000171661377 164.00000542402267 134.00000721216202
-4.5161473751068115 -19.354839324951172 0.0004145848288317211 100 188.0000039935112 97.00000941753387 57.00000420212746
-4.518875479698181 -18.064515590667725 0.022226714063435793 100 190.0000038743019 100.00000923871994 58.00000414252281
-4.531770050525665 -16.77419424057007 0.0867992639541626 100 199.00001853704453 119.00000810623169 77.00000301003456
-4.557763934135437 -15.483870506286621 0.187606830149889 100 205.00001817941666 136.00000709295273 96.00000947713852
-4.782319068908691 -5.161290764808655 0.6995364278554916 100 165.00000536441803 82.00000271201134 48.00000473856926
-3.225806951522827 -19.354839324951172 0.0 100 192.00001895427704 101.0000091791153 61.00000396370888
-3.226292133331299 -18.064515590667725 0.00968718493822962 100 196.00001871585846 113.00000846385956 69.00000348687172
-3.2323935627937317 -16.77419424057007 0.052891168743371964 100 192.00001895427704 101.0000091791153 57.00000420212746
-3.24939101934433 -15.483870506286621 0.13464994728565216 100 199.00001853704453 114.00000840425491 71.00000336766243
-3.2756733894348145 -14.193549156188965 0.23927003145217896 100 207.00001806020737 134.00000721216202 92.00000211596489
-3.306855261325836 -12.903225421905518 0.35364799201488495 100 203.00001829862595 124.00000780820847 80.00000283122063
-3.3423149585723877 -11.612904071807861 0.4605494439601898 100 198.00001859664917 111.00000858306885 66.00000366568565
-3.4410297870635986 -5.161290764808655 0.5673334747552872 100 199.00001853704453 123.00000786781311 81.00000277161598
-3.4257102012634277 -3.870968222618103 0.4880478233098984 100 196.00001871585846 117.00000822544098 74.0000031888485
-1.9354842603206635 -19.354839324951172 0.0 100 196.00001871585846 107.00000882148743 67.00000360608101
-1.961260735988617 -14.193549156188965 0.16034575179219246 100 211.0000178217888 145.00000655651093 104.00000900030136
-1.985880732536316 -12.903225421905518 0.25066107511520386 100 207.00001806020737 133.00000727176666 90.00000223517418
-2.0155946910381317 -11.612904071807861 0.3366515412926674 100 205.00001817941666 128.0000075697899 85.0000025331974
-2.045198380947113 -10.322580337524414 0.41223764419555664 100 201.00001841783524 118.00000816583633 74.0000031888485
-2.082899957895279 -3.870968222618103 0.36376994103193283 100 197.00001865625381 118.00000816583633 75.00000312924385
-2.0558446645736694 -2.5806456804275513 0.26927754282951355 100 192.00001895427704 110.00000864267349 67.00000360608101
-0.6451615691184998 -19.354839324951172 0.0 100 198.00001859664917 112.0000085234642 70.00000342726707
-0.6451615691184998 -18.064515590667725 0.0 100 201.00001841783524 121.0000079870224 78.00000295042992
-0.6453149020671844 -16.77419424057007 0.0035277241840958595 100 195.0000187754631 107.00000882148743 63.00000384449959
-0.6469589471817017 -15.483870506286621 0.02938793506473303 100 200.00001847743988 118.00000816583633 74.0000031888485
-0.6545700132846832 -14.193549156188965 0.08377722464501858 100 204.0000182390213 124.00000780820847 79.00000289082527
-0.6703638285398483 -12.903225421905518 0.1582680270075798 100 209.00001794099808 137.00000703334808 95.00000193715096
-0.6912249326705933 -11.612904071807861 0.24633709341287613 100 204.0000182390213 127.00000762939453 83.00000265240669
-0.7132069766521454 -10.322580337524414 0.3308475762605667 100 196.00001871585846 111.00000858306885 67.00000360608101
-0.7327499985694885 -9.03225839138031 0.39430927485227585 100 199.00001853704453 119.00000810623169 76.0000030696392
-0.7469314336776733 -7.741935849189758 0.4246499761939049 100 201.00001841783524 125.00000774860382 84.00000259280205
-0.7537081837654114 -6.4516133069992065 0.4161790758371353 100 198.00001859664917 119.00000810623169 77.00000301003456
-0.7521171122789383 -5.161290764808655 0.37010036408901215 100 204.0000182390213 136.00000709295273 98.00000935792923
-0.7417304068803787 -3.870968222618103 0.29338449239730835 100 199.00001853704453 125.00000774860382 86.00000247359276
0.645160973072052 -19.354839324951172 0.0 100 197.00001865625381 107.00000882148743 65.0000037252903
0.645160973072052 -18.064515590667725 0.0 100 197.00001865625381 107.00000882148743 63.00000384449959
0.645160973072052 -16.77419424057007 0.0 100 199.00001853704453 115.00000834465027 71.00000336766243
0.6450076401233673 -15.483870506286621 0.004908661358058453 100 201.00001841783524 121.0000079870224 77.00000301003456
0.6435889005661011 -14.193549156188965 0.04233525134623051 100 206.000018119812 129.00000751018524 86.00000247359276
0.6376621872186661 -12.903225421905518 0.12277018278837204 100 205.00001817941666 129.00000751018524 86.00000247359276
0.6262049823999405 -11.612904071807861 0.22121436893939972 100 208.00001800060272 137.00000703334808 95.00000193715096
0.6122256815433502 -10.322580337524414 0.31471993774175644 100 202.0000183582306 126.00000768899918 82.00000271201134
0.5989593267440796 -9.03225839138031 0.38538113236427307 100 200.00001847743988 118.00000816583633 76.0000030696392
0.5890185013413429 -7.741935849189758 0.4207104444503784 100 197.00001865625381 116.00000828504562 76.0000030696392
0.584200993180275 -6.4516133069992065 0.4146885499358177 100 192.00001895427704 109.00000870227814 70.00000342726707
0.5853443592786789 -5.161290764808655 0.3683624416589737 100 197.00001865625381 121.0000079870224 84.00000259280205
0.5927702039480209 -3.870968222618103 0.28896789997816086 100 197.00001865625381 126.00000768899918 91.00000217556953
1.9354836642742157 -19.354839324951172 0.0 100 196.00001871585846 103.000009059906 62.00000390410423
1.9354836642742157 -18.064515590667725 0.0 100 204.0000182390213 120.00000804662704 77.00000301003456
1.9354836642742157 -16.77419424057007 0.00043250791350146756 100 200.00001847743988 111.00000858306885 69.00000348687172
1.9354836642742157 -15.483870506286621 0.017002130625769496 100 202.0000183582306 118.00000816583633 76.0000030696392
1.935449242591858 -14.193549156188965 0.06706908345222473 100 209.00001794099808 136.00000709295273 94.0000019967556
1.9349640607833862 -12.903225421905518 0.15163199044764042 100 206.000018119812 131.00000739097595 88.00000235438347
1.9322636723518372 -11.612904071807861 0.25684621185064316 100 154.00000602006912 78.00000295042992 51.000004559755325
1.9265268743038177 -10.322580337524414 0.3581608086824417 100 92.00000211596489 44.000001177191734 32.00000189244747
1.9196566939353943 -9.03225839138031 0.4355994239449501 100 188.0000039935112 118.00000816583633 83.00000265240669
1.9118204712867737 -5.161290764808655 0.4258039966225624 100 201.00001841783524 133.00000727176666 105.00000894069672
1.9160646200180054 -3.870968222618103 0.3445606678724289 100 203.00001829862595 148.000006377697 125.00000774860382
3.2258063554763794 -19.354839324951172 0.0 100 204.0000182390213 121.0000079870224 79.00000289082527
3.2258063554763794 -18.064515590667725 0.0 100 204.0000182390213 120.00000804662704 77.00000301003456
3.2258063554763794 -16.77419424057007 0.009053308167494833 100 204.0000182390213 119.00000810623169 77.00000301003456
3.2258063554763794 -15.483870506286621 0.05132455378770828 100 202.0000183582306 117.00000822544098 75.00000312924385
3.2258063554763794 -14.193549156188965 0.13375375419855118 100 210.00001788139343 139.0000069141388 98.00000935792923
3.2258063554763794 -12.903225421905518 0.23941181600093842 100 101.0000091791153 46.000001057982445 33.00000183284283
3.2257884740829468 -11.612904071807861 0.3515482321381569 100 59.00000408291817 32.00000189244747 27.000002190470695
3.225608766078949 -10.322580337524414 0.4566565155982971 100 57.00000420212746 31.000001952052116 26.00000225007534
3.224775791168213 -9.03225839138031 0.5396299809217453 100 195.0000187754631 126.00000768899918 93.00000205636024
3.2234036922454834 -7.741935849189758 0.5845894291996956 100 196.00001871585846 120.00000804662704 89.00000229477882
3.2225030660629272 -6.4516133069992065 0.5834634602069855 100 197.00001865625381 131.00000739097595 105.00000894069672
3.2239440083503723 -3.870968222618103 0.4545755311846733 100 215.0000175833702 189.00000393390656 182.00000435113907
4.516128897666931 -19.354839324951172 0.0 100 206.000018119812 124.00000780820847 80.00000283122063
4.516128897666931 -18.064515590667725 0.0008399284706683829 100 202.0000183582306 111.00000858306885 70.00000342726707
4.516128897666931 -16.77419424057007 0.0245975935831666 100 203.00001829862595 117.00000822544098 75.00000312924385
4.516128897666931 -15.483870506286621 0.09495584294199944 100 207.00001806020737 126.00000768899918 84.00000259280205
4.516128897666931 -14.193549156188965 0.20522674545645714 100 209.00001794099808 134.00000721216202 91.00000217556953
4.516128897666931 -12.903225421905518 0.33723488450050354 100 60.00000402331352 33.00000183284283 27.000002190470695
4.516128897666931 -11.612904071807861 0.4730798304080963 100 56.0000042617321 31.000001952052116 26.00000225007534
4.516128897666931 -10.322580337524414 0.5954495817422867 100 55.000004321336746 30.00000201165676 25.000002309679985
4.516128897666931 -9.03225839138031 0.6883480399847031 100 62.00000390410423 33.00000183284283 27.000002190470695
4.516128897666931 -7.741935849189758 0.7386524230241776 100 203.00001829862595 141.0000067949295 116.00000828504562
4.516128897666931 -6.4516133069992065 0.7386524230241776 100 204.0000182390213 157.0000058412552 142.00000673532486
4.516128897666931 -5.161290764808655 0.6883480399847031 100 217.00001746416092 195.0000187754631 190.0000038743019
5.806451439857483 -19.354839324951172 0.0 100 209.00001794099808 129.00000751018524 89.00000229477882
5.806451439857483 -18.064515590667725 0.004926378023810685 100 205.00001817941666 122.00000792741776 81.00000277161598
5.806451439857483 -16.77419424057007 0.04371971823275089 100 210.00001788139343 133.00000727176666 91.00000217556953
5.806451439857483 -9.03225839138031 0.8218083530664444 100 63.00000384449959 34.00000177323818 28.00000213086605
5.806451439857483 -7.741935849189758 0.8801998943090439 100 207.00001806020737 160.00000566244125 147.00000643730164
5.806451439857483 -6.4516133069992065 0.8801998943090439 100 218.00001740455627 198.00001859664917 194.00001883506775
7.096773982048035 -19.354839324951172 0.0 100 60.00000402331352 32.00000189244747 26.00000225007534
7.096773982048035 -9.03225839138031 0.9126986563205719 100 61.00000396370888 33.00000183284283 27.000002190470695
7.096773982048035 -7.741935849189758 0.9779474139213562 100 223.00001710653305 200.00001847743988 194.00001883506775
8.387096524238586 -9.03225839138031 0.9454485774040222 100 60.00000402331352 30.00000201165676 23.000000528991222
-18.064515590667725 -18.70967745780945 0.0 100 160.00000566244125 79.00000289082527 51.000004559755325
-16.774311065673828 -17.419354915618896 -0.00014785829080210533 100 163.00000548362732 81.00000277161598 47.0000009983778
-5.161484479904175 -18.70967745780945 0.003914402041118592 100 194.00001883506775 110.00000864267349 70.00000342726707
-5.170230269432068 -17.419354915618896 0.054176379926502705 100 196.00001871585846 114.00000840425491 71.00000336766243
-3.8709861040115356 -18.70967745780945 0.0004145848288317211 100 187.00000405311584 94.0000019967556 53.000004440546036
-3.8741809129714966 -17.419354915618896 0.031499313190579414 100 201.00001841783524 124.00000780820847 83.00000265240669
-3.8899827003479004 -16.129032373428345 0.10819112882018089 100 196.00001871585846 112.0000085234642 68.00000354647636
-3.9171725511550903 -14.838709831237793 0.21406564861536026 100 208.00001800060272 139.0000069141388 98.00000935792923
-3.9511677622795105 -13.548387289047241 0.3358738124370575 100 202.0000183582306 122.00000792741776 78.00000295042992
-4.106758236885071 -4.516129493713379 0.5974918603897095 100 192.00001895427704 108.00000876188278 65.0000037252903
-2.5806456804275513 -18.70967745780945 0.0 100 193.0000188946724 102.00000911951065 62.00000390410423
-2.581165134906769 -17.419354915618896 0.010478972690179944 100 196.00001871585846 113.00000846385956 68.00000354647636
-2.58817195892334 -16.129032373428345 0.06409384310245514 100 198.00001859664917 112.0000085234642 68.00000354647636
-2.6058918237686157 -14.838709831237793 0.1489546988159418 100 205.00001817941666 129.00000751018524 86.00000247359276
-2.631042003631592 -13.548387289047241 0.25066107511520386 100 208.00001800060272 136.00000709295273 94.0000019967556
-2.6616936922073364 -12.25806474685669 0.35364799201488495 100 203.00001829862595 124.00000780820847 79.00000289082527
-2.696215808391571 -10.967742204666138 0.44355303049087524 100 201.00001841783524 120.00000804662704 76.0000030696392
-2.7279970049858093 -9.677419662475586 0.5155010521411896 100 202.0000183582306 122.00000792741776 78.00000295042992
-2.7531951665878296 -8.387097120285034 0.5584768205881119 100 217.00001746416092 153.00000607967377 118.00000816583633
-2.7725940942764282 -5.806452035903931 0.5342283099889755 100 206.000018119812 137.00000703334808 97.00000941753387
-2.7643102407455444 -4.516129493713379 0.47010935842990875 100 197.00001865625381 118.00000816583633 75.00000312924385
-2.7442997694015503 -3.225806951522827 0.38170840591192245 100 193.0000188946724 111.00000858306885 68.00000354647636
-1.2903228402137756 -18.70967745780945 0.0 100 196.00001871585846 106.00000888109207 65.0000037252903
-1.2903574109077454 -17.419354915618896 0.0007917876064311713 100 198.00001859664917 114.00000840425491 71.00000336766243
-1.291900873184204 -16.129032373428345 0.024417585227638483 100 198.00001859664917 113.00000846385956 69.00000348687172
-1.2997308373451233 -14.838709831237793 0.08336895145475864 100 201.00001841783524 117.00000822544098 73.00000324845314
-1.3401445746421814 -12.25806474685669 0.24817507714033127 100 206.000018119812 131.00000739097595 87.00000241398811
-1.3666749000549316 -10.967742204666138 0.33481355756521225 100 199.00001853704453 116.00000828504562 70.00000342726707
-1.3917303085327148 -9.677419662475586 0.4082716256380081 100 200.00001847743988 121.0000079870224 76.0000030696392
-1.4118292927742004 -8.387097120285034 0.45437343418598175 100 198.00001859664917 113.00000846385956 69.00000348687172
-1.4273372292518616 -5.806452035903931 0.4349885880947113 100 202.0000183582306 129.00000751018524 89.00000229477882
-1.4206549525260925 -4.516129493713379 0.37211596965789795 100 202.0000183582306 130.0000074505806 90.00000223517418
-1.403975486755371 -3.225806951522827 0.2850384823977947 100 194.00001883506775 115.00000834465027 73.00000324845314
-2.980232238769531e-07 -18.70967745780945 0.0 100 197.00001865625381 109.00000870227814 67.00000360608101
-2.980232238769531e-07 -17.419354915618896 0.0 100 201.00001841783524 119.00000810623169 75.00000312924385
-0.00015363097190856934 -16.129032373428345 0.0035277241840958595 100 204.0000182390213 127.00000762939453 84.00000259280205
-0.001797601580619812 -14.838709831237793 0.03076887223869562 100 203.00001829862595 124.00000780820847 80.00000283122063
-0.009183511137962341 -13.548387289047241 0.09534360840916634 100 208.00001800060272 134.00000721216202 92.00000211596489
-0.02351813018321991 -12.25806474685669 0.185694620013237 100 207.00001806020737 132.0000073313713 89.00000229477882
-0.04150178283452988 -10.967742204666138 0.28185684233903885 100 202.0000183582306 127.00000762939453 82.00000271201134
-0.059479549527168274 -9.677419662475586 0.3637106716632843 100 203.00001829862595 128.0000075697899 85.0000025331974
-0.07431112229824066 -8.387097120285034 0.4159797355532646 100 205.00001817941666 130.0000074505806 89.00000229477882
-0.08360177278518677 -7.096774578094482 0.4293806850910187 100 204.0000182390213 132.0000073313713 93.00000205636024
-0.08590534329414368 -5.806452035903931 0.40148697793483734 100 197.00001865625381 119.00000810623169 79.00000289082527
-0.08086740970611572 -4.516129493713379 0.3369758278131485 100 202.0000183582306 132.0000073313713 95.00000193715096
-0.06809279322624207 -3.225806951522827 0.2453765645623207 100 195.0000187754631 119.00000810623169 81.00000277161598
1.2903222441673279 -18.70967745780945 0.0 100 199.00001853704453 113.00000846385956 70.00000342726707
1.2903222441673279 -17.419354915618896 0.0 100 199.00001853704453 108.00000876188278 65.0000037252903
1.2903222441673279 -16.129032373428345 0.00043250791350146756 100 200.00001847743988 112.0000085234642 69.00000348687172
1.2901689112186432 -14.838709831237793 0.021478282287716866 100 204.0000182390213 124.00000780820847 82.00000271201134
1.2888690829277039 -13.548387289047241 0.08792605251073837 100 202.0000183582306 121.0000079870224 77.00000301003456
1.2837570905685425 -12.25806474685669 0.18647613003849983 100 210.00001788139343 140.00000685453415 100.00000923871994
1.2747114896774292 -10.967742204666138 0.29158445075154305 100 206.000018119812 131.00000739097595 90.00000223517418
1.2640410661697388 -9.677419662475586 0.3812963142991066 100 202.0000183582306 124.00000780820847 83.00000265240669
1.2502656877040863 -4.516129493713379 0.36407701671123505 100 204.0000182390213 137.00000703334808 108.00000876188278
1.258569061756134 -3.225806951522827 0.2694515325129032 100 199.00001853704453 137.00000703334808 110.00000864267349
2.5806450843811035 -18.70967745780945 0.0 100 202.0000183582306 119.00000810623169 77.00000301003456
2.5806450843811035 -17.419354915618896 0.0 100 201.00001841783524 113.00000846385956 70.00000342726707
2.5806450843811035 -16.129032373428345 0.009485816117376089 100 205.00001817941666 125.00000774860382 83.00000265240669
2.5806450843811035 -14.838709831237793 0.05884086713194847 100 204.0000182390213 124.00000780820847 81.00000277161598
2.580610513687134 -13.548387289047241 0.14198197051882744 100 204.0000182390213 126.00000768899918 83.00000265240669
2.580159902572632 -12.25806474685669 0.24906182661652565 100 72.00000330805779 38.0000015348196 31.000001952052116
2.5778919458389282 -10.967742204666138 0.3593326359987259 100 58.00000414252281 31.000001952052116 26.00000225007534
2.5742435455322266 -9.677419662475586 0.4554847255349159 100 122.00000792741776 57.00000420212746 39.00000147521496
2.5701886415481567 -8.387097120285034 0.5197446793317795 100 204.0000182390213 135.00000715255737 99.00000929832458
2.5672098994255066 -7.096774578094482 0.5406873300671577 100 197.00001865625381 124.00000780820847 91.00000217556953
2.5664296746253967 -5.806452035903931 0.5150457844138145 100 197.00001865625381 128.0000075697899 101.0000091791153
2.5681227445602417 -4.516129493713379 0.4478336498141289 100 204.0000182390213 150.0000062584877 131.00000739097595
2.571885585784912 -3.225806951522827 0.3513025492429733 100 210.00001788139343 179.000004529953 171.00000500679016
3.8709676265716553 -18.70967745780945 0.0 100 204.0000182390213 121.0000079870224 77.00000301003456
3.8709676265716553 -17.419354915618896 0.0008399284706683829 100 205.00001817941666 120.00000804662704 78.00000295042992
3.8709676265716553 -16.129032373428345 0.032810973934829235 100 204.0000182390213 119.00000810623169 78.00000295042992
3.8709676265716553 -14.838709831237793 0.11346942745149136 100 206.000018119812 126.00000768899918 85.0000025331974
3.8709676265716553 -13.548387289047241 0.2255110815167427 100 206.000018119812 131.00000739097595 90.00000223517418
3.8709676265716553 -12.25806474685669 0.35113561898469925 100 59.00000408291817 32.00000189244747 27.000002190470695
3.8709497451782227 -10.967742204666138 0.47349244356155396 100 57.00000420212746 31.000001952052116 26.00000225007534
3.8707882165908813 -9.677419662475586 0.5786136910319328 100 60.00000402331352 32.00000189244747 26.00000225007534
3.8701164722442627 -8.387097120285034 0.6493643671274185 100 201.00001841783524 131.00000739097595 98.00000935792923
3.869416117668152 -7.096774578094482 0.6738775223493576 100 196.00001871585846 129.00000751018524 104.00000900030136
3.8692158460617065 -5.806452035903931 0.6482383608818054 100 201.00001841783524 151.00000619888306 135.00000715255737
3.8696452975273132 -4.516129493713379 0.5771850794553757 100 212.00001776218414 188.0000039935112 183.00000429153442
5.161290168762207 -18.70967745780945 0.0 100 209.00001794099808 131.00000739097595 88.00000235438347
5.161290168762207 -17.419354915618896 0.0057663064217194915 100 209.00001794099808 129.00000751018524 88.00000235438347
5.161290168762207 -16.129032373428345 0.06255100481212139 100 207.00001806020737 126.00000768899918 84.00000259280205
5.161290168762207 -14.838709831237793 0.16819799318909645 100 208.00001800060272 128.0000075697899 86.00000247359276
5.161290168762207 -9.677419662475586 0.7149508595466614 100 61.00000396370888 33.00000183284283 28.00000213086605
5.161290168762207 -8.387097120285034 0.7952055335044861 100 199.00001853704453 137.00000703334808 113.00000846385956
5.161290168762207 -7.096774578094482 0.8236467838287354 100 206.000018119812 161.0000056028366 148.000006377697
5.161290168762207 -5.806452035903931 0.7952055335044861 100 219.00001734495163 199.00001853704453 194.00001883506775
6.451612710952759 -18.70967745780945 0.0 100 211.0000178217888 134.00000721216202 95.00000193715096
6.451612710952759 -9.677419662475586 0.8218083530664444 100 59.00000408291817 30.00000201165676 24.00000236928463
6.451612710952759 -8.387097120285034 0.9126986563205719 100 188.0000039935112 138.00000697374344 123.00000786781311
6.451612710952759 -7.096774578094482 0.9454485774040222 100 221.00001722574234 197.00001865625381 192.00001895427704
7.7419352531433105 -8.387097120285034 0.9779474139213562 100 188.0000039935112 154.00000602006912 146.00000649690628
9.032257795333862 -9.03225839138031 0.929073691368103 100 217.00001746416092 194.00001883506775 189.00000393390656
7.7419352531433105 -7.741935849189758 0.9960033744573593 100 230.00001668930054 217.00001746416092 214.00001764297485
7.7419352531433105 -9.03225839138031 0.929073691368103 100 62.00000390410423 34.00000177323818 28.00000213086605
6.451612710952759 -6.4516133069992065 0.9290736168622971 100 231.0000166296959 220.00001728534698 217.00001746416092
6.451612710952759 -7.741935849189758 0.9290736168622971 100 215.0000175833702 181.0000044107437 172.00000494718552
6.451612710952759 -9.03225839138031 0.8672535419464111 100 62.00000390410423 34.00000177323818 28.00000213086605
6.451612710952759 -18.064515590667725 0.006989843095652759 100 209.00001794099808 131.00000739097595 90.00000223517418
6.451612710952759 -19.354839324951172 0.0 100 207.00001806020737 125.00000774860382 85.0000025331974
5.161290168762207 -5.161290764808655 0.7550781965255737 100 229.00001674890518 219.00001734495163 216.00001752376556
5.161290168762207 -6.4516133069992065 0.8094261586666107 100 213.0000177025795 178.00000458955765 169.00000512599945
5.161290168762207 -7.741935849189758 0.8094261586666107 100 205.00001817941666 150.0000062584877 130.0000074505806
5.161290168762207 -9.03225839138031 0.7550781965255737 100 60.00000402331352 32.00000189244747 26.00000225007534
5.161290168762207 -10.322580337524414 0.655200183391571 100 59.00000408291817 31.000001952052116 26.00000225007534
5.161290168762207 -14.193549156188965 0.23627441376447678 100 210.00001788139343 135.00000715255737 93.00000205636024
5.161290168762207 -15.483870506286621 0.11537449434399605 100 206.000018119812 122.00000792741776 81.00000277161598
5.161290168762207 -16.77419424057007 0.034158655907958746 100 206.000018119812 124.00000780820847 83.00000265240669
5.161290168762207 -18.064515590667725 0.0028831532108597457 100 205.00001817941666 121.0000079870224 79.00000289082527
5.161290168762207 -19.354839324951172 0.0 100 210.00001788139343 133.00000727176666 90.00000223517418
3.8700366020202637 -3.870968222618103 0.5250125750899315 100 225.00001698732376 212.00001776218414 209.00001794099808
3.869430422782898 -5.161290764808655 0.6127117201685905 100 210.00001788139343 173.00000488758087 161.0000056028366
3.869315981864929 -6.4516133069992065 0.6610579788684845 100 200.00001847743988 142.00000673532486 121.0000079870224
3.8697662949562073 -7.741935849189758 0.6616209447383881 100 201.00001841783524 134.00000721216202 104.00000900030136
3.870452344417572 -9.03225839138031 0.6139890104532242 100 112.0000085234642 57.00000420212746 42.000001296401024
3.870868980884552 -10.322580337524414 0.5260530859231949 100 57.00000420212746 30.00000201165676 25.000002309679985
3.870958685874939 -11.612904071807861 0.4123140126466751 100 59.00000408291817 32.00000189244747 27.000002190470695
3.8709676265716553 -12.903225421905518 0.288323350250721 100 84.00000259280205 42.000001296401024 32.00000189244747
3.8709676265716553 -14.193549156188965 0.1694902591407299 100 204.0000182390213 123.00000786781311 80.00000283122063
3.8709676265716553 -15.483870506286621 0.07314020302146673 100 203.00001829862595 117.00000822544098 76.0000030696392
3.8709676265716553 -16.77419424057007 0.016825450584292412 100 207.00001806020737 128.0000075697899 86.00000247359276
3.8709676265716553 -18.064515590667725 0.00041996423533419147 100 205.00001817941666 122.00000792741776 80.00000283122063
3.8709676265716553 -19.354839324951172 0.0 100 203.00001829862595 117.00000822544098 73.00000324845314
2.5773781538009644 -2.5806456804275513 0.29212862253189087 100 213.0000177025795 193.0000188946724 189.00000393390656
2.570004165172577 -3.870968222618103 0.3995680809020996 100 208.00001800060272 166.00000530481339 151.00000619888306
2.567276358604431 -5.161290764808655 0.4814397171139717 100 200.00001847743988 137.00000703334808 115.00000834465027
2.5668197870254517 -6.4516133069992065 0.5278665572404861 100 195.0000187754631 124.00000780820847 94.0000019967556
2.5722160935401917 -9.03225839138031 0.4876147210597992 100 198.00001859664917 119.00000810623169 81.00000277161598
2.5760677456855774 -10.322580337524414 0.4074086993932724 100 60.00000402331352 32.00000189244747 27.000002190470695
2.57902592420578 -11.612904071807861 0.3041972219944 100 59.00000408291817 32.00000189244747 27.000002190470695
2.580385208129883 -12.903225421905518 0.19552189856767654 100 203.00001829862595 124.00000780820847 81.00000277161598
2.5806277990341187 -14.193549156188965 0.10041141882538795 100 207.00001806020737 131.00000739097595 88.00000235438347
2.5806450843811035 -15.483870506286621 0.03416334046050906 100 202.0000183582306 117.00000822544098 76.0000030696392
2.5806450843811035 -16.77419424057007 0.0047429080586880445 100 198.00001859664917 107.00000882148743 65.0000037252903
2.5806450843811035 -18.064515590667725 0.0 100 198.00001859664917 107.00000882148743 64.00000378489494
2.5806450843811035 -19.354839324951172 0.0 100 203.00001829862595 119.00000810623169 76.0000030696392
1.2544173002243042 -3.870968222618103 0.3167642652988434 100 201.00001841783524 138.00000697374344 108.00000876188278
1.2485823780298233 -5.161290764808655 0.39708320051431656 100 196.00001871585846 121.0000079870224 89.00000229477882
1.269376277923584 -10.322580337524414 0.33644039183855057 100 201.00001841783524 120.00000804662704 78.00000295042992
1.2792342901229858 -11.612904071807861 0.23903029039502144 100 207.00001806020737 135.00000715255737 94.0000019967556
1.2863130867481232 -12.903225421905518 0.1372010912746191 100 204.0000182390213 126.00000768899918 83.00000265240669
1.2895190715789795 -14.193549156188965 0.05470216739922762 100 205.00001817941666 128.0000075697899 85.0000025331974
1.2902456521987915 -15.483870506286621 0.010955394245684147 100 201.00001841783524 116.00000828504562 74.0000031888485
1.2903222441673279 -16.77419424057007 0.00021625395675073378 100 202.0000183582306 117.00000822544098 75.00000312924385
1.2903222441673279 -18.064515590667725 0.0 100 200.00001847743988 111.00000858306885 68.00000354647636
1.2903222441673279 -19.354839324951172 0.0 100 198.00001859664917 110.00000864267349 68.00000354647636
-0.0744801014661789 -3.870968222618103 0.2911761961877346 100 196.00001871585846 121.0000079870224 83.00000265240669
-0.0833863765001297 -5.161290764808655 0.3692314028739929 100 200.00001847743988 128.0000075697899 89.00000229477882
-0.08475355803966522 -6.4516133069992065 0.415433831512928 100 201.00001841783524 126.00000768899918 86.00000247359276
-0.07895644754171371 -7.741935849189758 0.42268022894859314 100 203.00001829862595 131.00000739097595 90.00000223517418
-0.06689533591270447 -9.03225839138031 0.38984522223472595 100 203.00001829862595 127.00000762939453 86.00000247359276
-0.050490666180849075 -10.322580337524414 0.3227837383747101 100 201.00001841783524 122.00000792741776 78.00000295042992
-0.03250995650887489 -11.612904071807861 0.23377573117613792 100 207.00001806020737 135.00000715255737 92.00000211596489
-0.016350820660591125 -12.903225421905518 0.14051911421120167 100 212.00001776218414 146.00000649690628 106.00000888109207
-0.005490556359291077 -14.193549156188965 0.06305623799562454 100 204.0000182390213 123.00000786781311 78.00000295042992
-0.0009756162762641907 -15.483870506286621 0.01714829821139574 100 201.00001841783524 120.00000804662704 76.0000030696392
-7.696449756622314e-05 -16.77419424057007 0.0017638620920479298 100 199.00001853704453 115.00000834465027 71.00000336766243
-2.980232238769531e-07 -18.064515590667725 0.0 100 199.00001853704453 112.0000085234642 68.00000354647636
-2.980232238769531e-07 -19.354839324951172 0.0 100 197.00001865625381 110.00000864267349 68.00000354647636
-1.4123152196407318 -3.870968222618103 0.3285772353410721 100 198.00001859664917 122.00000792741776 81.00000277161598
-1.423996090888977 -5.161290764808655 0.4035522788763046 100 204.0000182390213 135.00000715255737 96.00000947713852
-1.4257965981960297 -6.4516133069992065 0.4495058208703995 100 200.00001847743988 124.00000780820847 82.00000271201134
-1.4017798006534576 -9.03225839138031 0.43132252991199493 100 199.00001853704453 115.00000834465027 72.00000330805779
-1.3792026042938232 -10.322580337524414 0.3715425729751587 100 201.00001841783524 122.00000792741776 77.00000301003456
-1.3534097373485565 -11.612904071807861 0.29149431735277176 100 206.000018119812 132.0000073313713 88.00000235438347
-1.2958158552646637 -15.483870506286621 0.05389327183365822 100 202.0000183582306 121.0000079870224 78.00000295042992
-1.2911291420459747 -16.77419424057007 0.012604686198756099 100 196.00001871585846 110.00000864267349 66.00000366568565
-1.2903401255607605 -18.064515590667725 0.00039589380321558565 100 197.00001865625381 112.0000085234642 68.00000354647636
-1.2903228402137756 -19.354839324951172 0.0 100 196.00001871585846 110.00000864267349 68.00000354647636
-2.7543050050735474 -3.870968222618103 0.4259088635444641 100 195.0000187754631 114.00000840425491 71.00000336766243
-2.7684521675109863 -5.161290764808655 0.5021688342094421 100 204.0000182390213 132.0000073313713 92.00000211596489
-2.7706560492515564 -6.4516133069992065 0.5497204884886742 100 205.00001817941666 133.00000727176666 92.00000211596489
-2.7405959367752075 -9.03225839138031 0.5369889363646507 100 198.00001859664917 112.0000085234642 68.00000354647636
-2.71210640668869 -10.322580337524414 0.4795270413160324 100 202.0000183582306 123.00000786781311 79.00000289082527
-2.678954601287842 -11.612904071807861 0.3986005112528801 100 204.0000182390213 125.00000774860382 81.00000277161598
-2.646367847919464 -12.903225421905518 0.3021545335650444 100 203.00001829862595 122.00000792741776 78.00000295042992
-2.6184669137001038 -14.193549156188965 0.19980788230895996 100 211.0000178217888 146.00000649690628 106.00000888109207
-2.597031891345978 -15.483870506286621 0.1065242663025856 100 203.00001829862595 122.00000792741776 80.00000283122063
-2.5846683979034424 -16.77419424057007 0.03728640731424093 100 194.00001883506775 106.00000888109207 62.00000390410423
-2.580905556678772 -18.064515590667725 0.005239486345089972 100 193.0000188946724 106.00000888109207 62.00000390410423
-2.5806456804275513 -19.354839324951172 0.0 100 195.0000187754631 105.00000894069672 65.0000037252903
-4.111674427986145 -5.161290764808655 0.6334349513053894 100 198.00001859664917 121.0000079870224 79.00000289082527
-3.969321846961975 -12.903225421905518 0.39821162819862366 100 203.00001829862595 124.00000780820847 80.00000283122063
-3.9341700077056885 -14.193549156188965 0.2749697305262089 100 204.0000182390213 128.0000075697899 85.0000025331974
-3.9035776257514954 -15.483870506286621 0.16112837940454483 100 199.00001853704453 120.00000804662704 77.00000301003456
-3.8820818066596985 -16.77419424057007 0.06984522100538015 100 193.0000188946724 104.00000900030136 61.00000396370888
-3.872583508491516 -18.064515590667725 0.015956949209794402 100 193.0000188946724 106.00000888109207 63.00000384449959
-3.8709771633148193 -19.354839324951172 0.00020729241441586055 100 190.0000038743019 99.00000929832458 58.00000414252281
-5.182278156280518 -16.77419424057007 0.10076809674501419 100 195.0000187754631 112.0000085234642 69.00000348687172
-5.1658570766448975 -18.064515590667725 0.02904539229348302 100 192.00001895427704 105.00000894069672 62.00000390410423
-5.161387920379639 -19.354839324951172 0.001957201020559296 100 187.00000405311584 95.00000193715096 55.000004321336746
-18.064515590667725 -18.064515590667725 0.0 100 161.0000056028366 82.00000271201134 50.00000461935997
-19.354839324951172 -19.354838132858276 0.0 100 153.00000607967377 70.00000342726707 44.000001177191734
-9.514140486717224 -9.999346733093262 1.0673870146274567 100 53.000004440546036 24.00000236928463 18.000000827014446
-9.536941051483154 -10.035279989242554 1.1960801482200623 100 70.00000342726707 69.00000348687172 69.00000348687172
-9.492881298065186 -9.998005628585815 1.1790208518505096 100 55.000004321336746 28.00000213086605 22.000000588595867
-9.533882737159729 -10.01654863357544 1.1110275983810425 100 64.00000378489494 53.000004440546036 51.000004559755325
1.053280308842659 -5.819813013076782 0.7773270457983017 100 55.000004321336746 22.000000588595867 14.000001065433025
1.2968401610851288 -5.761038064956665 0.6709999591112137 100 56.0000042617321 23.000000528991222 14.000001065433025
0.8105273544788361 -6.010755300521851 0.9252877533435822 100 135.00000715255737 70.00000342726707 48.00000473856926
1.0447315126657486 -6.257526278495789 0.8984237164258957 100 206.000018119812 138.00000697374344 101.0000091791153
1.1113619059324265 -5.875462293624878 0.9279898554086685 100 192.00001895427704 121.0000079870224 88.00000235438347
0.7644820213317871 -6.305556893348694 0.9000751376152039 100 169.00000512599945 90.00000223517418 58.00000414252281
0.8027815818786621 -6.063389182090759 0.5908355861902237 100 62.00000390410423 32.00000189244747 26.00000225007534
1.916307806968689 -5.734666585922241 0.4623435437679291 100 71.00000336766243 31.000001952052116 23.000000528991222
1.5484912693500519 -5.727013349533081 0.44075384736061096 100 180.00000447034836 109.00000870227814 80.00000283122063
1.7016318440437317 -5.752355456352234 0.5773770809173584 100 57.00000420212746 25.000002309679985 16.000000946223736
1.8578140437602997 -6.319910287857056 0.8244965970516205 100 212.00001776218414 151.00000619888306 119.00000810623169
2.0687291026115417 -5.986308455467224 0.6000025570392609 100 201.00001841783524 143.00000667572021 121.0000079870224
1.9494542479515076 -5.757546424865723 0.612182579934597 100 173.00000488758087 122.00000792741776 111.00000858306885
1.8602293729782104 -5.764144659042358 0.6510263681411743 100 186.0000041127205 144.00000661611557 135.00000715255737
1.0405150055885315 -5.798798203468323 0.5900899693369865 100 55.000004321336746 23.000000528991222 14.000001065433025
0.8956632763147354 -5.888766646385193 0.6033018976449966 100 55.000004321336746 22.000000588595867 14.000001065433025
1.8554845452308655 -5.77241837978363 0.6615589559078217 100 171.00000500679016 121.0000079870224 109.00000870227814
2.033953070640564 -6.163274049758911 0.8331052213907242 100 204.0000182390213 145.00000655651093 123.00000786781311
2.0695726573467255 -6.221745014190674 0.626988410949707 100 201.00001841783524 144.00000661611557 123.00000786781311
1.3338397443294525 -6.121950745582581 0.9329895675182343 100 211.0000178217888 149.00000631809235 113.00000846385956
1.5055403113365173 -6.428108215332031 0.883622020483017 100 206.000018119812 137.00000703334808 98.00000935792923
1.7107318341732025 -6.367366909980774 0.8597435057163239 100 207.00001806020737 137.00000703334808 100.00000923871994
1.4001664519309998 -5.749219059944153 0.6425418704748154 100 53.000004440546036 20.000000707805157 13.00000112503767
1.8710921704769135 -5.860939621925354 0.8721175789833069 100 210.00001788139343 181.0000044107437 173.00000488758087
1.5177230536937714 -5.797055959701538 0.9242687374353409 100 198.00001859664917 134.00000721216202 105.00000894069672
0.7697471231222153 -6.29574179649353 0.603044405579567 100 178.00000458955765 98.00000935792923 65.0000037252903
0.8011146634817123 -6.500070095062256 0.6962329894304276 100 57.00000420212746 29.000002071261406 24.00000236928463
0.85577093064785 -6.521958708763123 0.8742741495370865 100 200.00001847743988 123.00000786781311 84.00000259280205
0.7763867080211639 -6.370029449462891 0.8054854720830917 100 138.00000697374344 65.0000037252903 41.00000135600567
0.7836610823869705 -6.360496282577515 0.6488490104675293 100 56.0000042617321 28.00000213086605 23.000000528991222
0.8175686001777649 -5.966763496398926 0.8990318328142166 100 62.00000390410423 31.000001952052116 25.000002309679985
2.0910343527793884 -6.080602407455444 0.6040951609611511 100 204.0000182390213 151.00000619888306 134.00000721216202
1.2215863168239594 -5.877644419670105 0.9647437185049057 100 179.000004529953 111.00000858306885 81.00000277161598
1.1954943090677261 -5.853201150894165 0.9269913285970688 100 168.0000051856041 96.00000947713852 66.00000366568565
1.3869482278823853 -5.7635873556137085 0.7996473461389542 100 57.00000420212746 24.00000236928463 16.000000946223736
1.2688791751861572 -6.146482825279236 0.8994096517562866 100 195.0000187754631 124.00000780820847 88.00000235438347
1.279163807630539 -6.1240822076797485 0.9350577741861343 100 171.00000500679016 97.00000941753387 65.0000037252903
1.279536485671997 -5.846690535545349 0.9500674903392792 100 101.0000091791153 50.00000461935997 35.00000171363354
0.8101949095726013 -6.129595637321472 0.5498181656002998 100 59.00000408291817 30.00000201165676 24.00000236928463
0.8144932985305786 -5.964317321777344 0.5815772712230682 100 59.00000408291817 30.00000201165676 24.00000236928463
0.9899710863828659 -6.556438207626343 0.8663727343082428 100 200.00001847743988 122.00000792741776 81.00000277161598
1.3354365527629852 -6.484467387199402 0.8605927973985672 100 196.00001871585846 124.00000780820847 88.00000235438347
1.9474732875823975 -5.740624666213989 0.5167911946773529 100 136.00000709295273 61.00000396370888 40.00000141561031
1.7705756425857544 -6.09192430973053 0.8733316510915756 100 215.0000175833702 161.0000056028366 135.00000715255737
2.0807331800460815 -6.2490105628967285 0.7363078743219376 100 195.0000187754631 120.00000804662704 86.00000247359276
0.7938960939645767 -6.471498608589172 0.8506733924150467 100 57.00000420212746 28.00000213086605 23.000000528991222
2.008291631937027 -6.253852844238281 0.8289346843957901 100 209.00001794099808 143.00000667572021 108.00000876188278
0.7781145721673965 -6.331841945648193 0.5893471837043762 100 123.00000786781311 58.00000414252281 39.00000147521496
1.9085778295993805 -6.1613863706588745 0.848509669303894 100 203.00001829862595 131.00000739097595 96.00000947713852
1.1354149878025055 -6.525858640670776 0.8637213706970215 100 202.0000183582306 125.00000774860382 85.0000025331974
1.3952596485614777 -5.715150237083435 0.43651606887578964 100 99.00000929832458 45.00000111758709 30.00000201165676
0.7870375365018845 -6.365143060684204 0.5301015079021454 100 168.0000051856041 93.00000205636024 62.00000390410423
0.829884260892868 -5.935215950012207 0.6572410464286804 100 56.0000042617321 23.000000528991222 15.00000100582838
0.7929865270853043 -6.247541904449463 0.5370042473077774 100 56.0000042617321 29.000002071261406 24.00000236928463
1.805773675441742 -5.8132404088974 0.8799611777067184 100 185.00000417232513 134.00000721216202 114.00000840425491
1.882200539112091 -5.8503371477127075 0.8504430204629898 100 204.0000182390213 168.0000051856041 159.0000057220459
1.7997540533542633 -6.223164796829224 0.8579928427934647 100 214.00001764297485 160.00000566244125 138.00000697374344
1.8391908705234528 -6.320866942405701 0.8590470999479294 100 201.00001841783524 128.0000075697899 91.00000217556953
-1.526399403810501 -12.70634412765503 0.5970091000199318 100 201.00001841783524 130.0000074505806 89.00000229477882
-1.1980192363262177 -12.693909406661987 0.6166912242770195 100 190.0000038743019 119.00000810623169 91.00000217556953
-1.6703841090202332 -12.663193941116333 0.3845013678073883 100 96.00000947713852 43.00000123679638 29.000002071261406
-1.648755669593811 -12.644507884979248 0.2406316064298153 100 186.0000041127205 106.00000888109207 68.00000354647636
-1.1510806530714035 -12.668277025222778 0.4304433614015579 100 206.000018119812 135.00000715255737 97.00000941753387
-1.1544140428304672 -12.641817331314087 0.21855449303984642 100 205.00001817941666 129.00000751018524 87.00000241398811
-1.1592594534158707 -12.587703466415405 0.24964431300759315 100 191.00000381469727 111.00000858306885 77.00000301003456
-1.4663390815258026 -12.600324153900146 0.5997798964381218 100 172.00000494718552 98.00000935792923 65.0000037252903
-1.3478240370750427 -12.595785856246948 0.5973233282566071 100 183.00000429153442 114.00000840425491 81.00000277161598
-1.542985439300537 -12.562494277954102 0.4427194967865944 100 54.00000438094139 22.000000588595867 15.00000100582838
-1.4565065503120422 -12.512373924255371 0.38728736340999603 100 86.00000247359276 34.00000177323818 21.000000648200512
-1.3957837224006653 -12.525010108947754 0.40959879755973816 100 123.00000786781311 55.000004321336746 34.00000177323818
-1.3565178215503693 -12.527496814727783 0.35060495138168335 100 51.000004559755325 19.0000007674098 13.00000112503767
-1.1364047974348068 -12.859097719192505 0.5616448819637299 100 215.0000175833702 168.0000051856041 151.00000619888306
-1.1323291808366776 -12.832038402557373 0.263832975178957 100 206.000018119812 128.0000075697899 90.00000223517418
-1.5878497064113617 -12.597290277481079 0.38192078471183777 100 48.00000473856926 19.0000007674098 13.00000112503767
-1.417648047208786 -12.512818574905396 0.2179223857820034 100 206.000018119812 130.0000074505806 86.00000247359276
-1.132618710398674 -12.828813791275024 0.5537184327840805 100 210.00001788139343 142.00000673532486 111.00000858306885
-1.2620103359222412 -12.604330778121948 0.4351377859711647 100 182.00000435113907 108.00000876188278 77.00000301003456
-1.1997832357883453 -12.655632495880127 0.48987530171871185 100 172.00000494718552 101.0000091791153 74.0000031888485
-1.146777719259262 -12.707651853561401 0.5578328296542168 100 200.00001847743988 144.00000661611557 125.00000774860382
-1.5639522671699524 -12.896920442581177 0.5915889143943787 100 196.00001871585846 113.00000846385956 72.00000330805779
-1.3480718433856964 -12.915105819702148 0.6015315651893616 100 197.00001865625381 112.0000085234642 72.00000330805779
-1.1583877354860306 -12.602546215057373 0.38822315633296967 100 195.0000187754631 120.00000804662704 85.0000025331974
-1.1851795017719269 -12.582519054412842 0.29099617153406143 100 90.00000223517418 41.00000135600567 27.000002190470695
-1.248355284333229 -12.553766965866089 0.3013365715742111 100 102.00000911951065 49.000004678964615 33.00000183284283
-1.677452027797699 -12.664128541946411 0.522368773818016 100 63.00000384449959 31.000001952052116 24.00000236928463
-1.6844138503074646 -12.753907442092896 0.3544960916042328 100 120.00000804662704 58.00000414252281 39.00000147521496
-1.6369783878326416 -12.631223201751709 0.5851582810282707 100 133.00000727176666 66.00000366568565 42.000001296401024
-1.4538152515888214 -12.564539909362793 0.458429716527462 100 51.000004559755325 19.0000007674098 12.000001184642315
-1.2612508237361908 -12.65277624130249 0.6112716719508171 100 180.00000447034836 109.00000870227814 78.00000295042992
-1.2475032359361649 -12.546780109405518 0.22162185981869698 100 191.00000381469727 112.0000085234642 73.00000324845314
-1.4759941399097443 -12.846671342849731 0.5976384878158569 100 198.00001859664917 121.0000079870224 82.00000271201134
-1.1559391021728516 -12.620892524719238 0.4174085333943367 100 207.00001806020737 137.00000703334808 100.00000923871994
-1.3720671832561493 -12.520397901535034 0.2871628664433956 100 50.00000461935997 18.000000827014446 11.000000294297934
-1.5267080068588257 -12.551800012588501 0.4134632647037506 100 78.00000295042992 32.00000189244747 20.000000707805157
-1.318233609199524 -12.548065185546875 0.4354643449187279 100 153.00000607967377 81.00000277161598 53.000004440546036
-1.1821574717760086 -12.599833011627197 0.41835274547338486 100 171.00000500679016 102.00000911951065 77.00000301003456
-1.6014206409454346 -12.603380680084229 0.588088296353817 100 151.00000619888306 80.00000283122063 50.00000461935997
-1.2846088409423828 -12.537374496459961 0.20208705216646194 100 206.000018119812 130.0000074505806 87.00000241398811
-1.4597983658313751 -12.513774633407593 0.21837972104549408 100 206.000018119812 129.00000751018524 85.0000025331974
-1.463283747434616 -12.510876655578613 0.3062206692993641 100 51.000004559755325 20.000000707805157 13.00000112503767
2.5510013103485107 -4.283895194530487 0.5603698641061783 100 184.00000423192978 127.00000762939453 110.00000864267349
3.0408284068107605 -4.2514461278915405 0.9074937552213669 100 145.00000655651093 106.00000888109207 95.00000193715096
2.7493855357170105 -4.2723241448402405 0.9571664780378342 100 194.00001883506775 135.00000715255737 113.00000846385956
2.600744068622589 -3.8855168223381042 0.8015253394842148 100 51.000004559755325 21.000000648200512 15.00000100582838
2.54288911819458 -3.904486894607544 0.5603694543242455 100 195.0000187754631 149.00000631809235 133.00000727176666
2.62314110994339 -4.108069539070129 0.8745523542165756 100 111.00000858306885 60.00000402331352 44.000001177191734
2.9218894243240356 -3.762831687927246 0.7785189151763916 100 121.0000079870224 72.00000330805779 59.00000408291817
3.1954148411750793 -3.7591859698295593 0.5603701621294022 100 210.00001788139343 180.00000447034836 171.00000500679016
2.9223117232322693 -3.7110453844070435 0.560370422899723 100 139.0000069141388 99.00000929832458 90.00000223517418
2.589600384235382 -4.217312932014465 0.7260505110025406 100 54.00000438094139 24.00000236928463 18.000000827014446
2.578538954257965 -3.8688501715660095 0.7037918269634247 100 53.000004440546036 23.000000528991222 16.000000946223736
2.7384787797927856 -3.790239989757538 0.8786354959011078 100 150.0000062584877 110.00000864267349 100.00000923871994
2.708524167537689 -3.7426379323005676 0.6746749579906464 100 53.000004440546036 21.000000648200512 14.000001065433025
2.7725189924240112 -3.9649125933647156 1.0192067176103592 100 174.00000482797623 137.00000703334808 127.00000762939453
2.794305980205536 -4.148416221141815 0.9998687356710434 100 188.0000039935112 132.0000073313713 113.00000846385956
2.842310667037964 -4.141900539398193 1.019463762640953 100 196.00001871585846 146.00000649690628 128.0000075697899
3.017592430114746 -4.128016531467438 0.8898943662643433 100 157.0000058412552 117.00000822544098 106.00000888109207
2.9689866304397583 -4.1255369782447815 0.926743894815445 100 146.00000649690628 106.00000888109207 95.00000193715096
2.812972664833069 -3.781578838825226 0.8586223423480988 100 139.0000069141388 89.00000229477882 74.0000031888485
2.870238423347473 -3.770383894443512 0.8142753690481186 100 75.00000312924385 37.00000159442425 28.00000213086605
2.8009819984436035 -3.710847795009613 0.5608995631337166 100 153.00000607967377 110.00000864267349 99.00000929832458
2.8627684712409973 -3.856872320175171 0.9287634491920471 100 190.0000038743019 148.000006377697 135.00000715255737
2.8395581245422363 -3.9041689038276672 0.9666305780410767 100 195.0000187754631 153.00000607967377 141.0000067949295
2.8566625714302063 -4.0056198835372925 0.9847842901945114 100 158.00000578165054 116.00000828504562 105.00000894069672
3.2056596875190735 -3.8538238406181335 0.6702904403209686 100 209.00001794099808 175.00000476837158 165.00000536441803
3.145977258682251 -3.8081398606300354 0.6974034756422043 100 205.00001817941666 158.00000578165054 140.00000685453415
3.229930102825165 -3.96645188331604 0.6836036592721939 100 215.0000175833702 187.00000405311584 180.00000447034836
2.690970003604889 -3.84840190410614 0.9220875054597855 100 111.00000858306885 72.00000330805779 63.00000384449959
2.659711539745331 -3.887495994567871 0.9529971331357956 100 129.00000751018524 89.00000229477882 80.00000283122063
2.6494288444519043 -4.09302681684494 0.9546270221471786 100 166.00000530481339 105.00000894069672 85.0000025331974
2.7140387892723083 -3.9428845047950745 0.9997124969959259 100 128.0000075697899 83.00000265240669 71.00000336766243
2.631564140319824 -3.9028680324554443 0.9267188608646393 100 58.00000414252281 31.000001952052116 26.00000225007534
2.8011924028396606 -3.7934038043022156 0.8805073797702789 100 134.00000721216202 91.00000217556953 79.00000289082527
2.736411690711975 -4.2182159423828125 0.9682987630367279 100 194.00001883506775 136.00000709295273 114.00000840425491
2.601257860660553 -4.259239733219147 0.7523446530103683 100 185.00000417232513 129.00000751018524 113.00000846385956
2.67109751701355 -4.261104166507721 0.8670136332511902 100 165.00000536441803 106.00000888109207 86.00000247359276
2.6323196291923523 -4.249290823936462 0.8486029505729675 100 158.00000578165054 97.00000941753387 76.0000030696392
2.8939953446388245 -4.148504734039307 0.9997639805078506 100 186.0000041127205 127.00000762939453 103.000009059906
2.7816957235336304 -4.197213649749756 0.9879292547702789 100 189.00000393390656 133.00000727176666 115.00000834465027
2.964276075363159 -3.9077028632164 0.8607899397611618 100 193.0000188946724 150.0000062584877 137.00000703334808
2.9538682103157043 -3.800797760486603 0.8062736690044403 100 219.00001734495163 206.000018119812 203.00001829862595
2.9209238290786743 -3.839866816997528 0.8722494542598724 100 219.00001734495163 190.0000038743019 181.0000044107437
2.686246335506439 -3.7611418962478638 0.6704507023096085 100 60.00000402331352 28.00000213086605 19.0000007674098
3.1072768568992615 -3.9445745944976807 0.7617449015378952 100 229.00001674890518 211.0000178217888 206.000018119812
3.1253233551979065 -3.7707483768463135 0.6608271598815918 100 67.00000360608101 38.0000015348196 32.00000189244747
2.9876139760017395 -3.8072556257247925 0.797743946313858 100 214.00001764297485 196.00001871585846 192.00001895427704
3.0395352840423584 -3.960646092891693 0.8164798468351364 100 234.00001645088196 223.00001710653305 221.00001722574234
2.7248185873031616 -4.2616066336631775 0.9580200910568237 100 194.00001883506775 139.0000069141388 120.00000804662704
2.6435911655426025 -4.140154123306274 0.8991513401269913 100 59.00000408291817 34.00000177323818 29.000002071261406
2.7341416478157043 -3.713146448135376 0.5603820830583572 100 165.00000536441803 122.00000792741776 110.00000864267349
2.8572040796279907 -3.7108325958251953 0.5633839964866638 100 147.00000643730164 106.00000888109207 95.00000193715096
3.0455181002616882 -3.806670904159546 0.7666914165019989 100 212.00001776218414 179.000004529953 169.00000512599945
3.1070417165756226 -3.790532350540161 0.7187985628843307 100 219.00001734495163 189.00000393390656 180.00000447034836
3.244440257549286 -4.157639145851135 0.7248023152351379 100 208.00001800060272 176.00000470876694 169.00000512599945
2.943064272403717 -3.7759289145469666 0.7831492274999619 100 174.00000482797623 122.00000792741776 106.00000888109207
2.639559805393219 -4.070811569690704 0.9463613480329514 100 71.00000336766243 46.000001057982445 41.00000135600567
2.66478568315506 -4.140827059745789 0.9534807503223419 100 116.00000828504562 66.00000366568565 52.00000450015068
2.9423367977142334 -3.998079001903534 0.9077915549278259 100 155.00000596046448 115.00000834465027 105.00000894069672
3.2470041513442993 -4.0761712193489075 0.7012005895376205 100 217.00001746416092 189.00000393390656 182.00000435113907
3.2365599274635315 -4.109419286251068 0.7170993834733963 100 214.00001764297485 184.00000423192978 177.0000046491623
3.2118740677833557 -3.852260410785675 0.6487765163183212 100 201.00001841783524 142.00000673532486 113.00000846385956
3.1302955746650696 -3.782399892807007 0.6860420852899551 100 186.0000041127205 122.00000792741776 93.00000205636024
3.1992053985595703 -3.8218504190444946 0.6389408558607101 100 208.00001800060272 169.00000512599945 157.0000058412552
3.2109662890434265 -3.8140222430229187 0.6113653257489204 100 211.0000178217888 178.00000458955765 167.00000524520874
3.1019404530525208 -4.168225526809692 0.8330374956130981 100 187.00000405311584 143.00000667572021 129.00000751018524
2.8084945678710938 -3.9607062935829163 1.0153914988040924 100 195.0000187754631 164.00000542402267 156.00000590085983
2.8215807676315308 -3.990408182144165 1.0137884318828583 100 228.00001680850983 214.00001764297485 211.0000178217888
2.7911224961280823 -3.9935719966888428 1.0219909995794296 100 199.00001853704453 166.00000530481339 157.0000058412552
2.8140604496002197 -4.011095762252808 1.0281995683908463 100 208.00001800060272 174.00000482797623 165.00000536441803
2.619173526763916 -4.217802882194519 0.8481401205062866 100 85.0000025331974 42.000001296401024 31.000001952052116
2.6272955536842346 -4.253464937210083 0.8223745971918106 100 129.00000751018524 78.00000295042992 65.0000037252903
3.0878397822380066 -4.042712152004242 0.8031178265810013 100 236.00001633167267 227.00001686811447 226.00001692771912
2.5850075483322144 -4.263189435005188 0.7029610872268677 100 152.0000061392784 95.00000193715096 81.00000277161598
2.610478401184082 -4.221479296684265 0.8120067417621613 100 62.00000390410423 33.00000183284283 27.000002190470695
2.6954656839370728 -4.251596927642822 0.9373249858617783 100 194.00001883506775 141.0000067949295 124.00000780820847
3.0136436223983765 -3.8154733180999756 0.7929088920354843 100 225.00001698732376 205.00001817941666 200.00001847743988
3.1072568893432617 -3.7781670689582825 0.7055158913135529 100 181.0000044107437 121.0000079870224 98.00000935792923
2.8580600023269653 -4.129151403903961 1.0274256765842438 100 193.0000188946724 141.0000067949295 123.00000786781311
2.876507341861725 -4.143502116203308 1.0147235542535782 100 184.00000423192978 125.00000774860382 102.00000911951065
2.5947657227516174 -4.243916869163513 0.7430382072925568 100 56.0000042617321 26.00000225007534 20.000000707805157
2.7055037021636963 -4.253339469432831 0.9523700922727585 100 167.00000524520874 109.00000870227814 90.00000223517418
-1.4507286250591278 -7.381442189216614 0.7897022366523743 100 207.00001806020737 141.0000067949295 100.00000923871994
-1.8032939732074738 -7.407093644142151 0.8078143000602722 100 196.00001871585846 115.00000834465027 75.00000312924385
-1.7403706908226013 -7.520260214805603 0.8089395612478256 100 195.0000187754631 117.00000822544098 80.00000283122063
-1.5378257632255554 -6.913126111030579 0.591207891702652 100 174.00000482797623 103.000009059906 74.0000031888485
-1.6693493723869324 -6.929236650466919 0.6688937544822693 100 167.00000524520874 95.00000193715096 68.00000354647636
-1.579691469669342 -7.09203839302063 0.7598274201154709 100 193.0000188946724 117.00000822544098 81.00000277161598
-1.3048338890075684 -7.364158630371094 0.5819964036345482 100 197.00001865625381 113.00000846385956 70.00000342726707
-1.4633694291114807 -7.499865889549255 0.7924103736877441 100 204.0000182390213 130.0000074505806 90.00000223517418
-1.5678837895393372 -7.550012469291687 0.7900093495845795 100 200.00001847743988 122.00000792741776 81.00000277161598
-1.8598458170890808 -7.3960816860198975 0.7551371306180954 100 54.00000438094139 24.00000236928463 18.000000827014446
-1.8872885406017303 -7.281540036201477 0.7616545259952545 100 196.00001871585846 119.00000810623169 80.00000283122063
-1.7323607206344604 -6.938285231590271 0.709192231297493 100 142.00000673532486 73.00000324845314 49.000004678964615
-1.9110651314258575 -7.178564071655273 0.760171040892601 100 195.0000187754631 114.00000840425491 76.0000030696392
-1.905430257320404 -6.991856694221497 0.7111155986785889 100 188.0000039935112 107.00000882148743 67.00000360608101
-1.4116580784320831 -7.005800008773804 0.6065283343195915 100 186.0000041127205 111.00000858306885 74.0000031888485
-1.3470189273357391 -7.14712381362915 0.6807509809732437 100 193.0000188946724 117.00000822544098 83.00000265240669
-1.532457023859024 -6.925621032714844 0.5162619426846504 100 52.00000450015068 21.000000648200512 13.00000112503767
-1.422436386346817 -6.992135643959045 0.5828041210770607 100 177.0000046491623 107.00000882148743 74.0000031888485
-1.455141305923462 -6.959854960441589 0.5899366736412048 100 167.00000524520874 98.00000935792923 71.00000336766243
-1.439645141363144 -7.174113392829895 0.7616487145423889 100 185.00000417232513 117.00000822544098 87.00000241398811
-1.3425374031066895 -7.162037491798401 0.7065831124782562 100 213.0000177025795 171.00000500679016 158.00000578165054
-1.4911456406116486 -7.195941805839539 0.7844045013189316 100 122.00000792741776 56.0000042617321 35.00000171363354
-1.6651177406311035 -7.2274041175842285 0.762508437037468 100 187.00000405311584 111.00000858306885 74.0000031888485
-1.691807210445404 -7.263564467430115 0.7941225171089172 100 141.0000067949295 70.00000342726707 44.000001177191734
-1.8740111589431763 -7.323898673057556 0.7628196477890015 100 183.00000429153442 102.00000911951065 66.00000366568565
-1.833128035068512 -7.346184253692627 0.803777426481247 100 187.00000405311584 108.00000876188278 70.00000342726707
-1.2988592684268951 -7.3605722188949585 0.7167485356330872 100 203.00001829862595 138.00000697374344 113.00000846385956
-1.3567842543125153 -7.2744011878967285 0.7784651219844818 100 221.00001722574234 188.0000039935112 178.00000458955765
-1.3275204598903656 -7.277356386184692 0.5526691302657127 100 194.00001883506775 113.00000846385956 76.0000030696392
-1.3223613798618317 -7.405815124511719 0.7781191915273666 100 210.00001788139343 154.00000602006912 131.00000739097595
-1.9089454412460327 -7.0965516567230225 0.7305241376161575 100 180.00000447034836 98.00000935792923 61.00000396370888
-1.9072172045707703 -6.999580264091492 0.6525716185569763 100 190.0000038743019 109.00000870227814 69.00000348687172
-1.884680688381195 -6.981162428855896 0.7075832784175873 100 56.0000042617321 24.00000236928463 17.00000088661909
-1.9034263491630554 -7.0104920864105225 0.5540034547448158 100 195.0000187754631 115.00000834465027 73.00000324845314
-1.6676756739616394 -7.532563209533691 0.8036424964666367 100 203.00001829862595 128.0000075697899 88.00000235438347
-1.3721449673175812 -7.230170369148254 0.7791182398796082 100 203.00001829862595 134.00000721216202 99.00000929832458
-1.5504862368106842 -7.275199890136719 0.7903173565864563 100 202.0000183582306 132.0000073313713 93.00000205636024
-1.510809063911438 -6.918020248413086 0.5821966379880905 100 170.0000050663948 96.00000947713852 69.00000348687172
-1.3434228301048279 -7.444608211517334 0.7809829711914062 100 203.00001829862595 130.0000074505806 88.00000235438347
-1.2981092929840088 -7.343266606330872 0.6933432072401047 100 198.00001859664917 118.00000816583633 81.00000277161598
-1.7261622846126556 -7.247903347015381 0.762566402554512 100 147.00000643730164 73.00000324845314 46.000001057982445
-1.441618949174881 -7.198349833488464 0.7838722318410873 100 168.0000051856041 93.00000205636024 63.00000384449959
-1.8410298228263855 -4.96144562959671 0.7591729611158371 100 196.00001871585846 128.0000075697899 87.00000241398811
-1.6840291023254395 -5.278164744377136 0.777285024523735 100 198.00001859664917 123.00000786781311 85.0000025331974
-1.6030386090278625 -5.177137851715088 0.7784102857112885 100 202.0000183582306 130.0000074505806 96.00000947713852
-2.241690903902054 -5.219082236289978 0.5606786161661148 100 181.0000044107437 110.00000864267349 77.00000301003456
-2.0602262020111084 -5.190222859382629 0.7292981445789337 100 203.00001829862595 132.0000073313713 93.00000205636024
-1.9121724367141724 -4.832904934883118 0.551467128098011 100 47.0000009983778 18.000000827014446 13.00000112503767
-1.884288489818573 -4.834624230861664 0.41084833443164825 100 194.00001883506775 118.00000816583633 78.00000295042992
-1.55271977186203 -5.191296935081482 0.5963709950447083 100 212.00001776218414 149.00000631809235 114.00000840425491
-1.5033793449401855 -5.129397511482239 0.4196573793888092 100 200.00001847743988 129.00000751018524 90.00000223517418
-1.7266124486923218 -4.928390681743622 0.761881098151207 100 193.0000188946724 123.00000786781311 89.00000229477882
-1.6406844556331635 -5.006200075149536 0.7594800740480423 100 195.0000187754631 126.00000768899918 92.00000211596489
-1.754329651594162 -4.849580824375153 0.6083697453141212 100 130.0000074505806 65.0000037252903 44.000001177191734
-1.6596446931362152 -4.873643517494202 0.5541902035474777 100 181.0000044107437 104.00000900030136 70.00000342726707
-1.6258412599563599 -4.923966228961945 0.575997456908226 100 187.00000405311584 109.00000870227814 73.00000324845314
-1.6000990569591522 -4.952535033226013 0.5183366686105728 100 186.0000041127205 110.00000864267349 77.00000301003456
-1.8548759818077087 -5.464314818382263 0.7296417653560638 100 196.00001871585846 116.00000828504562 78.00000295042992
-1.809459924697876 -4.843242764472961 0.5489448830485344 100 48.00000473856926 17.00000088661909 11.000000294297934
-1.6644927859306335 -4.93017315864563 0.5901399999856949 100 178.00000458955765 101.0000091791153 70.00000342726707
-2.2035758197307587 -5.067247152328491 0.5759990587830544 100 200.00001847743988 132.0000073313713 95.00000193715096
-2.0971649885177612 -4.953989088535309 0.6502217054367065 100 50.00000461935997 24.00000236928463 19.0000007674098
-2.2121530771255493 -5.082390308380127 0.5522748455405235 100 196.00001871585846 128.0000075697899 91.00000217556953
-2.0850512385368347 -4.944203197956085 0.676053836941719 100 176.00000470876694 105.00000894069672 71.00000336766243
-1.586550623178482 -5.070808529853821 0.6009593605995178 100 211.0000178217888 145.00000655651093 110.00000864267349
-1.5781161189079285 -5.149181485176086 0.6544599682092667 100 213.0000177025795 152.0000061392784 123.00000786781311
-1.5766175091266632 -5.221755504608154 0.7208818942308426 100 201.00001841783524 127.00000762939453 91.00000217556953
-1.9974955916404724 -5.068974494934082 0.7538752257823944 100 196.00001871585846 121.0000079870224 82.00000271201134
-1.859048753976822 -5.229194164276123 0.7635932415723801 100 190.0000038743019 112.0000085234642 73.00000324845314
-1.729145348072052 -5.328807234764099 0.7732481509447098 100 193.0000188946724 115.00000834465027 78.00000295042992
-1.5129123628139496 -5.140366554260254 0.5551047995686531 100 206.000018119812 141.0000067949295 106.00000888109207
-1.517951637506485 -5.108063220977783 0.46007484197616577 100 200.00001847743988 128.0000075697899 92.00000211596489
-1.542457491159439 -5.044801235198975 0.47018159180879593 100 198.00001859664917 130.0000074505806 94.0000019967556
-1.917750984430313 -4.828729033470154 0.68621926009655 100 49.000004678964615 19.0000007674098 13.00000112503767
-1.975637525320053 -4.914925694465637 0.7479358464479446 100 121.0000079870224 54.00000438094139 33.00000183284283
-1.9839619100093842 -4.8867157101631165 0.5221398547291756 100 55.000004321336746 26.00000225007534 19.0000007674098
-1.8669810891151428 -4.833388328552246 0.7475899159908295 100 109.00000870227814 49.000004678964615 29.000002071261406
-2.0476071536540985 -5.514495372772217 0.6770540028810501 100 193.0000188946724 115.00000834465027 76.0000030696392
-1.6934090852737427 -4.911940097808838 0.6237249448895454 100 173.00000488758087 95.00000193715096 66.00000366568565
-1.6065137088298798 -4.989314377307892 0.6056919321417809 100 212.00001776218414 153.00000607967377 121.0000079870224
-1.6191229224205017 -5.10518491268158 0.7731132209300995 100 201.00001841783524 133.00000727176666 102.00000911951065
-2.010781764984131 -4.9458640813827515 0.748588964343071 100 190.0000038743019 118.00000816583633 82.00000271201134
-1.901688575744629 -5.093958377838135 0.7597880810499191 100 196.00001871585846 125.00000774860382 87.00000241398811
-1.5237374603748322 -5.154861807823181 0.5836307257413864 100 211.0000178217888 150.0000062584877 117.00000822544098
-1.505686491727829 -5.133923888206482 0.47626055777072906 100 201.00001841783524 131.00000739097595 93.00000205636024
-2.2473707795143127 -5.192219614982605 0.5516673624515533 100 185.00000417232513 114.00000840425491 80.00000283122063
-1.6061151027679443 -4.9369484186172485 0.4563281685113907 100 174.00000482797623 93.00000205636024 60.00000402331352
-1.735645830631256 -4.853228330612183 0.5797745659947395 100 79.00000289082527 33.00000183284283 22.000000588595867
-1.6945618391036987 -4.860771000385284 0.5604473873972893 100 138.00000697374344 72.00000330805779 50.00000461935997
-1.5873973071575165 -4.993068873882294 0.60127854347229 100 207.00001806020737 142.00000673532486 107.00000882148743
-1.527671068906784 -5.1222288608551025 0.5845535919070244 100 210.00001788139343 149.00000631809235 122.00000792741776
-1.823105365037918 -4.838225543498993 0.7504536956548691 100 150.0000062584877 77.00000301003456 49.000004678964615
-1.934056431055069 -4.834575355052948 0.6628139317035675 100 46.000001057982445 20.000000707805157 16.000000946223736
-1.6629019379615784 -4.87237274646759 0.38909923285245895 100 202.0000183582306 131.00000739097595 91.00000217556953
-1.6633576154708862 -4.867966175079346 0.47495532780885696 100 133.00000727176666 62.00000390410423 38.0000015348196
-2.0139844715595245 -5.022211670875549 0.7533429563045502 100 200.00001847743988 129.00000751018524 90.00000223517418
