-20 20 0 91 0 2 1
-19.4 19.3 0 149 0 2 1
-19.4 20 0 95 0 2 1
-18.8 18.7 0 148 0 2 1
-18.8 19.3 0 149 0 2 1
-18.8 20 0 98 0 2 1
-18.1 18 0 155 0 2 1
-18.1 18.7 0 157 0 2 1
-18.1 19.3 0 149 0 2 1
-18.1 20 0 99 0 2 1
-17.5 17.4 0 163 0 2 1
-17.5 18 0 161 0 2 1
-17.5 18.7 0 154 0 2 1
-17.5 19.3 0 157 0 2 1
-17.5 20 0 99 0 2 1
-16.8 16.7 -0.1 168 0 2 1
-16.8 17.4 0 158 0 2 1
-16.8 18 0 163 0 2 1
-16.8 18.7 0 162 0 2 1
-16.8 19.3 0 156 0 2 1
-16.8 20 0 97 0 2 1
-16.2 16.1 -0.1 165 0 2 1
-16.2 16.7 -0.1 166 0 2 1
-16.2 17.4 0 159 0 2 1
-16.2 18 0 164 0 2 1
-16.2 18.7 0 162 0 2 1
-16.2 19.3 0 155 0 2 1
-16.2 20 0 98 0 2 1
-15.5 15.4 -0.1 169 0 2 1
-15.5 16.1 -0.1 165 0 2 1
-15.5 16.7 -0.1 166 0 2 1
-15.5 17.4 -0.1 167 0 2 1
-15.5 18 -0.1 162 0 2 1
-15.5 18.7 0 168 0 2 1
-15.5 19.3 0 160 0 2 1
-15.5 20 0 101 0 2 1
-14.9 14.8 -0.2 175 0 2 1
-14.9 15.4 -0.1 172 0 2 1
-14.9 16.1 -0.1 168 0 2 1
-14.9 16.7 -0.1 170 0 2 1
-14.9 17.4 -0.1 164 0 2 1
-14.9 18 -0.1 166 0 2 1
-14.9 18.7 0 172 0 2 1
-14.9 19.3 0 162 0 2 1
-14.9 20 0 101 0 2 1
-14.3 14.1 -0.2 181 0 2 1
-14.3 14.8 -0.2 178 0 2 1
-14.3 15.4 -0.2 171 0 2 1
-14.3 16.1 -0.1 173 0 2 1
-14.2 16.7 -0.1 168 0 2 1
-14.2 17.4 -0.1 169 0 2 1
-14.2 18 -0.1 160 0 2 1
-14.2 18.7 0 171 0 2 1
-14.2 19.3 0 165 0 2 1
-14.2 20 0 101 0 2 1
-13.6 13.5 -0.3 172 0 2 1
-13.6 14.1 -0.3 181 0 2 1
-13.6 14.8 -0.2 182 0 2 1
-13.6 15.4 -0.2 171 0 2 1
-13.6 16.1 -0.1 172 0 2 1
-13.6 16.7 -0.1 169 0 2 1
-13.6 17.4 -0.1 169 0 2 1
-13.6 18 -0.1 163 0 2 1
-13.6 18.7 0 170 0 2 1
-13.6 19.3 0 172 0 2 1
-13.6 20 0 101 0 2 1
-13 12.9 -0.4 171 0 2 1
-13 13.5 -0.4 173 0 2 1
-13 14.1 -0.3 180 0 2 1
-13 14.8 -0.3 182 0 2 1
-13 15.4 -0.2 172 0 2 1
-13 16.1 -0.1 173 0 2 1
-13 16.7 -0.1 171 0 2 1
-13 17.4 -0.1 171 0 2 1
-13 18 -0.1 170 0 2 1
-13 18.7 0 168 0 2 1
-13 19.3 0 173 0 2 1
-13 20 0 105 0 2 1
-12.4 12.2 -0.5 177 0 2 1
-12.4 12.9 -0.4 175 0 2 1
-12.4 13.5 -0.4 174 0 2 1
-12.4 14.1 -0.3 179 0 2 1
-12.3 14.8 -0.3 176 0 2 1
-12.3 15.4 -0.2 181 0 2 1
-12.3 16.1 -0.2 172 0 2 1
-12.3 16.7 -0.1 171 0 2 1
-12.3 17.4 -0.1 170 0 2 1
-12.3 18 -0.1 170 0 2 1
-12.3 18.7 0 168 0 2 1
-12.3 19.3 0 169 0 2 1
-12.3 20 0 107 0 2 1
-11.7 11.6 -0.5 185 0 2 1
-11.7 12.2 -0.5 180 0 2 1
-11.7 12.9 -0.5 178 0 2 1
-11.7 13.5 -0.4 175 0 2 1
-11.7 14.1 -0.4 178 0 2 1
-11.7 14.8 -0.3 178 0 2 1
-11.7 15.4 -0.2 187 0 2 1
-11.7 16.1 -0.2 174 0 2 1
-11.7 16.7 -0.1 172 0 2 1
-11.7 17.4 -0.1 167 0 2 1
-11.7 18 -0.1 166 0 2 1
-11.7 18.7 0 171 0 2 1
-11.7 19.3 0 168 0 2 1
-11.1 10.9 -0.6 178 0 2 1
-11.1 11.6 -0.6 179 0 2 1
-11.1 12.2 -0.5 180 0 2 1
-11.1 12.9 -0.5 175 0 2 1
-11.1 13.5 -0.4 173 0 2 1
-11.1 14.1 -0.4 176 0 2 1
-11.1 14.8 -0.3 176 0 2 1
-11 15.4 -0.2 175 0 2 1
-11 16.1 -0.2 181 0 2 1
-11 16.7 -0.1 171 0 2 1
-11 17.4 -0.1 170 0 2 1
-11 18 -0.1 168 0 2 1
-11 18.7 0 169 0 2 1
-10.4 10.3 -0.6 176 0 2 1
-10.4 10.9 -0.6 179 0 2 1
-10.4 11.6 -0.6 178 0 2 1
-10.4 12.2 -0.5 185 0 2 1
-10.4 12.9 -0.5 175 0 2 1
-10.4 13.5 -0.4 173 0 2 1
-10.4 14.1 -0.4 181 0 2 1
-10.4 14.8 -0.3 181 0 2 1
-10.4 15.4 -0.2 178 0 2 1
-10.4 16.1 -0.2 185 0 2 1
-10.4 16.7 -0.1 175 0 2 1
-10.4 17.4 -0.1 170 0 2 1
-9.8 9.6 -0.5 172 0 2 1
-9.8 10.3 -0.6 175 0 2 1
-9.8 10.9 -0.6 174 0 2 1
-9.8 11.6 -0.6 178 0 2 1
-9.8 12.2 -0.5 185 0 2 1
-9.8 12.9 -0.5 180 0 2 1
-9.8 13.5 -0.4 177 0 2 1
-9.8 14.1 -0.4 179 0 2 1
-9.8 14.8 -0.3 178 0 2 1
-9.7 15.4 -0.2 179 0 2 1
-9.7 16.1 -0.2 179 0 2 1
-9.1 9 -0.5 181 0 2 1
-9.1 9.6 -0.5 178 0 2 1
-9.1 10.3 -0.5 172 0 2 1
-9.1 10.9 -0.5 176 0 2 1
-9.1 11.6 -0.5 176 0 2 1
-9.1 12.2 -0.5 182 0 2 1
-9.1 12.9 -0.5 184 0 2 1
-9.1 13.5 -0.4 176 0 2 1
-9.1 14.1 -0.4 178 0 2 1
-9.1 14.8 -0.3 178 0 2 1
-9.1 15.4 -0.2 174 0 2 1
-8.4 8.3 -0.4 179 0 2 1
-8.4 9 -0.5 185 0 2 1
-8.4 9.6 -0.5 175 0 2 1
-8.4 10.3 -0.5 174 0 2 1
-8.4 10.9 -0.5 176 0 2 1
-8.4 11.6 -0.5 176 0 2 1
-8.4 12.2 -0.5 182 0 2 1
-8.4 12.9 -0.4 185 0 2 1
-8.4 13.5 -0.4 175 0 2 1
-8.4 14.1 -0.3 180 0 2 1
-7.8 8.3 -0.4 176 0 2 1
-7.8 9 -0.4 184 0 2 1
-7.8 9.6 -0.4 175 0 2 1
-7.8 10.3 -0.5 177 0 2 1
-7.8 10.9 -0.5 173 0 2 1
-7.8 11.6 -0.5 178 0 2 1
-7.8 12.2 -0.4 181 0 2 1
-7.8 12.9 -0.4 186 0 2 1
-7.7 7.7 -0.3 181 0 2 1
-7.1 7.1 -0.2 181 0 2 1
-7.1 7.7 -0.3 178 0 2 1
-7.1 8.4 -0.3 178 0 2 1
-7.1 9 -0.3 175 0 2 1
-7.1 9.6 -0.4 180 0 2 1
-7.1 10.3 -0.4 171 0 2 1
-7.1 10.9 -0.4 170 0 2 1
-7.1 11.6 -0.4 145 0 2 1
-6.4 6.4 -0.1 180 0 2 1
-6.4 7.1 -0.2 173 0 2 1
-6.4 7.7 -0.2 173 0 2 1
-6.4 8.4 -0.2 179 0 2 1
-6.4 9 -0.2 173 0 2 1
-6.4 9.7 -0.3 180 0 2 1
-6.4 10.3 -0.3 165 0 2 1
-6.4 10.9 -0.3 68 0 2 1
-5.7 6.4 -0.1 180 0 2 1
-5.7 7.1 -0.1 177 0 2 1
-5.7 7.7 -0.1 176 0 2 1
-5.7 8.4 -0.1 176 0 2 1
-5.7 9 -0.1 169 0 2 1
-5.7 9.7 -0.2 144 0 2 1
-5.5 9.3 0.2 100 0 2 3
-5.5 9.3 0.3 171 0 2 3
-5.5 9.3 0.6 134 0 2 3
-5.5 9.3 0.9 164 0 2 3
-5.5 9.3 1.1 69 0 2 3
-5.5 9.3 1.2 53 0 2 3
-5.5 9.3 1.4 94 0 2 3
-5.5 9.5 1.6 138 0 2 3
-5.5 9.6 1.7 108 0 2 3
-5.4 9.1 0.8 60 0 2 3
-5.4 9.1 1.1 51 0 2 3
-5.3 8.9 1.4 80 0 2 3
-5.3 9 0.5 57 0 2 3
-5.3 9 0.8 56 0 2 3
-5.3 9.1 0.1 60 0 2 3
-5.3 9.1 0.2 133 0 2 3
-5.3 9.2 1.6 143 0 2 3
-5.3 9.4 1.7 129 0 2 3
-5.2 4.9 0 178 0 2 2
-5.2 8.7 1.1 57 0 2 3
-5.2 8.8 1.1 56 0 2 3
-5.2 8.9 0.5 58 0 2 3
-5.2 18 -0.1 184 0 2 1
-5.2 18.7 -0.1 175 0 2 1
-5.2 19.3 -0.1 175 0 2 1
-5.2 20 -0.1 155 0 2 1
-5.1 4.9 0.1 178 0 2 2
-5.1 4.9 0.2 175 0 2 2
-5.1 5 0.1 179 0 2 2
-5.1 5.1 0.2 178 0 2 2
-5.1 5.8 0 190 0 2 1
-5.1 6.5 0 181 0 2 1
-5.1 7.1 0 179 0 2 1
-5.1 7.8 0 179 0 2 1
-5.1 8.4 0 172 0 2 1
-5.1 8.6 1.5 174 0 2 3
-5.1 8.8 0.2 61 0 2 3
-5.1 9 1.8 124 0 2 3
-5.1 9.1 0 168 0 2 1
-5 4.9 0 167 0 2 2
-5 4.9 0.1 169 0 2 2
-5 4.9 0.2 173 0 2 2
-5 5 0.2 180 0 2 2
-5 5 0.3 183 0 2 2
-5 5.2 0.3 190 0 2 2
-5 5.3 0.3 180 0 2 2
-5 8.5 1.4 82 0 2 3
-5 8.6 0.2 64 0 2 3
-5 8.6 0.8 74 0 2 3
-5 8.6 1.4 107 0 2 3
-5 8.8 1.6 177 0 2 3
-5 9 1.8 147 0 2 3
-4.9 5 0.3 191 0 2 2
-4.9 5.1 0.3 184 0 2 2
-4.9 5.2 0.3 194 0 2 2
-4.9 5.3 0.2 189 0 2 2
-4.9 8.4 0.2 69 0 2 3
-4.9 8.7 1.6 191 0 2 3
-4.9 8.9 1.7 201 0 2 3
-4.9 8.9 1.8 190 0 2 3
-4.8 4.8 0 181 0 2 2
-4.8 4.9 0.1 203 0 2 2
-4.8 5 0.2 185 0 2 2
-4.8 5 0.3 191 0 2 2
-4.8 5.1 0.2 185 0 2 2
-4.8 5.2 0.2 193 0 2 2
-4.8 5.3 0.1 178 0 2 2
-4.8 5.4 0.1 189 0 2 2
-4.8 8.3 1.3 186 0 2 3
-4.8 8.4 0.8 77 0 2 3
-4.7 4.8 0 195 0 2 2
-4.7 4.9 0.1 196 0 2 2
-4.7 4.9 0.2 197 0 2 2
-4.7 5 0.1 184 0 2 2
-4.7 5.1 0.2 185 0 2 2
-4.7 5.2 0.1 189 0 2 2
-4.7 5.3 0 184 0 2 2
-4.7 5.4 0 191 0 2 2
-4.7 8.2 0.2 69 0 2 3
-4.7 8.2 1.3 195 0 2 3
-4.7 8.8 1.7 202 0 2 3
-4.7 8.9 1.8 131 0 2 3
-4.6 4.8 0 206 0 2 2
-4.6 4.9 0 199 0 2 2
-4.6 4.9 0.1 197 0 2 2
-4.6 5 0 189 0 2 2
-4.6 5 0.1 195 0 2 2
-4.6 5.1 0.1 191 0 2 2
-4.6 8.1 0.2 95 0 2 3
-4.6 8.1 0.6 120 0 2 3
-4.6 8.1 0.7 92 0 2 3
-4.6 8.2 0.2 111 0 2 3
-4.6 8.9 1.7 202 0 2 3
-4.6 9 1.8 188 0 2 3
-4.6 20 -0.1 145 0 2 1
-4.5 4.5 -0.1 190 0 2 1
-4.5 5 0 187 0 2 2
-4.5 5.1 0 188 0 2 2
-4.5 8 0.6 146 0 2 3
-4.5 8 1 157 0 2 3
-4.5 8 1.1 159 0 2 3
-4.5 8.4 1.4 191 0 2 3
-4.5 9 1.8 184 0 2 3
-4.5 9.2 1.8 205 0 2 3
-4.5 15.4 -0.2 179 0 2 1
-4.5 16.1 -0.2 175 0 2 1
-4.5 16.7 -0.1 182 0 2 1
-4.5 17.4 -0.1 173 0 2 1
-4.5 18 -0.1 184 0 2 1
-4.5 18.7 -0.1 181 0 2 1
-4.5 19.3 -0.1 172 0 2 1
-4.4 5.2 0 189 0 2 1
-4.4 5.8 0 192 0 2 1
-4.4 6.5 0.1 184 0 2 1
-4.4 7.1 0.1 180 0 2 1
-4.4 7.8 0.1 179 0 2 1
-4.4 7.9 1.1 166 0 2 3
-4.4 8 0.7 154 0 2 3
-4.4 8 1.1 193 0 2 3
-4.4 8.1 0.3 133 0 2 3
-4.4 8.4 0.1 173 0 2 1
-4.4 9.2 1.8 200 0 2 3
-4.3 7.9 0.7 157 0 2 3
-4.3 7.9 1.1 194 0 2 3
-4.3 8 0.3 152 0 2 3
-4.3 8.8 1.7 205 0 2 3
-4.2 7.8 1.1 194 0 2 3
-4.2 7.9 0.7 163 0 2 3
-4.2 9.2 1.7 205 0 2 3
-4.1 7.9 0.3 145 0 2 3
-4.1 8.3 1.4 190 0 2 3
-4.1 9.3 1.8 167 0 2 3
-4.1 9.5 1.8 197 0 2 3
-4 7.8 0.7 173 0 2 3
-4 7.8 0.9 180 0 2 3
-4 7.8 1.1 185 0 2 3
-4 8.2 1.4 201 0 2 3
-4 8.7 1.7 197 0 2 3
-4 9.9 1.7 199 0 2 3
-3.9 7.8 0.5 185 0 2 3
-3.9 7.8 0.8 178 0 2 3
-3.9 7.8 0.9 184 0 2 3
-3.9 7.8 1.1 187 0 2 3
-3.9 7.9 0.3 177 0 2 3
-3.9 8.3 1.4 199 0 2 3
-3.9 16.7 -0.2 177 0 2 1
-3.9 17.4 -0.1 179 0 2 1
-3.9 18 -0.1 180 0 2 1
-3.9 18.7 -0.1 182 0 2 1
-3.9 19.3 -0.1 172 0 2 1
-3.9 20 -0.1 131 0 2 1
-3.8 3.9 -0.1 191 0 2 1
-3.8 4.5 0 193 0 2 1
-3.8 5.2 0.1 190 0 2 1
-3.8 5.8 0.1 192 0 2 1
-3.8 6.5 0.2 186 0 2 1
-3.8 7.2 0.2 182 0 2 1
-3.8 7.8 0.2 179 0 2 1
-3.8 9.5 1.7 200 0 2 3
-3.8 9.6 1.8 157 0 2 3
-3.8 13.5 -0.2 175 0 2 1
-3.8 14.2 -0.2 181 0 2 1
-3.8 14.8 -0.2 184 0 2 1
-3.8 15.4 -0.2 179 0 2 1
-3.8 16.1 -0.2 179 0 2 1
-3.7 8 0.5 188 0 2 3
-3.7 8 1.1 190 0 2 3
-3.7 8.1 0.3 187 0 2 3
-3.7 8.4 1.6 191 0 2 3
-3.7 9.6 1.7 198 0 2 3
-3.7 9.9 1.7 180 0 2 3
-3.6 8 1.3 190 0 2 3
-3.6 8.5 1.6 195 0 2 3
-3.6 9.8 1.7 173 0 2 3
-3.6 10.3 1.7 190 0 2 3
-3.5 9.8 1.7 195 0 2 3
-3.4 8.1 1.4 191 0 2 3
-3.4 8.2 0.8 190 0 2 3
-3.4 9.1 1.7 195 0 2 3
-3.4 10.2 1.7 179 0 2 3
-3.3 8.2 1.5 195 0 2 3
-3.3 10.1 1.7 161 0 2 3
-3.3 19.3 -0.1 177 0 2 1
-3.3 20 -0.1 115 0 2 1
-3.2 3.2 -0.1 191 0 2 1
-3.2 3.9 0 190 0 2 1
-3.2 8.3 1.6 192 0 2 3
-3.2 10.1 1.6 142 0 2 3
-3.2 14.8 -0.2 186 0 2 1
-3.2 15.4 -0.2 178 0 2 1
-3.2 16.1 -0.2 184 0 2 1
-3.2 16.7 -0.2 178 0 2 1
-3.2 17.4 -0.1 177 0 2 1
-3.2 18 -0.1 180 0 2 1
-3.2 18.7 -0.1 186 0 2 1
-3.1 4.5 0 192 0 2 1
-3.1 5.2 0.1 189 0 2 1
-3.1 5.9 0.2 196 0 2 1
-3.1 6.5 0.2 189 0 2 1
-3.1 7.2 0.3 185 0 2 1
-3.1 7.8 0.3 178 0 2 1
-3.1 11 0.2 176 0 2 1
-3.1 11.7 0.1 173 0 2 1
-3.1 12.3 0 173 0 2 1
-3.1 12.9 -0.1 170 0 2 1
-3.1 13.5 -0.1 178 0 2 1
-3.1 14.2 -0.2 175 0 2 1
-3 8.4 1 199 0 2 3
-3 8.5 0.4 197 0 2 3
-3 8.9 1.6 182 0 2 3
-2.9 8.5 1 190 0 2 3
-2.9 8.5 1.2 189 0 2 3
-2.9 8.5 1.5 199 0 2 3
-2.8 8.5 1.5 200 0 2 3
-2.8 9.3 0.4 164 0 2 3
-2.8 9.4 0.4 149 0 2 3
-2.8 9.5 1.6 107 0 2 3
-2.7 8.7 0.3 179 0 2 3
-2.7 8.8 0.4 183 0 2 3
-2.7 8.9 0.5 109 0 2 3
-2.7 9 0.4 115 0 2 3
-2.7 9.1 0.4 135 0 2 3
-2.7 9.1 0.5 131 0 2 3
-2.7 9.1 1.6 161 0 2 3
-2.7 9.2 0.3 168 0 2 3
-2.7 9.2 0.4 155 0 2 3
-2.7 9.2 0.5 130 0 2 3
-2.7 9.3 0.7 176 0 2 3
-2.7 9.4 1.6 174 0 2 3
-2.6 4.3 0 195 0 2 2
-2.6 4.3 0.1 183 0 2 2
-2.6 8.7 0.5 153 0 2 3
-2.6 8.7 0.7 160 0 2 3
-2.6 8.7 0.8 187 0 2 3
-2.6 8.7 1 179 0 2 3
-2.6 8.7 1.2 193 0 2 3
-2.6 8.7 1.5 193 0 2 3
-2.6 8.9 0.7 154 0 2 3
-2.6 8.9 0.9 190 0 2 3
-2.6 9 1 189 0 2 3
-2.6 9 1.4 193 0 2 3
-2.6 9 1.5 171 0 2 3
-2.6 16.7 -0.2 179 0 2 1
-2.6 17.4 -0.1 178 0 2 1
-2.6 18 -0.1 177 0 2 1
-2.6 18.7 -0.1 184 0 2 1
-2.6 19.3 -0.1 178 0 2 1
-2.6 20 -0.1 101 0 2 1
-2.5 3.2 -0.1 194 0 2 1
-2.5 3.9 0 185 0 2 1
-2.5 4.2 0.1 170 0 2 2
-2.5 4.3 0.2 156 0 2 2
-2.5 4.3 0.3 180 0 2 2
-2.5 4.6 0.3 189 0 2 2
-2.5 5.2 0.2 194 0 2 1
-2.5 5.9 0.2 195 0 2 1
-2.5 6.5 0.3 191 0 2 1
-2.5 8.7 1.2 165 0 2 3
-2.5 8.7 1.4 161 0 2 3
-2.5 8.7 1.5 141 0 2 3
-2.5 11.7 0.1 175 0 2 1
-2.5 12.3 0 174 0 2 1
-2.5 12.9 0 174 0 2 1
-2.5 13.5 -0.1 174 0 2 1
-2.5 14.2 -0.2 181 0 2 1
-2.5 14.8 -0.2 179 0 2 1
-2.5 15.4 -0.2 182 0 2 1
-2.5 16.1 -0.2 179 0 2 1
-2.4 4.4 0.3 183 0 2 2
-2.4 4.5 0.3 183 0 2 2
-2.4 7.2 0.3 185 0 2 1
-2.4 7.9 0.4 184 0 2 1
-2.4 8.5 0.4 183 0 2 1
-2.4 9.8 0.3 177 0 2 1
-2.4 10.4 0.3 180 0 2 1
-2.4 11 0.2 181 0 2 1
-2.3 4.1 0.2 169 0 2 2
-2.3 4.1 0.3 182 0 2 2
-2.3 4.2 0.4 182 0 2 2
-2.3 4.5 0.3 183 0 2 2
-2.3 4.6 0.3 191 0 2 2
-2.2 4.1 0.2 179 0 2 2
-2.2 4.1 0.4 195 0 2 2
-2.2 4.6 0.3 191 0 2 2
-2.1 4.1 0.4 186 0 2 2
-2.1 4.3 0.4 182 0 2 2
-2.1 4.6 0.3 189 0 2 2
-2 4 0.1 178 0 2 2
-2 4 0.3 192 0 2 2
-2 4.1 0.4 191 0 2 2
-2 4.3 0.4 191 0 2 2
-2 4.4 0.3 185 0 2 2
-2 4.5 0.3 191 0 2 2
-2 7.4 0.4 124 0 2 2
-2 7.4 0.5 54 0 2 2
-2 7.4 0.6 161 0 2 2
-2 19.3 -0.1 182 0 2 1
-2 20 -0.1 169 0 2 1
-1.9 3.2 0 190 0 2 1
-1.9 3.9 0 195 0 2 1
-1.9 4 0.1 185 0 2 2
-1.9 4.3 0.4 183 0 2 2
-1.9 7.1 0.4 149 0 2 2
-1.9 7.1 0.7 165 0 2 2
-1.9 7.2 0.7 145 0 2 2
-1.9 7.2 0.8 175 0 2 2
-1.9 7.3 0.7 178 0 2 2
-1.9 14.8 -0.2 118 0 2 1
-1.9 15.4 -0.2 67 0 2 1
-1.9 16.1 -0.2 63 0 2 1
-1.9 16.7 -0.2 97 0 2 1
-1.9 17.4 -0.1 152 0 2 1
-1.9 18 -0.1 179 0 2 1
-1.9 18.7 -0.1 182 0 2 1
-1.8 4 0.1 190 0 2 2
-1.8 4 0.2 196 0 2 2
-1.8 4 0.4 194 0 2 2
-1.8 4.1 0.1 181 0 2 2
-1.8 4.1 0.4 189 0 2 2
-1.8 4.5 0.3 188 0 2 2
-1.8 5.2 0.2 197 0 2 1
-1.8 5.9 0.3 199 0 2 1
-1.8 6.6 0.3 194 0 2 1
-1.8 6.9 0.4 186 0 2 2
-1.8 6.9 0.5 155 0 2 2
-1.8 7 0.4 189 0 2 2
-1.8 7 0.6 192 0 2 2
-1.8 7 0.7 178 0 2 2
-1.8 7 0.8 189 0 2 2
-1.8 9.8 0.4 180 0 2 1
-1.8 10.4 0.3 179 0 2 1
-1.8 11.1 0.3 176 0 2 1
-1.8 11.7 0.2 179 0 2 1
-1.8 12.3 0.1 175 0 2 1
-1.8 12.9 0 174 0 2 1
-1.8 13.5 -0.1 176 0 2 1
-1.8 14.2 -0.1 170 0 2 1
-1.7 4.2 0.1 184 0 2 2
-1.7 4.2 0.4 181 0 2 2
-1.7 4.3 0.1 191 0 2 2
-1.7 4.3 0.2 191 0 2 2
-1.7 4.3 0.3 189 0 2 2
-1.7 4.5 0.3 187 0 2 2
-1.7 6.9 0.4 190 0 2 2
-1.7 6.9 0.5 194 0 2 2
-1.7 7 0.6 190 0 2 2
-1.7 7 0.8 187 0 2 2
-1.7 7.3 0.7 183 0 2 2
-1.6 4.3 0.3 176 0 2 2
-1.6 4.4 0.2 186 0 2 2
-1.6 4.4 0.3 190 0 2 2
-1.6 7 0.4 188 0 2 2
-1.6 7 0.5 190 0 2 2
-1.6 7 0.6 206 0 2 2
-1.6 7 0.7 196 0 2 2
-1.6 7.3 0.7 186 0 2 2
-1.6 7.5 0.7 187 0 2 2
-1.5 7 0.5 203 0 2 2
-1.5 7 0.6 201 0 2 2
-1.5 7.1 0.7 194 0 2 2
-1.5 7.2 0.7 190 0 2 2
-1.5 7.4 0.7 184 0 2 2
-1.4 7 0.6 197 0 2 2
-1.4 7.1 0.5 179 0 2 2
-1.4 7.1 0.6 196 0 2 2
-1.4 7.1 0.7 189 0 2 2
-1.4 7.2 0.5 181 0 2 2
-1.4 7.2 0.7 183 0 2 2
-1.4 7.3 0.5 180 0 2 2
-1.4 7.3 0.7 185 0 2 2
-1.4 7.4 0.7 182 0 2 2
-1.3 7.2 0.6 175 0 2 2
-1.3 7.2 0.7 183 0 2 2
-1.3 16.7 -0.2 60 0 2 1
-1.3 17.4 -0.2 60 0 2 1
-1.3 18 -0.1 120 0 2 1
-1.3 18.7 -0.1 177 0 2 1
-1.3 19.3 -0.1 185 0 2 1
-1.3 20 -0.1 168 0 2 1
-1.2 3.2 0 194 0 2 1
-1.2 3.9 0.1 193 0 2 1
-1.2 4.6 0.1 197 0 2 1
-1.2 5.2 0.2 196 0 2 1
-1.2 5.9 0.3 199 0 2 1
-1.2 6.6 0.4 193 0 2 1
-1.2 11.7 0.2 177 0 2 1
-1.2 12.3 0.1 179 0 2 1
-1.2 12.9 0 167 0 2 1
-1.2 13.5 -0.1 164 0 2 1
-1.2 14.2 -0.1 64 0 2 1
-1.2 14.8 -0.2 60 0 2 1
-1.2 15.4 -0.2 67 0 2 1
-1.2 16.1 -0.2 64 0 2 1
-1.1 7.2 0.4 191 0 2 1
-1.1 7.9 0.5 188 0 2 1
-1.1 8.5 0.5 189 0 2 1
-1.1 9.2 0.5 183 0 2 1
-1.1 9.8 0.4 177 0 2 1
-1.1 10.4 0.3 180 0 2 1
-1.1 11.1 0.3 182 0 2 1
-0.7 5.8 0.3 131 0 2 2
-0.7 5.9 0.3 135 0 2 2
-0.7 6 0.3 195 0 2 2
-0.7 6 0.4 148 0 2 2
-0.7 6 0.5 185 0 2 2
-0.6 3.2 0 195 0 2 1
-0.6 3.9 0.1 191 0 2 1
-0.6 6 0.6 190 0 2 2
-0.6 11.7 0.7 139 0 2 3
-0.5 4.6 0.1 194 0 2 1
-0.5 5.2 0.2 195 0 2 1
-0.5 5.5 0.3 165 0 2 2
-0.5 5.6 0.4 150 0 2 2
-0.5 5.6 0.6 170 0 2 2
-0.5 5.9 0.6 190 0 2 2
-0.5 6.1 0.6 191 0 2 2
-0.5 7.2 0.5 194 0 2 1
-0.5 7.9 0.5 191 0 2 1
-0.5 8.5 0.5 185 0 2 1
-0.5 9.2 0.5 182 0 2 1
-0.5 9.8 0.4 181 0 2 1
-0.5 11.1 0.3 162 0 2 1
-0.5 11.6 0.7 101 0 2 3
-0.4 5.6 0.6 194 0 2 2
-0.4 5.9 0.6 183 0 2 2
-0.4 6 0.6 160 0 2 2
-0.4 6.1 0.6 189 0 2 2
-0.4 11.4 0.7 120 0 2 3
-0.4 12 1.2 132 0 2 3
-0.3 5.5 0.3 196 0 2 2
-0.3 6.2 0.6 181 0 2 2
-0.3 11.8 1.8 90 0 2 3
0 5.5 0.4 192 0 2 2
0 5.5 0.5 207 0 2 2
-0.1 5.6 0.7 194 0 2 2
-0.1 6.2 0.6 189 0 2 2
0 10.9 0.9 139 0 2 3
0 12 3 131 0 2 3
0.1 3.2 0 194 0 2 1
0.1 3.9 0.1 195 0 2 1
0.1 4.6 0.1 196 0 2 1
0.1 5.2 0.2 191 0 2 1
0.1 5.5 0.4 199 0 2 2
0.1 5.6 0.7 206 0 2 2
0.1 5.9 0.7 185 0 2 2
0.1 6.2 0.6 191 0 2 2
0.1 7.2 0.4 193 0 2 1
0.1 7.9 0.5 193 0 2 1
0.1 10.4 0.3 180 0 2 1
0.1 10.8 0.9 129 0 2 3
0.2 5.6 0.7 203 0 2 2
0.2 5.7 0.7 195 0 2 2
0.2 8.5 0.5 188 0 2 1
0.2 9.2 0.5 184 0 2 1
0.2 9.8 0.4 186 0 2 1
0.3 5.6 0.5 202 0 2 2
0.3 5.7 0.7 199 0 2 2
0.3 6.3 0.6 191 0 2 2
0.3 11.1 2 137 0 2 3
0.3 11.7 3.2 127 0 2 3
0.4 5.6 0.3 198 0 2 2
0.4 6 0.6 181 0 2 2
0.4 6.3 0.6 182 0 2 2
0.5 5.7 0.3 194 0 2 2
0.5 6.3 0.6 181 0 2 2
0.5 11.3 3.2 132 0 2 3
0.6 5.7 0.3 195 0 2 2
0.6 5.7 0.4 193 0 2 2
0.6 5.7 0.6 189 0 2 2
0.6 5.8 0.3 191 0 2 2
0.6 5.8 0.7 194 0 2 2
0.6 6.1 0.3 198 0 2 2
0.6 6.1 0.6 189 0 2 2
0.6 6.3 0.6 179 0 2 2
0.6 11.4 3.4 89 0 2 3
0.7 3.2 0 192 0 2 1
0.7 3.9 0 199 0 2 1
0.7 4.6 0.1 195 0 2 1
0.7 10.1 1 137 0 2 3
0.8 5.2 0.2 192 0 2 1
0.8 5.9 0.3 197 0 2 1
0.8 6.6 0.3 199 0 2 1
0.8 7.2 0.4 193 0 2 1
0.8 7.9 0.4 192 0 2 1
0.8 8.5 0.5 188 0 2 1
0.8 9.2 0.4 184 0 2 1
0.8 9.8 0.4 184 0 2 1
0.8 10.3 1.6 181 0 2 3
0.8 11 3.5 132 0 2 3
0.8 11.2 3.6 100 0 2 3
0.9 10 0.8 184 0 2 3
0.9 10.4 2.1 183 0 2 3
0.9 10.4 2.3 138 0 2 3
0.9 11 3.8 152 0 2 3
1 10.5 2.8 170 0 2 3
1 10.8 3.6 171 0 2 3
1.1 10.7 3.5 191 0 2 3
1.3 11.3 4 140 0 2 3
1.4 3.2 -0.1 194 0 2 1
1.4 3.9 0 198 0 2 1
1.4 4.5 0.1 198 0 2 1
1.4 5.2 0.2 193 0 2 1
1.4 5.9 0.2 200 0 2 1
1.4 6.5 0.3 203 0 2 1
1.4 7.2 0.3 191 0 2 1
1.4 7.9 0.4 192 0 2 1
1.4 8.5 0.4 187 0 2 1
1.4 9.1 0.3 188 0 2 1
1.4 9.8 0.3 186 0 2 1
1.6 11.5 4.3 197 0 2 3
1.8 11.8 4.4 197 0 2 3
1.9 10.5 2.9 196 0 2 3
1.9 10.8 3.7 201 0 2 3
1.9 12.2 4.5 145 0 2 3
2 3.2 -0.1 196 0 2 1
2 3.9 0 194 0 2 1
2 4.5 0 197 0 2 1
2 5.2 0.1 198 0 2 1
2 5.9 0.2 198 0 2 1
2 10.6 3.6 199 0 2 3
2.1 6.5 0.2 202 0 2 1
2.1 7.2 0.3 196 0 2 1
2.1 7.8 0.3 190 0 2 1
2.1 8.5 0.3 190 0 2 1
2.1 9.1 0.3 191 0 2 1
2.1 9.8 0.2 185 0 2 1
2.1 10.4 2.5 200 0 2 3
2.1 10.8 3.8 199 0 2 3
2.1 12.2 4.5 142 0 2 3
2.2 3.6 0 115 0 2 2
2.2 3.7 0 106 0 2 2
2.2 10 1.2 188 0 2 3
2.3 3.5 0.1 94 0 2 2
2.3 3.5 0.2 169 0 2 2
2.3 3.7 0 94 0 2 2
2.3 3.8 0 155 0 2 2
2.3 12.3 4.5 196 0 2 3
2.4 3.3 0.2 158 0 2 2
2.4 3.7 0.2 156 0 2 2
2.4 3.8 0.2 142 0 2 2
2.4 3.9 0.1 165 0 2 2
2.4 11.1 4 201 0 2 3
2.4 12.4 4.6 192 0 2 3
2.5 3.3 0 161 0 2 2
2.5 3.3 0.1 178 0 2 2
2.5 3.3 0.2 185 0 2 2
2.5 3.4 -0.1 132 0 2 2
2.5 3.8 0.2 175 0 2 2
2.5 3.9 0.2 193 0 2 2
2.5 12.6 4.6 177 0 2 3
2.6 3.2 -0.1 197 0 2 1
2.6 3.4 -0.1 199 0 2 2
2.6 3.4 0.1 182 0 2 2
2.6 3.4 0.2 185 0 2 2
2.6 3.6 0.2 177 0 2 2
2.6 3.8 0.2 191 0 2 2
2.6 3.9 0.2 193 0 2 2
2.6 4 0.2 194 0 2 2
2.7 3.5 0.2 193 0 2 2
2.7 4 0.2 192 0 2 2
2.7 4.5 0 197 0 2 1
2.7 5.2 0 193 0 2 1
2.7 5.8 0.1 199 0 2 1
2.7 6.5 0.1 199 0 2 1
2.7 7.2 0.2 198 0 2 1
2.7 7.8 0.2 195 0 2 1
2.7 8.5 0.2 192 0 2 1
2.7 9.1 0.1 189 0 2 1
2.7 9.8 0.4 195 0 2 3
2.8 3.5 -0.1 194 0 2 2
2.8 3.5 0.2 201 0 2 2
2.8 3.6 0.3 200 0 2 2
2.8 3.9 0.2 197 0 2 2
2.8 11.9 4.3 196 0 2 3
2.9 3.6 0.2 199 0 2 2
2.9 3.7 0.1 190 0 2 2
2.9 3.7 0.3 193 0 2 2
2.9 3.8 0.2 191 0 2 2
2.9 10.6 3.7 206 0 2 3
2.9 12.2 4.4 201 0 2 3
2.9 12.4 4.5 203 0 2 3
3 3.7 -0.1 186 0 2 2
3 11.8 4.2 198 0 2 3
3.1 10.5 3.3 205 0 2 3
3.1 10.6 3.8 206 0 2 3
3.1 11.5 4.1 194 0 2 3
3.1 12.5 4.5 201 0 2 3
3.1 12.7 4.6 163 0 2 3
3.2 10.7 3.8 204 0 2 3
3.2 12.6 4.6 200 0 2 3
3.3 3.2 -0.1 191 0 2 1
3.3 3.8 -0.1 196 0 2 1
3.3 4.5 -0.1 193 0 2 1
3.3 5.2 0 193 0 2 1
3.3 5.8 0 197 0 2 1
3.3 6.5 0 199 0 2 1
3.3 7.1 0.1 202 0 2 1
3.3 7.8 0 194 0 2 1
3.3 8.4 0 193 0 2 1
3.3 9.1 0 189 0 2 1
3.3 10.4 2.9 204 0 2 3
3.3 10.6 3.4 211 0 2 3
3.3 10.7 3.7 205 0 2 3
3.5 10.4 3.1 209 0 2 3
3.5 10.7 3.8 205 0 2 3
3.7 10.5 3.2 205 0 2 3
3.7 10.7 3.5 206 0 2 3
3.7 10.8 3.8 202 0 2 3
3.8 12.9 4.6 147 0 2 3
3.9 3.8 -0.1 189 0 2 1
3.9 4.5 -0.1 200 0 2 1
3.9 5.2 -0.1 194 0 2 1
3.9 5.8 -0.1 199 0 2 1
3.9 6.5 -0.1 196 0 2 1
3.9 7.1 -0.1 202 0 2 1
3.9 7.8 -0.1 195 0 2 1
3.9 8.4 -0.1 190 0 2 1
3.9 9.1 -0.1 189 0 2 1
3.9 10.1 2.1 200 0 2 3
3.9 10.3 2.8 203 0 2 3
3.9 11.1 3.9 194 0 2 3
3.9 12.4 4.4 157 0 2 3
3.9 12.7 4.5 173 0 2 3
3.9 12.8 4.6 172 0 2 3
4 12.2 4.3 170 0 2 3
4.1 10.3 2.8 200 0 2 3
4.2 10.5 2.9 203 0 2 3
4.2 11.1 3.9 193 0 2 3
4.2 12.1 4.2 183 0 2 3
4.3 10.8 3.4 209 0 2 3
4.3 10.9 3.7 206 0 2 3
4.4 10.6 3 204 0 2 3
4.4 10.9 3.8 199 0 2 3
4.4 11 3.8 197 0 2 3
4.5 9 -0.3 190 0 2 1
4.5 9.9 1.3 198 0 2 3
4.5 10 1.8 201 0 2 3
4.5 10 2 201 0 2 3
4.5 10.1 2.2 205 0 2 3
4.5 10.1 2.4 206 0 2 3
4.5 10.2 2.6 204 0 2 3
4.5 12 4.2 176 0 2 3
4.6 4.5 -0.2 192 0 2 1
4.6 5.1 -0.2 196 0 2 1
4.6 5.8 -0.2 194 0 2 1
4.6 6.4 -0.2 192 0 2 1
4.6 7.1 -0.2 202 0 2 1
4.6 7.7 -0.2 194 0 2 1
4.6 8.4 -0.2 191 0 2 1
4.6 9.9 1.4 199 0 2 3
4.6 11.7 4.1 181 0 2 3
4.7 9.8 1.2 197 0 2 3
4.7 10 1.8 205 0 2 3
4.7 10 1.9 208 0 2 3
4.7 10.2 2.3 206 0 2 3
4.7 10.2 2.5 204 0 2 3
4.7 10.2 2.6 201 0 2 3
4.7 11.5 3.9 153 0 2 3
4.8 9.6 0.4 196 0 2 3
4.8 9.9 1.5 203 0 2 3
4.9 9.8 1.3 198 0 2 3
4.9 9.9 1.5 202 0 2 3
4.9 9.9 1.6 197 0 2 3
4.9 10.1 2 202 0 2 3
4.9 10.2 2.3 201 0 2 3
4.9 10.3 2.5 201 0 2 3
4.9 10.3 2.6 200 0 2 3
4.9 11.4 3.9 175 0 2 3
5 9.8 1 193 0 2 3
5 9.9 1.3 204 0 2 3
5 10.5 2.7 200 0 2 3
5 10.7 2.8 194 0 2 3
5 10.8 3.2 201 0 2 3
5 11 3.6 201 0 2 3
5 11 3.7 201 0 2 3
5 11.1 3.8 198 0 2 3
5.1 9.6 0.2 191 0 2 3
5.1 9.7 0.5 187 0 2 3
5.1 10.8 2.7 196 0 2 3
5.1 11 3.3 193 0 2 3
5.1 11.2 3.8 197 0 2 3
5.1 11.3 3.8 97 0 2 3
5.2 5.1 -0.2 195 0 2 1
5.2 5.8 -0.2 191 0 2 1
5.2 6.4 -0.3 194 0 2 1
5.2 7.1 -0.3 201 0 2 1
5.2 7.7 -0.3 191 0 2 1
5.2 8.4 -0.4 190 0 2 1
5.2 9 -0.4 190 0 2 1
5.2 10.7 2.2 199 0 2 3
5.2 10.8 2.6 195 0 2 3
5.2 11 2.8 193 0 2 3
5.2 11.4 3.8 179 0 2 3
5.3 11.3 3.3 195 0 2 3
5.3 11.5 3.3 188 0 2 3
5.4 10.6 1.3 195 0 2 3
5.4 10.9 2 195 0 2 3
5.4 11.4 2.8 175 0 2 3
5.4 11.7 3.4 194 0 2 3
5.5 10.3 0.3 188 0 2 3
5.5 11.6 2.9 163 0 2 3
5.6 11.6 2.6 173 0 2 3
5.6 11.8 3 135 0 2 3
5.7 11.8 2.7 136 0 2 3
5.8 5.8 -0.3 192 0 2 1
5.8 6.4 -0.4 195 0 2 1
5.8 7.1 -0.4 197 0 2 1
5.8 7.7 -0.4 191 0 2 1
5.8 8.4 -0.5 187 0 2 1
5.8 9 -0.5 189 0 2 1
5.8 9.6 -0.6 189 0 2 1
5.8 10.3 -0.6 197 0 2 1
5.8 11.3 1.1 187 0 2 3
5.8 11.6 1.7 194 0 2 3
5.8 11.9 2.4 149 0 2 3
5.9 12 2.3 154 0 2 3
6 11 -0.5 185 0 2 3
6.3 12.3 1.2 185 0 2 3
6.3 12.6 1.8 183 0 2 3
6.4 6.4 -0.4 187 0 2 1
6.4 7.1 -0.4 192 0 2 1
6.4 7.7 -0.5 194 0 2 1
6.4 8.3 -0.5 187 0 2 1
6.4 9 -0.6 189 0 2 1
6.4 9.6 -0.6 191 0 2 1
6.4 10.3 -0.6 195 0 2 1
6.4 10.9 -0.7 197 0 2 1
6.4 12 0.3 187 0 2 3
6.8 13.2 1.3 174 0 2 3
6.9 12.6 -0.5 184 0 2 3
6.9 12.9 0.4 186 0 2 3
6.9 13.2 0.8 173 0 2 3
7 7 -0.5 194 0 2 1
7 7.7 -0.6 195 0 2 1
7 8.3 -0.6 187 0 2 1
7 9 -0.7 186 0 2 1
7 9.6 -0.7 189 0 2 1
7 10.3 -0.7 192 0 2 1
7 10.9 -0.7 194 0 2 1
7 11.6 -0.7 190 0 2 1
7 12.2 -0.7 186 0 2 1
7 12.9 -0.1 194 0 2 3
7.6 9 -0.7 186 0 2 1
7.6 9.6 -0.7 190 0 2 1
7.6 10.3 -0.7 187 0 2 1
7.6 10.9 -0.7 193 0 2 1
7.6 11.6 -0.7 192 0 2 1
7.6 12.2 -0.7 186 0 2 1
7.6 12.9 -0.7 183 0 2 1
7.6 13.5 -0.6 189 0 2 1
7.7 7.7 -0.6 196 0 2 1
7.7 8.3 -0.6 187 0 2 1
8.3 8.3 -0.6 185 0 2 1
8.3 9 -0.7 182 0 2 1
8.3 9.6 -0.7 190 0 2 1
8.3 10.3 -0.8 186 0 2 1
8.3 10.9 -0.8 197 0 2 1
8.3 11.6 -0.7 191 0 2 1
8.3 12.2 -0.7 188 0 2 1
8.3 12.9 -0.7 184 0 2 1
8.3 13.5 -0.6 191 0 2 1
8.3 14.1 -0.6 189 0 2 1
8.3 14.8 -0.5 197 0 2 1
8.9 9 -0.7 182 0 2 1
8.9 9.6 -0.7 187 0 2 1
8.9 10.3 -0.8 188 0 2 1
8.9 10.9 -0.8 193 0 2 1
8.9 11.6 -0.8 197 0 2 1
8.9 12.2 -0.7 190 0 2 1
8.9 12.9 -0.7 184 0 2 1
8.9 13.5 -0.6 187 0 2 1
8.9 14.1 -0.6 192 0 2 1
8.9 14.8 -0.5 196 0 2 1
8.9 15.4 -0.4 191 0 2 1
8.9 16.1 -0.3 186 0 2 1
8.9 16.7 -0.3 187 0 2 1
9.5 9.6 -0.7 184 0 2 1
9.5 10.3 -0.8 189 0 2 1
9.5 10.9 -0.8 190 0 2 1
9.5 11.6 -0.8 195 0 2 1
9.5 12.2 -0.7 189 0 2 1
9.5 12.9 -0.7 184 0 2 1
9.5 13.5 -0.6 186 0 2 1
9.5 14.1 -0.6 192 0 2 1
9.6 14.8 -0.5 189 0 2 1
9.6 15.4 -0.4 192 0 2 1
9.6 16.1 -0.3 188 0 2 1
9.6 16.7 -0.3 185 0 2 1
9.6 17.4 -0.2 185 0 2 1
9.6 18 -0.2 190 0 2 1
10.2 10.3 -0.7 189 0 2 1
10.2 10.9 -0.7 185 0 2 1
10.2 11.6 -0.7 195 0 2 1
10.2 12.2 -0.7 189 0 2 1
10.2 12.9 -0.7 186 0 2 1
10.2 13.5 -0.6 189 0 2 1
10.2 14.1 -0.5 190 0 2 1
10.2 14.8 -0.5 189 0 2 1
10.2 15.4 -0.4 195 0 2 1
10.2 16.1 -0.3 186 0 2 1
10.2 16.7 -0.3 186 0 2 1
10.2 17.4 -0.2 185 0 2 1
10.3 18 -0.2 185 0 2 1
10.3 18.7 -0.1 191 0 2 1
10.3 19.3 -0.1 186 0 2 1
10.8 10.9 -0.7 187 0 2 1
10.8 11.6 -0.7 195 0 2 1
10.8 12.2 -0.7 194 0 2 1
10.8 12.9 -0.6 185 0 2 1
10.8 13.5 -0.6 186 0 2 1
10.8 14.1 -0.5 187 0 2 1
10.8 14.8 -0.5 192 0 2 1
10.9 15.4 -0.4 193 0 2 1
10.9 16.1 -0.3 187 0 2 1
10.9 16.7 -0.3 185 0 2 1
10.9 17.4 -0.2 186 0 2 1
10.9 18 -0.1 183 0 2 1
10.9 18.7 -0.1 189 0 2 1
10.9 19.3 -0.1 185 0 2 1
10.9 20 -0.1 108 0 2 1
11.5 11.6 -0.7 193 0 2 1
11.5 12.2 -0.6 192 0 2 1
11.5 12.9 -0.6 186 0 2 1
11.5 13.5 -0.6 183 0 2 1
11.5 14.1 -0.5 188 0 2 1
11.5 14.8 -0.4 190 0 2 1
11.5 15.4 -0.4 194 0 2 1
11.5 16.1 -0.3 188 0 2 1
11.5 16.7 -0.2 184 0 2 1
11.5 17.4 -0.2 186 0 2 1
11.5 18 -0.1 186 0 2 1
11.6 18.7 -0.1 186 0 2 1
11.6 19.3 -0.1 186 0 2 1
11.6 20 -0.1 110 0 2 1
12.1 12.2 -0.6 193 0 2 1
12.1 12.9 -0.6 187 0 2 1
12.1 13.5 -0.5 188 0 2 1
12.1 14.1 -0.5 188 0 2 1
12.1 14.8 -0.4 187 0 2 1
12.2 15.4 -0.3 196 0 2 1
12.2 16.1 -0.3 191 0 2 1
12.2 16.7 -0.2 183 0 2 1
12.2 17.4 -0.2 184 0 2 1
12.2 18 -0.1 184 0 2 1
12.2 18.7 -0.1 181 0 2 1
12.2 19.3 -0.1 183 0 2 1
12.2 20 0 114 0 2 1
12.8 12.9 -0.5 187 0 2 1
12.8 13.5 -0.5 183 0 2 1
12.8 14.1 -0.4 183 0 2 1
12.8 14.8 -0.4 189 0 2 1
12.8 15.4 -0.3 193 0 2 1
12.8 16.1 -0.2 187 0 2 1
12.8 16.7 -0.2 182 0 2 1
12.8 17.4 -0.1 183 0 2 1
12.8 18 -0.1 184 0 2 1
12.8 18.7 -0.1 181 0 2 1
12.9 19.3 -0.1 186 0 2 1
12.9 20 0 115 0 2 1
13.4 13.5 -0.4 187 0 2 1
13.4 14.1 -0.4 185 0 2 1
13.5 14.8 -0.3 187 0 2 1
13.5 15.4 -0.3 191 0 2 1
13.5 16.1 -0.2 186 0 2 1
13.5 16.7 -0.2 181 0 2 1
13.5 17.4 -0.1 184 0 2 1
13.5 18 -0.1 182 0 2 1
13.5 18.7 -0.1 179 0 2 1
13.5 19.3 -0.1 184 0 2 1
13.5 20 0 114 0 2 1
14.1 14.1 -0.3 185 0 2 1
14.1 14.8 -0.3 184 0 2 1
14.1 15.4 -0.2 193 0 2 1
14.1 16.1 -0.2 188 0 2 1
14.1 16.7 -0.1 184 0 2 1
14.1 17.4 -0.1 179 0 2 1
14.1 18 -0.1 179 0 2 1
14.1 18.7 -0.1 181 0 2 1
14.1 19.3 -0.1 185 0 2 1
14.1 20 0 113 0 2 1
14.8 14.8 -0.2 184 0 2 1
14.8 15.4 -0.2 191 0 2 1
14.8 16.1 -0.1 181 0 2 1
14.8 16.7 -0.1 183 0 2 1
14.8 17.4 -0.1 177 0 2 1
14.8 18 -0.1 177 0 2 1
14.8 18.7 -0.1 179 0 2 1
14.8 19.3 -0.1 182 0 2 1
14.8 20 0 115 0 2 1
15.4 15.4 -0.1 186 0 2 1
15.4 16.1 -0.1 178 0 2 1
15.4 16.7 -0.1 180 0 2 1
15.4 17.4 -0.1 173 0 2 1
15.4 18 -0.1 174 0 2 1
15.4 18.7 -0.1 178 0 2 1
15.4 19.3 -0.1 180 0 2 1
15.4 20 0 116 0 2 1
16.1 16.1 -0.1 181 0 2 1
16.1 16.7 -0.1 180 0 2 1
16.1 17.4 -0.1 173 0 2 1
16.1 18 -0.1 171 0 2 1
16.1 18.7 0 175 0 2 1
16.1 19.3 0 178 0 2 1
16.1 20 0 114 0 2 1
16.7 16.7 -0.1 181 0 2 1
16.7 17.4 -0.1 170 0 2 1
16.7 18 -0.1 173 0 2 1
16.7 18.7 0 175 0 2 1
16.7 19.3 0 177 0 2 1
16.7 20 0 113 0 2 1
17.4 17.4 0 173 0 2 1
17.4 18 0 167 0 2 1
17.4 18.7 0 176 0 2 1
17.4 19.3 0 172 0 2 1
17.4 20 0 113 0 2 1
18 18 0 170 0 2 1
18 18.7 0 172 0 2 1
18 19.3 0 171 0 2 1
18 20 0 113 0 2 1
18.7 18.7 0 169 0 2 1
18.7 19.3 0 175 0 2 1
18.7 20 0 109 0 2 1
19.3 19.3 0 170 0 2 1
19.3 20 0 110 0 2 1
20 20 0 105 0 2 1
