2.5 -2.6 0.2 214 0 2 1
2.5 -2 0.2 205 0 2 1
3.2 -3.3 0.4 223 0 2 1
3.2 -2.6 0.3 209 0 2 1
3.2 -2 0.2 202 0 2 1
3.2 -1.3 0.2 197 0 2 1
3.2 -0.7 0.1 190 0 2 1
3.2 -0.1 0 190 0 2 1
3.2 0.6 0 195 0 2 1
3.2 1.2 -0.1 198 0 2 1
3.2 1.9 -0.1 196 0 2 1
3.3 2.5 -0.1 194 0 2 1
3.3 3.2 -0.1 191 0 2 1
3.8 -3.9 0.5 225 0 2 1
3.8 -3.3 0.4 216 0 2 1
3.8 -2.6 0.4 203 0 2 1
3.8 -2 0.3 198 0 2 1
3.8 -1.3 0.2 191 0 2 1
3.8 -0.7 0.2 193 0 2 1
3.8 -0.1 0.1 189 0 2 1
3.9 0.6 0 194 0 2 1
3.9 1.2 0 195 0 2 1
3.9 1.9 -0.1 195 0 2 1
3.9 2.5 -0.1 191 0 2 1
3.9 3.2 -0.1 193 0 2 1
3.9 3.8 -0.1 189 0 2 1
4.5 -4.6 0.6 227 0 2 1
4.5 -3.9 0.5 219 0 2 1
4.5 -3.3 0.5 208 0 2 1
4.5 -2.6 0.4 202 0 2 1
4.5 -2.6 0.5 70 0 2 2
4.5 -2 0.4 193 0 2 1
4.5 -1.3 0.3 190 0 2 1
4.5 -0.7 0.2 186 0 2 1
4.5 -0.1 0.1 188 0 2 1
4.5 0.6 0 196 0 2 1
4.5 1.2 0 198 0 2 1
4.5 1.9 -0.1 196 0 2 1
4.5 2.5 -0.1 196 0 2 1
4.5 3.2 -0.1 195 0 2 1
4.5 3.8 -0.2 193 0 2 1
4.6 -3.3 0.5 177 0 2 2
4.6 -3.3 0.6 182 0 2 2
4.6 -3.2 0.7 179 0 2 2
4.6 -3.1 0.5 206 0 2 2
4.6 -3.1 0.7 196 0 2 2
4.6 -2.9 0.5 53 0 2 2
4.6 -2.9 0.6 53 0 2 2
4.6 -2.9 0.7 137 0 2 2
4.6 -2.8 0.6 53 0 2 2
4.6 -2.8 0.7 173 0 2 2
4.6 -2.7 0.4 46 0 2 2
4.6 -2.7 0.6 53 0 2 2
4.6 -2.6 0.6 61 0 2 2
4.6 -2.6 0.7 204 0 2 2
4.6 -2.5 0.5 53 0 2 2
4.6 -2.5 0.6 48 0 2 2
4.6 -2.5 0.7 188 0 2 2
4.6 -2.4 0.6 51 0 2 2
4.6 -2.4 0.7 164 0 2 2
4.6 4.5 -0.2 192 0 2 1
4.7 -3.3 0.5 49 0 2 2
4.7 -3.3 0.7 214 0 2 2
4.7 -3.2 0.7 220 0 2 2
4.7 -3.1 0.7 216 0 2 2
4.7 -2.8 0.7 129 0 2 2
4.7 -2.4 0.5 61 0 2 2
4.7 -2.4 0.6 59 0 2 2
4.7 -2.4 0.7 58 0 2 2
4.8 -3.1 0.7 221 0 2 2
4.8 -2.8 0.7 185 0 2 2
4.8 -2.8 0.8 216 0 2 2
4.8 -2.6 0.7 206 0 2 2
4.8 -2.4 0.5 58 0 2 2
4.8 -2.4 0.7 176 0 2 2
4.9 -3.2 0.7 215 0 2 2
4.9 -2.5 0.5 61 0 2 2
5 -3.2 0.7 217 0 2 2
5 -3 0.8 216 0 2 2
5 -2.8 0.8 215 0 2 2
5 -2.7 0.8 201 0 2 2
5 -2.5 0.5 169 0 2 2
5 -2.5 0.6 61 0 2 2
5 -2.5 0.7 193 0 2 2
5 -2.5 0.8 196 0 2 2
5 3.6 0 119 0 2 2
5 3.7 -0.1 52 0 2 2
5 3.8 -0.1 56 0 2 2
5 3.9 0 77 0 2 2
5.1 -5.2 0.7 227 0 2 1
5.1 -4.6 0.7 221 0 2 1
5.1 -3.9 0.6 214 0 2 1
5.1 -2 0.4 191 0 2 1
5.1 -1.3 0.3 193 0 2 1
5.1 -0.7 0.2 192 0 2 1
5.1 -0.1 0.2 191 0 2 1
5.1 0.6 0.1 196 0 2 1
5.1 1.2 0 197 0 2 1
5.1 3.5 0.1 157 0 2 2
5.1 3.7 0.1 159 0 2 2
5.1 4 0 183 0 2 2
5.1 4 0.1 164 0 2 2
5.2 1.9 0 194 0 2 1
5.2 2.5 -0.1 190 0 2 1
5.2 3.2 -0.1 190 0 2 1
5.2 3.4 -0.1 170 0 2 2
5.2 3.4 0.1 188 0 2 2
5.2 3.9 0.1 159 0 2 2
5.2 4 0.1 182 0 2 2
5.2 4.5 -0.2 194 0 2 1
5.2 5.1 -0.2 194 0 2 1
5.3 3.4 -0.1 182 0 2 2
5.3 3.4 0.1 185 0 2 2
5.3 3.7 0.1 184 0 2 2
5.3 3.8 0.1 194 0 2 2
5.3 4.1 0 155 0 2 2
5.3 4.1 0.1 185 0 2 2
5.4 3.5 0 190 0 2 2
5.4 3.5 0.1 186 0 2 2
5.4 4 0.1 197 0 2 2
5.4 4.1 0.1 190 0 2 2
5.5 3.5 0.1 195 0 2 2
5.5 3.6 0.1 198 0 2 2
5.5 3.6 0.2 188 0 2 2
5.5 4 0.1 194 0 2 2
5.6 3.6 0.1 203 0 2 2
5.6 3.7 0.2 184 0 2 2
5.6 3.8 0.1 191 0 2 2
5.6 3.9 0.1 190 0 2 2
5.8 -5.9 0.8 227 0 2 1
5.8 -5.2 0.8 220 0 2 1
5.8 -4.6 0.7 212 0 2 1
5.8 -3.9 0.7 209 0 2 1
5.8 -2.6 0.5 198 0 2 1
5.8 -2 0.4 196 0 2 1
5.8 -1.3 0.4 192 0 2 1
5.8 -0.7 0.3 190 0 2 1
5.8 -0.1 0.2 193 0 2 1
5.8 0.6 0.1 191 0 2 1
5.8 1.2 0 198 0 2 1
5.8 1.9 0 195 0 2 1
5.8 2.5 -0.1 190 0 2 1
5.8 3.2 -0.1 190 0 2 1
5.8 5.1 -0.3 192 0 2 1
5.8 5.8 -0.3 192 0 2 1
5.9 1.4 0.3 123 0 2 2
5.9 1.4 0.4 170 0 2 2
5.9 1.5 0.4 55 0 2 2
5.9 1.6 0.1 53 0 2 2
5.9 1.6 0.2 54 0 2 2
5.9 1.6 0.5 150 0 2 2
5.9 1.7 0.1 51 0 2 2
5.9 1.8 0.1 54 0 2 2
5.9 1.9 0.1 57 0 2 2
5.9 1.9 0.5 179 0 2 2
6 1.4 0.3 144 0 2 2
6 1.4 0.4 191 0 2 2
6 2 0.1 57 0 2 2
6 2 0.2 61 0 2 2
6 2 0.5 72 0 2 2
6.1 1.4 0.1 129 0 2 2
6.1 1.4 0.2 153 0 2 2
6.1 1.4 0.3 183 0 2 2
6.1 1.4 0.4 196 0 2 2
6.2 1.4 0.2 170 0 2 2
6.2 1.7 0.5 198 0 2 2
6.2 2 0.5 184 0 2 2
6.2 2.1 0.1 174 0 2 2
6.2 2.1 0.3 178 0 2 2
6.3 1.3 0.1 191 0 2 2
6.3 1.4 0.4 201 0 2 2
6.3 2.1 0.5 194 0 2 2
6.4 -6.5 0.9 228 0 2 1
6.4 -5.9 0.9 220 0 2 1
6.4 -5.2 0.8 210 0 2 1
6.4 -4.6 0.8 210 0 2 1
6.4 -3.9 0.7 206 0 2 1
6.4 -3.3 0.6 203 0 2 1
6.4 -2.6 0.6 196 0 2 1
6.4 -2 0.5 194 0 2 1
6.4 -1.3 0.4 195 0 2 1
6.4 -0.7 0.3 191 0 2 1
6.4 -0.1 0.2 190 0 2 1
6.4 0.6 0.1 193 0 2 1
6.4 1.2 0.1 196 0 2 1
6.4 1.6 0.4 198 0 2 2
6.4 1.8 0.5 198 0 2 2
6.4 2 0.5 155 0 2 2
6.4 2.1 0.5 190 0 2 2
6.4 2.5 -0.1 196 0 2 1
6.4 3.2 -0.1 189 0 2 1
6.4 3.8 -0.2 188 0 2 1
6.4 5.1 -0.3 191 0 2 1
6.4 5.8 -0.3 186 0 2 1
6.4 6.4 -0.4 187 0 2 1
6.5 1.4 0.4 196 0 2 2
6.5 1.5 0.4 190 0 2 2
6.5 2.2 0.4 64 0 2 2
6.6 1.4 0.1 168 0 2 2
6.6 1.4 0.2 196 0 2 2
6.6 1.5 0.4 195 0 2 2
6.7 2.1 0.5 194 0 2 2
6.8 1.6 0.4 190 0 2 2
6.9 1.7 0.4 205 0 2 2
6.9 1.8 0.4 206 0 2 2
6.9 2.1 0.4 199 0 2 2
7 -7.1 0.9 227 0 2 1
7 -6.5 0.9 222 0 2 1
7 -5.9 0.9 215 0 2 1
7 -5.2 0.9 211 0 2 1
7 -4.6 0.8 204 0 2 1
7 -3.9 0.7 206 0 2 1
7 -3.3 0.7 201 0 2 1
7 -2.6 0.6 199 0 2 1
7 -2 0.5 195 0 2 1
7 -1.3 0.4 190 0 2 1
7 -0.7 0.3 193 0 2 1
7 1.6 0.4 182 0 2 2
7 1.8 0.4 207 0 2 2
7 2.1 0.4 196 0 2 2
7 6.6 1.5 153 0 2 3
7 7 -0.5 172 0 2 1
7.1 -0.1 0.3 191 0 2 1
7.1 0.6 0.2 194 0 2 1
7.1 1.2 0.1 199 0 2 1
7.1 1.7 0.4 192 0 2 2
7.1 2.5 0 197 0 2 1
7.1 3.2 -0.1 190 0 2 1
7.1 3.8 -0.2 190 0 2 1
7.1 4.5 -0.2 186 0 2 1
7.1 5.1 -0.3 189 0 2 1
7.1 5.8 -0.4 191 0 2 1
7.1 6.4 -0.4 184 0 2 1
7.1 6.5 1.4 51 0 2 3
7.1 6.6 1 48 0 2 3
7.1 6.7 0.4 47 0 2 3
7.1 6.8 0.2 127 0 2 3
7.1 6.8 1.8 186 0 2 3
7.1 7 1.8 66 0 2 3
7.1 7.1 1 49 0 2 3
7.2 1.8 0.4 201 0 2 2
7.3 6.3 0.8 58 0 2 3
7.4 6.2 0.2 181 0 2 3
7.4 6.3 1.8 188 0 2 3
7.5 5.8 1.4 119 0 2 3
7.5 5.9 1.5 188 0 2 3
7.5 6 0.2 166 0 2 3
7.5 6.2 1.8 188 0 2 3
7.5 7.4 1.9 128 0 2 3
7.6 6.9 1.9 197 0 2 3
7.7 -7.8 0.9 228 0 2 1
7.7 -7.1 1 224 0 2 1
7.7 -6.5 0.9 217 0 2 1
7.7 -5.9 0.9 208 0 2 1
7.7 -5.2 0.9 209 0 2 1
7.7 -4.6 0.8 199 0 2 1
7.7 -3.9 0.8 203 0 2 1
7.7 -3.3 0.7 202 0 2 1
7.7 -2.6 0.6 194 0 2 1
7.7 -2 0.5 197 0 2 1
7.7 -1.3 0.4 194 0 2 1
7.7 -0.7 0.3 189 0 2 1
7.7 -0.1 0.3 193 0 2 1
7.7 0.6 0.2 191 0 2 1
7.7 1.2 0.1 201 0 2 1
7.7 3.2 -0.1 189 0 2 1
7.7 3.8 -0.2 192 0 2 1
7.7 4.5 -0.2 188 0 2 1
7.7 5.1 -0.3 189 0 2 1
7.7 5.8 -0.4 189 0 2 1
7.7 6.4 -0.4 185 0 2 1
7.7 7 -0.5 65 0 2 1
7.7 7.7 -0.6 67 0 2 1
7.9 5.6 0.2 137 0 2 3
7.9 6.1 1.7 211 0 2 3
7.9 6.2 1.8 200 0 2 3
8 5.3 1.1 143 0 2 3
8 5.5 0.2 180 0 2 3
8.1 5.3 1 160 0 2 3
8.1 6.2 1.8 206 0 2 3
8.2 6.6 1.9 199 0 2 3
8.3 -8.4 0.9 231 0 2 1
8.3 -7.8 1 225 0 2 1
8.3 -7.1 1 218 0 2 1
8.3 -6.5 1 212 0 2 1
8.3 -5.9 0.9 208 0 2 1
8.3 -5.2 0.9 207 0 2 1
8.3 -4.6 0.8 204 0 2 1
8.3 -3.9 0.8 207 0 2 1
8.3 -3.3 0.7 197 0 2 1
8.3 -2.6 0.6 194 0 2 1
8.3 -2 0.5 192 0 2 1
8.3 -1.3 0.4 191 0 2 1
8.3 -0.7 0.4 179 0 2 1
8.3 -0.1 0.3 118 0 2 1
8.3 0.6 0.2 60 0 2 1
8.3 1.2 0.1 65 0 2 1
8.3 3.2 -0.1 191 0 2 1
8.3 3.8 -0.2 188 0 2 1
8.3 4.5 -0.2 190 0 2 1
8.3 5.1 -0.3 187 0 2 1
8.3 5.2 1 185 0 2 3
8.3 5.4 0.2 147 0 2 3
8.3 5.8 -0.4 186 0 2 1
8.3 6.4 -0.4 187 0 2 1
8.3 7 -0.5 62 0 2 1
8.3 7.7 -0.6 66 0 2 1
8.3 7.8 1.9 166 0 2 3
8.3 8.3 -0.6 60 0 2 1
8.4 -7.2 1 54 0 2 2
8.4 -7.1 1.1 52 0 2 2
8.4 -7.1 1.2 139 0 2 2
8.5 -7.4 1.2 183 0 2 2
8.5 -7.3 1.2 154 0 2 2
8.5 -7.2 1.2 133 0 2 2
8.5 -7.1 1.2 89 0 2 2
8.5 -7.1 1.3 63 0 2 2
8.5 -0.4 0.5 49 0 2 3
8.5 5.1 1 186 0 2 3
8.6 -7.6 1 195 0 2 2
8.6 -7.6 1.1 80 0 2 2
8.6 -7.2 1.4 103 0 2 2
8.6 -7.1 1 122 0 2 2
8.6 -7 1.1 52 0 2 2
8.6 -0.5 0.4 55 0 2 3
8.6 -0.4 0.8 44 0 2 3
8.6 -0.4 1 96 0 2 3
8.6 5.2 0.7 144 0 2 3
8.6 5.3 0.2 181 0 2 3
8.6 5.9 1.7 201 0 2 3
8.6 7.9 1.9 137 0 2 3
8.7 -7.6 1.1 204 0 2 2
8.7 -7.6 1.2 95 0 2 2
8.7 -7.5 1.4 161 0 2 2
8.7 -7.1 1.4 74 0 2 2
8.7 -7 1 47 0 2 2
8.7 -0.6 0.9 54 0 2 3
8.7 -0.6 1.1 70 0 2 3
8.7 -0.3 0.4 43 0 2 3
8.7 5.1 1 204 0 2 3
8.7 6.6 1.7 196 0 2 3
8.8 -7.3 1.4 198 0 2 2
8.8 -7.2 1.4 215 0 2 2
8.8 -6.9 1.1 46 0 2 2
8.8 -1.1 0.5 56 0 2 3
8.8 -1 0.7 53 0 2 3
8.8 -0.8 1.2 138 0 2 3
8.8 -0.8 1.3 115 0 2 3
8.8 6.8 1.9 157 0 2 3
8.9 -7 1.4 66 0 2 2
8.9 -6.9 1 46 0 2 2
8.9 -1.2 1 60 0 2 3
8.9 6.4 -0.4 187 0 2 1
8.9 7 -0.5 69 0 2 1
8.9 7.7 -0.6 65 0 2 1
8.9 8.3 -0.6 150 0 2 1
8.9 9 -0.7 180 0 2 1
9 -9.1 0.9 231 0 2 1
9 -8.4 0.9 226 0 2 1
9 -6.9 1.3 52 0 2 2
9 -6.8 1 69 0 2 2
9 -6.8 1.1 53 0 2 2
9 -6.5 0.9 209 0 2 1
9 -5.9 0.9 209 0 2 1
9 -5.2 0.9 200 0 2 1
9 -4.6 0.8 201 0 2 1
9 -3.9 0.8 207 0 2 1
9 -3.3 0.7 200 0 2 1
9 -2.6 0.6 191 0 2 1
9 -2 0.5 193 0 2 1
9 -1.6 0.8 59 0 2 3
9 -0.9 1.8 53 0 2 3
9 -0.7 1.7 43 0 2 3
9 0.1 0.4 43 0 2 3
9 0.6 0.2 59 0 2 1
9 1.2 0.1 61 0 2 1
9 1.9 0 65 0 2 1
9 3.2 -0.1 192 0 2 1
9 3.8 -0.2 190 0 2 1
9 4.5 -0.2 188 0 2 1
9 5.1 -0.3 188 0 2 1
9 5.8 -0.4 190 0 2 1
9 7.5 1.9 178 0 2 3
9.1 -7 1.5 73 0 2 2
9.1 -6.9 1.3 52 0 2 2
9.1 -6.8 1 53 0 2 2
9.1 -1.9 1.2 60 0 2 3
9.1 -1 2.4 118 0 2 3
9.1 0.1 1 109 0 2 3
9.2 -6.9 1.4 107 0 2 2
9.2 -6.7 1 46 0 2 2
9.2 -2.3 1 57 0 2 3
9.2 -2 1.6 152 0 2 3
9.2 -1.6 1.9 57 0 2 3
9.2 -0.8 2.3 56 0 2 3
9.2 -0.8 2.4 154 0 2 3
9.2 -0.6 2.2 49 0 2 3
9.2 -0.6 2.3 54 0 2 3
9.2 -0.1 1.1 148 0 2 3
9.2 5.4 1.3 189 0 2 3
9.2 7.3 1.9 109 0 2 3
9.3 -7.3 1.4 45 0 2 2
9.3 -7.2 1.4 60 0 2 2
9.3 -6.8 1.1 47 0 2 2
9.3 -6.8 1.3 52 0 2 2
9.3 -2.7 0.7 58 0 2 3
9.3 -1.7 2.5 140 0 2 3
9.3 -0.6 2.3 83 0 2 3
9.4 -7.5 1.4 52 0 2 2
9.4 -6.8 1.4 54 0 2 2
9.4 -6.7 0.9 206 0 2 2
9.4 -6.7 1.1 55 0 2 2
9.4 -3.1 0.6 198 0 2 3
9.4 -1.5 2.5 158 0 2 3
9.4 5.5 1.5 112 0 2 3
9.5 -7.1 1.4 50 0 2 2
9.5 -6.8 1.1 57 0 2 2
9.5 -6.8 1.2 53 0 2 2
9.5 -3.3 0.7 78 0 2 3
9.5 -3.1 1.2 59 0 2 3
9.5 -3.1 1.6 62 0 2 3
9.5 -3.1 2 129 0 2 3
9.5 -2.8 2.3 134 0 2 3
9.5 -2.4 2.6 77 0 2 3
9.5 0.5 0.4 48 0 2 3
9.5 0.6 0.9 69 0 2 3
9.5 7.1 1.7 182 0 2 3
9.5 8.3 -0.6 190 0 2 1
9.5 9 -0.7 185 0 2 1
9.5 9.6 -0.7 184 0 2 1
9.6 -9.1 0.9 223 0 2 1
9.6 -6.8 1.2 54 0 2 2
9.6 -6.8 1.3 50 0 2 2
9.6 -6.8 1.4 61 0 2 2
9.6 -6.5 0.9 210 0 2 1
9.6 -5.9 0.9 204 0 2 1
9.6 -5.2 0.9 206 0 2 1
9.6 -4.6 0.8 202 0 2 1
9.6 -3.9 0.7 206 0 2 1
9.6 -3.3 1.2 70 0 2 3
9.6 -3.3 1.6 94 0 2 3
9.6 1.2 0.1 62 0 2 1
9.6 1.9 0 65 0 2 1
9.6 2.5 0 104 0 2 1
9.6 3.2 -0.1 192 0 2 1
9.6 3.8 -0.2 188 0 2 1
9.6 4.5 -0.2 191 0 2 1
9.6 5.1 -0.3 188 0 2 1
9.6 5.8 -0.4 188 0 2 1
9.6 6.4 -0.4 189 0 2 1
9.6 7 -0.5 188 0 2 1
9.6 7.7 -0.6 193 0 2 1
9.7 -6.8 1.2 64 0 2 2
9.7 -6.8 1.3 62 0 2 2
9.7 -6.8 1.4 69 0 2 2
9.7 -3.5 1.3 80 0 2 3
9.7 -0.1 1.7 48 0 2 3
9.7 0.1 1.1 107 0 2 3
9.8 -3.3 2.3 165 0 2 3
9.8 -3 2.7 180 0 2 3
9.8 0.1 1.2 45 0 2 3
9.8 0.1 2.2 50 0 2 3
9.8 0.7 1 147 0 2 3
9.8 6.8 1.7 181 0 2 3
9.9 -4.1 0.9 105 0 2 3
9.9 -3.9 1.9 124 0 2 3
9.9 -3.5 2.3 165 0 2 3
9.9 -3.1 2.7 184 0 2 3
9.9 0 2.2 57 0 2 3
9.9 0.8 0.4 46 0 2 3
10 -4.1 1.6 108 0 2 3
10 0.8 1 120 0 2 3
10 5.9 1.5 195 0 2 3
10 6 1.5 115 0 2 3
10.1 -3.5 2.7 195 0 2 3
10.1 0.7 1 170 0 2 3
10.1 0.9 0.4 53 0 2 3
10.2 -3.7 2.7 205 0 2 3
10.2 -3.6 2.8 221 0 2 3
10.2 4.5 -0.2 185 0 2 1
10.2 5.1 -0.3 188 0 2 1
10.2 5.8 -0.3 185 0 2 1
10.2 6.4 -0.4 190 0 2 1
10.2 7 -0.5 187 0 2 1
10.2 7.7 -0.6 187 0 2 1
10.2 8.3 -0.6 197 0 2 1
10.2 9 -0.7 186 0 2 1
10.2 9.6 -0.7 189 0 2 1
10.2 10.3 -0.7 189 0 2 1
10.3 -9.7 0.8 226 0 2 1
10.3 -7.1 0.9 208 0 2 1
10.3 -6.5 0.9 204 0 2 1
10.3 -5.9 0.9 203 0 2 1
10.3 -5.2 0.8 209 0 2 1
10.3 -4.7 0.9 128 0 2 3
10.3 -4.7 1.4 152 0 2 3
10.3 -4.6 1.9 161 0 2 3
10.3 -4.3 2.2 181 0 2 3
10.3 -3.9 2.6 169 0 2 3
10.3 -3.8 2.7 167 0 2 3
10.3 0.9 1 154 0 2 3
10.3 1 0.9 52 0 2 3
10.3 1.2 0.1 61 0 2 1
10.3 1.9 0 66 0 2 1
10.3 2.5 0 196 0 2 1
10.3 3.2 -0.1 193 0 2 1
10.3 3.8 -0.1 192 0 2 1
10.4 -4.4 2.2 188 0 2 3
10.4 -4.1 2.6 115 0 2 3
10.4 -3.7 2.8 146 0 2 3
10.4 1.1 0.2 51 0 2 3
10.4 1.1 0.3 53 0 2 3
10.5 -4.3 2.6 167 0 2 3
10.5 0.7 2.1 67 0 2 3
10.6 -5 0.9 168 0 2 3
10.6 -5 1.4 171 0 2 3
10.6 0.4 2.2 55 0 2 3
10.6 0.8 1.6 55 0 2 3
10.6 0.8 1.9 57 0 2 3
10.6 1.1 1 62 0 2 3
10.6 1.2 0.5 130 0 2 3
10.6 1.2 0.6 197 0 2 3
10.6 1.2 0.8 184 0 2 3
10.7 0.9 1.1 107 0 2 3
10.7 1 1.4 63 0 2 3
10.8 1 1.6 64 0 2 3
10.8 7 -0.5 186 0 2 1
10.8 7.7 -0.5 186 0 2 1
10.8 8.3 -0.6 192 0 2 1
10.8 9 -0.6 184 0 2 1
10.8 9.6 -0.7 179 0 2 1
10.8 10.9 -0.7 187 0 2 1
10.9 -7.1 0.8 204 0 2 1
10.9 -6.5 0.8 203 0 2 1
10.9 -5.9 0.8 202 0 2 1
10.9 -5.3 1 159 0 2 3
10.9 -5.1 2.2 177 0 2 3
10.9 1.2 0.1 103 0 2 1
10.9 1.9 0 200 0 2 1
10.9 2.5 0 199 0 2 1
10.9 3.2 -0.1 194 0 2 1
10.9 3.8 -0.1 191 0 2 1
10.9 4.5 -0.2 186 0 2 1
10.9 5.1 -0.3 190 0 2 1
10.9 5.8 -0.3 185 0 2 1
10.9 6.4 -0.4 189 0 2 1
11 -4.9 2.5 217 0 2 3
11.1 -5.4 1.1 159 0 2 3
11.1 -4.9 2.6 228 0 2 3
11.2 -5.4 1.7 172 0 2 3
11.3 -5.5 1 136 0 2 3
11.3 -5.5 1.2 132 0 2 3
11.3 -5.5 1.9 146 0 2 3
11.4 -5.6 0.9 152 0 2 3
11.4 -5.5 2.5 173 0 2 3
11.5 -5.5 2.5 219 0 2 3
11.5 3.8 -0.1 190 0 2 1
11.5 4.5 -0.2 187 0 2 1
11.5 5.1 -0.2 189 0 2 1
11.5 5.8 -0.3 188 0 2 1
11.5 6.4 -0.4 187 0 2 1
11.5 7 -0.4 190 0 2 1
11.6 -7.8 0.8 203 0 2 1
11.6 -7.1 0.8 203 0 2 1
11.6 -6.5 0.8 204 0 2 1
11.6 -5.9 0.7 203 0 2 1
11.6 1.2 0.1 61 0 2 1
11.6 1.9 0 203 0 2 1
11.6 2.5 0 201 0 2 1
11.6 3.2 -0.1 193 0 2 1
11.7 -5.5 2.6 197 0 2 3
12.1 7 -0.4 189 0 2 1
12.2 -7.8 0.7 201 0 2 1
12.2 -7.1 0.7 206 0 2 1
12.2 -6.5 0.7 202 0 2 1
12.2 1.9 0 202 0 2 1
12.2 2.5 0 197 0 2 1
12.2 3.2 -0.1 191 0 2 1
12.2 3.8 -0.1 190 0 2 1
12.2 4.5 -0.2 188 0 2 1
12.2 5.1 -0.2 187 0 2 1
12.2 5.8 -0.3 188 0 2 1
12.2 6.4 -0.3 187 0 2 1
12.8 3.2 -0.1 194 0 2 1
12.8 3.8 -0.1 194 0 2 1
12.8 4.5 -0.1 187 0 2 1
12.8 5.1 -0.2 188 0 2 1
12.8 5.8 -0.2 185 0 2 1
12.8 6.4 -0.3 189 0 2 1
12.8 7 -0.4 187 0 2 1
12.8 7.7 -0.4 191 0 2 1
12.9 1.9 0 203 0 2 1
12.9 2.5 0 199 0 2 1
13.1 2.5 0 181 0 2 2
13.1 2.5 0.1 190 0 2 2
13.1 2.7 0.2 116 0 2 2
13.1 2.9 0 53 0 2 2
13.1 2.9 0.1 50 0 2 2
13.1 2.9 0.2 111 0 2 2
13.2 2.5 0.2 162 0 2 2
13.2 2.6 0.2 185 0 2 2
13.2 2.7 0.2 184 0 2 2
13.2 2.8 0.3 182 0 2 2
13.2 2.9 0.2 186 0 2 2
13.2 3 0 185 0 2 2
13.3 2.4 0 188 0 2 2
13.3 2.4 0.1 198 0 2 2
13.3 2.5 0.1 192 0 2 2
13.3 2.5 0.2 206 0 2 2
13.3 2.5 0.3 192 0 2 2
13.3 2.6 0.3 194 0 2 2
13.3 2.8 0.3 196 0 2 2
13.3 3 0.2 166 0 2 2
13.4 2.4 0 203 0 2 2
13.4 2.6 0.3 194 0 2 2
13.4 7.7 -0.4 186 0 2 1
13.5 1.9 0 202 0 2 1
13.5 2.5 0.1 215 0 2 2
13.5 2.5 0.2 199 0 2 2
13.5 3.2 -0.1 196 0 2 1
13.5 3.8 -0.1 188 0 2 1
13.5 4.5 -0.1 194 0 2 1
13.5 5.1 -0.2 189 0 2 1
13.5 5.8 -0.2 188 0 2 1
13.5 6.4 -0.3 186 0 2 1
13.5 7 -0.3 190 0 2 1
13.6 2.4 0 196 0 2 2
13.6 2.5 0.2 206 0 2 2
13.7 2.4 0 212 0 2 2
13.7 7.4 0.2 47 0 2 3
13.8 6 0.5 149 0 2 3
13.8 7.4 0.8 125 0 2 3
13.9 5.7 0.5 164 0 2 3
14 5.3 0.3 181 0 2 3
14 5.5 0.6 206 0 2 3
14.1 1.9 0 200 0 2 1
14.1 3.8 -0.1 196 0 2 1
14.1 4.5 -0.1 190 0 2 1
14.1 5.1 -0.1 188 0 2 1
14.2 5.4 0.7 198 0 2 3
14.3 5.3 0.6 212 0 2 3
14.3 8.3 1.4 125 0 2 3
14.3 8.3 1.5 170 0 2 3
14.3 8.4 1.5 62 0 2 3
14.5 5.3 1 198 0 2 3
14.5 6.7 1.2 196 0 2 3
14.5 8.4 1.9 83 0 2 3
14.5 8.7 1.8 50 0 2 3
14.7 8.6 2.5 154 0 2 3
14.7 8.8 2.5 88 0 2 3
14.7 9.2 1.8 58 0 2 3
14.7 9.5 1.5 69 0 2 3
14.8 1.9 0 202 0 2 1
14.8 2.5 0 198 0 2 1
14.8 3.8 -0.1 197 0 2 1
14.8 4.5 -0.1 193 0 2 1
14.8 5.3 1.1 210 0 2 3
14.8 5.6 1.4 180 0 2 3
14.8 8.9 2.4 67 0 2 3
14.8 9 2.3 68 0 2 3
14.8 9.5 1.7 69 0 2 3
14.9 5.8 1.6 188 0 2 3
14.9 6.2 1.9 113 0 2 3
14.9 6.5 2.1 120 0 2 3
15 5.6 1.4 196 0 2 3
15 7 2.5 184 0 2 3
15 7.1 2.5 183 0 2 3
15 8.7 2.6 168 0 2 3
15.1 5.3 1.1 189 0 2 3
15.1 7.2 2.6 165 0 2 3
15.2 8.4 2.7 125 0 2 3
15.3 7.4 2.7 174 0 2 3
15.4 1.9 0 203 0 2 1
15.4 2.5 0 200 0 2 1
15.4 3.8 -0.1 195 0 2 1
15.4 4.5 -0.1 191 0 2 1
15.6 7.6 2.8 160 0 2 3
15.6 7.7 2.9 135 0 2 3
15.6 8 2.9 100 0 2 3
15.6 8.3 2.8 171 0 2 3
15.7 5.1 0.8 191 0 2 3
15.7 7.9 3 144 0 2 3
15.8 5 0.5 204 0 2 3
15.8 6.7 2 117 0 2 3
15.8 7.1 2.3 185 0 2 3
15.9 5.9 1.3 213 0 2 3
16 5.1 0.7 208 0 2 3
16.1 1.9 0 203 0 2 1
16.1 2.5 0 197 0 2 1
16.1 3.8 -0.1 196 0 2 1
16.1 4.5 -0.1 193 0 2 1
16.1 5 0.6 207 0 2 3
16.3 5.1 0.6 153 0 2 3
16.6 7.9 2.7 137 0 2 3
16.7 1.9 0 196 0 2 1
16.7 2.5 0 200 0 2 1
16.7 3.2 0 196 0 2 1
16.7 3.8 -0.1 192 0 2 1
16.7 4.5 -0.1 191 0 2 1
16.7 5.1 0.1 201 0 2 3
16.7 8.2 2.9 119 0 2 3
17.1 5.3 0.5 197 0 2 3
17.4 -17.5 0 221 0 2 1
17.4 -16.8 0 224 0 2 1
17.4 2.5 0 197 0 2 1
17.4 3.2 0 194 0 2 1
17.4 3.8 0 198 0 2 1
17.4 4.5 0 192 0 2 1
17.4 5.1 -0.1 191 0 2 1
17.4 8.1 2.5 202 0 2 3
17.9 5.4 0.2 116 0 2 3
18 -18.1 0 224 0 2 1
18 -17.5 0 221 0 2 1
18 -16.8 0 218 0 2 1
18 -16.2 0 221 0 2 1
18 2.5 0 198 0 2 1
18 3.2 0 194 0 2 1
18 3.8 0 192 0 2 1
18 4.5 0 193 0 2 1
18 5.1 -0.1 188 0 2 1
18.2 5.5 0 195 0 2 3
18.7 -18.8 0 220 0 2 1
18.7 -18.1 0 221 0 2 1
18.7 -17.5 0 221 0 2 1
18.7 -16.8 0 217 0 2 1
18.7 -9.1 0 202 0 2 1
18.7 2.5 0 198 0 2 1
18.7 3.2 0 197 0 2 1
18.7 3.8 0 194 0 2 1
18.7 4.5 0 188 0 2 1
18.7 5.1 0 188 0 2 1
19.3 -19.4 0 219 0 2 1
19.3 -18.8 0 218 0 2 1
19.3 -18.1 0 218 0 2 1
19.3 -17.5 0 217 0 2 1
19.3 -9.7 0 205 0 2 1
19.3 2.5 0 190 0 2 1
19.3 3.2 0 197 0 2 1
19.3 3.8 0 194 0 2 1
19.3 4.5 0 195 0 2 1
19.3 5.1 0 187 0 2 1
19.3 5.8 0 187 0 2 1
20 -20 0 154 0 2 1
20 -19.4 0 150 0 2 1
20 -18.8 0 149 0 2 1
20 -18.1 0 155 0 2 1
20 -17.5 0 149 0 2 1
20 -13.6 0 141 0 2 1
20 -13 0 141 0 2 1
20 -12.3 0 138 0 2 1
20 -11.7 0 136 0 2 1
20 -11 0 138 0 2 1
20 -10.4 0 138 0 2 1
20 -9.7 0 138 0 2 1
20 2.5 0 126 0 2 1
20 3.2 0 129 0 2 1
20 3.8 0 128 0 2 1
20 4.5 0 130 0 2 1
20 5.1 0 125 0 2 1
20 5.8 0 119 0 2 1
