-20.1 -14.2 -0.1 196 0 2 1
-20.1 -7.1 -0.1 147 0 2 1
-20.1 1.2 -0.1 101 0 2 1
-20 -20 0 98 0 2 1
-20 -19.4 0 95 0 2 1
-20 -18.8 0 98 0 2 1
-20 -18.1 0 100 0 2 1
-20 -17.5 0 98 0 2 1
-20 -16.8 0 98 0 2 1
-20 -16.2 0 101 0 2 1
-20 -15.5 0 103 0 2 1
-20 -14.9 0 106 0 2 1
-20 1.9 0 101 0 2 1
-20 2.5 0 101 0 2 1
-20 3.2 0 101 0 2 1
-20 3.8 0 103 0 2 1
-20 4.5 0 104 0 2 1
-20 5.1 0 100 0 2 1
-20 5.8 0 99 0 2 1
-20 14.8 0 96 0 2 1
-20 15.4 0 94 0 2 1
-20 16.1 0 94 0 2 1
-20 16.7 0 95 0 2 1
-20 17.4 0 92 0 2 1
-20 18 0 90 0 2 1
-20 18.7 0 89 0 2 1
-20 19.3 0 91 0 2 1
-20 20 0 87 0 2 1
-19.4 -19.4 0 153 0 2 1
-19.4 -18.8 0 154 0 2 1
-19.4 -18.1 0 154 0 2 1
-19.4 -17.5 0 153 0 2 1
-19.4 -16.8 0 158 0 2 1
-19.4 -16.2 0 161 0 2 1
-19.4 -15.5 -0.1 168 0 2 1
-19.4 -14.9 -0.1 172 0 2 1
-19.4 -14.2 -0.1 181 0 2 1
-19.4 1.2 -0.1 164 0 2 1
-19.4 1.9 -0.1 163 0 2 1
-19.4 2.5 -0.1 162 0 2 1
-19.4 3.2 0 158 0 2 1
-19.4 3.8 0 162 0 2 1
-19.4 4.5 0 159 0 2 1
-19.4 5.1 0 166 0 2 1
-19.4 5.8 0 159 0 2 1
-19.4 14.8 0 150 0 2 1
-19.4 15.4 0 150 0 2 1
-19.4 16.1 0 143 0 2 1
-19.4 16.7 0 144 0 2 1
-19.4 17.4 0 148 0 2 1
-19.4 18 0 144 0 2 1
-19.4 18.7 0 139 0 2 1
-19.4 19.3 0 142 0 2 1
-18.8 -18.8 0 161 0 2 1
-18.8 -18.1 0 160 0 2 1
-18.8 -17.5 0 160 0 2 1
-18.8 -16.8 0 158 0 2 1
-18.8 -16.2 0 164 0 2 1
-18.8 -15.5 -0.1 184 0 2 1
-18.8 1.2 -0.1 170 0 2 1
-18.8 1.9 -0.1 163 0 2 1
-18.8 2.5 -0.1 161 0 2 1
-18.8 3.2 0 163 0 2 1
-18.8 3.8 0 162 0 2 1
-18.8 4.5 0 160 0 2 1
-18.8 5.1 0 166 0 2 1
-18.8 14.1 0 153 0 2 1
-18.8 14.8 0 153 0 2 1
-18.8 15.4 0 153 0 2 1
-18.8 16.1 0 151 0 2 1
-18.8 16.7 0 145 0 2 1
-18.8 17.4 0 152 0 2 1
-18.8 18 0 146 0 2 1
-18.8 18.7 0 141 0 2 1
-18.1 -18.1 0 161 0 2 1
-18.1 -17.5 0 159 0 2 1
-18.1 -16.8 -0.1 165 0 2 1
-18.1 -16.2 -0.1 190 0 2 1
-18.1 1.2 -0.1 172 0 2 1
-18.1 1.9 -0.1 168 0 2 1
-18.1 2.5 -0.1 167 0 2 1
-18.1 3.2 -0.1 163 0 2 1
-18.1 3.8 -0.1 162 0 2 1
-18.1 4.5 0 162 0 2 1
-18.1 5.1 0 166 0 2 1
-18.1 13.5 -0.1 155 0 2 1
-18.1 14.1 -0.1 157 0 2 1
-18.1 14.8 -0.1 152 0 2 1
-18.1 15.4 -0.1 154 0 2 1
-18.1 16.1 0 157 0 2 1
-18.1 16.7 0 149 0 2 1
-18.1 17.4 0 156 0 2 1
-18.1 18 0 149 0 2 1
-17.5 -17.5 0 160 0 2 1
-17.5 -16.8 -0.1 188 0 2 1
-17.5 -16.2 -0.1 191 0 2 1
-17.5 1.2 -0.1 175 0 2 1
-17.5 1.9 -0.1 171 0 2 1
-17.5 2.5 -0.1 168 0 2 1
-17.5 3.2 -0.1 166 0 2 1
-17.5 3.8 -0.1 165 0 2 1
-17.5 4.5 0 164 0 2 1
-17.5 5.1 0 168 0 2 1
-17.5 13.5 -0.1 159 0 2 1
-17.5 14.1 -0.1 158 0 2 1
-17.5 14.8 -0.1 157 0 2 1
-17.5 15.4 -0.1 154 0 2 1
-17.5 16.1 0 156 0 2 1
-17.5 16.7 0 150 0 2 1
-17.5 17.4 0 156 0 2 1
-16.9 1.2 -0.1 168 0 2 1
-16.8 1.9 -0.1 180 0 2 1
-16.8 2.5 -0.1 172 0 2 1
-16.8 3.2 -0.1 167 0 2 1
-16.8 3.8 -0.1 166 0 2 1
-16.8 4.5 -0.1 170 0 2 1
-16.8 12.9 -0.1 165 0 2 1
-16.8 13.5 -0.1 170 0 2 1
-16.8 14.1 -0.1 159 0 2 1
-16.8 14.8 -0.1 162 0 2 1
-16.8 15.4 -0.1 157 0 2 1
-16.8 16.1 -0.1 155 0 2 1
-16.8 16.7 -0.1 161 0 2 1
-16.2 0.6 -0.1 173 0 2 1
-16.2 1.2 -0.1 172 0 2 1
-16.2 1.9 -0.1 177 0 2 1
-16.2 2.5 -0.1 174 0 2 1
-16.2 3.2 -0.1 170 0 2 1
-16.2 3.8 -0.1 169 0 2 1
-16.2 4.5 -0.1 171 0 2 1
-16.2 12.2 -0.2 168 0 2 1
-16.2 12.9 -0.1 168 0 2 1
-16.2 13.5 -0.1 174 0 2 1
-16.2 14.1 -0.1 167 0 2 1
-16.2 14.8 -0.1 162 0 2 1
-16.2 15.4 -0.1 161 0 2 1
-16.2 16.1 -0.1 159 0 2 1
-15.7 -6.3 2.1 151 0 2 3
-15.6 0.6 0 169 0 2 1
-15.6 1.2 -0.1 174 0 2 1
-15.6 1.9 -0.1 175 0 2 1
-15.6 2.5 -0.1 178 0 2 1
-15.6 12.2 -0.2 172 0 2 1
-15.6 12.9 -0.2 172 0 2 1
-15.6 13.5 -0.2 174 0 2 1
-15.6 14.1 -0.2 170 0 2 1
-15.5 3.2 -0.1 176 0 2 1
-15.5 3.8 -0.1 174 0 2 1
-15.5 4.5 -0.1 168 0 2 1
-15.5 14.8 -0.1 165 0 2 1
-15.5 15.4 -0.1 165 0 2 1
-15.4 -6.6 2.4 90 0 2 3
-15.4 -6.1 2 131 0 2 3
-15.2 -6.8 2.5 115 0 2 3
-15.2 -5.6 0.6 67 0 2 3
-15.2 4.6 0.4 157 0 2 3
-15.1 -7 2.5 156 0 2 3
-15.1 -5.9 1.7 94 0 2 3
-15.1 5 1.9 142 0 2 3
-15 -7.1 2.5 196 0 2 3
-15 -6.8 2.5 193 0 2 3
-15 0.6 0 166 0 2 1
-15 1.2 0 169 0 2 1
-15 4.5 0.4 176 0 2 3
-14.9 -7.8 2.5 191 0 2 3
-14.9 -7 2.5 213 0 2 3
-14.9 1.9 -0.1 174 0 2 1
-14.9 2.5 -0.1 176 0 2 1
-14.9 3.2 -0.1 174 0 2 1
-14.9 3.8 -0.1 176 0 2 1
-14.9 4.5 -0.1 169 0 2 1
-14.9 11.6 -0.3 170 0 2 1
-14.9 12.2 -0.3 174 0 2 1
-14.9 12.9 -0.3 167 0 2 1
-14.9 13.5 -0.2 173 0 2 1
-14.9 14.1 -0.2 174 0 2 1
-14.9 14.8 -0.2 172 0 2 1
-14.8 -7.9 2.4 186 0 2 3
-14.8 -7.9 2.5 185 0 2 3
-14.8 -7.1 2.3 208 0 2 3
-14.8 -6 1.8 149 0 2 3
-14.7 -8.2 2.3 176 0 2 3
-14.7 -6.6 2.2 171 0 2 3
-14.7 -5.9 1.6 147 0 2 3
-14.6 -7.8 2.2 205 0 2 3
-14.6 -6.4 2 193 0 2 3
-14.6 5 2.2 167 0 2 3
-14.6 9.9 1.1 134 0 2 3
-14.5 -8.5 2.2 157 0 2 3
-14.5 -8.4 2.2 183 0 2 3
-14.5 -5.2 0.4 140 0 2 1
-14.5 9.6 1.4 129 0 2 3
-14.4 -5.9 1.4 154 0 2 3
-14.4 9.4 1.6 145 0 2 3
-14.4 10 1 144 0 2 3
-14.3 -7.9 2 209 0 2 3
-14.3 -7.2 1.9 212 0 2 3
-14.3 0.6 0 165 0 2 1
-14.3 1.2 0 170 0 2 1
-14.3 1.9 0 174 0 2 1
-14.3 2.5 -0.1 176 0 2 1
-14.3 3.2 -0.1 169 0 2 1
-14.3 3.8 -0.1 178 0 2 1
-14.3 4.5 -0.1 169 0 2 1
-14.3 6 2.9 143 0 2 3
-14.3 6.4 3 130 0 2 3
-14.3 10.9 -0.4 182 0 2 1
-14.3 11.6 -0.4 170 0 2 1
-14.3 12.2 -0.3 172 0 2 1
-14.3 12.9 -0.3 174 0 2 1
-14.3 13.5 -0.3 174 0 2 1
-14.3 14.1 -0.2 177 0 2 1
-14.2 -6.4 1.7 202 0 2 3
-14.2 -4.5 0.8 92 0 2 2
-14.2 -4.4 0.7 104 0 2 2
-14.2 -4.4 0.8 105 0 2 2
-14.2 5 2.4 193 0 2 3
-14.2 5.5 2.8 147 0 2 3
-14.2 6.2 2.9 133 0 2 3
-14.2 9.1 1.9 122 0 2 3
-14.1 -8.7 1.9 153 0 2 3
-14.1 -8 1.8 205 0 2 3
-14.1 -6.8 1.6 203 0 2 3
-14.1 -6 1.2 144 0 2 3
-14.1 -4.7 0.8 161 0 2 2
-14.1 -4.5 0.8 196 0 2 2
-14.1 -4.5 0.9 176 0 2 2
-14.1 -4.3 0.7 76 0 2 2
-14.1 10.1 0.7 132 0 2 3
-14 -6.2 1.3 197 0 2 3
-14 -6.2 1.4 198 0 2 3
-14 -6 1.2 184 0 2 3
-14 -4.7 0.8 161 0 2 2
-14 -4.6 0.9 140 0 2 2
-14 -4.5 0.8 204 0 2 2
-14 -4.4 0.8 188 0 2 2
-14 -4.3 0.6 135 0 2 2
-14 4.9 2.2 199 0 2 3
-14 8.8 2.1 133 0 2 3
-14 10.3 0.3 146 0 2 3
-13.9 -8.8 1.7 170 0 2 3
-13.9 -5.9 0.5 123 0 2 1
-13.9 -5.2 0.5 160 0 2 1
-13.9 -4.8 0.8 177 0 2 2
-13.9 -4.7 0.8 192 0 2 2
-13.9 -4.6 0.8 199 0 2 2
-13.9 -4.5 0.7 204 0 2 2
-13.9 -4.4 0.7 193 0 2 2
-13.9 -4.3 0.6 83 0 2 2
-13.9 4.4 0.6 198 0 2 3
-13.9 4.6 1.3 200 0 2 3
-13.9 7.5 2.8 139 0 2 3
-13.9 10.2 0.6 100 0 2 3
-13.8 -7.5 1.5 208 0 2 3
-13.8 -7.1 1.4 205 0 2 3
-13.8 -6.3 1.3 191 0 2 3
-13.8 -4.8 0.7 154 0 2 2
-13.8 -4.7 0.7 204 0 2 2
-13.8 -4.6 0.6 205 0 2 2
-13.8 -4.6 0.7 200 0 2 2
-13.8 -4.5 0.6 203 0 2 2
-13.8 -4.5 0.7 201 0 2 2
-13.8 -4.3 0.5 182 0 2 2
-13.8 -4.3 0.6 190 0 2 2
-13.8 7.2 3 188 0 2 3
-13.8 7.4 2.9 112 0 2 3
-13.8 8.2 2.6 158 0 2 3
-13.7 -8.3 1.5 207 0 2 3
-13.7 -6.3 1.3 203 0 2 3
-13.7 -4.9 0.5 176 0 2 2
-13.7 -4.8 0.6 203 0 2 2
-13.7 -4.6 0.6 202 0 2 2
-13.7 -4.4 0.5 194 0 2 2
-13.7 -4.3 0.4 187 0 2 2
-13.7 -4.3 0.5 106 0 2 2
-13.7 0.6 0 169 0 2 1
-13.7 1.2 0 163 0 2 1
-13.7 1.9 0 173 0 2 1
-13.7 7.2 2.9 175 0 2 3
-13.7 7.9 2.7 165 0 2 3
-13.7 8.3 2.5 97 0 2 3
-13.7 10.1 0.5 152 0 2 3
-13.7 10.4 -0.4 147 0 2 3
-13.7 10.9 -0.4 179 0 2 1
-13.7 11.6 -0.4 176 0 2 1
-13.7 12.2 -0.4 174 0 2 1
-13.7 12.9 -0.4 172 0 2 1
-13.6 -9.5 0.7 203 0 2 3
-13.6 -8.8 1.5 192 0 2 3
-13.6 -7.6 1.3 213 0 2 3
-13.6 -4.7 0.5 203 0 2 2
-13.6 -4.6 0.5 208 0 2 2
-13.6 -4.5 0.5 204 0 2 2
-13.6 2.5 -0.1 175 0 2 1
-13.6 3.2 -0.1 170 0 2 1
-13.6 3.8 -0.1 174 0 2 1
-13.6 4.5 -0.1 188 0 2 1
-13.6 13.5 -0.3 170 0 2 1
-13.5 -9.4 0.9 209 0 2 3
-13.5 -8.9 1.4 195 0 2 3
-13.5 -8.8 1.4 209 0 2 3
-13.5 -8.1 1.3 211 0 2 3
-13.5 -6.3 1.1 205 0 2 3
-13.5 8.9 1.2 157 0 2 3
-13.5 10.2 -0.4 159 0 2 3
-13.4 -9.6 0.6 174 0 2 3
-13.4 -9.4 0.8 217 0 2 3
-13.4 -9.2 1 201 0 2 3
-13.4 -7.1 1.1 202 0 2 3
-13.4 7 2.8 191 0 2 3
-13.4 9.8 0.5 130 0 2 3
-13.4 10 -0.2 131 0 2 3
-13.3 -9 1.1 153 0 2 3
-13.2 -8.8 1.2 210 0 2 3
-13.2 -6.3 0.8 190 0 2 3
-13.2 -6.3 0.9 196 0 2 3
-13.2 -5.9 0.6 154 0 2 1
-13.2 -5.2 0.5 153 0 2 1
-13.2 -4.6 0.5 175 0 2 1
-13.1 -6.3 0.7 189 0 2 3
-13.1 -6.2 0.6 166 0 2 3
-13.1 0.6 0.1 166 0 2 1
-13.1 1.2 0 169 0 2 1
-13.1 5.7 2.4 211 0 2 3
-13.1 7.1 2.7 179 0 2 3
-13 -6.5 0.8 203 0 2 3
-13 1.9 0 175 0 2 1
-13 2.5 0 178 0 2 1
-13 3.2 -0.1 177 0 2 1
-13 3.8 -0.1 176 0 2 1
-13 4.5 -0.1 185 0 2 1
-13 5.9 2.5 208 0 2 3
-13 9.6 -0.4 168 0 2 1
-13 10.3 -0.5 172 0 2 1
-13 10.9 -0.5 174 0 2 1
-13 11.6 -0.5 185 0 2 1
-13 12.2 -0.4 173 0 2 1
-13 12.9 -0.4 170 0 2 1
-12.9 -8.4 0.9 211 0 2 3
-12.9 -8.2 0.9 209 0 2 3
-12.8 -8.4 0.7 213 0 2 3
-12.8 -8.2 0.8 214 0 2 3
-12.8 -8 0.8 210 0 2 3
-12.8 -7.4 0.7 216 0 2 3
-12.8 5.8 1.9 206 0 2 3
-12.8 6.2 2.4 203 0 2 3
-12.8 7 2.6 179 0 2 3
-12.7 6.1 2 209 0 2 3
-12.6 -7.8 0.7 177 0 2 1
-12.6 -7.1 0.7 200 0 2 1
-12.6 -6.5 0.7 192 0 2 1
-12.6 -5.9 0.6 138 0 2 1
-12.6 -5.2 0.6 166 0 2 1
-12.6 -4.6 0.6 166 0 2 1
-12.6 -3.9 0.5 165 0 2 1
-12.6 8.8 0.8 169 0 2 3
-12.5 7.1 2.5 180 0 2 3
-12.5 7.3 2.5 179 0 2 3
-12.5 7.5 1.9 160 0 2 3
-12.5 8.9 0.2 163 0 2 3
-12.4 0.6 0.1 169 0 2 1
-12.4 1.2 0.1 169 0 2 1
-12.4 1.9 0 171 0 2 1
-12.4 2.5 0 179 0 2 1
-12.4 3.2 -0.1 177 0 2 1
-12.4 6.9 2.3 202 0 2 3
-12.4 7 2.4 192 0 2 3
-12.4 7.3 1.8 183 0 2 3
-12.4 7.7 1.5 177 0 2 3
-12.4 7.8 1.4 165 0 2 3
-12.4 9 -0.4 176 0 2 1
-12.4 9.6 -0.5 168 0 2 1
-12.4 10.3 -0.5 170 0 2 1
-12.4 10.9 -0.5 174 0 2 1
-12.4 11.6 -0.5 181 0 2 1
-12.4 12.2 -0.5 174 0 2 1
-12.3 3.8 -0.1 178 0 2 1
-12.3 4.5 -0.1 178 0 2 1
-12.3 5.1 -0.1 173 0 2 1
-12.3 8.6 -0.4 175 0 2 3
-12.2 6.3 1.7 206 0 2 3
-12.2 6.8 1.8 201 0 2 3
-12.1 6.1 0.8 204 0 2 3
-12.1 6.3 1.4 210 0 2 3
-12.1 6.5 1.7 200 0 2 3
-12.1 7.5 0.7 181 0 2 3
-12 -9.1 0.7 186 0 2 1
-12 -7.8 0.7 177 0 2 1
-12 -7.1 0.7 189 0 2 1
-12 -6.5 0.7 177 0 2 1
-12 -5.9 0.7 179 0 2 1
-12 -5.2 0.7 168 0 2 1
-12 -4.6 0.6 168 0 2 1
-12 -3.9 0.6 168 0 2 1
-12 6.5 1.5 211 0 2 3
-11.9 6.3 0.9 207 0 2 3
-11.9 6.4 1 199 0 2 3
-11.8 0.6 0.1 173 0 2 1
-11.8 1.2 0.1 173 0 2 1
-11.8 1.9 0 168 0 2 1
-11.8 6.3 0.6 202 0 2 3
-11.7 2.5 0 174 0 2 1
-11.7 3.2 0 176 0 2 1
-11.7 3.8 -0.1 181 0 2 1
-11.7 4.5 -0.1 181 0 2 1
-11.7 5.1 -0.1 172 0 2 1
-11.7 5.8 -0.2 163 0 2 1
-11.7 7 -0.3 169 0 2 1
-11.7 7.7 -0.4 173 0 2 1
-11.7 8.3 -0.4 181 0 2 1
-11.7 9 -0.5 176 0 2 1
-11.7 9.6 -0.5 170 0 2 1
-11.7 10.3 -0.5 171 0 2 1
-11.7 10.9 -0.6 174 0 2 1
-11.7 11.6 -0.5 182 0 2 1
-11.4 -7.8 0.8 187 0 2 1
-11.4 -7.1 0.8 211 0 2 1
-11.4 -6.5 0.8 172 0 2 1
-11.4 -5.9 0.8 171 0 2 1
-11.4 -5.2 0.7 169 0 2 1
-11.3 -8.4 0.8 181 0 2 1
-11.3 -4.6 0.7 170 0 2 1
-11.3 -3.9 0.6 168 0 2 1
-11.2 0.6 0.2 149 0 2 1
-11.1 1.2 0.1 161 0 2 1
-11.1 1.9 0 175 0 2 1
-11.1 2.5 0 172 0 2 1
-11.1 3.2 0 177 0 2 1
-11.1 3.8 -0.1 182 0 2 1
-11.1 7.7 -0.4 174 0 2 1
-11.1 8.3 -0.5 181 0 2 1
-11.1 9 -0.5 175 0 2 1
-11.1 9.6 -0.5 168 0 2 1
-11.1 10.3 -0.6 169 0 2 1
-11.1 10.9 -0.6 173 0 2 1
-11 4.5 -0.1 180 0 2 1
-11 5.1 -0.2 175 0 2 1
-11 5.8 -0.2 170 0 2 1
-11 6.4 -0.3 168 0 2 1
-11 7 -0.3 172 0 2 1
-10.7 -9.7 0.8 190 0 2 1
-10.7 -9.1 0.8 188 0 2 1
-10.7 -8.4 0.8 174 0 2 1
-10.7 -7.8 0.8 182 0 2 1
-10.7 -7.1 0.9 178 0 2 1
-10.7 -6.5 0.8 174 0 2 1
-10.7 -5.9 0.8 175 0 2 1
-10.7 -5.2 0.8 173 0 2 1
-10.7 -4.6 0.7 172 0 2 1
-10.7 -3.9 0.7 171 0 2 1
-10.7 -3.3 0.6 173 0 2 1
-10.5 0.6 0.2 58 0 2 1
-10.5 1.2 0.1 96 0 2 1
-10.5 1.9 0.1 138 0 2 1
-10.4 2.5 0 173 0 2 1
-10.4 3.2 0 177 0 2 1
-10.4 3.8 -0.1 180 0 2 1
-10.4 4.5 -0.1 183 0 2 1
-10.4 5.1 -0.2 173 0 2 1
-10.4 5.8 -0.2 172 0 2 1
-10.4 6.4 -0.3 168 0 2 1
-10.4 7 -0.3 171 0 2 1
-10.4 7.7 -0.4 170 0 2 1
-10.4 8.3 -0.5 178 0 2 1
-10.4 9 -0.5 175 0 2 1
-10.4 9.6 -0.5 166 0 2 1
-10.4 10.3 -0.6 171 0 2 1
-10.1 -9.1 0.8 187 0 2 1
-10.1 -8.4 0.9 181 0 2 1
-10.1 -7.8 0.9 184 0 2 1
-10.1 -7.1 0.9 183 0 2 1
-10.1 -6.5 0.9 177 0 2 1
-10.1 -5.9 0.9 175 0 2 1
-10.1 -5.2 0.8 173 0 2 1
-10.1 -4.6 0.8 173 0 2 1
-10.1 -3.9 0.7 174 0 2 1
-10 -9.7 0.8 183 0 2 1
-10 -3.3 0.6 172 0 2 1
-9.9 0.6 0.2 59 0 2 1
-9.9 1.2 0.1 59 0 2 1
-9.8 1.9 0.1 119 0 2 1
-9.8 2.5 0 174 0 2 1
-9.8 8.3 -0.5 175 0 2 1
-9.8 9 -0.5 175 0 2 1
-9.8 9.6 -0.5 168 0 2 1
-9.7 4.5 -0.1 182 0 2 1
-9.7 5.1 -0.2 177 0 2 1
-9.7 5.8 -0.2 171 0 2 1
-9.7 6.4 -0.3 169 0 2 1
-9.7 7 -0.3 167 0 2 1
-9.7 7.7 -0.4 171 0 2 1
-9.4 -9.1 0.9 191 0 2 1
-9.4 -8.4 0.9 190 0 2 1
-9.4 -7.8 0.9 187 0 2 1
-9.4 -7.1 0.9 181 0 2 1
-9.4 -6.5 0.9 177 0 2 1
-9.4 -5.9 0.9 175 0 2 1
-9.4 -5.2 0.8 173 0 2 1
-9.4 -4.6 0.8 175 0 2 1
-9.4 -3.9 0.7 177 0 2 1
-9.4 -3.3 0.7 174 0 2 1
-9.2 0.6 0.2 60 0 2 1
-9.2 1.2 0.1 56 0 2 1
-9.2 1.9 0.1 175 0 2 1
-9.1 2.5 0 176 0 2 1
-9.1 4.5 -0.1 186 0 2 1
-9.1 5.1 -0.2 180 0 2 1
-9.1 5.8 -0.2 173 0 2 1
-9.1 6.4 -0.3 171 0 2 1
-9.1 7 -0.3 171 0 2 1
-9.1 7.7 -0.4 172 0 2 1
-9.1 8.3 -0.4 175 0 2 1
-9.1 9 -0.5 176 0 2 1
-8.8 -8.4 0.9 195 0 2 1
-8.8 -7.8 0.9 191 0 2 1
-8.8 -7.1 1 184 0 2 1
-8.8 -6.5 0.9 187 0 2 1
-8.8 -5.9 0.9 183 0 2 1
-8.8 -5.2 0.9 180 0 2 1
-8.8 -4.6 0.8 179 0 2 1
-8.8 -3.9 0.7 180 0 2 1
-8.7 -3.3 0.7 178 0 2 1
-8.7 -2.6 0.6 217 0 2 1
-8.6 0.6 0.2 59 0 2 1
-8.6 1.2 0.1 109 0 2 1
-8.5 1.9 0.1 178 0 2 1
-8.4 4.5 -0.1 190 0 2 1
-8.4 5.1 -0.2 180 0 2 1
-8.4 5.8 -0.2 174 0 2 1
-8.4 6.4 -0.3 166 0 2 1
-8.4 7 -0.3 166 0 2 1
-8.4 7.7 -0.4 167 0 2 1
-8.4 8.3 -0.4 172 0 2 1
-8.3 2.7 0.3 182 0 2 2
-8.3 2.8 0.3 204 0 2 2
-8.2 2.7 0.3 204 0 2 2
-8.2 2.9 0.3 178 0 2 2
-8.1 -7.8 0.9 190 0 2 1
-8.1 -7.1 0.9 187 0 2 1
-8.1 -6.5 0.9 186 0 2 1
-8.1 -5.9 0.9 186 0 2 1
-8.1 -5.2 0.8 182 0 2 1
-8.1 -4.6 0.8 179 0 2 1
-8.1 -3.9 0.7 177 0 2 1
-8.1 -3.3 0.7 184 0 2 1
-8.1 -2.6 0.6 179 0 2 1
-8.1 2.3 0 181 0 2 2
-8.1 2.3 0.1 183 0 2 2
-8.1 2.3 0.2 186 0 2 2
-8.1 2.5 0.4 179 0 2 2
-8.1 2.7 0.4 190 0 2 2
-8.1 2.8 0.3 207 0 2 2
-8.1 3 0.3 179 0 2 2
-8 2.4 0.2 190 0 2 2
-8 2.5 0.4 191 0 2 2
-7.9 0.6 0.2 63 0 2 1
-7.9 1.2 0.1 173 0 2 1
-7.9 1.9 0 180 0 2 1
-7.9 2.4 0.1 206 0 2 2
-7.9 3.1 0.3 181 0 2 2
-7.8 3.2 0.3 183 0 2 2
-7.8 3.8 -0.1 180 0 2 1
-7.8 4.5 -0.1 187 0 2 1
-7.7 -0.4 1.8 187 0 2 3
-7.7 2.5 0.4 189 0 2 2
-7.7 2.9 0.4 181 0 2 2
-7.7 3.1 0.3 162 0 2 2
-7.7 5.1 -0.2 183 0 2 1
-7.7 5.8 -0.2 179 0 2 1
-7.7 6.4 -0.2 170 0 2 1
-7.7 7.1 -0.3 170 0 2 1
-7.7 7.7 -0.3 175 0 2 1
-7.6 -0.2 1.8 145 0 2 3
-7.6 0.2 1.5 124 0 2 3
-7.6 2.5 0.2 205 0 2 2
-7.6 2.5 0.3 212 0 2 2
-7.6 2.9 0.4 168 0 2 2
-7.6 3 0.4 185 0 2 2
-7.6 3.3 0.3 177 0 2 2
-7.5 -7.1 0.9 194 0 2 1
-7.5 -6.5 0.9 192 0 2 1
-7.5 -5.9 0.9 186 0 2 1
-7.5 -3.9 0.7 190 0 2 1
-7.5 2.6 0.2 210 0 2 2
-7.5 2.7 0.5 209 0 2 2
-7.5 3.4 0.3 167 0 2 2
-7.4 -3.3 0.7 186 0 2 1
-7.4 -2.6 0.6 188 0 2 1
-7.4 -0.7 1.9 198 0 2 3
-7.4 0.1 1.8 141 0 2 3
-7.4 2.7 0.4 210 0 2 2
-7.4 2.8 0.4 188 0 2 2
-7.4 3.1 0.3 162 0 2 2
-7.4 3.4 0.3 176 0 2 2
-7.3 0.6 0.2 184 0 2 1
-7.3 2.7 0.1 211 0 2 2
-7.3 2.7 0.3 212 0 2 2
-7.3 3.4 0.1 172 0 2 2
-7.3 3.4 0.2 169 0 2 2
-7.3 3.4 0.3 179 0 2 2
-7.2 -2.2 1.7 205 0 2 3
-7.2 0.1 1.8 154 0 2 3
-7.2 1.2 0.1 181 0 2 1
-7.2 1.9 0 179 0 2 1
-7.2 2.5 0 179 0 2 1
-7.2 2.8 0.1 210 0 2 2
-7.2 3 0 187 0 2 2
-7.2 3.2 0 175 0 2 2
-7.2 3.3 -0.1 189 0 2 2
-7.2 3.3 0.1 166 0 2 2
-7.2 3.3 0.2 174 0 2 2
-7.2 3.3 0.3 161 0 2 2
-7.1 2.9 0.1 201 0 2 2
-7.1 2.9 0.4 204 0 2 2
-7.1 3 0.4 183 0 2 2
-7.1 3.8 -0.1 183 0 2 1
-7.1 4.5 -0.2 182 0 2 1
-7.1 5.1 -0.2 192 0 2 1
-7.1 5.8 -0.2 175 0 2 1
-7.1 6.4 -0.2 166 0 2 1
-7.1 7.1 -0.2 175 0 2 1
-6.9 -4.3 1 182 0 2 2
-6.8 -6.5 0.9 193 0 2 1
-6.8 -5.9 0.8 192 0 2 1
-6.8 -5.2 0.8 185 0 2 1
-6.8 -4.4 1 184 0 2 2
-6.8 -4.3 1 187 0 2 2
-6.8 -4.1 1 167 0 2 2
-6.8 -3.9 0.7 190 0 2 1
-6.8 -3.3 0.6 190 0 2 1
-6.8 -2.6 0.6 185 0 2 1
-6.8 -0.4 1.9 146 0 2 3
-6.8 0.2 1 150 0 2 3
-6.8 0.2 1.4 68 0 2 3
-6.8 0.2 1.5 107 0 2 3
-6.7 -4.3 1 187 0 2 2
-6.7 -4.2 1 185 0 2 2
-6.7 -4.1 1 161 0 2 2
-6.7 -4 0.7 119 0 2 2
-6.7 -4 0.8 157 0 2 2
-6.7 -4 0.9 176 0 2 2
-6.7 0.1 0.4 143 0 2 3
-6.6 -4 0.7 51 0 2 2
-6.6 -4 0.8 75 0 2 2
-6.6 -2 1.7 211 0 2 3
-6.6 -1.8 1.9 140 0 2 3
-6.6 0.1 1.8 121 0 2 3
-6.6 0.6 0.2 184 0 2 1
-6.6 1.2 0.1 182 0 2 1
-6.6 1.9 0 180 0 2 1
-6.5 -4.7 0.8 198 0 2 2
-6.5 -4.7 0.9 189 0 2 2
-6.5 -4.4 1 185 0 2 2
-6.5 -4.1 0.9 190 0 2 2
-6.5 -4.1 1 148 0 2 2
-6.5 -4 0.9 129 0 2 2
-6.5 0 1.8 187 0 2 3
-6.5 2.5 0 179 0 2 1
-6.5 3.2 -0.1 183 0 2 1
-6.5 3.8 -0.1 183 0 2 1
-6.4 -4.6 0.7 190 0 2 2
-6.4 -4.6 0.8 200 0 2 2
-6.4 -4.6 1 201 0 2 2
-6.4 -4.5 0.9 201 0 2 2
-6.4 -4.5 1 192 0 2 2
-6.4 -4.4 1 192 0 2 2
-6.4 -4.3 1 209 0 2 2
-6.4 -4.2 1 186 0 2 2
-6.4 -4.1 0.7 186 0 2 2
-6.4 -4.1 0.8 161 0 2 2
-6.4 -4.1 0.9 139 0 2 2
-6.4 -4 0.7 57 0 2 2
-6.4 -2 1.2 189 0 2 3
-6.4 -1.7 1.4 217 0 2 3
-6.4 -1.5 1.9 207 0 2 3
-6.4 -0.6 1.9 188 0 2 3
-6.4 -0.1 1 126 0 2 3
-6.4 4.5 -0.1 186 0 2 1
-6.4 5.1 -0.1 185 0 2 1
-6.4 5.8 -0.1 180 0 2 1
-6.4 6.4 -0.1 177 0 2 1
-6.3 -4.3 1 206 0 2 2
-6.3 -4.2 1 192 0 2 2
-6.3 -1.1 1.9 207 0 2 3
-6.3 -0.3 1.2 185 0 2 3
-6.2 -5.9 0.8 198 0 2 1
-6.2 -5.2 0.8 192 0 2 1
-6.2 -4.6 0.7 192 0 2 1
-6.2 -1.9 1 212 0 2 3
-6.2 -1.9 1.1 195 0 2 3
-6.2 -1.8 1.1 212 0 2 3
-6.2 -1.4 1.2 208 0 2 3
-6.2 -0.6 1.3 203 0 2 3
-6.2 -0.3 1.1 197 0 2 3
-6.1 -3.9 0.7 188 0 2 1
-6.1 -3.3 0.6 192 0 2 1
-6.1 -2.6 0.5 191 0 2 1
-6.1 -2 0.5 189 0 2 1
-6.1 -1.9 0.6 205 0 2 3
-6.1 -1.8 0.6 208 0 2 3
-6.1 -1.1 1.2 215 0 2 3
-6.1 -0.8 1.1 204 0 2 3
-6.1 -0.4 0.3 190 0 2 3
-6.1 -0.4 1 186 0 2 3
-6 -1.5 0.6 215 0 2 3
-6 -1.2 1.2 214 0 2 3
-6 -1 0.8 210 0 2 3
-6 -0.9 0.6 202 0 2 3
-6 -0.8 1.1 203 0 2 3
-6 -0.6 0.3 192 0 2 3
-6 -0.6 1 198 0 2 3
-6 -0.5 0.6 181 0 2 3
-6 -0.1 0.2 186 0 2 1
-6 0.6 0.1 185 0 2 1
-5.9 1.9 0 179 0 2 1
-5.9 2.5 -0.1 182 0 2 1
-5.8 1 0.3 171 0 2 2
-5.8 1.1 0.3 178 0 2 2
-5.8 3.2 -0.1 182 0 2 1
-5.8 3.8 -0.1 188 0 2 1
-5.8 4.5 -0.1 185 0 2 1
-5.8 5.1 -0.1 187 0 2 1
-5.7 0.9 0.1 173 0 2 2
-5.7 0.9 0.3 177 0 2 2
-5.7 5.8 -0.1 182 0 2 1
-5.6 0.9 0.1 177 0 2 2
-5.6 0.9 0.3 179 0 2 2
-5.6 1.3 0.3 184 0 2 2
-5.5 -5.2 0.7 193 0 2 1
-5.5 -4.6 0.7 189 0 2 1
-5.5 -3.9 0.6 189 0 2 1
-5.5 -3.3 0.5 188 0 2 1
-5.5 0.9 0.3 180 0 2 2
-5.5 1.1 0.4 180 0 2 2
-5.5 1.3 0.4 182 0 2 2
-5.5 1.4 0.4 180 0 2 2
-5.4 -2.6 0.5 191 0 2 1
-5.4 -2 0.4 186 0 2 1
-5.4 -1.3 0.3 190 0 2 1
-5.4 -0.7 0.3 196 0 2 1
-5.4 0.9 0.3 190 0 2 2
-5.4 0.9 0.4 179 0 2 2
-5.4 1 0.4 186 0 2 2
-5.4 1.2 0.4 183 0 2 2
-5.4 1.4 0.4 182 0 2 2
-5.3 -0.1 0.2 189 0 2 1
-5.3 0.6 0.1 187 0 2 1
-5.3 0.9 0.3 200 0 2 2
-5.3 1.3 0.4 188 0 2 2
-5.3 1.4 0 153 0 2 2
-5.3 1.5 0.2 160 0 2 2
-5.3 1.5 0.3 173 0 2 2
-5.2 0.9 0.3 203 0 2 2
-5.2 1 0.2 199 0 2 2
-5.2 1 0.3 217 0 2 2
-5.2 1 0.4 188 0 2 2
-5.2 1.1 0.2 216 0 2 2
-5.2 1.1 0.4 209 0 2 2
-5.2 1.2 0.4 208 0 2 2
-5.2 1.3 0.2 171 0 2 2
-5.2 1.3 0.4 197 0 2 2
-5.2 1.4 0 181 0 1 2
-5.2 1.4 0.2 122 0 2 2
-5.2 1.4 0.4 176 0 2 2
-5.2 1.9 0 185 0 2 1
-5.2 2.5 -0.1 184 0 2 1
-5.2 3.2 -0.1 183 0 2 1
-5.1 1 0.1 206 0 2 2
-5.1 1 0.2 205 0 2 2
-5.1 1.1 0.1 211 0 2 2
-5.1 1.1 0.2 213 0 2 2
-5.1 1.2 0.1 206 0 2 2
-5.1 1.2 0.2 200 0 2 2
-5.1 1.3 0 185 0 2 2
-5.1 1.3 0.1 168 0 2 2
-5.1 1.3 0.2 165 0 2 2
-5.1 3.8 -0.1 185 0 2 1
-5.1 4.5 -0.1 184 0 2 1
-5.1 5.2 -0.1 187 0 2 1
-4.8 -4.6 0.6 194 0 2 1
-4.8 -3.9 0.6 189 0 2 1
-4.8 -3.3 0.5 193 0 2 1
-4.8 -2.6 0.4 188 0 2 1
-4.8 -2 0.4 186 0 2 1
-4.7 -0.7 0.2 195 0 2 1
-4.7 -0.1 0.1 195 0 2 1
-4.6 0.6 0.1 193 0 2 1
-4.6 1.2 0 188 0 2 1
-4.6 1.9 -0.1 181 0 2 1
-4.5 2.5 -0.1 184 0 2 1
-4.5 3.2 -0.1 187 0 2 1
-4.5 3.8 -0.1 192 0 2 1
-4.5 4.5 -0.1 188 0 2 1
-4.1 -3.9 0.5 195 0 2 1
-4.1 -3.3 0.4 192 0 2 1
-4.1 -2.6 0.4 188 0 2 1
-4.1 -2 0.3 187 0 2 1
-4.1 -1.4 0.6 120 0 2 2
-4.1 -1.4 0.7 178 0 2 2
-4.1 -1.3 0.6 181 0 2 2
-4.1 -1.2 0.6 177 0 2 2
-4.1 -1.1 0.6 160 0 2 2
-4.1 -1 0.6 179 0 2 2
-4 -1.5 0.7 187 0 2 2
-4 -1.4 0.7 191 0 2 2
-4 -1 0.6 174 0 2 2
-4 -0.7 0.2 190 0 2 1
-4 -0.1 0.1 193 0 2 1
-4 0.6 0 191 0 2 1
-3.9 -1.6 0.7 190 0 2 2
-3.9 -1.3 0.6 178 0 2 2
-3.9 -1.3 0.7 157 0 2 2
-3.9 -1 0.5 177 0 2 2
-3.9 1.2 0 189 0 2 1
-3.9 1.9 -0.1 184 0 2 1
-3.9 2.5 -0.1 181 0 2 1
-3.8 -1.6 0.5 190 0 2 2
-3.8 -1.6 0.6 199 0 2 2
-3.8 -1.3 0.6 192 0 2 2
-3.8 -1.1 0.6 184 0 2 2
-3.8 -1 0.3 165 0 2 2
-3.8 -1 0.4 152 0 2 2
-3.8 -0.9 0.4 178 0 2 2
-3.8 3.2 -0.1 190 0 2 1
-3.8 3.9 -0.1 188 0 2 1
-3.7 -1.6 0.3 189 0 2 2
-3.7 -1.6 0.4 203 0 2 2
-3.7 -1.6 0.5 201 0 2 2
-3.7 -1.5 0.6 207 0 2 2
-3.7 -1.4 0.6 197 0 2 2
-3.7 -1.2 0.6 171 0 2 2
-3.7 -1 0.3 77 0 2 2
-3.7 -1 0.4 126 0 2 2
-3.7 -0.9 0.4 86 0 2 2
-3.6 -1.6 0.3 194 0 2 2
-3.6 -1.6 0.4 213 0 2 2
-3.6 -1.5 0.3 194 0 2 2
-3.6 -1.5 0.4 205 0 2 2
-3.6 -1.5 0.5 213 0 2 2
-3.6 -1.5 0.6 205 0 2 2
-3.6 -1.3 0.3 190 0 2 2
-3.6 -1.3 0.6 189 0 2 2
-3.6 -1.2 0.3 190 0 2 2
-3.6 -1.2 0.5 182 0 2 2
-3.6 -1.2 0.6 185 0 2 2
-3.6 -1.1 0.3 192 0 2 2
-3.6 -1 0.4 146 0 2 2
-3.6 -1 0.5 168 0 2 2
-3.5 -3.3 0.4 193 0 2 1
-3.5 -1.4 0.3 193 0 2 2
-3.5 -1.4 0.4 201 0 2 2
-3.5 -1.4 0.5 196 0 2 2
-3.5 -1.4 0.6 202 0 2 2
-3.5 -1.3 0.4 192 0 2 2
-3.4 -2.6 0.3 193 0 2 1
-3.4 -2 0.3 191 0 2 1
-3.4 -1.3 0.2 188 0 2 1
-3.4 -0.7 0.1 194 0 2 1
-3.3 -0.1 0.1 194 0 2 1
-3.3 0.6 0 191 0 2 1
-3.3 1.2 -0.1 188 0 2 1
-3.2 1.9 -0.1 187 0 2 1
-3.2 2.5 -0.1 188 0 2 1
-3.2 3.2 -0.1 190 0 2 1
-2.8 -2.6 0.3 195 0 2 1
-2.8 -2 0.2 196 0 2 1
-2.7 -1.3 0.2 188 0 2 1
