-20 -20 0 97 0 2 1
-19.4 -20 0 103 0 2 1
-19.4 -19.4 0 153 0 2 1
-18.8 -19.4 0 158 0 2 1
-18.8 -18.8 0 161 0 2 1
-18.1 -18.8 0 160 0 2 1
-18.1 -18.1 0 161 0 2 1
-17.5 -18.1 0 170 0 2 1
-17.5 -17.5 0 161 0 2 1
-16.8 -17.5 -0.1 164 0 2 1
-14.2 -20 0 112 0 2 1
-14.2 -19.4 -0.1 170 0 2 1
-13.6 -20 0 114 0 2 1
-13.6 -19.4 -0.1 176 0 2 1
-13.6 -18.8 -0.1 172 0 2 1
-13 -20 0 114 0 2 1
-13 -19.4 -0.1 175 0 2 1
-13 -18.8 -0.1 176 0 2 1
-13 -18.1 0 174 0 2 1
-12.3 -18.8 -0.1 178 0 2 1
-12.3 -18.1 0 174 0 2 1
-10 -11.7 0.6 151 0 2 1
-10 -10.4 0.7 179 0 2 1
-9.6 -10.2 1.1 62 0 2 2
-9.6 -10.1 1.1 70 0 2 2
-9.6 -10 1 63 0 2 2
-9.5 -10.1 0.8 154 0 2 2
-9.5 -10.1 0.9 58 0 2 2
-9.5 -10.1 1 57 0 2 2
-9.5 -10 1.1 54 0 2 2
-9.4 -11 0.7 178 0 2 1
-9.4 -10.5 1.2 58 0 2 2
-9.4 -10.4 1.2 144 0 2 2
-9.4 -10.3 1.2 58 0 2 2
-9.4 -10.1 0.8 164 0 2 2
-9.4 -10.1 0.9 54 0 2 2
-9.4 -10.1 1 53 0 2 2
-9.4 -10 1.2 59 0 2 2
-9.3 -10.1 0.9 53 0 2 2
-9.2 -10.9 1 173 0 2 2
-9.2 -10.9 1.1 206 0 2 2
-9.2 -10.9 1.2 185 0 2 2
-9.2 -10.7 1.2 177 0 2 2
-9.2 -10.5 1.2 218 0 2 2
-9.2 -10.4 1.2 116 0 2 2
-9.2 -10.1 0.8 175 0 2 2
-9.2 -10.1 0.9 174 0 2 2
-9.2 -10.1 1 173 0 2 2
-9.2 -10.1 1.2 103 0 2 2
-9.1 -10.7 0.8 210 0 2 2
-9.1 -10.6 0.8 191 0 2 2
-9.1 -10.6 1 214 0 2 2
-9.1 -10.6 1.1 219 0 2 2
-9.1 -10.5 0.8 210 0 2 2
-9.1 -10.5 1 215 0 2 2
-9.1 -10.4 0.8 183 0 2 2
-9.1 -10.3 0.9 208 0 2 2
-9.1 -10.3 1.1 218 0 2 2
-9.1 -10.2 1 198 0 2 2
-8.8 -9.1 0.9 189 0 2 1
-8.7 -12.3 0.6 177 0 2 1
-8.7 -9.7 0.8 183 0 2 1
-8.6 -13 0.5 144 0 2 1
-8.1 -9.1 0.9 190 0 2 1
-8.1 -8.4 0.9 197 0 2 1
-8 -12.3 0.6 125 0 2 1
-8 -11.7 0.7 139 0 2 1
-8 -11 0.7 141 0 2 1
-7.5 -8.4 0.9 197 0 2 1
-7.5 -7.8 0.9 197 0 2 1
-7.4 -11 0.7 142 0 2 1
-7.4 -10.4 0.8 59 0 2 1
-6.9 -8.3 1.2 165 0 2 2
-6.9 -8.2 1.2 163 0 2 2
-6.9 -8.1 1 111 0 2 2
-6.9 -8.1 1.1 149 0 2 2
-6.8 -9.7 0.8 57 0 2 1
-6.8 -8.3 1.2 176 0 2 2
-6.8 -8.1 1.2 197 0 2 2
-6.8 -8 1 55 0 2 2
-6.8 -8 1.2 189 0 2 2
-6.8 -7.8 0.9 201 0 2 1
-6.8 -7.1 0.9 196 0 2 1
-6.7 -10.3 0.8 125 0 2 3
-6.7 -8.5 1.2 155 0 2 2
-6.7 -8.3 1.2 143 0 2 2
-6.7 -8.1 1.2 184 0 2 2
-6.7 -8 1 58 0 2 2
-6.7 -8 1.1 52 0 2 2
-6.7 -8 1.2 126 0 2 2
-6.7 -7.9 0.9 54 0 2 2
-6.7 -7.9 1 99 0 2 2
-6.6 -8 0.9 51 0 2 2
-6.6 -8 1 91 0 2 2
-6.5 -10.3 1.3 66 0 2 3
-6.5 -8.7 1 198 0 2 2
-6.5 -8.7 1.1 206 0 2 2
-6.5 -8.4 1.2 163 0 2 2
-6.5 -8.1 1.2 166 0 2 2
-6.5 -8 1 172 0 2 2
-6.5 -8 1.2 170 0 2 2
-6.4 -10.4 2 61 0 2 3
-6.4 -8.6 0.9 197 0 2 2
-6.4 -8.6 1.1 204 0 2 2
-6.4 -8.5 0.9 198 0 2 2
-6.4 -8.5 1.1 204 0 2 2
-6.4 -8.5 1.2 121 0 2 2
-6.4 -8.4 1.2 193 0 2 2
-6.4 -8.3 1.2 135 0 2 2
-6.4 -8.1 1 197 0 2 2
-6.4 -8.1 1.1 156 0 2 2
-6.4 -8.1 1.2 167 0 2 2
-6.4 -8 0.8 186 0 2 2
-6.4 -8 0.9 70 0 2 2
-6.4 -8 1 187 0 2 2
-6.3 -8.3 0.9 189 0 2 2
-6.3 -8.3 1.2 210 0 2 2
-6.3 -8.1 1.2 200 0 2 2
-6.2 -10.3 2.1 72 0 2 3
-6.2 -7.8 0.8 200 0 2 1
-6.2 -7.1 0.8 201 0 2 1
-6.2 -6.5 0.8 197 0 2 1
-6.1 -10 2 98 0 2 3
-6.1 -9.1 0.8 133 0 2 1
-6.1 -8.4 0.8 200 0 2 1
-5.9 -10.5 2.4 73 0 2 3
-5.9 -9.6 1.7 70 0 2 3
-5.6 -9.6 1.8 119 0 2 3
-5.6 -9.5 1.6 75 0 2 3
-5.5 -10.5 2.5 78 0 2 3
-5.5 -9.1 0.8 193 0 2 1
-5.5 -8.4 0.8 195 0 2 1
-5.5 -7.8 0.8 200 0 2 1
-5.5 -7.1 0.8 204 0 2 1
-5.5 -6.5 0.8 199 0 2 1
-5.5 -5.9 0.7 201 0 2 1
-5.4 -10.6 2.5 192 0 2 3
-5.3 -10.7 2.5 181 0 2 3
-5.3 -10.4 2.5 204 0 2 3
-5.3 -10.1 2.2 153 0 2 3
-5.3 -9.4 1.4 113 0 2 3
-5.2 -10.6 2.5 195 0 2 3
-5.2 -9.8 2 188 0 2 3
-5 -10.6 2.3 211 0 2 3
-5 -9.3 1.2 69 0 2 3
-4.9 -11.2 2.5 185 0 2 3
-4.9 -9.7 1.7 153 0 2 3
-4.9 -9.3 1.2 138 0 2 3
-4.8 -9.4 1.3 201 0 2 3
-4.8 -9.4 1.4 160 0 2 3
-4.8 -9.1 0.7 180 0 2 1
-4.8 -8.4 0.7 195 0 2 1
-4.8 -7.8 0.7 195 0 2 1
-4.8 -7.1 0.7 202 0 2 1
-4.8 -5.2 0.6 191 0 2 1
-4.7 -11.3 2.5 191 0 2 3
-4.6 -20 0 133 0 2 1
-4.6 -11.3 2.4 198 0 2 3
-4.6 -11.1 2.2 209 0 2 3
-4.6 -10.5 1.9 214 0 2 3
-4.6 -9.9 1.6 205 0 2 3
-4.6 -9.4 1.3 175 0 2 3
-4.5 -9.4 1.3 205 0 2 3
-4.5 -5.1 0.8 167 0 2 2
-4.4 -11.5 2.3 169 0 2 3
-4.3 -11.1 2 212 0 2 3
-4.3 -9.3 1.1 183 0 2 3
-4.3 -5.2 0.9 192 0 2 2
-4.3 -5.1 1 193 0 2 2
-4.3 -5 0.6 182 0 2 2
-4.3 -5 0.9 133 0 2 2
-4.3 -5 1 158 0 2 2
-4.2 -11.7 2.2 195 0 2 3
-4.2 -11.6 2.2 140 0 2 3
-4.2 -7.8 0.7 196 0 2 1
-4.2 -7.1 0.7 202 0 2 1
-4.2 -6.5 0.6 205 0 2 1
-4.2 -5.9 0.6 198 0 2 1
-4.2 -5.1 1 194 0 2 2
-4.2 -5 1 129 0 2 2
-4.2 -4.9 0.7 56 0 2 2
-4.2 -4.9 0.8 50 0 2 2
-4.2 -4.9 0.9 48 0 2 2
-4.2 -4.6 0.5 192 0 2 1
-4.1 -11.7 2.2 176 0 2 3
-4.1 -10.1 1.4 202 0 2 3
-4.1 -8.4 0.6 198 0 2 1
-4.1 -5.3 1 190 0 2 2
-4.1 -5.1 1 191 0 2 2
-4.1 -5 1 192 0 2 2
-4.1 -4.9 0.6 47 0 2 2
-4.1 -4.9 0.8 49 0 2 2
-4.1 -4.9 1 158 0 2 2
-4 -11 1.8 207 0 2 3
-4 -10.5 1.5 209 0 2 3
-4 -9.1 0.8 105 0 2 3
-4 -9.1 0.9 181 0 2 3
-4 -5 1 180 0 2 2
-4 -4.9 0.6 178 0 2 2
-4 -4.9 0.8 168 0 2 2
-3.9 -20 0 133 0 2 1
-3.9 -19.4 0 190 0 2 1
-3.9 -18.8 0 187 0 2 1
-3.9 -18.1 0 193 0 2 1
-3.9 -9.1 0.7 106 0 2 3
-3.9 -5.4 0.9 207 0 2 2
-3.9 -5.3 1 200 0 2 2
-3.9 -5.2 1 209 0 2 2
-3.9 -5.1 1 198 0 2 2
-3.9 -5 0.6 182 0 2 2
-3.9 -5 0.7 173 0 2 2
-3.9 -5 0.8 197 0 2 2
-3.9 -4.9 0.6 89 0 2 2
-3.9 -4.9 0.7 122 0 2 2
-3.9 -4.9 0.8 156 0 2 2
-3.8 -10.5 1.3 215 0 2 3
-3.8 -10 1.1 204 0 2 3
-3.8 -9.2 0.8 185 0 2 3
-3.8 -5.3 0.9 207 0 2 2
-3.8 -5.2 0.6 186 0 2 2
-3.8 -5.2 0.7 197 0 2 2
-3.8 -5.2 0.8 213 0 2 2
-3.8 -5.2 0.9 215 0 2 2
-3.8 -5.1 0.6 165 0 2 2
-3.8 -5.1 0.7 199 0 2 2
-3.8 -5.1 0.8 211 0 2 2
-3.8 -5 0.7 187 0 2 2
-3.8 -5 0.8 207 0 2 2
-3.7 -11.6 1.9 167 0 2 3
-3.5 -11.6 1.7 195 0 2 3
-3.5 -11.1 1.5 209 0 2 3
-3.5 -9.1 0.6 198 0 2 1
-3.5 -8.4 0.6 197 0 2 1
-3.5 -7.8 0.6 198 0 2 1
-3.5 -7.1 0.6 200 0 2 1
-3.5 -6.5 0.6 206 0 2 1
-3.5 -5.9 0.6 204 0 2 1
-3.5 -5.2 0.5 199 0 2 1
-3.5 -4.6 0.5 196 0 2 1
-3.5 -3.9 0.4 196 0 2 1
-3.4 -10.8 1.3 213 0 2 3
-3.4 -9.3 0.6 213 0 2 3
-3.3 -20 0 131 0 2 1
-3.3 -19.4 0 192 0 2 1
-3.3 -18.8 0 195 0 2 1
-3.3 -18.1 0 196 0 2 1
-3.3 -17.5 0 197 0 2 1
-3.3 -16.8 0 192 0 2 1
-3.3 -16.2 0 196 0 2 1
-3.3 -15.5 0.1 199 0 2 1
-3.3 -14.9 0.1 221 0 2 1
-3.2 -11.6 1.5 127 0 2 3
-3.1 -11.6 1.4 212 0 2 3
-3.1 -11.4 1.4 214 0 2 3
-3.1 -9.9 0.7 213 0 2 3
-2.9 -12 0.9 224 0 2 3
-2.9 -11.3 1.2 215 0 2 3
-2.9 -10.6 0.9 213 0 2 3
-2.9 -10.4 0.8 218 0 2 3
-2.8 -11.9 0.8 209 0 2 3
-2.8 -11.8 1 216 0 2 3
-2.8 -11.6 1.1 184 0 2 3
-2.8 -10.9 0.9 212 0 2 3
-2.8 -10.6 0.8 218 0 2 3
-2.8 -10.4 0.4 202 0 2 1
-2.8 -9.7 0.5 202 0 2 1
-2.8 -9.1 0.5 198 0 2 1
-2.8 -8.4 0.5 201 0 2 1
-2.8 -7.8 0.5 203 0 2 1
-2.8 -7.1 0.5 199 0 2 1
-2.8 -6.5 0.5 205 0 2 1
-2.8 -5.9 0.5 206 0 2 1
-2.8 -5.2 0.5 204 0 2 1
-2.8 -4.6 0.4 197 0 2 1
-2.8 -3.9 0.4 195 0 2 1
-2.8 -3.3 0.3 193 0 2 1
-2.7 -14.9 0.1 205 0 2 1
-2.7 -14.2 0.1 211 0 2 1
-2.7 -13.6 0.2 208 0 2 1
-2.7 -13 0.3 203 0 2 1
-2.7 -12.3 0.3 218 0 2 1
-2.7 -12.1 0.6 203 0 2 3
-2.7 -10.8 0.7 218 0 2 3
-2.6 -20 0 131 0 2 1
-2.6 -19.4 0 195 0 2 1
-2.6 -18.8 0 193 0 2 1
-2.6 -18.1 0 193 0 2 1
-2.6 -17.5 0 196 0 2 1
-2.6 -16.8 0 194 0 2 1
-2.6 -16.2 0 198 0 2 1
-2.6 -15.5 0.1 203 0 2 1
-2.3 -7.3 0.7 194 0 2 2
-2.3 -7.2 0.7 191 0 2 2
-2.3 -7.1 0.5 157 0 2 2
-2.3 -7.1 0.7 170 0 2 2
-2.3 -7 0.6 195 0 2 2
-2.3 -7 0.7 192 0 2 2
-2.2 -7.5 0.8 198 0 2 2
-2.2 -7.4 0.7 53 0 2 2
-2.2 -7.4 0.8 155 0 2 2
-2.1 -12.3 0.2 206 0 2 1
-2.1 -11.7 0.3 205 0 2 1
-2.1 -11 0.3 201 0 2 1
-2.1 -10.4 0.4 201 0 2 1
-2.1 -9.7 0.4 198 0 2 1
-2.1 -7.6 0.8 195 0 2 2
-2.1 -7.3 0.7 146 0 2 2
-2.1 -7 0.7 103 0 2 2
-2.1 -6.5 0.4 203 0 2 1
-2.1 -5.9 0.4 206 0 2 1
-2.1 -5.2 0.4 199 0 2 1
-2.1 -4.6 0.4 201 0 2 1
-2.1 -3.9 0.3 197 0 2 1
-2.1 -3.3 0.3 194 0 2 1
-2.1 -2.6 0.2 192 0 2 1
-2 -20 0 131 0 2 1
-2 -19.4 0 196 0 2 1
-2 -18.8 0 195 0 2 1
-2 -18.1 0 199 0 2 1
-2 -17.5 0 193 0 2 1
-2 -16.8 0 198 0 2 1
-2 -16.2 0 200 0 2 1
-2 -15.5 0 203 0 2 1
-2 -14.9 0.1 207 0 2 1
-2 -14.2 0.1 211 0 2 1
-2 -13.6 0.2 213 0 2 1
-2 -13 0.2 207 0 2 1
-2 -7.6 0.8 200 0 2 2
-2 -7.3 0.7 188 0 2 2
-2 -7.1 0.7 193 0 2 2
-2 -7 0.6 177 0 2 2
-1.9 -7.6 0.7 201 0 2 2
-1.9 -7.3 0.7 201 0 2 2
-1.9 -7.2 0.7 115 0 2 2
-1.9 -7 0.5 52 0 2 2
-1.8 -7.5 0.7 202 0 2 2
-1.8 -7.4 0.7 205 0 2 2
-1.8 -7.2 0.7 185 0 2 2
-1.8 -7.1 0.6 183 0 2 2
-1.8 -7 0.5 173 0 2 2
-1.7 -7.5 0.7 203 0 2 2
-1.7 -7.4 0.5 198 0 2 2
-1.7 -7.4 0.6 199 0 2 2
-1.7 -7.4 0.7 208 0 2 2
-1.7 -7.3 0.5 193 0 2 2
-1.7 -7.3 0.7 220 0 2 2
-1.7 -7.2 0.6 193 0 2 2
-1.7 -7.2 0.7 212 0 2 2
-1.5 -9.1 0.4 199 0 2 1
-1.5 -8.4 0.4 198 0 2 1
-1.5 -7.8 0.4 194 0 2 1
-1.5 -7.1 0.4 203 0 2 1
-1.5 -6.5 0.4 200 0 2 1
-1.5 -5.9 0.4 202 0 2 1
-1.5 -5.2 0.4 204 0 2 1
-1.5 -4.6 0.3 202 0 2 1
-1.5 -3.9 0.3 198 0 2 1
-1.5 -3.3 0.2 194 0 2 1
-1.4 -14.2 0.1 207 0 2 1
-1.4 -13.6 0.1 209 0 2 1
-1.4 -13 0.2 207 0 2 1
-1.4 -12.3 0.2 206 0 2 1
-1.4 -11.7 0.2 206 0 2 1
-1.4 -11 0.3 199 0 2 1
-1.4 -10.4 0.3 201 0 2 1
-1.4 -9.7 0.4 200 0 2 1
-1.3 -20 0 131 0 2 1
-1.3 -19.4 0 196 0 2 1
-1.3 -18.8 0 196 0 2 1
-1.3 -18.1 0 197 0 2 1
-1.3 -17.5 0 198 0 2 1
-1.3 -16.8 0 196 0 2 1
-1.3 -16.2 0 198 0 2 1
-1.3 -15.5 0 202 0 2 1
-1.3 -14.9 0 200 0 2 1
-0.8 -11 0.2 203 0 2 1
-0.8 -10.4 0.3 196 0 2 1
-0.8 -9.7 0.3 199 0 2 1
-0.8 -9.1 0.3 199 0 2 1
-0.8 -8.4 0.4 200 0 2 1
-0.8 -7.8 0.4 201 0 2 1
-0.8 -7.1 0.4 204 0 2 1
-0.8 -6.5 0.4 198 0 2 1
-0.8 -5.9 0.4 201 0 2 1
-0.8 -5.2 0.3 204 0 2 1
-0.8 -4.6 0.3 201 0 2 1
-0.8 -3.9 0.2 199 0 2 1
-0.8 -3.3 0.2 192 0 2 1
-0.7 -20 0 135 0 2 1
-0.7 -19.4 0 198 0 2 1
-0.7 -18.8 0 196 0 2 1
-0.7 -18.1 0 201 0 2 1
-0.7 -17.5 0 199 0 2 1
-0.7 -16.8 0 195 0 2 1
-0.7 -16.2 0 200 0 2 1
-0.7 -15.5 0 200 0 2 1
-0.7 -14.9 0 200 0 2 1
-0.7 -14.2 0 204 0 2 1
-0.7 -13.6 0.1 206 0 2 1
-0.7 -13 0.1 209 0 2 1
-0.7 -12.3 0.2 207 0 2 1
-0.7 -11.7 0.2 204 0 2 1
-0.4 -6.5 0.6 180 0 2 2
-0.4 -6.5 0.7 180 0 2 2
-0.4 -6.5 0.8 141 0 2 2
-0.3 -6.7 0.8 197 0 2 2
-0.3 -6.4 0.5 58 0 2 2
-0.3 -6.4 0.6 56 0 2 2
-0.3 -6.4 0.8 56 0 2 2
-0.3 -6.3 0.6 53 0 2 2
-0.3 -6.3 0.9 154 0 2 2
-0.2 -6.8 0.8 200 0 2 2
-0.2 -6.3 0.5 50 0 2 2
-0.1 -20 0 135 0 2 1
-0.1 -19.4 0 197 0 2 1
-0.1 -18.8 0 197 0 2 1
-0.1 -18.1 0 199 0 2 1
-0.1 -17.5 0 201 0 2 1
-0.1 -16.8 0 199 0 2 1
-0.1 -16.2 0 204 0 2 1
-0.1 -15.5 0 201 0 2 1
-0.1 -14.9 0 203 0 2 1
-0.1 -14.2 0 204 0 2 1
-0.1 -13.6 0 208 0 2 1
-0.1 -13 0.1 212 0 2 1
-0.1 -12.3 0.1 207 0 2 1
-0.1 -11.7 0.2 207 0 2 1
-0.1 -11 0.2 202 0 2 1
-0.1 -10.4 0.3 201 0 2 1
-0.1 -6.9 0.8 201 0 2 2
-0.1 -6.5 0.8 198 0 2 2
-0.1 -6.3 0.5 54 0 2 2
-0.1 -6.2 0.5 57 0 2 2
0 -6.2 0.8 178 0 2 2
0 -6.2 0.9 144 0 2 2
-0.1 -5.9 0.4 197 0 2 1
-0.1 -5.2 0.3 200 0 2 1
-0.1 -4.6 0.3 202 0 2 1
-0.1 -3.9 0.2 196 0 2 1
-0.1 -3.3 0.2 195 0 2 1
0.1 -7 0.8 201 0 2 2
0.1 -6.8 0.8 193 0 2 2
0.1 -6.2 0.6 55 0 2 2
0.2 -6.7 0.8 151 0 2 2
0.2 -6.7 0.9 192 0 2 2
0.3 -7.2 0.8 204 0 2 2
0.3 -6.5 0.9 200 0 2 2
0.3 -6.4 0.9 194 0 2 2
0.3 -6.3 0.5 150 0 2 2
0.3 -6.3 0.7 123 0 2 2
0.4 -7.1 0.8 204 0 2 2
0.4 -6.5 0.9 207 0 2 2
0.5 -7.3 0.8 203 0 2 2
0.5 -7.2 0.8 205 0 2 2
0.5 -7 0.8 203 0 2 2
0.5 -6.5 0.6 180 0 2 2
0.5 -6.5 0.7 198 0 2 2
0.5 -5.9 0.4 200 0 2 1
0.5 -5.2 0.3 197 0 2 1
0.5 -4.6 0.3 200 0 2 1
0.5 -3.9 0.2 197 0 2 1
0.5 -3.3 0.2 197 0 2 1
0.6 -20 0 141 0 2 1
0.6 -19.4 0 197 0 2 1
0.6 -18.8 0 198 0 2 1
0.6 -18.1 0 197 0 2 1
0.6 -17.5 0 196 0 2 1
0.6 -16.8 0 199 0 2 1
0.6 -16.2 0 200 0 2 1
0.6 -15.5 0 201 0 2 1
0.6 -14.9 0 206 0 2 1
0.6 -14.2 0 206 0 2 1
0.6 -13.6 0 205 0 2 1
0.6 -13 0.1 205 0 2 1
0.6 -12.3 0.1 210 0 2 1
0.6 -11.7 0.2 208 0 2 1
0.6 -7.3 0.8 205 0 2 2
0.6 -6.7 0.9 205 0 2 2
0.6 -6.5 0.4 175 0 2 2
0.6 -6.5 0.6 191 0 2 2
0.7 -6.9 0.8 202 0 2 2
0.7 -6.8 0.5 196 0 2 2
0.7 -6.6 0.4 161 0 2 2
0.8 -6.9 0.6 208 0 2 2
0.9 -7 0.5 199 0 2 2
0.9 -7 0.6 196 0 2 2
0.9 -6.9 0.4 185 0 2 2
1.2 -20 0 140 0 2 1
1.2 -19.4 0 198 0 2 1
1.2 -18.8 0 199 0 2 1
1.2 -18.1 0 200 0 2 1
1.2 -17.5 0 199 0 2 1
1.2 -16.8 0 202 0 2 1
1.2 -16.2 0 200 0 2 1
1.2 -15.5 0 201 0 2 1
1.2 -14.9 0 204 0 2 1
1.2 -14.2 0 205 0 2 1
1.2 -13.6 0 202 0 2 1
1.2 -13 0.1 204 0 2 1
1.2 -12.3 0.1 210 0 2 1
1.2 -11.7 0.2 207 0 2 1
1.2 -11 0.2 206 0 2 1
1.2 -10.4 0.3 201 0 2 1
1.2 -9.7 0.3 202 0 2 1
1.2 -9.1 0.4 202 0 2 1
1.2 -8.4 0.4 199 0 2 1
1.2 -7.8 0.4 197 0 2 1
1.2 -7.1 0.4 201 0 2 1
1.2 -6.5 0.4 196 0 2 1
1.2 -5.9 0.4 197 0 2 1
1.2 -5.2 0.3 196 0 2 1
1.2 -4.6 0.3 204 0 2 1
1.2 -3.9 0.3 201 0 2 1
1.2 -3.3 0.2 199 0 2 1
1.9 -20 0 137 0 2 1
1.9 -19.4 0 196 0 2 1
1.9 -18.8 0 201 0 2 1
1.9 -18.1 0 204 0 2 1
1.9 -17.5 0 201 0 2 1
1.9 -16.8 0 200 0 2 1
1.9 -16.2 0 203 0 2 1
1.9 -15.5 0 202 0 2 1
1.9 -14.9 0 202 0 2 1
1.9 -14.2 0 209 0 2 1
1.9 -13.6 0.1 203 0 2 1
1.9 -13 0.1 206 0 2 1
1.9 -12.3 0.2 211 0 2 1
1.9 -11.7 0.2 204 0 2 1
1.9 -11 0.3 203 0 2 1
1.9 -10.4 0.3 202 0 2 1
1.9 -9.7 0.4 195 0 2 1
1.9 -9.1 0.4 200 0 2 1
1.9 -8.4 0.4 208 0 2 1
1.9 -7.8 0.4 196 0 2 1
1.9 -7.1 0.4 191 0 2 1
1.9 -6.5 0.4 200 0 2 1
1.9 -5.9 0.4 196 0 2 1
1.9 -5.2 0.4 201 0 2 1
1.9 -4.6 0.3 207 0 2 1
1.9 -3.9 0.3 203 0 2 1
1.9 -3.3 0.2 203 0 2 1
2.5 -20 0 138 0 2 1
2.5 -19.4 0 203 0 2 1
2.5 -18.8 0 202 0 2 1
2.5 -18.1 0 198 0 2 1
2.5 -17.5 0 201 0 2 1
2.5 -16.8 0 198 0 2 1
2.5 -16.2 0 205 0 2 1
2.5 -15.5 0 202 0 2 1
2.5 -14.9 0 204 0 2 1
2.5 -14.2 0.1 207 0 2 1
2.5 -13.6 0.1 204 0 2 1
2.5 -13 0.1 204 0 2 1
2.5 -12.3 0.2 211 0 2 1
2.5 -11.7 0.3 204 0 2 1
2.5 -11 0.3 202 0 2 1
2.5 -10.4 0.4 204 0 2 1
2.5 -9.8 0.4 201 0 2 2
2.5 -9.7 0.4 108 0 2 1
2.5 -9.7 0.5 186 0 2 2
2.5 -9.7 0.6 150 0 2 2
2.5 -9.3 0.5 53 0 2 2
2.5 -9.1 0.4 199 0 2 1
2.5 -8.4 0.5 204 0 2 1
2.5 -7.8 0.5 200 0 2 1
2.5 -7.1 0.5 197 0 2 1
2.5 -6.5 0.5 195 0 2 1
2.5 -5.9 0.5 197 0 2 1
2.5 -5.2 0.4 200 0 2 1
2.5 -4.6 0.4 204 0 2 1
2.5 -3.9 0.3 208 0 2 1
2.5 -3.3 0.3 210 0 2 1
2.5 -2.6 0.2 213 0 2 1
2.6 -9.7 0.6 179 0 2 2
2.6 -9.7 0.7 187 0 2 2
2.6 -9.6 0.7 92 0 2 2
2.6 -9.5 0.8 158 0 2 2
2.6 -9.4 0.6 54 0 2 2
2.6 -9.4 0.8 59 0 2 2
2.6 -9.3 0.7 114 0 2 2
2.6 -9.2 0.5 57 0 2 2
2.7 -9.7 0.8 180 0 2 2
2.7 -9.6 0.8 198 0 2 2
2.7 -9.4 0.8 186 0 2 2
2.7 -9.3 0.7 98 0 2 2
2.7 -9.2 0.5 55 0 2 2
2.8 -9.6 0.8 223 0 2 2
2.8 -9.6 0.9 227 0 2 2
2.8 -9.5 0.8 235 0 2 2
2.8 -9.4 0.8 215 0 2 2
2.8 -9.3 0.7 160 0 2 2
2.8 -9.3 0.8 205 0 2 2
2.8 -9.2 0.6 166 0 2 2
2.9 -9.6 0.8 235 0 2 2
2.9 -9.5 0.7 235 0 2 2
2.9 -9.3 0.6 206 0 2 2
2.9 -9.3 0.7 224 0 2 2
2.9 -9.2 0.6 110 0 2 2
3 -9.7 0.7 222 0 2 2
3 -9.6 0.7 234 0 2 2
3 -9.5 0.6 236 0 2 2
3 -9.5 0.7 232 0 2 2
3 -9.4 0.6 231 0 2 2
3 -9.3 0.6 231 0 2 2
3.1 -9.7 0.6 229 0 2 2
3.1 -9.7 0.7 222 0 2 2
3.1 -9.6 0.6 235 0 2 2
3.1 -9.4 0.6 234 0 2 2
3.1 -9.3 0.5 207 0 2 2
3.1 -9.2 0.5 103 0 2 2
3.2 -20 0 138 0 2 1
3.2 -19.4 0 204 0 2 1
3.2 -18.8 0 204 0 2 1
3.2 -18.1 0 204 0 2 1
3.2 -17.5 0 203 0 2 1
3.2 -16.8 0 204 0 2 1
3.2 -16.2 0 208 0 2 1
3.2 -15.5 0 202 0 2 1
3.2 -14.9 0 203 0 2 1
3.2 -14.2 0.1 210 0 2 1
3.2 -13.6 0.1 208 0 2 1
3.2 -13 0.2 203 0 2 1
3.2 -12.3 0.2 207 0 2 1
3.2 -9.7 0.6 230 0 2 2
3.2 -9.6 0.5 209 0 2 2
3.2 -9.4 0.5 231 0 2 2
3.2 -9.3 0.5 214 0 2 2
3.2 -9.1 0.5 209 0 2 1
3.2 -8.4 0.5 200 0 2 1
3.2 -7.8 0.5 196 0 2 1
3.2 -7.1 0.5 199 0 2 1
3.2 -6.5 0.5 197 0 2 1
3.2 -5.9 0.5 196 0 2 1
3.2 -5.2 0.5 199 0 2 1
3.2 -4.6 0.5 206 0 2 1
3.2 -3.9 0.4 215 0 2 1
3.2 -3.3 0.4 223 0 2 1
3.8 -20 0 144 0 2 1
3.8 -19.4 0 203 0 2 1
3.8 -18.8 0 204 0 2 1
3.8 -18.1 0 205 0 2 1
3.8 -17.5 0 205 0 2 1
3.8 -16.8 0 207 0 2 1
3.8 -16.2 0 204 0 2 1
3.8 -15.5 0 203 0 2 1
3.8 -14.9 0.1 198 0 2 1
3.8 -14.2 0.1 167 0 2 1
3.8 -11.7 0.4 168 0 2 1
3.8 -11 0.4 178 0 2 1
3.8 -10.4 0.5 183 0 2 1
3.8 -9.7 0.5 203 0 2 1
3.8 -9.1 0.6 207 0 2 1
3.8 -8.4 0.6 201 0 2 1
3.8 -7.8 0.6 201 0 2 1
3.8 -7.1 0.6 196 0 2 1
3.8 -6.5 0.6 200 0 2 1
3.8 -5.9 0.6 201 0 2 1
3.8 -5.2 0.6 210 0 2 1
3.8 -4.6 0.5 212 0 2 1
3.8 -3.9 0.5 225 0 2 1
4.5 -20 0 141 0 2 1
4.5 -19.4 0 206 0 2 1
4.5 -18.8 0 208 0 2 1
4.5 -18.1 0 202 0 2 1
4.5 -17.5 0 205 0 2 1
4.5 -16.8 0 203 0 2 1
4.5 -14.2 0.2 59 0 2 1
4.5 -13.6 0.2 59 0 2 1
4.5 -13 0.3 60 0 2 1
4.5 -12.3 0.4 58 0 2 1
4.5 -11.7 0.4 56 0 2 1
4.5 -11 0.5 56 0 2 1
4.5 -10.4 0.5 55 0 2 1
4.5 -9.7 0.6 133 0 2 1
4.5 -9.1 0.6 208 0 2 1
4.5 -8.4 0.7 202 0 2 1
4.5 -7.8 0.7 203 0 2 1
4.5 -7.1 0.7 205 0 2 1
4.5 -6.5 0.7 204 0 2 1
4.5 -5.9 0.7 209 0 2 1
4.5 -5.2 0.6 217 0 2 1
4.5 -4.6 0.6 228 0 2 1
5.1 -20 0 147 0 2 1
5.1 -19.4 0 210 0 2 1
5.1 -18.8 0 209 0 2 1
5.1 -18.1 0 205 0 2 1
5.1 -16.8 0 205 0 2 1
5.1 -16.2 0 56 0 2 1
5.1 -15.5 0.1 56 0 2 1
5.1 -14.9 0.1 57 0 2 1
5.1 -14.2 0.2 59 0 2 1
5.1 -13.6 0.3 61 0 2 1
5.1 -13 0.3 60 0 2 1
5.1 -12.3 0.4 58 0 2 1
5.1 -11.7 0.5 57 0 2 1
5.1 -11 0.5 58 0 2 1
5.1 -10.4 0.6 59 0 2 1
5.1 -9.7 0.7 61 0 2 1
5.1 -9.1 0.7 208 0 2 1
5.1 -8.4 0.7 208 0 2 1
5.1 -7.8 0.8 205 0 2 1
5.1 -7.1 0.8 206 0 2 1
5.1 -6.5 0.8 213 0 2 1
5.1 -5.9 0.7 219 0 2 1
5.1 -5.2 0.7 229 0 2 1
5.8 -20 0 145 0 2 1
5.8 -19.4 0 209 0 2 1
5.8 -18.8 0 210 0 2 1
5.8 -18.1 0 205 0 2 1
5.8 -17.5 0 210 0 2 1
5.8 -16.8 0 208 0 2 1
5.8 -16.2 0 55 0 2 1
5.8 -15.5 0.1 55 0 2 1
5.8 -14.9 0.1 55 0 2 1
5.8 -14.2 0.2 58 0 2 1
5.8 -13.6 0.3 60 0 2 1
5.8 -13 0.4 60 0 2 1
5.8 -12.3 0.4 58 0 2 1
5.8 -11.7 0.5 57 0 2 1
5.8 -11 0.6 57 0 2 1
5.8 -10.4 0.7 57 0 2 1
5.8 -9.7 0.7 60 0 2 1
5.8 -9.1 0.8 213 0 2 1
5.8 -8.4 0.8 209 0 2 1
5.8 -7.8 0.8 207 0 2 1
5.8 -7.1 0.8 213 0 2 1
5.8 -6.5 0.8 218 0 2 1
5.8 -5.9 0.8 230 0 2 1
5.9 -11.8 1.1 52 0 2 3
6 -14 0.4 57 0 2 3
6 -13.6 1.2 54 0 2 3
6 -12.7 1.3 54 0 2 3
6 -11.4 1.6 50 0 2 3
6 -11.4 2.1 114 0 2 3
6.1 -13.4 2 56 0 2 3
6.1 -13.2 2.1 68 0 2 3
6.1 -12.2 2.1 128 0 2 3
6.2 -15.2 0.4 52 0 2 3
6.2 -14.5 1.3 58 0 2 3
6.2 -14.1 2.2 62 0 2 3
6.2 -11.4 1 48 0 2 3
6.3 -15.2 2.1 61 0 2 3
6.3 -13.3 2.3 166 0 2 3
6.3 -10.8 2.2 165 0 2 3
6.4 -20 0 144 0 2 1
6.4 -19.4 0 207 0 2 1
6.4 -18.8 0 211 0 2 1
6.4 -18.1 0 209 0 2 1
6.4 -17.5 0 213 0 2 1
6.4 -16.8 0 209 0 2 1
6.4 -16.4 0.5 56 0 2 3
6.4 -16.2 0 159 0 2 1
6.4 -16 1.9 185 0 2 3
6.4 -15.9 2.1 63 0 2 3
6.4 -15.5 0.1 55 0 2 1
6.4 -11 0.6 57 0 2 1
6.4 -10.7 1.6 46 0 2 3
6.4 -10.4 0.7 61 0 2 1
6.4 -9.7 0.8 145 0 2 1
6.4 -9.1 0.8 215 0 2 1
6.4 -8.4 0.9 214 0 2 1
6.4 -7.8 0.9 215 0 2 1
6.4 -7.1 0.9 221 0 2 1
6.4 -6.5 0.9 231 0 2 1
6.5 -17.3 0.6 69 0 2 3
6.5 -17.1 0.9 57 0 2 3
6.5 -16.3 1.9 165 0 2 3
6.5 -10.5 1.3 47 0 2 3
6.6 -17.2 1.5 62 0 2 3
6.6 -16.8 2 107 0 2 3
6.7 -17.4 0.3 61 0 2 3
6.7 -10.5 2.1 104 0 2 3
7 -20 0 148 0 2 1
7 -19.4 0 212 0 2 1
7 -18.8 0 213 0 2 1
7 -18.1 0 209 0 2 1
7 -10.4 0.7 58 0 2 1
7 -9.7 0.8 214 0 2 1
7 -9.1 0.9 216 0 2 1
7 -8.4 0.9 219 0 2 1
7 -7.8 0.9 223 0 2 1
7 -7.1 0.9 229 0 2 1
7.2 -13.3 2.2 204 0 2 3
7.2 -10.6 1 56 0 2 3
7.2 -10.5 1.8 57 0 2 3
7.4 -10.6 0.7 55 0 2 3
7.5 -12 2.3 207 0 2 3
7.5 -10.5 2.3 188 0 2 3
7.6 -10.6 0.8 54 0 2 3
7.7 -20 0 150 0 2 1
7.7 -13.3 2.5 69 0 2 3
7.7 -10.4 0.8 154 0 2 1
7.7 -9.7 0.8 218 0 2 1
7.7 -9.1 0.9 222 0 2 1
7.7 -8.4 0.9 224 0 2 1
7.7 -7.8 0.9 230 0 2 1
7.8 -13.2 2.3 146 0 2 3
7.9 -13.3 2.5 127 0 2 3
8.3 -10.4 0.8 211 0 2 1
8.3 -9.7 0.8 223 0 2 1
8.3 -9.1 0.9 227 0 2 1
8.3 -8.4 0.9 232 0 2 1
8.7 -10.9 0.7 67 0 2 3
8.9 -11 2.4 84 0 2 3
9 -11 0.7 219 0 2 1
9 -10.4 0.8 224 0 2 1
9 -9.7 0.8 227 0 2 1
9 -9.1 0.9 232 0 2 1
9.2 -13.2 2.7 75 0 2 3
9.2 -11.1 0.7 211 0 2 3
9.2 -11.1 2.3 71 0 2 3
9.3 -12.7 2.5 192 0 2 3
9.3 -11.2 1.1 127 0 2 3
9.4 -13.1 2.5 208 0 2 3
9.6 -10.4 0.7 228 0 2 1
14.8 -17.5 0 222 0 2 1
15.4 -18.1 0 226 0 2 1
15.4 -17.5 0 226 0 2 1
16.1 -18.8 0 227 0 2 1
16.1 -18.1 0 227 0 2 1
16.1 -17.5 0 227 0 2 1
16.7 -20 0 167 0 2 1
16.7 -19.4 0 225 0 2 1
16.7 -18.8 0 229 0 2 1
16.7 -18.1 0 228 0 2 1
16.7 -17.5 0 230 0 2 1
17.4 -20 0 171 0 2 1
17.4 -19.4 0 228 0 2 1
17.4 -18.8 0 229 0 2 1
17.4 -18.1 0 232 0 2 1
17.4 -17.5 0 233 0 2 1
18 -20 0 174 0 2 1
18 -19.4 0 229 0 2 1
18 -18.8 0 231 0 2 1
18 -18.1 0 234 0 2 1
18.7 -20 0 174 0 2 1
18.7 -19.4 0 230 0 2 1
18.7 -18.8 0 232 0 2 1
19.3 -20 0 177 0 2 1
19.3 -19.4 0 231 0 2 1
20 -20 0 173 0 2 1
