2.5 -2.6 0.2 214 0 2 1
3.2 -3.3 0.4 223 0 2 1
3.2 -2.6 0.3 209 0 2 1
3.2 -2 0.2 202 0 2 1
3.2 -1.3 0.2 197 0 2 1
3.2 -0.7 0.1 190 0 2 1
3.2 -0.1 0 190 0 2 1
3.2 0.6 0 195 0 2 1
3.2 1.2 -0.1 198 0 2 1
3.2 1.9 -0.1 196 0 2 1
3.3 2.5 -0.1 194 0 2 1
3.3 3.2 -0.1 191 0 2 1
3.8 -3.9 0.5 225 0 2 1
3.8 -3.3 0.4 216 0 2 1
3.8 -2.6 0.4 203 0 2 1
3.8 -2 0.3 198 0 2 1
3.8 -1.3 0.2 191 0 2 1
3.8 -0.7 0.2 193 0 2 1
3.8 -0.1 0.1 189 0 2 1
3.9 0.6 0 194 0 2 1
3.9 1.2 0 195 0 2 1
3.9 1.9 -0.1 195 0 2 1
3.9 2.5 -0.1 191 0 2 1
3.9 3.2 -0.1 193 0 2 1
3.9 3.8 -0.1 189 0 2 1
4.5 -4.6 0.6 227 0 2 1
4.5 -3.9 0.5 219 0 2 1
4.5 -3.3 0.5 208 0 2 1
4.5 -2.6 0.4 202 0 2 1
4.5 -2.6 0.5 70 0 2 2
4.5 -2 0.4 193 0 2 1
4.5 -1.3 0.3 190 0 2 1
4.5 -0.7 0.2 186 0 2 1
4.5 -0.1 0.1 188 0 2 1
4.5 0.6 0 196 0 2 1
4.5 1.2 0 198 0 2 1
4.5 1.9 -0.1 196 0 2 1
4.5 2.5 -0.1 196 0 2 1
4.5 3.2 -0.1 195 0 2 1
4.5 3.8 -0.2 193 0 2 1
4.6 -3.3 0.5 177 0 2 2
4.6 -3.3 0.6 182 0 2 2
4.6 -3.2 0.7 179 0 2 2
4.6 -3.1 0.5 206 0 2 2
4.6 -3.1 0.7 196 0 2 2
4.6 -2.9 0.5 53 0 2 2
4.6 -2.9 0.6 53 0 2 2
4.6 -2.9 0.7 137 0 2 2
4.6 -2.8 0.6 53 0 2 2
4.6 -2.8 0.7 173 0 2 2
4.6 -2.7 0.4 46 0 2 2
4.6 -2.7 0.6 53 0 2 2
4.6 -2.6 0.6 61 0 2 2
4.6 -2.6 0.7 204 0 2 2
4.6 -2.5 0.5 53 0 2 2
4.6 -2.5 0.6 48 0 2 2
4.6 -2.5 0.7 188 0 2 2
4.6 -2.4 0.6 51 0 2 2
4.6 -2.4 0.7 164 0 2 2
4.6 4.5 -0.2 192 0 2 1
4.7 -3.3 0.5 49 0 2 2
4.7 -3.3 0.7 214 0 2 2
4.7 -3.2 0.7 220 0 2 2
4.7 -3.1 0.7 216 0 2 2
4.7 -2.8 0.7 129 0 2 2
4.7 -2.4 0.5 61 0 2 2
4.7 -2.4 0.6 59 0 2 2
4.7 -2.4 0.7 58 0 2 2
4.8 -3.1 0.7 221 0 2 2
4.8 -2.8 0.7 185 0 2 2
4.8 -2.8 0.8 216 0 2 2
4.8 -2.6 0.7 206 0 2 2
4.8 -2.4 0.5 58 0 2 2
4.8 -2.4 0.7 176 0 2 2
4.9 -3.2 0.7 215 0 2 2
4.9 -2.5 0.5 61 0 2 2
5 -3.2 0.7 217 0 2 2
5 -3 0.8 216 0 2 2
5 -2.8 0.8 215 0 2 2
5 -2.7 0.8 201 0 2 2
5 -2.5 0.5 169 0 2 2
5 -2.5 0.6 61 0 2 2
5 -2.5 0.7 193 0 2 2
5 -2.5 0.8 196 0 2 2
5 3.6 0 119 0 2 2
5 3.7 -0.1 52 0 2 2
5 3.8 -0.1 56 0 2 2
5 3.9 0 77 0 2 2
5.1 -5.2 0.7 227 0 2 1
5.1 -4.6 0.7 221 0 2 1
5.1 -3.9 0.6 214 0 2 1
5.1 -2 0.4 191 0 2 1
5.1 -1.3 0.3 193 0 2 1
5.1 -0.7 0.2 192 0 2 1
5.1 -0.1 0.2 191 0 2 1
5.1 0.6 0.1 196 0 2 1
5.1 1.2 0 197 0 2 1
5.1 3.5 0.1 157 0 2 2
5.1 3.7 0.1 159 0 2 2
5.1 4 0 183 0 2 2
5.1 4 0.1 164 0 2 2
5.2 1.9 0 194 0 2 1
5.2 2.5 -0.1 190 0 2 1
5.2 3.2 -0.1 190 0 2 1
5.2 3.4 -0.1 170 0 2 2
5.2 3.4 0.1 188 0 2 2
5.2 3.9 0.1 159 0 2 2
5.2 4 0.1 182 0 2 2
5.2 4.5 -0.2 194 0 2 1
5.2 5.1 -0.2 194 0 2 1
5.3 3.4 -0.1 182 0 2 2
5.3 3.4 0.1 185 0 2 2
5.3 3.7 0.1 184 0 2 2
5.3 3.8 0.1 194 0 2 2
5.3 4.1 0 155 0 2 2
5.3 4.1 0.1 185 0 2 2
5.4 3.5 0 190 0 2 2
5.4 3.5 0.1 186 0 2 2
5.4 4 0.1 197 0 2 2
5.4 4.1 0.1 190 0 2 2
5.5 3.5 0.1 195 0 2 2
5.5 3.6 0.1 198 0 2 2
5.5 3.6 0.2 188 0 2 2
5.5 4 0.1 194 0 2 2
5.6 3.6 0.1 203 0 2 2
5.6 3.7 0.2 184 0 2 2
5.6 3.8 0.1 191 0 2 2
5.6 3.9 0.1 190 0 2 2
5.8 -5.9 0.8 227 0 2 1
5.8 -5.2 0.8 220 0 2 1
5.8 -4.6 0.7 212 0 2 1
5.8 -3.9 0.7 209 0 2 1
5.8 -2.6 0.5 198 0 2 1
5.8 -2 0.4 196 0 2 1
5.8 -1.3 0.4 192 0 2 1
5.8 -0.7 0.3 190 0 2 1
5.8 -0.1 0.2 193 0 2 1
5.8 0.6 0.1 191 0 2 1
5.8 1.2 0 198 0 2 1
5.8 1.9 0 195 0 2 1
5.8 2.5 -0.1 190 0 2 1
5.8 3.2 -0.1 190 0 2 1
5.8 5.1 -0.3 192 0 2 1
5.8 5.8 -0.3 192 0 2 1
5.9 -6 1 55 0 2 2
5.9 -5.9 0.9 51 0 2 2
5.9 -5.8 0.9 53 0 2 2
5.9 -5.8 1 58 0 2 2
5.9 -5.7 1.3 156 0 2 2
6 -5.7 1 56 0 2 2
6 -5.7 1.3 81 0 2 2
6 -5.6 1 54 0 2 2
6.2 -6 1.3 191 0 2 2
6.2 -5.6 1.3 116 0 2 2
6.2 -5.5 1 55 0 2 2
6.2 -5.5 1.2 56 0 2 2
6.3 -6.2 1.2 55 0 2 2
6.3 -5.6 1.3 92 0 2 2
6.4 -6 1.3 157 0 2 2
6.4 -5.9 1.3 84 0 2 2
6.4 -5.8 1.3 145 0 2 2
6.4 -5.6 1.4 89 0 2 2
6.4 -5.5 1.1 57 0 2 2
6.4 -5.5 1.3 109 0 2 2
6.4 -5.2 0.8 210 0 2 1
6.4 -4.6 0.8 210 0 2 1
6.4 -3.9 0.7 206 0 2 1
6.4 -3.3 0.6 203 0 2 1
6.4 -2.6 0.6 196 0 2 1
6.4 -2 0.5 194 0 2 1
6.4 -1.3 0.4 195 0 2 1
6.4 -0.7 0.3 191 0 2 1
6.4 -0.1 0.2 190 0 2 1
6.4 0.6 0.1 193 0 2 1
6.4 1.2 0.1 196 0 2 1
6.4 1.9 0 196 0 2 1
6.4 2.5 -0.1 196 0 2 1
6.4 3.2 -0.1 189 0 2 1
6.4 3.8 -0.2 188 0 2 1
6.4 5.1 -0.3 191 0 2 1
6.4 5.8 -0.3 186 0 2 1
6.4 6.4 -0.4 187 0 2 1
6.5 -6.2 1.2 138 0 2 2
6.5 -6.1 1.3 192 0 2 2
6.5 -5.8 1.3 109 0 2 2
6.5 -5.5 1.2 59 0 2 2
6.5 -5.4 0.8 213 0 2 2
6.5 -5.4 1 55 0 2 2
6.7 -5.5 1.3 64 0 2 2
6.8 -5.5 1 57 0 2 2
6.9 -5.5 1.3 73 0 2 2
7 -5.5 1 188 0 2 2
7 -5.5 1.2 208 0 2 2
7 -5.2 0.9 211 0 2 1
7 -4.6 0.8 204 0 2 1
7 -3.9 0.7 206 0 2 1
7 -3.3 0.7 201 0 2 1
7 -2.6 0.6 199 0 2 1
7 -2 0.5 195 0 2 1
7 -1.3 0.4 190 0 2 1
7 -0.7 0.3 193 0 2 1
7 7 -0.5 194 0 2 1
7.1 -5.5 1 197 0 2 2
7.1 -5.4 0.9 198 0 2 2
7.1 -0.1 0.3 191 0 2 1
7.1 0.6 0.2 194 0 2 1
7.1 1.2 0.1 199 0 2 1
7.1 1.9 0 197 0 2 1
7.1 2.5 0 197 0 2 1
7.1 3.2 -0.1 190 0 2 1
7.1 3.8 -0.2 190 0 2 1
7.1 4.5 -0.2 186 0 2 1
7.1 5.1 -0.3 189 0 2 1
7.1 5.8 -0.4 191 0 2 1
7.1 6.4 -0.4 184 0 2 1
7.7 -5.9 0.9 208 0 2 1
7.7 -5.2 0.9 209 0 2 1
7.7 -4.6 0.8 199 0 2 1
7.7 -3.9 0.8 203 0 2 1
7.7 -3.3 0.7 202 0 2 1
7.7 -2.6 0.6 194 0 2 1
7.7 -2 0.5 197 0 2 1
7.7 -1.3 0.4 194 0 2 1
7.7 -0.7 0.3 189 0 2 1
7.7 -0.1 0.3 193 0 2 1
7.7 0.6 0.2 191 0 2 1
7.7 1.2 0.1 201 0 2 1
7.7 1.9 0 197 0 2 1
7.7 2.5 0 191 0 2 1
7.7 3.2 -0.1 187 0 2 1
7.7 3.8 -0.2 191 0 2 1
7.7 4.5 -0.2 188 0 2 1
7.7 5.1 -0.3 189 0 2 1
7.7 5.8 -0.4 189 0 2 1
7.7 6.4 -0.4 190 0 2 1
7.7 7 -0.5 194 0 2 1
7.7 7.7 -0.6 196 0 2 1
8.3 -6.5 1 212 0 2 1
8.3 -5.9 0.9 208 0 2 1
8.3 -5.2 0.9 207 0 2 1
8.3 -4.6 0.8 204 0 2 1
8.3 -3.9 0.8 207 0 2 1
8.3 -3.3 0.7 197 0 2 1
8.3 -2.6 0.6 194 0 2 1
8.3 -2 0.5 192 0 2 1
8.3 -1.3 0.4 191 0 2 1
8.3 -0.7 0.4 193 0 2 1
8.3 -0.1 0.3 192 0 2 1
8.3 0.6 0.2 191 0 2 1
8.3 1.2 0.1 188 0 2 1
8.3 1.9 0 91 0 2 1
8.3 2.5 0 63 0 2 1
8.3 3.2 -0.1 59 0 2 1
8.3 3.8 -0.2 70 0 2 1
8.3 4.5 -0.2 187 0 2 1
8.3 5.1 -0.3 187 0 2 1
8.3 5.8 -0.4 186 0 2 1
8.3 6.4 -0.4 187 0 2 1
8.3 7 -0.5 190 0 2 1
8.3 7.7 -0.6 195 0 2 1
8.3 8.3 -0.6 186 0 2 1
8.4 -6.4 1 59 0 2 2
8.4 -6.3 1.2 71 0 2 2
8.5 -6.5 1.2 67 0 2 2
8.5 -6.5 1.3 116 0 2 2
8.5 -6.4 1.3 118 0 2 2
8.5 -6.4 1.4 182 0 2 2
8.5 -6.2 1.3 125 0 2 2
8.5 1.6 0.5 53 0 2 3
8.6 -6.6 1.4 159 0 2 2
8.6 -6.5 1.1 65 0 2 2
8.6 -6.3 1.4 182 0 2 2
8.6 1.4 0.2 49 0 2 3
8.6 1.5 0.4 55 0 2 3
8.6 1.6 0.8 47 0 2 3
8.6 1.6 1 99 0 2 3
8.6 1.7 0.2 49 0 2 3
8.7 -6.7 1.3 63 0 2 2
8.7 -6.6 1.4 216 0 2 2
8.7 -6.2 1.3 162 0 2 2
8.7 1.4 0.9 54 0 2 3
8.7 1.4 1.1 69 0 2 3
8.7 1.7 0.4 45 0 2 3
8.8 -6.5 1.4 199 0 2 2
8.8 -6.2 1.4 208 0 2 2
8.8 0.5 0.2 152 0 2 3
8.8 0.9 0.5 56 0 2 3
8.8 1 0.7 53 0 2 3
8.8 1.2 1.2 101 0 2 3
8.8 1.2 1.3 106 0 2 3
8.9 -6.5 1.4 203 0 2 2
8.9 -6 1.4 142 0 2 2
8.9 0.8 1 59 0 2 3
8.9 6.4 -0.4 187 0 2 1
8.9 7 -0.5 187 0 2 1
8.9 7.7 -0.6 193 0 2 1
8.9 8.3 -0.6 184 0 2 1
8.9 9 -0.7 181 0 2 1
9 -6.5 1.5 193 0 2 2
9 -6.2 1.5 217 0 2 2
9 -6 1.4 213 0 2 2
9 -5.9 0.9 209 0 2 1
9 -5.9 1.4 201 0 2 2
9 -5.2 0.9 200 0 2 1
9 -4.6 0.8 201 0 2 1
9 -3.9 0.8 207 0 2 1
9 -3.3 0.7 200 0 2 1
9 -2.6 0.6 191 0 2 1
9 -2 0.5 196 0 2 1
9 -1.3 0.4 191 0 2 1
9 -0.7 0.3 195 0 2 1
9 -0.1 0.3 188 0 2 1
9 0.4 0.8 58 0 2 3
9 1.1 1.8 52 0 2 3
9 1.3 1.7 43 0 2 3
9 2.1 0.4 44 0 2 3
9 2.5 0 64 0 2 1
9 3.2 -0.1 60 0 2 1
9 3.8 -0.2 59 0 2 1
9 4.5 -0.2 85 0 2 1
9 5.1 -0.3 186 0 2 1
9 5.8 -0.4 190 0 2 1
9.1 -5.8 1.4 174 0 2 2
9.1 0 0.5 55 0 2 3
9.1 0.1 1.2 58 0 2 3
9.1 1 2.4 117 0 2 3
9.1 2.1 1 104 0 2 3
9.2 -6.4 1.5 209 0 2 2
9.2 -6.1 1.5 214 0 2 2
9.2 -5.9 1.5 207 0 2 2
9.2 -0.3 1 55 0 2 3
9.2 0.1 1.6 142 0 2 3
9.2 0.4 1.9 54 0 2 3
9.2 1.2 2.3 57 0 2 3
9.2 1.2 2.4 135 0 2 3
9.2 1.4 2.3 53 0 2 3
9.2 1.5 2.2 50 0 2 3
9.2 1.9 1.1 140 0 2 3
9.3 -6.2 1.5 135 0 2 2
9.3 -6 1.5 206 0 2 2
9.3 -5.8 1.5 191 0 2 2
9.3 -5.7 1.3 131 0 2 2
9.3 -5.7 1.5 157 0 2 2
9.3 -0.7 0.7 56 0 2 3
9.3 0.3 2.5 116 0 2 3
9.3 1.4 2.3 69 0 2 3
9.4 -5.6 1.3 107 0 2 2
9.4 -1.1 0.6 69 0 2 3
9.4 0.5 2.5 143 0 2 3
9.5 -6.1 1.5 145 0 2 2
9.5 -5.9 1.5 224 0 2 2
9.5 -5.8 1.4 103 0 2 2
9.5 -5.6 1.1 59 0 2 2
9.5 -5.6 1.2 65 0 2 2
9.5 -1.3 0.7 89 0 2 3
9.5 -1.1 1.6 60 0 2 3
9.5 -1.1 2 109 0 2 3
9.5 -1 1.2 58 0 2 3
9.5 -0.7 2.3 95 0 2 3
9.5 -0.4 2.6 99 0 2 3
9.5 2.6 0.4 49 0 2 3
9.5 2.6 0.9 67 0 2 3
9.5 8.3 -0.6 190 0 2 1
9.5 9 -0.7 185 0 2 1
9.5 9.6 -0.7 184 0 2 1
9.6 -6 1.5 185 0 2 2
9.6 -5.2 0.9 206 0 2 1
9.6 -4.6 0.8 202 0 2 1
9.6 -3.9 0.7 206 0 2 1
9.6 -3.3 0.7 203 0 2 1
9.6 -2.6 0.6 197 0 2 1
9.6 -2 0.5 191 0 2 1
9.6 -1.5 0.6 108 0 2 3
9.6 -1.3 1.2 72 0 2 3
9.6 -1.3 1.6 72 0 2 3
9.6 3.2 -0.1 60 0 2 1
9.6 3.8 -0.2 58 0 2 1
9.6 4.5 -0.2 60 0 2 1
9.6 5.1 -0.3 173 0 2 1
9.6 5.8 -0.4 188 0 2 1
9.6 6.4 -0.4 189 0 2 1
9.6 7 -0.5 188 0 2 1
9.6 7.7 -0.6 193 0 2 1
9.7 -5.9 1.4 143 0 2 2
9.7 -5.8 1.4 100 0 2 2
9.7 -1.5 1.3 103 0 2 3
9.7 2 1.7 50 0 2 3
9.7 2.1 1.1 102 0 2 3
9.8 -1.3 2.3 164 0 2 3
9.8 -0.9 2.7 174 0 2 3
9.8 2.1 1.2 46 0 2 3
9.8 2.1 2.2 51 0 2 3
9.8 2.7 1 143 0 2 3
9.9 -2 0.9 110 0 2 3
9.9 -1.8 1.9 129 0 2 3
9.9 -1.5 2.3 165 0 2 3
9.9 -1 2.7 173 0 2 3
9.9 2.1 2.2 57 0 2 3
9.9 2.8 0.4 49 0 2 3
10 -2.1 1.6 112 0 2 3
10 2.8 1 95 0 2 3
10.1 -1.5 2.7 184 0 2 3
10.1 2.8 1 164 0 2 3
10.1 3 0.4 54 0 2 3
10.2 -1.7 2.7 199 0 2 3
10.2 -1.6 2.8 218 0 2 3
10.2 4.5 -0.2 143 0 2 1
10.2 5.1 -0.3 188 0 2 1
10.2 5.8 -0.3 185 0 2 1
10.2 6.4 -0.4 190 0 2 1
10.2 7 -0.5 187 0 2 1
10.2 7.7 -0.6 187 0 2 1
10.2 8.3 -0.6 197 0 2 1
10.2 9 -0.7 186 0 2 1
10.2 9.6 -0.7 189 0 2 1
10.2 10.3 -0.7 189 0 2 1
10.3 -5.9 0.9 203 0 2 1
10.3 -5.2 0.8 209 0 2 1
10.3 -4.6 0.8 200 0 2 1
10.3 -3.9 0.7 207 0 2 1
10.3 -3.3 0.6 201 0 2 1
10.3 -2.7 0.9 158 0 2 3
10.3 -2.7 1.4 131 0 2 3
10.3 -2.6 1.9 154 0 2 3
10.3 -2.2 2.2 180 0 2 3
10.3 -1.9 2.6 173 0 2 3
10.3 -1.8 2.7 204 0 2 3
10.3 2.9 1 135 0 2 3
10.3 3 0.9 53 0 2 3
10.3 3.2 -0.1 60 0 2 1
10.3 3.8 -0.1 60 0 2 1
10.4 -2.4 2.2 195 0 2 3
10.4 -2 2.6 116 0 2 3
10.4 -1.7 2.8 152 0 2 3
10.4 3.1 0.2 167 0 2 3
10.4 3.1 0.3 54 0 2 3
10.5 -2.2 2.6 173 0 2 3
10.5 2.7 2.1 67 0 2 3
10.6 -3 0.9 169 0 2 3
10.6 -2.9 1.4 173 0 2 3
10.6 2.8 1.6 57 0 2 3
10.6 2.9 1.9 62 0 2 3
10.6 3.1 1 61 0 2 3
10.6 3.2 0.5 171 0 2 3
10.6 3.2 0.6 160 0 2 3
10.6 3.2 0.8 128 0 2 3
10.7 3 1.1 142 0 2 3
10.7 3 1.4 64 0 2 3
10.8 3.1 1.6 58 0 2 3
10.8 7 -0.5 186 0 2 1
10.8 7.7 -0.5 186 0 2 1
10.8 8.3 -0.6 192 0 2 1
10.8 9 -0.6 184 0 2 1
10.8 9.6 -0.7 179 0 2 1
10.8 10.3 -0.7 187 0 2 1
10.8 10.9 -0.7 187 0 2 1
10.9 -8.4 0.8 214 0 2 1
10.9 -6.5 0.8 194 0 2 1
10.9 -5.9 0.8 202 0 2 1
10.9 -5.2 0.8 202 0 2 1
10.9 -4.6 0.7 199 0 2 1
10.9 -3.9 0.7 209 0 2 1
10.9 -3.3 0.6 201 0 2 1
10.9 -3.3 1 158 0 2 3
10.9 -3.1 2.2 182 0 2 3
10.9 3.8 -0.1 186 0 2 1
10.9 4.5 -0.2 186 0 2 1
10.9 5.1 -0.3 190 0 2 1
10.9 5.8 -0.3 185 0 2 1
10.9 6.4 -0.4 189 0 2 1
11 -2.9 2.5 212 0 2 3
11.1 -3.4 1.1 159 0 2 3
11.1 -2.9 2.6 219 0 2 3
11.2 -3.4 1.7 173 0 2 3
11.3 -3.5 1 128 0 2 3
11.3 -3.5 1.2 154 0 2 3
11.3 -3.5 1.9 131 0 2 3
11.4 -3.5 0.9 102 0 2 3
11.4 -3.5 2.5 196 0 2 3
11.5 -3.5 2.5 209 0 2 3
11.5 3.8 -0.1 190 0 2 1
11.5 4.5 -0.2 187 0 2 1
11.5 5.1 -0.2 189 0 2 1
11.5 5.8 -0.3 188 0 2 1
11.5 6.4 -0.4 187 0 2 1
11.5 7 -0.4 190 0 2 1
11.5 7.7 -0.5 184 0 2 1
11.5 8.3 -0.6 189 0 2 1
11.5 9 -0.6 182 0 2 1
11.5 9.6 -0.6 182 0 2 1
11.5 10.3 -0.7 186 0 2 1
11.5 10.9 -0.7 185 0 2 1
11.5 11.6 -0.7 193 0 2 1
11.6 -6.5 0.8 204 0 2 1
11.6 -5.9 0.7 193 0 2 1
11.6 -5.2 0.7 200 0 2 1
11.6 -4.6 0.7 202 0 2 1
11.6 -3.9 0.6 209 0 2 1
11.7 -3.5 2.6 198 0 2 3
12.1 7 -0.4 189 0 2 1
12.1 7.7 -0.5 190 0 2 1
12.1 8.3 -0.5 190 0 2 1
12.1 9 -0.6 187 0 2 1
12.1 9.6 -0.6 190 0 2 1
12.1 10.3 -0.6 186 0 2 1
12.1 10.9 -0.6 186 0 2 1
12.1 11.6 -0.6 189 0 2 1
12.1 12.2 -0.6 194 0 2 1
12.2 -7.1 0.7 206 0 2 1
12.2 -6.5 0.7 163 0 2 1
12.2 -5.9 0.7 203 0 2 1
12.2 -5.2 0.6 201 0 2 1
12.2 -4.6 0.6 201 0 2 1
12.2 -3.9 0.5 206 0 2 1
12.2 3.8 -0.1 190 0 2 1
12.2 4.5 -0.2 188 0 2 1
12.2 5.1 -0.2 187 0 2 1
12.2 5.8 -0.3 188 0 2 1
12.2 6.4 -0.3 187 0 2 1
12.8 4.5 -0.1 187 0 2 1
12.8 5.1 -0.2 188 0 2 1
12.8 5.8 -0.2 185 0 2 1
12.8 6.4 -0.3 189 0 2 1
12.8 7 -0.4 187 0 2 1
12.8 7.7 -0.4 191 0 2 1
12.8 8.3 -0.5 191 0 2 1
12.8 9 -0.5 191 0 2 1
12.8 9.6 -0.5 180 0 2 1
12.8 10.3 -0.5 187 0 2 1
12.8 10.9 -0.6 184 0 2 1
12.8 11.6 -0.5 188 0 2 1
12.8 12.2 -0.5 195 0 2 1
12.8 12.9 -0.5 187 0 2 1
12.9 -5.9 0.6 203 0 2 1
12.9 -5.2 0.6 201 0 2 1
12.9 -4.6 0.5 202 0 2 1
12.9 -3.9 0.5 167 0 2 1
13.1 -7.2 0.7 79 0 2 2
13.1 -7.2 0.8 146 0 2 2
13.1 -7 0.8 153 0 2 2
13.1 -6.8 0.7 53 0 2 2
13.1 -6.8 0.8 52 0 2 2
13.1 -6.8 0.9 93 0 2 2
13.2 -7.2 0.9 107 0 2 2
13.2 -7.1 0.8 143 0 2 2
13.2 -7.1 0.9 221 0 2 2
13.2 -7 0.9 182 0 2 2
13.2 -6.9 0.9 208 0 2 2
13.2 -6.8 0.9 86 0 2 2
13.2 -6.7 0.6 56 0 2 2
13.3 -7.2 0.9 201 0 2 2
13.3 -7.1 0.9 142 0 2 2
13.3 -6.9 1 220 0 2 2
13.3 -6.7 0.8 121 0 2 2
13.4 -7.1 1 188 0 2 2
13.4 -6.8 0.8 117 0 2 2
13.4 -6.8 0.9 145 0 2 2
13.4 -6.7 0.7 126 0 2 2
13.4 -6.7 0.8 115 0 2 2
13.4 7.7 -0.4 181 0 2 1
13.4 8.3 -0.4 189 0 2 1
13.4 9 -0.4 80 0 2 3
13.4 9.6 -0.5 75 0 2 1
13.4 10.3 -0.5 139 0 2 1
13.4 10.9 -0.5 185 0 2 1
13.4 11.6 -0.5 185 0 2 1
13.4 12.2 -0.5 196 0 2 1
13.4 12.9 -0.4 190 0 2 1
13.4 13.5 -0.4 188 0 2 1
13.5 -6.5 0.5 202 0 2 1
13.5 -5.9 0.5 203 0 2 1
13.5 -5.2 0.5 200 0 2 1
13.5 -4.6 0.4 202 0 2 1
13.5 4.5 -0.1 194 0 2 1
13.5 5.1 -0.2 189 0 2 1
13.5 5.8 -0.2 188 0 2 1
13.5 6.4 -0.3 186 0 2 1
13.5 7 -0.3 190 0 2 1
13.6 -6.7 0.6 68 0 2 2
13.6 -6.7 0.7 91 0 2 2
13.6 8.9 0.3 103 0 2 3
13.7 -6.7 0.5 201 0 2 2
13.7 7.1 0.5 135 0 2 3
13.7 8.6 0.6 60 0 2 3
13.7 9.2 -0.4 56 0 2 3
13.8 7.2 0.8 182 0 2 3
13.8 8.2 1.1 142 0 2 3
13.8 8.4 1 72 0 2 3
13.8 8.7 0.7 69 0 2 3
13.8 8.9 0.6 60 0 2 3
13.9 6.8 0.6 158 0 2 3
13.9 7.8 1.1 172 0 2 3
13.9 9.1 0.5 156 0 2 3
14 6.7 0.6 177 0 2 3
14 6.9 0.7 194 0 2 3
14.1 -5.9 0.4 202 0 2 1
14.1 -5.2 0.4 201 0 2 1
14.1 -4.6 0.4 202 0 2 1
14.1 4.5 -0.1 190 0 2 1
14.1 5.1 -0.1 188 0 2 1
14.1 5.8 -0.2 188 0 2 1
14.1 6.3 0.1 148 0 2 3
14.1 8.2 1.4 163 0 2 3
14.1 9.4 -0.2 48 0 2 3
14.1 9.6 -0.4 60 0 2 1
14.1 10.3 -0.4 57 0 2 1
14.1 10.9 -0.4 99 0 2 1
14.1 11.6 -0.4 184 0 2 1
14.1 12.2 -0.4 189 0 2 1
14.1 12.9 -0.4 188 0 2 1
14.1 13.5 -0.3 186 0 2 1
14.1 14.1 -0.3 185 0 2 1
14.2 8 1.4 189 0 2 3
14.3 8.2 1.6 163 0 2 3
14.3 9.3 0.5 71 0 2 3
14.4 5.9 0.5 193 0 2 3
14.7 5.2 0.2 177 0 2 3
14.7 7.2 1.3 200 0 2 3
14.7 8.3 1.9 158 0 2 3
14.7 10.3 -0.3 56 0 2 1
14.7 10.9 -0.3 58 0 2 1
14.7 11.6 -0.3 112 0 2 1
14.7 12.2 -0.3 190 0 2 1
14.7 12.9 -0.3 188 0 2 1
14.7 13.5 -0.3 188 0 2 1
14.8 -5.9 0.3 203 0 2 1
14.8 -5.2 0.3 201 0 2 1
14.8 -4.6 0.3 202 0 2 1
14.8 4.9 0 168 0 2 3
14.8 5.2 0.4 197 0 2 3
14.8 7.6 1.6 195 0 2 3
14.8 14.1 -0.2 181 0 2 1
14.8 14.8 -0.2 184 0 2 1
14.9 5 0.2 208 0 2 3
15 8.3 2.1 114 0 2 3
15.1 8.8 1.2 110 0 2 3
15.2 6.8 1.4 204 0 2 3
15.3 5 0.6 210 0 2 3
15.3 6.1 1.1 195 0 2 3
15.4 -6.5 0.3 203 0 2 1
15.4 -5.9 0.3 201 0 2 1
15.4 6.8 1.5 198 0 2 3
15.4 10.3 -0.3 56 0 2 1
15.4 10.9 -0.3 58 0 2 1
15.4 11.6 -0.3 61 0 2 1
15.4 12.2 -0.3 184 0 2 1
15.4 12.9 -0.2 191 0 2 1
15.4 13.5 -0.2 182 0 2 1
15.4 14.1 -0.2 180 0 2 1
15.4 14.8 -0.2 186 0 2 1
15.4 15.4 -0.1 186 0 2 1
15.5 4.8 0.3 210 0 2 3
15.5 4.9 0.5 211 0 2 3
15.5 7.5 2 194 0 2 3
15.5 8.4 2.5 173 0 2 3
15.5 9.6 0.8 68 0 2 3
15.6 4.9 0.6 209 0 2 3
15.6 5 0.7 210 0 2 3
15.6 8.5 2.5 106 0 2 3
15.7 6.3 1.4 203 0 2 3
15.7 8.3 2.6 137 0 2 3
15.8 7.6 2.3 199 0 2 3
15.9 8.2 2.7 158 0 2 3
16 5.3 1.1 206 0 2 3
16.1 -5.9 0.2 202 0 2 1
16.1 10.9 -0.2 57 0 2 1
16.1 11.6 -0.2 58 0 2 1
16.1 12.2 -0.2 170 0 2 1
16.1 12.9 -0.2 186 0 2 1
16.1 13.5 -0.2 178 0 2 1
16.1 14.1 -0.1 182 0 2 1
16.1 14.8 -0.1 187 0 2 1
16.1 15.4 -0.1 186 0 2 1
16.1 16.1 -0.1 181 0 2 1
16.2 5.4 1.3 212 0 2 3
16.2 7.7 2.5 194 0 2 3
16.3 6.1 1.8 200 0 2 3
16.3 6.8 2.1 204 0 2 3
16.3 8 2.8 186 0 2 3
16.4 5.4 1.3 219 0 2 3
16.4 8 2.9 152 0 2 3
16.5 7.9 3 157 0 2 3
16.6 5.4 1.4 207 0 2 3
16.6 8 2.9 192 0 2 3
16.7 -6.5 0.1 203 0 2 1
16.7 -5.2 0.1 200 0 2 1
16.7 11.6 -0.2 128 0 2 1
16.7 12.2 -0.1 185 0 2 1
16.7 12.9 -0.1 185 0 2 1
16.7 13.5 -0.1 181 0 2 1
16.7 14.1 -0.1 181 0 2 1
16.7 14.8 -0.1 185 0 2 1
16.7 15.4 -0.1 182 0 2 1
16.7 16.1 -0.1 180 0 2 1
16.7 16.7 -0.1 181 0 2 1
16.8 5.3 1.2 215 0 2 3
16.8 5.8 1.9 203 0 2 3
16.8 7.1 2.7 199 0 2 3
16.9 5.2 1.2 205 0 2 3
17.1 6 2.3 187 0 2 3
17.1 7 2.9 205 0 2 3
17.1 7.2 3 180 0 2 3
17.2 6.4 2.5 162 0 2 3
17.3 5.4 1.4 184 0 2 3
17.3 6.9 2.9 203 0 2 3
17.3 7.1 2.9 194 0 2 3
17.4 -7.1 0.1 204 0 2 1
17.4 -6.5 0.1 200 0 2 1
17.4 -5.9 0 200 0 2 1
17.4 11.6 -0.1 182 0 2 1
17.4 12.2 -0.1 182 0 2 1
17.4 12.9 -0.1 187 0 2 1
17.4 13.5 -0.1 183 0 2 1
17.4 14.1 -0.1 180 0 2 1
17.4 14.8 -0.1 182 0 2 1
17.4 15.4 -0.1 183 0 2 1
17.4 16.1 -0.1 179 0 2 1
17.4 16.7 -0.1 180 0 2 1
17.4 17.4 0 174 0 2 1
17.7 5.6 1.8 209 0 2 3
17.7 5.7 1.9 182 0 2 3
18 -7.1 0 200 0 2 1
18 -6.5 0 201 0 2 1
18 -5.9 0 200 0 2 1
18 7 2.8 197 0 2 3
18 12.2 -0.1 187 0 2 1
18 12.9 -0.1 176 0 2 1
18 13.5 -0.1 184 0 2 1
18 14.1 -0.1 181 0 2 1
18 14.8 -0.1 182 0 2 1
18 15.4 -0.1 184 0 2 1
18 16.1 -0.1 173 0 2 1
18 16.7 -0.1 179 0 2 1
18 17.4 0 171 0 2 1
18 18 0 169 0 2 1
18.2 5.8 1.9 201 0 2 3
18.3 6.4 2.2 202 0 2 3
18.5 5.6 0.4 206 0 2 3
18.5 6.7 2.4 179 0 2 3
18.7 -18.1 0 221 0 2 1
18.7 -7.8 0 203 0 2 1
18.7 -7.1 0 199 0 2 1
18.7 -6.5 0 200 0 2 1
18.7 -5.9 0 200 0 2 1
18.7 12.2 -0.1 183 0 2 1
18.7 12.9 -0.1 176 0 2 1
18.7 13.5 0 180 0 2 1
18.7 14.1 0 179 0 2 1
18.7 14.8 0 182 0 2 1
18.7 15.4 0 182 0 2 1
18.7 16.1 0 176 0 2 1
18.7 16.7 0 178 0 2 1
18.7 17.4 0 170 0 2 1
18.7 18 0 166 0 2 1
18.7 18.7 0 169 0 2 1
19.3 -18.8 0 218 0 2 1
19.3 -14.9 0 213 0 2 1
19.3 -9.1 0 202 0 2 1
19.3 -8.4 0 203 0 2 1
19.3 -7.8 0 201 0 2 1
19.3 -7.1 0 199 0 2 1
19.3 -6.5 0 196 0 2 1
19.3 12.9 -0.1 176 0 2 1
19.3 13.5 0 178 0 2 1
19.3 14.1 0 179 0 2 1
19.3 14.8 0 177 0 2 1
19.3 15.4 0 175 0 2 1
19.3 16.1 0 182 0 2 1
19.3 16.7 0 177 0 2 1
19.3 17.4 0 173 0 2 1
19.3 18 0 165 0 2 1
19.3 18.7 0 167 0 2 1
19.3 19.3 0 170 0 2 1
20 -19.4 0 150 0 2 1
20 -18.8 0 149 0 2 1
20 -18.1 0 113 0 2 1
20 -15.5 0 148 0 2 1
20 -11.7 0 136 0 2 1
20 -11 0 138 0 2 1
20 -9.7 0 135 0 2 1
20 -9.1 0 136 0 2 1
20 -8.4 0 139 0 2 1
20 -7.8 0 142 0 2 1
20 -7.1 0 135 0 2 1
20 -6.5 0 137 0 2 1
20 13.5 0 115 0 2 1
20 14.1 0 114 0 2 1
20 14.8 0 114 0 2 1
20 15.4 0 111 0 2 1
20 16.1 0 116 0 2 1
20 16.7 0 113 0 2 1
20 17.4 0 108 0 2 1
20 18 0 107 0 2 1
20 18.7 0 108 0 2 1
20 19.3 0 109 0 2 1
20 20 0 105 0 2 1
